22671	22619
22557	22533
22570	22645
22707	22723
22710	22709
22703	22661
22617	22624
22682	22767
22846	22889
22884	22851
22802	22753
22728	22756
22839	22933
23003	23061
23127	23211
23317	23472
23674	23874
24030	24118
24135	24108
24079	24056
23989	23815
23537	23234
23002	22871
22813	22796
22799	22793
22766	22751
22776	22818
22829	22779
22675	22539
22404	22301
22227	22162
22084	22009
21972	21988
22053	22167
22332	22509
22641	22714
22754	22794
22836	22872
22896	22893
22859	22822
22827	22877
22941	22991
23013	23002
22993	23052
23200	23370
23473	23480
23433	23373
23307	23221
23123	23043
23020	23072
23191	23299
23277	23054
22627	22565
22490	22461
22501	22576
22626	22633
22625	22647
22682	22692
22689	22718
22774	22841
22894	22917
22902	22871
22843	22815
22792	22792
22838	22925
23019	23104
23183	23263
23367	23521
23716	23909
24046	24113
24120	24087
24056	24025
23950	23774
23503	23210
22987	22865
22809	22775
22750	22721
22694	22690
22723	22765
22774	22717
22608	22473
22343	22237
22157	22096
22025	21946
21891	21870
21899	21989
22150	22348
22524	22641
22717	22777
22822	22843
22843	22821
22779	22747
22759	22815
22884	22943
22980	22998
23020	23094
23228	23354
23399	23363
23301	23254
23209	23147
23062	22979
22944	22996
23132	23263
23239	23003
22518	22458
22388	22365
22407	22473
22510	22511
22522	22578
22670	22740
22787	22835
22884	22916
22930	22922
22904	22895
22906	22909
22878	22839
22842	22924
23041	23161
23260	23347
23448	23597
23786	23960
24071	24104
24079	24034
23992	23949
23864	23690
23433	23165
22974	22880
22850	22816
22764	22705
22656	22644
22679	22726
22730	22667
22551	22417
22292	22184
22100	22029
21959	21883
21812	21771
21772	21839
21990	22203
22407	22563
22666	22750
22799	22807
22779	22730
22683	22661
22690	22759
22838	22903
22958	23004
23067	23158
23261	23316
23283	23190
23102	23054
23037	23009
22947	22879
22851	22916
23075	23213
23163	22889
22348	22312
22269	22262
22301	22356
22391	22401
22438	22531
22659	22770
22854	22921
22964	22967
22944	22915
22897	22920
22982	23017
22979	22902
22874	22950
23091	23228
23335	23433
23539	23685
23859	24012
24090	24082
24023	23954
23896	23841
23751	23587
23359	23127
22976	22931
22945	22934
22872	22773
22680	22639
22663	22705
22704	22631
22506	22376
22257	22152
22056	21972
21897	21825
21765	21729
21731	21790
21929	22133
22340	22500
22619	22710
22771	22773
22730	22661
22606	22597
22640	22723
22810	22875
22935	23013
23117	23225
23287	23268
23155	22992
22855	22789
22783	22782
22758	22727
22743	22849
23027	23148
23053	22725
22181	22179
22173	22178
22212	22260
22302	22338
22401	22503
22624	22732
22823	22905
22957	22961
22929	22897
22901	22962
23064	23126
23087	22995
22954	23027
23166	23298
23398	23490
23604	23748
23908	24040
24088	24047
23965	23883
23816	23753
23662	23514
23314	23120
23004	23007
23065	23078
23011	22883
22749	22674
22676	22704
22686	22604
22480	22352
22234	22120
22010	21914
21830	21760
21720	21710
21740	21817
21951	22129
22316	22464
22569	22661
22732	22751
22715	22647
22588	22573
22611	22692
22774	22838
22907	23024
23171	23286
23312	23224
23040	22807
22602	22492
22472	22486
22498	22526
22614	22782
22979	23075
22939	22576
22083	22109
22131	22144
22169	22214
22271	22333
22402	22479
22555	22625
22700	22787
22863	22892
22886	22883
22925	23034
23161	23229
23196	23109
23072	23136
23258	23365
23438	23512
23621	23762
23914	24026
24060	24013
23933	23854
23791	23733
23648	23506
23325	23158
23067	23092
23166	23194
23126	22986
22839	22751
22730	22726
22689	22601
22482	22354
22221	22085
21956	21846
21754	21684
21645	21655
21723	21826
21961	22125
22293	22428
22524	22608
22690	22738
22731	22677
22610	22574
22584	22638
22704	22765
22860	23019
23208	23325
23319	23177
22935	22640
22378	22217
22169	22181
22219	22306
22475	22706
22919	22994
22837	22478
22054	22095
22139	22163
22184	22221
22283	22352
22406	22442
22468	22502
22550	22632
22718	22780
22820	22872
22973	23118
23252	23312
23280	23206
23172	23225
23328	23412
23462	23517
23604	23731
23875	23982
24015	23983
23929	23874
23825	23774
23691	23555
23381	23225
23153	23182
23257	23282
23216	23078
22942	22854
22810	22766
22705	22617
22506	22370
22211	22043
21895	21776
21678	21595
21548	21569
21648	21758
21888	22044
22205	22346
22445	22530
22617	22693
22720	22690
22615	22546
22510	22530
22576	22645
22774	22978
23187	23297
23262	23090
22812	22480
22180	21991
21924	21930
21991	22131
22367	22640
22845	22889
22733	22410
22056	22100
22154	22188
22203	22230
22286	22346
22376	22379
22383	22410
22451	22515
22595	22669
22744	22846
23001	23172
23303	23352
23319	23253
23227	23268
23356	23434
23481	23519
23579	23681
23812	23921
23964	23956
23930	23898
23868	23826
23753	23622
23456	23318
23264	23302
23368	23383
23312	23186
23063	22971
22896	22816
22725	22627
22510	22364
22186	21999
21841	21722
21623	21531
21472	21484
21549	21637
21742	21877
22036	22188
22310	22403
22499	22590
22650	22638
22558	22452
22376	22359
22403	22500
22667	22884
23072	23154
23092	22912
22628	22296
21999	21816
21748	21760
21839	22023
22307	22587
22755	22762
22610	22349
22052	22087
22134	22163
22171	22186
22227	22268
22278	22279
22308	22364
22422	22470
22521	22583
22666	22803
22990	23176
23306	23357
23328	23267
23240	23278
23359	23435
23483	23512
23552	23629
23747	23857
23921	23937
23928	23910
23887	23860
23804	23697
23550	23434
23406	23449
23500	23498
23424	23309
23197	23096
22993	22879
22749	22614
22469	22311
22128	21940
21789	21690
21606	21517
21458	21448
21481	21528
21591	21689
21828	21982
22125	22238
22340	22453
22542	22558
22477	22341
22222	22188
22245	22381
22572	22762
22884	22900
22814	22643
22390	22097
21839	21679
21617	21631
21747	21983
22294	22553
22662	22615
22472	22277
22022	22034
22052	22064
22065	22073
22104	22130
22135	22160
22237	22342
22421	22466
22497	22535
22617	22761
22947	23131
23262	23315
23298	23246
23224	23266
23349	23425
23471	23498
23526	23586
23692	23805
23882	23914
23916	23902
23883	23870
23843	23765
23645	23555
23549	23593
23625	23605
23532	23432
23331	23230
23120	22971
22788	22591
22402	22227
22044	21866
21744	21683
21627	21559
21502	21484
21490	21494
21503	21551
21653	21801
21951	22075
22190	22326
22453	22505
22434	22275
22129	22081
22158	22325
22507	22633
22650	22579
22470	22328
22138	21914
21716	21576
21508	21532
21700	21994
22321	22529
22555	22454
22310	22173
21952	21936
21919	21906
21905	21921
21953	21969
21982	22037
22158	22302
22409	22468
22498	22545
22627	22758
22921	23074
23192	23245
23232	23192
23184	23238
23330	23415
23466	23489
23503	23555
23649	23751
23828	23865
23870	23859
23846	23844
23838	23790
23704	23651
23664	23712
23730	23696
23620	23531
23447	23368
23268	23104
22867	22599
22359	22152
21955	21789
21704	21688
21670	21624
21581	21568
21563	21533
21491	21489
21557	21685
21831	21963
22091	22247
22402	22484
22433	22282
22133	22091
22177	22336
22473	22502
22405	22254
22125	22025
21910	21770
21629	21503
21426	21468
21684	22036
22356	22498
22442	22286
22137	22033
21844	21810
21765	21735
21738	21769
21807	21825
21844	21920
22069	22230
22356	22435
22491	22562
22660	22778
22902	23017
23107	23149
23138	23110
23117	23188
23299	23399
23462	23480
23491	23528
23603	23689
23749	23774
23776	23764
23759	23766
23771	23753
23718	23710
23754	23817
23837	23793
23701	23601
23527	23481
23418	23261
22992	22671
22368	22108
21886	21731
21680	21703
21714	21689
21667	21670
21665	21616
21547	21508
21542	21643
21778	21913
22048	22196
22350	22444
22431	22325
22215	22193
22270	22387
22449	22381
22189	21975
21835	21768
21716	21647
21557	21454
21389	21455
21712	22083
22379	22461
22343	22150
21990	21889
21730	21683
21629	21597
21613	21655
21693	21709
21731	21814
21966	22132
22260	22345
22420	22515
22634	22751
22856	22949
23021	23048
23034	23014
23032	23118
23248	23369
23440	23456
23453	23478
23540	23615
23662	23670
23661	23646
23650	23668
23690	23700
23710	23748
23830	23913
23941	23886
23775	23664
23604	23600
23577	23440
23157	22787
22418	22097
21847	21702
21678	21713
21737	21731
21733	21753
21749	21703
21641	21598
21601	21667
21780	21902
22013	22128
22242	22337
22375	22344
22300	22304
22369	22427
22411	22268
22021	21768
21614	21560
21540	21520
21477	21418
21392	21498
21779	22134
22385	22417
22270	22069
21901	21789
21623	21575
21526	21520
21552	21600
21627	21629
21639	21714
21866	22030
22150	22222
22283	22381
22511	22640
22758	22860
22931	22956
22944	22930
22959	23051
23193	23329
23405	23412
23394	23408
23472	23540
23582	23589
23577	23569
23585	23623
23660	23688
23725	23791
23888	23981
24011	23954
23846	23747
23721	23759
23765	23635
23330	22908
22467	22087
21821	21697
21685	21717
21729	21729
21751	21783
21789	21768
21735	21709
21698	21726
21800	21891
21962	22017
22084	22172
22257	22304
22326	22358
22405	22419
22348	22171
21897	21625
21455	21389
21376	21387
21393	21389
21422	21578
21875	22194
22380	22371
22221	22035
21867	21731
21542	21508
21484	21506
21552	21593
21603	21589
21585	21649
21784	21943
22045	22080
22107	22184
22317	22469
22612	22737
22826	22869
22884	22895
22931	23021
23159	23296
23370	23363
23329	23334
23392	23465
23516	23540
23551	23566
23600	23650
23695	23726
23761	23827
23919	23998
24020	23967
23886	23840
23870	23942
23962	23823
23480	22993
22484	22069
21811	21710
21702	21704
21689	21683
21716	21758
21777	21786
21786	21781
21769	21778
21820	21871
21902	21913
21938	22007
22117	22213
22280	22330
22373	22369
22279	22084
21796	21503
21305	21217
21210	21255
21319	21378
21473	21684
21996	22281
22391	22318
22156	21993
21841	21688
21473	21468
21485	21530
21584	21615
21614	21596
21584	21628
21744	21880
21956	21953
21939	21988
22119	22293
22460	22598
22700	22783
22851	22902
22952	23034
23161	23287
23347	23322
23269	23260
23308	23383
23452	23515
23567	23617
23669	23716
23747	23767
23795	23845
23916	23970
23970	23927
23894	23912
23994	24093
24116	23958
23578	23033
22469	22041
21808	21728
21708	21668
21609	21573
21576	21589
21594	21601
21626	21659
21690	21730
21786	21837
21867	21869
21869	21915
22014	22121
22203	22268
22323	22326
22238	22031
21722	21391
21142	21025
21038	21144
21276	21402
21559	21820
22147	22397
22433	22272
22065	21904
21769	21609
21399	21426
21480	21548
21606	21641
21652	21647
21642	21672
21755	21849
21889	21858
21821	21854
21987	22173
22349	22488
22595	22705
22818	22908
22981	23069
23183	23286
23322	23279
23213	23193
23230	23309
23404	23503
23595	23669
23723	23756
23770	23785
23805	23847
23899	23924
23899	23855
23853	23923
24050	24170
24196	24033
23630	23042
22445	22015
21804	21732
21687	21588
21438	21270
21103	20943
20827	20787
20847	20988
21176	21378
21568	21730
21842	21887
21893	21925
22006	22099
22177	22247
22315	22336
22257	22035
21686	21297
20988	20847
20888	21059
21269	21465
21685	21988
22327	22547
22504	22251
21976	21796
21665	21507
21326	21375
21449	21528
21600	21658
21701	21724
21737	21763
21812	21863
21865	21819
21782	21815
21950	22139
22320	22445
22536	22643
22772	22894
22995	23093
23195	23268
23277	23226
23165	23154
23198	23288
23399	23517
23618	23688
23725	23739
23742	23758
23785	23821
23851	23843
23781	23718
23725	23826
23994	24154
24205	24059
23667	23071
22457	22016
21796	21702
21601	21388
21016	20488
19868	19280
18876	18739
18876	19237
19747	20317
20877	21357
21705	21892
21971	22025
22103	22184
22244	22305
22370	22402
22330	22102
21715	21267
20901	20733
20794	21015
21289	21557
21847	22197
22536	22706
22593	22269
21933	21723
21592	21437
21302	21352
21422	21495
21579	21667
21748	21807
21844	21869
21901	21919
21893	21836
21802	21838
21963	22151
22340	22466
22535	22615
22735	22867
22992	23104
23184	23223
23209	23163
23133	23153
23227	23326
23438	23550
23632	23678
23690	23677
23671	23677
23688	23688
23658	23564
23420	23301
23289	23424
23669	23923
24071	24016
23703	23165
22562	22087
21806	21631
21397	20932
20109	18925
17567	16364
15597	15362
15604	16215
17099	18163
19303	20367
21196	21716
21996	22153
22257	22323
22363	22400
22448	22475
22415	22196
21806	21331
20921	20722
20783	21025
21344	21678
22037	22414
22725	22836
22662	22299
21947	21728
21598	21451
21341	21378
21427	21494
21584	21697
21805	21883
21928	21956
21983	21987
21948	21878
21841	21868
21979	22164
22365	22502
22563	22624
22723	22849
22977	23085
23151	23161
23135	23103
23107	23171
23271	23378
23476	23564
23629	23652
23639	23596
23548	23482
23382	23228
22999	22683
22332	22069
22017	22216
22615	23077
23471	23681
23618	23272
22756	22247
21845	21504
21013	20103
18601	16604
14519	12842
11889	11658
11966	12658
13684	15058
16727	18489
20033	21151
21834	22197
22363	22429
22455	22480
22512	22531
22482	22304
21960	21510
21087	20857
20887	21122
21460	21826
22208	22572
22827	22868
22654	22293
21969	21778
21665	21534
21432	21447
21480	21549
21657	21785
21896	21961
21989	22007
22029	22040
22004	21938
21893	21905
21992	22161
22364	22516
22592	22652
22739	22857
22978	23072
23117	23115
23088	23071
23100	23179
23281	23382
23471	23555
23617	23630
23576	23454
23253	22949
22525	21982
21330	20602
19912	19433
19306	19578
20187	20989
21836	22576
23056	23157
22900	22428
21898	21305
20412	18902
16684	14071
11657	9954
9144	9051
9351	9865
10641	11875
13672	15896
18151	20040
21334	22052
22362	22467
22512	22553
22586	22595
22561	22429
22164	21784
21398	21150
21133	21323
21629	21971
22317	22620
22800	22776
22551	22230
21965	21822
21743	21638
21528	21530
21561	21649
21783	21920
22010	22037
22031	22026
22047	22070
22058	22012
21973	21976
22034	22166
22346	22504
22608	22692
22786	22895
23006	23086
23115	23108
23089	23094
23131	23192
23260	23337
23430	23527
23589	23556
23376	23024
22453	21643
20627	19482
18278	17112
16113	15456
15255	15548
16298	17411
18778	20221
21509	22390
22703	22486
21906	21020
19626	17498
14778	12017
9815	8509
8075	8172
8387	8554
8834	9557
10994	13181
15821	18407
20437	21679
22260	22476
22577	22659
22714	22725
22688	22583
22388	22098
21777	21544
21486	21594
21814	22066
22322	22529
22636	22581
22376	22121
21936	21855
21815	21735
21608	21609
21651	21764
21922	22059
22119	22107
22063	22038
22057	22091
22103	22083
22064	22070
22109	22200
22343	22493
22624	22741
22853	22963
23059	23123
23143	23140
23147	23176
23218	23237
23251	23296
23387	23485
23492	23292
22794	21953
20739	19219
17540	15875
14342	13018
11982	11317
11082	11295
11966	13105
14699	16662
18767	20643
21874	22236
21796	20657
18751	16119
13237	10768
9137	8428
8441	8713
8780	8547
8287	8405
9234	10956
13506	16482
19191	21076
22059	22467
22658	22796
22889	22908
22858	22755
22596	22370
22119	21919
21820	21836
21935	22071
22210	22323
22374	22325
22178	22017
21922	21907
21896	21823
21672	21680
21739	21874
22044	22168
22201	22160
22093	22056
22064	22091
22111	22114
22123	22148
22190	22260
22370	22509
22655	22801
22933	23038
23115	23162
23182	23189
23220	23279
23326	23320
23285	23291
23357	23387
23203	22629
21550	19966
18002	15888
13880	12157
10775	9700
8920	8421
8196	8255
8636	9432
10777	12758
15307	18067
20369	21590
21517	20229
17889	14930
12146	10184
9232	9169
9648	10062
9936	9283
8529	8126
8373	9479
11601	14581
17758	20280
21765	22438
22740	22934
23059	23087
23025	22918
22771	22583
22378	22198
22059	21976
21962	21989
22031	22073
22097	22085
22025	21961
21946	21974
21974	21898
21755	21772
21844	21990
22152	22259
22273	22215
22145	22102
22090	22086
22085	22098
22144	22214
22285	22349
22430	22545
22692	22855
22991	23080
23134	23170
23193	23219
23268	23348
23404	23398
23348	23317
23297	23122
22545	21357
19510	17191
14739	12507
10725	9436
8552	7952
7549	7275
7095	6986
6995	7274
8067	9636
12136	15357
18542	20659
21075	19756
17106	13983
11431	10011
9704	10232
11091	11576
11240	10238
9100	8311
8123	8697
10278	12985
16350	19393
21396	22375
22803	23035
23167	23185
23127	23030
22909	22762
22595	22414
22226	22054
21935	21868
21841	21841
21865	21903
21931	21953
21984	22020
22019	21955
21865	21896
21977	22111
22259	22352
22361	22305
22236	22181
22135	22093
22068	22089
22168	22282
22382	22448
22504	22591
22728	22883
23002	23065
23089	23118
23147	23185
23252	23344
23410	23419
23377	23298
23091	22521
21321	19385
16877	14210
11825	10010
8823	8146
7815	7695
7677	7654
7524	7233
6842	6591
6822	7873
10019	13267
16937	19733
20591	19292
16448	13299
11049	10124
10314	11184
12122	12466
11962	10858
9619	8657
8211	8418
9531	11855
15179	18556
20997	22286
22841	23087
23180	23163
23100	23037
22982	22913
22804	22635
22404	22148
21917	21754
21659	21633
21671	21762
21861	21932
21973	21994
21987	21960
21970	22019
22104	22224
22359	22454
22476	22436
22373	22302
22220	22135
22090	22109
22199	22334
22459	22528
22565	22624
22742	22880
22972	22992
22992	23016
23061	23119
23199	23289
23350	23357
23300	23107
22580	21433
19503	16949
14227	11811
10010	8882
8305	8120
8224	8535
8928	9186
9072	8486
7603	6843
6636	7282
9065	12147
15979	19144
20255	18932
15968	12897
10975	10440
10848	11612
12159	12113
11542	10706
9788	8963
8449	8445
9231	11205
14378	17897
20647	22192
22861	23099
23122	23032
22939	22906
22941	22990
22978	22856
22615	22290
21954	21679
21499	21432
21480	21612
21752	21841
21868	21866
21869	21895
22026	22090
22182	22293
22419	22531
22581	22567
22510	22420
22309	22206
22143	22149
22224	22349
22485	22568
22601	22639
22735	22854
22916	22910
22891	22920
22991	23074
23167	23240
23260	23209
23047	22622
21654	19893
17410	14684
12296	10582
9544	9004
8790	8835
9177	9827
10636	11191
11026	10024
8593	7401
6912	7348
8953	11949
15829	19092
20208	18763
15702	12750
11121	10795
11073	11302
11125	10608
10119	9839
9579	9169
8753	8635
9213	10953
13972	17522
20427	22130
22867	23080
23021	22841
22694	22675
22789	22958
23068	23029
22819	22473
22067	21683
21405	21276
21307	21447
21591	21668
21684	21678
21707	21795
22031	22094
22182	22283
22408	22536
22620	22630
22586	22491
22366	22251
22191	22190
22239	22349
22488	22583
22607	22626
22703	22807
22855	22837
22821	22866
22962	23074
23171	23208
23143	22935
22528	21740
20318	18155
15564	13167
11428	10403
9872	9578
9387	9383
9733	10573
11743	12596
12382	10993
9155	7748
7211	7669
9377	12508
16422	19555
20452	18783
15624	12768
11314	10978
10872	10396
9523	8687
8404	8739
9224	9372
9143	8942
9358	10965
13911	17444
20384	22118
22856	23026
22900	22656
22456	22426
22587	22839
23043	23102
22973	22672
22260	21820
21452	21248
21233	21336
21440	21494
21507	21514
21560	21695
22011	22053
22110	22184
22304	22449
22565	22608
22580	22490
22364	22257
22216	22229
22284	22383
22514	22602
22610	22605
22660	22749
22789	22779
22782	22846
22959	23082
23169	23151
22940	22472
21678	20455
18695	16480
14201	12344
11105	10361
9892	9505
9146	8953
9196	10132
11604	12754
12584	11030
9077	7741
7382	8108
10187	13625
17514	20320
20837	18911
15655	12838
11421	10908
10332	9266
7971	7048
6986	7791
8914	9638
9651	9350
9586	11111
14056	17590
20483	22150
22825	22943
22780	22504
22278	22237
22401	22669
22921	23071
23058	22864
22519	22087
21678	21419
21342	21359
21377	21387
21402	21392
21399	21559
21987	22000
22007	22040
22146	22313
22464	22536
22521	22439
22319	22232
22225	22285
22367	22469
22577	22635
22620	22596
22632	22698
22731	22731
22761	22845
22965	23079
23143	23050
22668	21877
20648	19023
17104	15077
13215	11723
10598	9738
9059	8487
7995	7694
7898	8947
10684	12088
12014	10479
8641	7535
7467	8591
11170	14929
18699	21076
21184	19031
15704	12880
11403	10663
9709	8298
6856	5972
6046	7102
8672	9899
10171	9795
9837	11289
14273	17821
20644	22207
22796	22863
22681	22402
22175	22130
22269	22510
22763	22973
23075	23013
22772	22396
22008	21733
21601	21514
21416	21358
21341	21258
21157	21337
21970	21958
21926	21923
22016	22198
22378	22472
22463	22381
22269	22202
22230	22331
22443	22549
22637	22665
22630	22596
22620	22671
22696	22706
22752	22852
22970	23073
23109	22955
22438	21402
19851	17967
16004	14174
12571	11183
9953	8879
8017	7352
6838	6550
6804	7974
9895	11437
11428	9962
8272	7359
7521	8966
11927	15892
19532	21568
21388	19095
15727	12887
11339	10438
9275	7727
6274	5440
5548	6692
8502	10055
10527	10115
10026	11425
14440	18003
20775	22254
22778	22816
22622	22347
22132	22083
22201	22404
22642	22885
23063	23098
22938	22621
22266	22008
21843	21677
21489	21365
21303	21123
20918	21167
