21762	21813
21902	22022
22148	22267
22364	22442
22502	22548
22590	22631
22671	22695
22696	22678
22660	22659
22672	22681
22673	22673
22714	22805
22926	23058
23181	23239
23165	22938
22670	22562
22757	23233
23809	24303
24653	24882
25015	25060
25054	25042
25048	25082
25131	25179
25197	25173
25123	25080
25070	25102
25163	25231
25279	25301
25312	25340
25393	25461
25520	25553
25562	25552
25542	25534
25530	25528
25531	25542
25567	25607
25646	25668
25664	25638
25597	25548
25483	25405
25325	25250
25185	25129
25078	25043
25033	25040
25061	25074
25076	25068
25059	25054
25048	25038
25028	25005
24977	24944
24914	24882
24848	24800
24739	24672
24615	24595
24610	24652
24689	24698
24676	24641
24605	24580
24564	24559
24566	24581
24589	24586
24571	24554
24543	24534
24516	24490
24475	24490
24537	24582
24602	24590
24560	24534
24511	24495
24473	24452
24423	24363
24235	24032
23790	23554
23349	23157
22966	22781
22593	22392
22186	22004
21871	21792
21734	21642
21511	21370
21276	21256
21289	21316
21303	21254
21193	21144
21113	21076
21027	20960
20888	20821
20771	20736
20705	20669
20625	20582
20540	20497
20435	20354
20281	20221
20176	20111
20014	19877
19696	19474
19253	19068
18920	18791
18674	18567
18478	18400
18336	18282
18231	18181
18163	18304
18891	20065
21660	21710
21797	21907
22029	22139
22233	22310
22370	22421
22468	22518
22565	22597
22606	22591
22575	22579
22605	22623
22624	22627
22667	22753
22864	22987
23092	23096
22862	22333
21695	21353
21616	22391
23306	24039
24508	24774
24901	24937
24925	24908
24909	24936
24985	25037
25068	25054
25013	24978
24977	25019
25093	25178
25250	25289
25305	25319
25353	25401
25458	25504
25529	25535
25526	25515
25508	25507
25508	25518
25537	25572
25601	25614
25602	25572
25526	25470
25405	25330
25253	25181
25119	25063
25013	24978
24962	24968
24982	24993
24994	24988
24979	24973
24971	24965
24955	24934
24904	24868
24828	24791
24757	24715
24667	24615
24570	24551
24570	24611
24648	24659
24646	24627
24607	24592
24582	24581
24580	24585
24587	24585
24581	24578
24582	24579
24560	24522
24494	24503
24541	24583
24602	24586
24556	24520
24492	24464
24433	24401
24357	24292
24178	24003
23794	23586
23397	23216
23043	22868
22692	22505
22304	22127
21997	21924
21870	21782
21657	21527
21440	21414
21416	21403
21350	21270
21184	21112
21054	20996
20933	20857
20780	20707
20645	20596
20552	20507
20456	20403
20352	20298
20234	20166
20104	20065
20034	19981
19880	19729
19534	19303
19084	18907
18772	18658
18551	18457
18374	18303
18247	18200
18161	18125
18119	18270
18852	19998
21533	21581
21656	21758
21863	21964
22046	22117
22179	22237
22297	22359
22419	22467
22486	22483
22475	22489
22525	22558
22574	22584
22618	22689
22785	22898
22981	22891
22403	21407
20221	19531
19859	21064
22505	23639
24312	24640
24766	24788
24768	24747
24744	24768
24819	24881
24919	24920
24891	24869
24871	24920
25005	25109
25204	25260
25284	25286
25295	25325
25380	25442
25492	25511
25508	25498
25491	25489
25489	25493
25506	25524
25540	25538
25517	25481
25432	25375
25314	25245
25171	25106
25046	24991
24944	24906
24884	24880
24885	24890
24891	24886
24881	24875
24873	24870
24862	24841
24809	24768
24727	24687
24650	24615
24576	24536
24506	24501
24527	24576
24624	24651
24659	24657
24654	24651
24647	24644
24635	24624
24615	24612
24617	24632
24654	24660
24638	24586
24540	24527
24552	24585
24593	24574
24536	24497
24460	24424
24386	24339
24289	24225
24128	23990
23825	23655
23491	23327
23169	23016
22858	22685
22500	22328
22207	22136
22082	21998
21882	21762
21678	21627
21585	21522
21431	21321
21215	21123
21043	20966
20887	20802
20714	20635
20558	20490
20422	20357
20292	20223
20154	20087
20018	19952
19899	19866
19834	19773
19661	19490
19280	19052
18846	18695
18590	18512
18438	18371
18312	18258
18212	18182
18159	18142
18152	18309
18872	19959
21396	21434
21499	21585
21674	21755
21830	21893
21954	22021
22098	22179
22259	22323
22360	22371
22375	22398
22450	22501
22531	22546
22568	22618
22698	22809
22874	22680
21893	20375
18578	17496
17876	19540
21587	23194
24116	24523
24657	24667
24640	24615
24610	24633
24685	24750
24793	24803
24781	24762
24772	24822
24915	25028
25136	25212
25242	25244
25242	25260
25315	25386
25452	25488
25493	25487
25478	25476
25477	25478
25481	25486
25484	25469
25442	25402
25353	25301
25245	25185
25121	25065
25008	24959
24910	24867
24837	24820
24814	24813
24816	24813
24809	24803
24800	24796
24787	24766
24732	24690
24650	24608
24568	24533
24497	24468
24453	24464
24510	24576
24644	24700
24729	24744
24746	24738
24730	24718
24702	24681
24663	24662
24676	24700
24728	24740
24710	24641
24571	24534
24538	24550
24548	24520
24473	24430
24389	24350
24313	24270
24224	24173
24100	24002
23876	23741
23601	23464
23325	23193
23058	22905
22738	22578
22462	22391
22341	22263
22149	22028
21931	21847
21755	21648
21526	21408
21303	21212
21129	21047
20960	20869
20777	20687
20598	20502
20406	20310
20223	20136
20045	19962
19883	19806
19742	19684
19625	19535
19402	19226
19023	18815
18646	18533
18474	18436
18409	18383
18356	18328
18304	18290
18279	18272
18292	18446
18966	19957
21256	21283
21335	21404
21477	21547
21608	21666
21728	21806
21897	22000
22098	22183
22237	22260
22276	22311
22377	22450
22496	22515
22521	22542
22611	22730
22789	22504
21465	19504
17200	15793
16224	18295
20866	22873
23992	24463
24601	24602
24565	24535
24528	24547
24595	24657
24702	24707
24687	24666
24675	24729
24821	24937
25051	25136
25181	25193
25200	25225
25276	25343
25407	25450
25471	25472
25470	25469
25469	25469
25468	25465
25456	25437
25405	25364
25321	25273
25225	25173
25122	25076
25028	24980
24931	24889
24847	24821
24804	24797
24795	24792
24788	24786
24782	24776
24764	24738
24707	24669
24626	24584
24546	24513
24484	24460
24456	24485
24548	24634
24725	24796
24844	24858
24848	24819
24782	24752
24724	24706
24696	24699
24711	24734
24752	24754
24707	24617
24519	24458
24439	24431
24410	24365
24313	24267
24228	24198
24169	24146
24124	24096
24048	23976
23880	23771
23654	23535
23421	23312
23200	23075
22930	22784
22674	22605
22554	22476
22363	22236
22115	21993
21862	21724
21595	21492
21409	21344
21280	21208
21125	21036
20942	20844
20737	20617
20487	20368
20256	20150
20044	19944
19850	19755
19661	19563
19458	19337
19202	19050
18890	18736
18614	18540
18516	18515
18522	18526
18527	18523
18516	18509
18499	18486
18503	18635
19096	19976
21112	21137
21178	21234
21298	21358
21411	21464
21530	21615
21721	21840
21961	22064
22132	22167
22193	22243
22323	22405
22463	22484
22477	22475
22539	22668
22721	22371
21168	18932
16330	14772
15320	17706
20603	22806
23992	24465
24594	24587
24539	24496
24483	24496
24541	24595
24633	24630
24601	24580
24589	24641
24733	24848
24958	25044
25100	25140
25176	25214
25259	25309
25359	25402
25436	25452
25460	25458
25462	25461
25459	25458
25453	25442
25414	25379
25338	25297
25256	25215
25179	25143
25109	25068
25026	24987
24947	24910
24880	24863
24852	24848
24841	24836
24829	24820
24805	24781
24750	24719
24682	24649
24621	24595
24577	24566
24573	24609
24682	24779
24879	24959
25001	25000
24958	24892
24816	24752
24708	24692
24694	24704
24711	24716
24706	24679
24608	24489
24363	24276
24234	24205
24167	24112
24050	24001
23963	23942
23932	23932
23933	23927
23893	23826
23735	23630
23529	23432
23342	23257
23174	23076
22958	22833
22730	22665
22612	22535
22423	22292
22153	22011
21861	21712
21594	21512
21461	21424
21383	21326
21251	21163
21070	20968
20856	20723
20578	20443
20317	20196
20075	19964
19858	19752
19632	19501
19366	19240
19133	19047
18965	18881
18809	18765
18751	18754
18764	18773
18777	18779
18775	18760
18734	18705
18699	18798
19193	19969
20966	20990
21030	21087
21153	21213
21266	21316
21382	21472
21590	21727
21865	21985
22068	22113
22151	22208
22287	22371
22425	22443
22429	22424
22489	22623
22670	22281
20995	18654
15986	14488
15229	17830
20827	22999
24108	24521
24614	24588
24524	24468
24439	24446
24480	24522
24547	24537
24509	24493
24508	24563
24648	24757
24857	24941
25008	25073
25136	25196
25244	25277
25306	25347
25393	25430
25447	25456
25455	25455
25454	25460
25467	25468
25454	25430
25398	25357
25320	25293
25271	25256
25240	25221
25198	25177
25145	25107
25063	25031
25007	24988
24972	24954
24941	24930
24918	24900
24879	24859
24837	24819
24807	24802
24801	24799
24807	24838
24905	24996
25088	25155
25178	25150
25079	24976
24857	24758
24690	24671
24684	24700
24704	24686
24648	24579
24469	24316
24157	24040
23975	23931
23881	23825
23765	23711
23673	23648
23641	23645
23649	23643
23599	23512
23401	23294
23201	23126
23062	23006
22952	22884
22793	22691
22604	22543
22492	22419
22313	22187
22054	21907
21759	21624
21520	21455
21420	21397
21359	21299
21220	21137
21053	20955
20844	20717
20582	20455
20330	20203
20079	19963
19852	19736
19609	19467
19333	19232
19179	19163
19163	19149
19125	19096
19077	19062
19047	19033
19021	19006
18985	18951
18906	18854
18820	18883
19219	19915
20809	20840
20894	20964
21041	21114
21174	21228
21291	21389
21518	21669
21823	21957
22057	22117
22162	22214
22282	22346
22385	22394
22383	22388
22461	22602
22655	22253
20949	18637
16094	14792
15735	18429
21341	23332
24282	24598
24638	24577
24491	24416
24374	24366
24380	24405
24418	24410
24394	24391
24420	24480
24564	24662
24753	24832
24905	24992
25084	25163
25215	25242
25265	25307
25363	25414
25450	25463
25463	25456
25452	25465
25485	25503
25509	25498
25473	25440
25409	25393
25390	25400
25413	25424
25438	25441
25427	25392
25343	25295
25255	25217
25181	25150
25130	25115
25108	25104
25097	25094
25092	25087
25089	25100
25105	25102
25096	25108
25147	25213
25275	25313
25303	25246
25146	25017
24874	24749
24674	24655
24676	24699
24701	24669
24602	24494
24345	24160
23974	23833
23750	23696
23652	23606
23560	23517
23475	23440
23411	23388
23367	23326
23250	23132
22992	22882
22804	22748
22709	22674
22640	22599
22535	22461
22391	22337
22287	22218
22123	22010
21889	21756
21626	21504
21409	21347
21307	21268
21209	21125
21038	20960
20884	20799
20694	20582
20472	20362
20250	20129
20009	19893
19781	19663
19537	19407
19300	19237
19229	19267
19316	19351
19356	19341
19315	19278
19240	19203
19165	19124
19076	19019
18954	18881
18828	18864
19167	19809
20658	20700
20772	20865
20963	21054
21129	21191
21262	21363
21498	21657
21823	21969
22082	22154
22204	22249
22296	22336
22356	22362
22358	22381
22471	22626
22689	22302
21035	18852
16533	15465
16529	19167
21892	23672
24466	24689
24666	24562
24446	24350
24289	24259
24248	24246
24243	24241
24243	24268
24312	24383
24472	24563
24650	24731
24820	24920
25029	25127
25191	25225
25251	25298
25363	25428
25475	25495
25495	25480
25472	25484
25515	25550
25574	25578
25564	25535
25508	25504
25521	25555
25595	25640
25685	25718
25728	25707
25663	25607
25552	25495
25440	25392
25362	25352
25357	25363
25371	25376
25381	25383
25391	25395
25386	25362
25330	25309
25317	25345
25368	25358
25302	25207
25083	24944
24806	24692
24623	24610
24629	24652
24648	24604
24514	24381
24210	24014
23823	23680
23590	23541
23513	23492
23474	23455
23426	23389
23341	23287
23215	23123
22999	22849
22699	22587
22514	22471
22437	22412
22386	22355
22308	22254
22198	22149
22099	22034
21950	21848
21733	21613
21499	21389
21300	21227
21165	21092
20991	20876
20775	20703
20638	20559
20457	20350
20254	20163
20068	19959
19846	19737
19631	19518
19404	19303
19230	19200
19212	19258
19316	19360
19382	19376
19349	19306
19257	19204
19150	19086
19013	18939
18863	18782
18716	18745
19037	19668
20540	20591
20680	20788
20908	21015
21107	21185
21268	21373
21512	21673
21838	21983
22101	22182
22234	22274
22307	22330
22345	22356
22371	22424
22537	22695
22757	22384
21184	19176
17118	16226
17266	19735
22275	23933
24654	24810
24727	24576
24424	24301
24218	24161
24118	24083
24064	24060
24080	24123
24186	24268
24364	24467
24563	24662
24769	24892
25018	25134
25215	25264
25298	25346
25414	25483
25533	25558
25558	25537
25525	25538
25575	25621
25655	25673
25664	25640
25623	25630
25663	25714
25769	25832
25898	25949
25977	25972
25938	25887
25825	25751
25679	25616
25581	25577
25589	25604
25609	25609
25605	25600
25589	25569
25531	25473
25411	25364
25344	25342
25332	25285
25191	25063
24923	24788
24674	24590
24539	24515
24505	24496
24468	24404
24299	24160
23995	23827
23670	23552
23479	23440
23432	23442
23454	23460
23454	23435
23396	23323
23214	23070
22902	22730
22578	22469
22402	22353
22314	22278
22239	22199
22152	22103
22056	22006
21957	21895
21814	21712
21600	21490
21384	21281
21188	21103
21016	20905
20768	20626
20514	20441
20382	20305
20200	20092
19997	19915
19826	19729
19628	19526
19429	19331
19235	19161
19115	19096
19104	19129
19163	19190
19209	19201
19171	19131
19082	19029
18967	18894
18814	18731
18650	18566
18500	18534
18842	19512
20457	20515
20613	20736
20864	20983
21090	21184
21280	21391
21525	21675
21829	21968
22078	22162
22218	22260
22290	22315
22337	22359
22402	22484
22622	22777
22817	22435
21305	19488
17662	16843
17700	19903
22335	24046
24826	24975
24843	24638
24452	24309
24198	24109
24029	23959
23913	23897
23918	23972
24053	24155
24267	24385
24505	24630
24766	24916
25064	25197
25299	25364
25409	25457
25518	25583
25635	25659
25655	25634
25618	25631
25671	25723
25766	25786
25781	25762
25750	25768
25813	25872
25933	25995
26059	26114
26144	26149
26122	26073
26005	25926
25843	25774
25736	25730
25745	25751
25747	25727
25706	25682
25649	25600
25529	25443
25359	25297
25265	25249
25225	25163
25059	24929
24794	24675
24583	24512
24459	24404
24345	24280
24209	24116
23997	23864
23730	23611
23512	23437
23386	23361
23367	23390
23412	23421
23424	23426
23409	23345
23221	23050
22855	22676
22534	22434
22367	22314
22266	22217
22161	22099
22038	21981
21931	21880
21828	21765
21685	21584
21470	21362
21264	21165
21069	20975
20871	20740
20577	20417
20298	20226
20172	20092
19983	19871
19774	19690
19609	19517
19421	19329
19236	19144
19061	18997
18958	18934
18924	18919
18918	18916
18907	18885
18851	18813
18768	18717
18659	18587
18512	18436
18358	18277
18215	18264
18608	19345
20395	20455
20558	20688
20820	20948
21062	21166
21269	21377
21500	21636
21774	21898
21999	22073
22131	22176
22216	22255
22294	22334
22396	22507
22657	22808
22828	22447
21396	19774
18150	17300
17809	19650
22036	23967
24962	25177
25015	24769
24552	24379
24241	24113
23992	23889
23813	23780
23789	23847
23943	24067
24203	24340
24483	24640
24807	24983
25153	25309
25429	25511
25563	25606
25654	25710
25760	25784
25779	25756
25737	25752
25794	25847
25895	25919
25917	25896
25891	25917
25970	26033
26089	26139
26185	26223
26246	26240
26206	26152
26078	25994
25910	25836
25795	25789
25800	25805
25790	25760
25726	25689
25645	25583
25494	25396
25304	25235
25195	25178
25153	25099
25013	24910
24804	24700
24610	24527
24441	24346
24239	24125
24008	23880
23748	23624
23526	23454
23400	23354
23310	23287
23285	23299
23303	23289
23274	23276
23273	23228
23111	22938
22745	22574
22448	22362
22305	22257
22208	22156
22091	22009
21929	21859
21803	21750
21693	21627
21545	21443
21331	21228
21132	21038
20940	20843
20736	20600
20434	20273
20154	20086
20032	19951
19836	19721
19622	19541
19460	19373
19282	19185
19094	18996
18906	18833
18779	18739
18705	18672
18640	18607
18575	18541
18502	18461
18416	18371
18320	18263
18198	18132
18057	17980
17922	17984
18375	19186
20343	20404
20507	20636
20770	20898
21014	21121
21220	21316
21423	21542
21662	21769
21855	21923
21978	22027
22079	22135
22194	22254
22332	22449
22609	22760
22779	22430
21497	20094
18683	17763
17847	19244
21557	23761
25065	25415
25246	24956
24706	24512
24338	24172
24008	23867
23763	23710
23712	23771
23882	24025
24187	24350
24515	24690
24877	25068
25261	25438
25579	25673
25733	25770
25807	25850
25893	25914
25908	25880
25859	25873
25916	25975
26026	26053
26052	26033
26029	26061
26123	26183
26231	26268
26295	26312
26306	26276
26220	26151
26072	25987
25904	25836
25792	25786
25800	25808
25800	25773
25740	25711
25675	25617
25529	25430
25337	25268
25226	25207
25183	25138
25074	25002
24925	24840
24747	24646
24541	24419
24286	24138
23979	23821
23680	23565
23483	23431
23386	23332
23274	23224
23195	23178
23149	23103
23056	23038
23033	22996
22899	22752
22591	22446
22337	22263
22211	22165
22119	22060
21991	21903
21814	21738
21677	21620
21563	21496
21409	21303
21191	21086
20992	20901
20809	20715
20612	20486
20336	20183
20071	20004
19950	19867
19752	19636
19538	19454
19375	19288
19194	19099
18998	18883
18767	18672
18595	18533
18479	18427
18381	18341
18305	18269
18230	18189
18145	18099
18053	18000
17942	17876
17801	17725
17670	17744
18171	19049
20290	20350
20451	20580
20712	20836
20945	21044
21131	21215
21305	21405
21505	21601
21678	21737
21790	21840
21901	21975
22055	22133
22222	22342
22503	22654
22683	22392
21613	20489
19353	18475
18235	19167
21244	23563
25132	25658
25524	25197
24904	24665
24451	24243
24043	23872
23751	23685
23684	23746
23870	24036
24224	24408
24588	24773
24962	25158
25364	25559
25720	25829
25890	25921
25945	25974
26007	26024
26015	25985
25961	25972
26021	26086
26140	26168
26166	26148
26145	26180
26243	26302
26343	26363
26372	26366
26336	26276
26195	26110
26029	25952
25877	25812
25773	25766
25782	25803
25810	25799
25787	25773
25754	25710
25633	25538
25446	25372
25326	25301
25276	25235
25179	25122
25067	25002
24925	24833
24737	24622
24485	24317
24134	23958
23806	23695
23612	23546
23477	23387
23291	23200
23129	23075
23018	22945
22877	22837
22814	22780
22707	22605
22492	22385
22298	22224
22163	22101
22036	21962
21882	21792
21707	21639
21582	21525
21459	21383
21286	21171
21052	20943
20850	20761
20673	20586
20494	20387
20254	20116
20007	19943
19884	19801
19690	19573
19476	19392
19308	19218
19126	19031
18919	18790
18654	18535
18445	18371
18307	18254
18215	18190
18176	18155
18123	18080
18031	17977
17921	17857
17784	17709
17629	17545
17496	17582
18030	18949
20238	20293
20390	20511
20638	20757
20858	20941
21015	21085
21162	21250
21340	21425
21497	21553
21598	21650
21716	21802
21900	21995
22089	22209
22369	22528
22585	22374
21792	21003
20270	19658
19353	19879
21464	23522
25128	25822
25794	25460
25099	24793
24522	24270
24041	23853
23731	23669
23673	23745
23885	24073
24288	24497
24690	24874
25053	25245
25457	25666
25837	25956
26022	26051
26063	26076
26088	26097
26082	26047
26019	26028
26083	26151
26209	26236
26234	26216
26212	26244
26302	26356
26392	26405
26401	26375
26321	26237
26134	26042
25965	25900
25843	25788
25753	25739
25752	25773
25794	25800
25807	25815
25814	25782
25711	25620
25530	25452
25398	25362
25333	25289
25237	25186
25140	25099
25052	25005
24943	24860
24740	24574
24388	24211
24062	23952
23857	23762
23651	23524
23389	23259
23148	23059
22983	22905
22830	22778
22740	22703
22655	22595
22532	22463
22387	22304
22213	22111
22011	21907
21806	21718
21647	21590
21545	21486
21407	21305
21181	21045
20909	20791
20694	20608
20528	20456
20378	20284
20167	20038
19936	19866
19804	19722
19620	19516
19427	19346
19261	19168
19071	18971
18860	18722
18582	18460
18367	18302
18250	18219
18208	18215
18226	18220
18188	18134
18071	18001
17920	17827
17729	17636
17550	17468
17420	17514
17967	18891
20174	20226
20314	20428
20545	20653
20743	20818
20880	20945
21018	21101
21189	21271
21341	21394
21436	21482
21550	21642
21752	21859
21956	22066
22224	22410
22532	22440
22083	21672
21448	21339
21272	21537
22439	23817
25109	25857
25981	25695
25264	24855
24509	24215
23961	23772
23663	23625
23648	23739
23900	24116
24352	24581
24785	24970
25143	25323
25522	25717
25898	26036
26123	26160
26162	26151
26138	26126
26099	26058
26026	26034
26084	26153
26210	26239
26235	26212
26202	26218
26262	26312
26347	26363
26350	26307
26238	26138
26030	25939
25881	25837
25798	25759
25721	25694
25689	25698
25717	25730
25748	25775
25790	25771
25710	25627
25540	25460
25390	25343
25303	25263
25214	25170
25137	25116
25101	25089
25069	25016
24920	24780
24623	24466
24336	24228
24127	24013
23873	23723
23568	23420
23284	23174
23081	23003
22929	22871
22832	22798
22768	22739
22705	22649
22565	22460
22334	22192
22047	21911
21790	21701
21639	21603
21569	21503
21400	21256
21089	20917
20759	20629
20528	20447
20381	20323
20259	20176
20069	19949
19851	19778
19718	19645
19564	19486
19422	19357
19277	19186
19091	18992
18878	18748
18613	18501
18422	18376
18359	18360
18378	18402
18421	18407
18356	18278
18184	18082
17975	17857
17740	17635
17544	17469
17428	17522
17964	18858
20081	20131
20212	20314
20422	20522
20607	20682
20747	20814
20889	20970
21060	21144
21215	21267
21304	21347
21409	21509
21630	21742
21829	21925
22086	22318
22535	22591
22466	22415
22704	23196
23562	23766
24040	24547
25228	25820
26053	25844
25365	24850
24426	24088
23819	23638
23552	23549
23607	23726
23910	24146
24390	24617
24823	25008
25183	25341
25471	25595
25762	25975
26154	26231
26226	26187
26147	26106
26063	26016
25981	25980
26020	26081
26133	26162
26156	26130
26106	26107
26133	26176
26216	26235
26223	26173
26090	25984
25889	25822
25790	25768
25744	25705
25658	25609
25569	25558
25569	25591
25619	25654
25680	25677
25641	25575
25499	25420
25343	25282
25233	25187
25146	25116
25095	25086
25083	25082
25068	25026
24951	24848
24731	24617
24519	24430
24331	24209
24062	23910
23761	23607
23466	23347
23244	23155
23079	23021
22981	22953
22933	22913
22879	22810
22703	22569
22416	22252
22084	21930
21803	21708
21653	21628
21602	21532
21398	21217
21009	20809
20631	20492
20389	20308
20252	20207
20154	20074
19971	19866
19778	19713
19657	19605
19561	19530
19510	19476
19415	19335
19247	19156
19049	18920
18787	18678
18609	18581
18588	18615
18651	18674
18671	18623
18536	18417
18285	18152
18019	17888
17772	17673
17594	17527
17498	17588
18005	18839
19958	20003
20080	20176
20277	20369
20456	20538
20620	20697
20780	20867
20955	21039
21111	21164
21201	21237
21298	21395
21521	21643
21733	21822
21990	22275
22588	22777
22837	23061
23751	24753
25561	25886
25812	25625
25633	25886
26089	25921
25406	24805
24311	23949
23681	23511
23452	23480
23569	23716
23920	24148
24366	24556
24739	24924
25102	25207
25183	25131
25270	25649
26048	26234
26233	26157
26083	26013
25948	25895
25861	25854
25883	25928
25974	26001
25994	25962
25928	25910
25927	25965
26007	26031
26018	25970
25888	25797
25726	25698
25700	25701
25674	25619
25545	25459
25386	25347
25349	25388
25436	25489
25523	25536
25523	25484
25423	25346
25265	25191
25127	25073
25031	25001
24985	24972
24966	24952
24925	24871
24799	24725
24652	24583
24518	24453
24371	24259
24121	23979
23840	23698
23563	23438
23323	23217
23118	23048
23003	22972
22951	22928
22878	22790
22662	22518
22360	22199
22036	21884
21758	21671
21624	21604
21577	21501
21360	21164
20948	20739
20561	20420
20309	20225
20171	20128
20076	19993
19892	19801
19732	19687
19650	19628
19622	19639
19660	19657
19620	19557
19484	19403
19299	19167
19028	18911
18843	18815
18828	18856
18884	18886
18849	18767
18646	18494
18333	18180
18042	17926
17826	17747
17684	17632
17604	17691
18062	18812
19811	19858
19935	20027
20125	20217
20308	20402
20501	20596
20688	20778
20863	20947
21018	21070
21107	21145
21203	21300
21429	21561
21664	21772
21968	22298
22675	22938
23091	23468
24409	25736
26880	27432
27351	26877
26424	26280
26270	26018
25430	24751
24216	23858
23613	23468
23423	23466
23567	23722
23914	24104
24256	24377
24511	24695
24872	24890
24647	24351
24451	25087
25817	26187
26196	26064
25928	25814
25721	25662
25632	25632
25656	25697
25738	25761
25755	25716
25671	25646
25657	25694
25738	25762
25755	25709
25639	25573
25540	25556
25588	25596
25553	25467
25353	25232
25114	25036
25026	25086
25185	25263
25310	25328
25330	25308
25259	25188
25105	25021
24941	24870
24812	24765
24737	24712
24692	24659
24608	24534
24457	24395
24350	24317
24282	24244
24183	24091
23973	23849
23724	23601
23478	23357
23232	23096
22966	22869
22805	22764
22734	22696
22635	22547
22431	22300
22165	22030
21891	21762
21656	21577
21528	21508
21474	21400
21267	21095
20902	20718
20556	20418
20299	20203
20140	20093
20033	19949
19854	19779
19733	19707
19695	19694
19709	19749
19785	19795
19763	19702
19633	19552
19450	19314
19166	19039
18959	18926
18936	18956
18969	18946
18887	18782
18645	18487
18325	18176
18056	17967
17900	17847
17799	17753
17730	17800
18128	18791
19685	19729
19805	19897
19993	20086
20180	20284
20391	20499
20596	20690
20778	20858
20927	20980
21017	21057
21112	21209
21341	21481
21607	21748
21981	22347
22752	23026
23199	23650
24734	26250
27609	28402
28540	28149
27559	27103
26762	26252
25494	24720
24157	23821
23618	23496
23453	23480
23565	23696
23845	23973
24050	24100
24196	24377
24558	24518
24097	23593
23677	24558
25608	26166
26182	25962
25726	25535
25410	25343
25321	25328
25356	25400
25445	25466
25455	25415
25368	25341
25345	25384
25425	25449
25445	25405
25351	25306
25302	25342
25387	25389
25326	25209
25066	24909
24738	24596
24552	24638
24797	24932
24999	25022
25023	25001
24957	24887
24802	24714
24626	24537
24456	24392
24343	24303
24259	24206
24136	24049
23967	23912
23881	23865
23849	23827
23784	23719
23632	23539
23439	23339
23231	23122
22994	22845
22694	22569
22484	22431
22383	22333
22270	22191
22103	22011
21915	21816
21716	21619
21530	21456
21399	21361
21318	21248
21143	21007
20863	20721
20586	20460
20334	20225
20144	20085
20022	19943
19861	19801
19770	19757
19752	19754
19770	19793
19809	19798
19747	19673
19588	19496
19383	19239
19083	18956
18875	18842
18850	18868
18873	18841
18766	18660
18536	18401
18264	18142
18055	18000
17961	17928
17890	17851
17828	17889
18185	18779
19609	19649
19720	19811
19908	20002
20093	20193
20299	20404
20505	20600
20690	20774
20840	20893
20931	20966
21025	21120
21252	21397
21538	21704
21964	22348
22753	23019
23199	23711
24907	26552
28047	29021
29411	29275
28780	28167
27482	26624
25623	24723
24120	23798
23625	23511
23451	23443
23484	23571
23668	23743
23777	23799
23886	24084
24298	24284
23851	23318
23439	24455
25662	26300
26283	25944
25565	25277
25106	25023
24994	25001
25035	25085
25128	25147
25134	25093
25049	25024
25030	25063
25100	25124
25119	25087
25040	25005
25006	25038
25071	25052
24973	24843
24685	24500
24263	24027
23920	24021
24251	24464
24571	24603
24600	24580
24534	24464
24385	24299
24212	24122
24040	23965
23904	23844
23779	23710
23632	23545
23466	23414
23385	23367
23347	23326
23297	23253
23196	23130
23062	22985
22900	22808
22696	22556
22409	22284
22190	22117
22048	21977
21896	21820
21753	21693
21639	21586
21530	21465
21396	21324
21255	21199
21145	21080
21001	20910
20819	20730
20630	20513
20384	20260
20161	20089
20023	19948
19877	19823
19791	19772
19760	19745
19739	19733
19711	19664
19588	19495
19390	19281
19155	19007
18857	18735
18652	18618
18621	18643
18647	18614
18543	18448
18346	18242
18139	18055
18000	17967
17948	17926
17895	17858
17833	17893
18178	18757
19585	19622
19689	19772
19870	19958
20044	20129
20221	20317
20414	20509
20605	20692
20761	20810
20849	20883
20941	21035
21165	21311
21456	21630
21896	22270
22666	22926
23124	23702
25008	26766
28353	29432
29996	30086
29756	29099
28169	27003
25767	24741
24084	23743
23562	23431
23337	23286
23286	23330
23394	23452
23489	23538
23661	23898
24181	24302
24074	23760
24028	25066
26203	26734
26576	26055
25500	25094
24868	24759
24712	24709
24745	24796
24840	24852
24834	24790
24749	24732
24740	24769
24801	24817
24811	24780
24737	24697
24678	24682
24678	24638
24546	24416
24262	24058
23752	23413
23229	23337
23644	23940
24101	24151
24151	24130
24084	24018
23939	23862
23791	23724
23662	23600
23535	23462
23385	23306
23224	23148
23079	23028
22993	22964
22934	22904
22867	22829
22792	22750
22702	22644
22579	22508
22417	22308
22185	22070
21977	21892
21794	21665
21508	21359
21254	21208
21199	21194
21177	21152
21117	21079
21044	21009
20964	20907
20853	20807
20767	20719
20646	20544
20414	20280
20170	20089
20014	19939
19861	19800
19752	19710
19673	19637
19603	19565
19511	19447
19360	19259
19153	19042
18922	18785
18648	18527
18442	18396
18382	18389
18387	18358
18298	18215
18129	18040
17960	17893
17848	17826
17813	17799
17771	17735
17712	17775
18080	18699
19590	19624
19684	19761
19848	19928
20001	20069
20144	20226
20317	20417
20520	20610
20683	20733
20768	20804
20863	20957
21082	21224
21369	21542
21798	22156
22532	22788
22988	23587
24970	26843
28529	29683
30335	30544
30315	29661
28598	27247
25866	24756
24039	23643
23412	23245
23118	23040
23019	23045
23102	23172
23248	23354
23532	23814
24184	24516
24661	24778
25313	26329
27239	27485
27043	26256
25497	24977
24699	24559
24491	24479
24520	24582
24625	24619
24571	24516
24481	24478
24495	24520
24543	24550
24539	24505
24459	24404
24358	24326
24295	24241
24146	24022
23874	23651
23293	22869
22632	22754
23124	23486
23685	23748
23748	23721
23675	23612
23541	23478
23429	23394
23367	23330
23273	23197
23114	23036
22964	22899
22842	22792
22751	22713
22671	22629
22592	22555
22521	22486
22450	22405
22355	22295
22220	22127
22027	21931
21839	21733
21564	21282
20895	20519
20276	20206
20240	20291
20317	20333
20370	20453
20576	20687
20731	20715
20691	20686
20680	20654
20607	20518
20395	20263
20150	20057
19977	19893
19803	19718
19646	19575
19512	19454
19400	19340
19274	19203
19121	19036
18949	18858
18762	18653
18539	18434
18339	18265
18222	18196
18177	18142
18083	18007
17919	17831
17746	17680
17636	17613
17603	17587
17561	17526
17507	17581
17922	18613
19595	19624
19673	19740
19815	19881
19941	19993
20053	20126
20218	20326
20437	20536
20611	20662
20697	20736
20792	20885
21003	21135
21272	21446
21702	22049
22400	22616
22760	23315
24740	26745
28574	29822
30515	30753
30538	29865
28738	27310
25886	24749
23988	23521
23230	23026
22888	22816
22792	22817
22880	22971
23083	23227
23438	23762
24220	24778
25335	25940
26784	27784
28433	28338
27557	26478
25523	24905
24579	24408
24325	24324
24386	24460
24492	24453
24370	24290
24257	24268
24295	24320
24333	24329
24308	24268
24211	24143
24074	24028
23994	23942
23850	23726
23571	23331
22929	22461
22215	22377
22793	23171
23374	23431
23424	23392
23347	23285
23225	23172
23139	23128
23128	23112
23069	23002
22926	22854
22790	22736
22687	22644
22606	22567
22528	22488
22453	22422
22392	22360
22326	22284
22236	22179
22108	22019
21926	21836
21738	21579
21241	20611
19751	18929
18426	18298
18384	18493
18557	18612
18757	19077
19554	20032
20342	20463
20501	20531
20541	20524
20486	20418
20319	20203
20093	20003
19912	19816
19714	19609
19508	19418
19338	19270
19209	19140
19066	18995
18928	18864
18799	18731
18665	18591
18506	18415
18319	18228
18150	18089
18041	17985
17918	17831
17738	17642
17552	17478
17427	17403
17389	17373
17347	17313
17295	17380
17758	18520
19573	19598
19640	19697
19759	19814
19860	19901
19952	20023
20120	20232
20355	20461
20541	20597
20632	20676
20739	20827
20937	21050
21179	21353
21609	21938
22250	22398
22445	22924
24379	26532
28524	29870
30592	30806
30555	29831
28660	27221
25822	24711
23936	23422
23085	22867
22741	22683
22670	22698
22763	22859
22980	23133
23354	23694
24218	24948
25830	26818
27916	28911
29377	29019
27971	26667
25567	24872
24504	24307
24219	24235
24319	24405
24425	24355
24233	24130
24091	24110
24143	24164
24166	24153
24121	24075
24013	23936
23859	23812
23793	23760
23676	23547
23380	23108
22664	22179
21974	22201
22646	22999
23165	23198
23182	23148
23103	23050
22996	22951
22923	22921
22926	22917
22885	22833
22768	22706
22650	22599
22557	22515
22480	22453
22427	22403
22381	22360
22334	22304
22267	22223
22175	22120
22047	21956
21861	21766
21632	21340
20678	19500
17984	16614
15824	15642
15778	15934
16004	16058
16281	16867
17825	18884
19683	20099
20276	20352
20370	20350
20320	20276
20203	20108
20011	19922
19831	19734
19623	19508
19394	19289
19203	19138
19076	19006
18929	18855
18793	18739
18691	18644
18595	18543
18481	18408
18319	18222
18128	18041
17963	17882
17793	17699
17600	17498
17408	17330
17276	17250
17233	17214
17184	17149
17134	17229
17633	18435
19531	19551
19589	19643
19697	19742
19782	19813
19858	19928
20025	20144
20269	20382
20470	20530
20576	20626
20692	20778
20878	20982
21104	21271
21515	21810
22060	22132
22090	22513
24007	26286
28405	29816
30542	30726
30429	29651
28449	27028
25690	24632
23876	23350
22996	22788
22683	22635
22626	22651
22713	22804
22920	23060
23272	23612
24162	24980
26043	27267
28522	29534
29912	29423
28237	26816
25633	24891
24495	24274
24165	24171
24265	24362
24384	24304
24169	24055
24004	24010
24040	24057
24050	24024
23986	23940
23878	23802
23729	23684
23677	23660
23581	23455
23277	22967
22471	21987
21856	22166
22616	22916
23022	23029
23008	22980
22946	22898
22851	22806
22778	22770
22771	22760
22731	22686
22632	22578
22525	22476
22429	22391
22367	22349
22336	22322
22314	22299
22281	22253
22214	22168
22121	22076
22016	21940
21841	21705
21451	20890
19770	18015
15956	14237
13317	13148
13330	13498
13522	13482
13638	14314
15644	17299
18719	19588
19997	20155
20191	20176
20158	20130
20075	20001
19914	19833
19750	19659
19553	19434
19313	19207
19121	19057
19002	18934
18853	18775
18711	18660
18617	18578
18538	18495
18442	18379
18303	18211
18113	18014
17916	17813
17707	17604
17504	17405
17312	17235
17182	17150
17129	17105
17074	17038
17025	17126
17539	18364
19480	19502
19538	19587
19636	19680
19709	19733
19767	19834
19935	20057
20182	20295
20391	20459
20516	20577
20648	20735
20832	20931
21052	21218
21440	21689
21880	21883
21770	22145
23652	25993
28162	29583
30301	30476
30154	29343
28133	26753
25486	24496
23780	23275
22940	22752
22664	22623
22606	22623
22676	22763
22866	22999
23196	23517
24057	24901
26046	27383
28728	29759
30096	29558
28331	26886
25686	24926
24514	24249
24063	24010
24115	24265
24331	24274
24156	24048
23982	23966
23975	23983
23972	23942
23904	23857
23801	23732
23657	23606
23597	23582
23515	23400
23221	22863
22316	21848
21815	22200
22639	22878
22929	22916
22896	22874
22844	22803
22757	22716
22685	22670
22660	22642
22609	22567
22517	22472
22424	22369
22320	22283
22262	22252
22247	22244
22237	22230
22213	22182
22142	22094
22053	22019
21991	21945
21831	21588
21088	20121
18520	16403
14226	12580
11786	11705
11913	12051
11992	11780
11689	12167
13512	15492
17451	18844
19600	19917
20014	20027
20015	19986
19937	19872
19806	19739
19669	19591
19490	19377
19257	19148
19063	19006
18954	18885
18803	18723
18655	18603
18561	18521
18481	18440
18393	18334
18263	18178
18081	17982
17877	17765
17646	17539
17438	17343
17250	17172
17116	17078
17050	17020
16986	16948
16936	17038
17461	18296
19437	19458
19493	19539
19583	19623
19648	19660
19686	19744
19844	19966
20095	20217
20314	20391
20457	20523
20604	20693
20787	20889
21015	21181
21389	21609
21761	21709
21514	21809
23269	25589
27737	29130
29839	30027
29709	28895
27705	26389
25208	24294
23633	23165
22864	22707
22636	22601
22579	22588
22638	22718
22818	22942
23124	23421
23933	24765
25927	27303
28667	29678
29968	29400
28188	26792
25643	24913
24475	24108
23754	23599
23755	24047
24236	24250
24166	24065
23983	23939
23928	23926
23911	23882
23846	23805
23756	23691
23613	23552
23526	23503
23444	23342
23152	22749
22159	21738
21813	22261
22683	22868
22881	22847
22826	22810
22779	22738
22692	22652
22620	22596
22577	22551
22515	22468
22420	22375
22328	22274
22221	22187
22170	22165
22164	22162
22157	22149
22133	22100
22060	22012
21975	21956
21955	21927
21764	21316
20432	18993
17043	14916
13064	11836
11321	11332
11518	11598
11457	11110
10750	10832
11805	13671
15889	17776
18990	19589
19811	19867
19861	19826
19782	19731
19683	19636
19583	19520
19433	19322
19202	19094
19012	18954
18906	18839
18756	18677
18610	18558
18512	18472
18433	18391
18344	18288
18218	18135
18040	17943
17837	17717
17597	17484
17383	17288
17198	17117
17051	17005
16969	16935
16896	16855
16841	16949
17379	18230
19399	19422
19455	19496
19539	19573
19590	19594
19606	19655
19750	19875
20011	20135
20238	20324
20397	20471
20556	20651
20745	20852
20981	21150
21355	21563
21694	21584
21290	21458
22818	25072
27165	28511
29207	29412
29113	28317
27165	25937
24859	24032
23431	23011
22747	22620
22570	22549
22531	22541
22588	22669
22769	22893
23069	23349
23824	24602
25709	27037
28342	29277
29500	28918
27767	26486
25450	24784
24308	23754
23147	22872
23149	23699
24099	24219
24170	24077
23988	23923
23896	23885
23867	23834
23800	23764
23722	23661
23581	23503
23456	23425
23366	23263
23043	22597
22003	21655
21836	22326
22725	22875
22864	22817
22784	22758
22723	22682
22638	22596
22562	22533
22503	22469
22426	22377
22329	22282
22233	22177
22128	22094
22082	22081
22082	22081
22075	22068
22052	22019
21975	21927
21893	21884
21895	21841
21536	20765
19414	17566
15526	13710
12404	11669
11406	11440
11538	11535
11372	11019
10542	10254
10646	12016
14125	16343
18073	19096
19542	19674
19678	19650
19614	19580
19549	19519
19487	19437
19361	19258
19146	19040
18960	18904
18854	18788
18710	18636
18574	18518
18470	18429
18389	18350
18302	18246
18175	18089
17999	17902
17796	17676
17549	17431
17330	17233
17143	17058
16990	16933
16890	16850
16806	16764
16747	16857
17299	18170
19368	19388
19422	19462
19501	19530
19543	19542
19545	19586
19674	19799
19938	20065
20174	20264
20345	20427
20518	20610
20708	20814
20949	21123
21323	21519
21625	21450
21035	21063
22311	24494
26529	27823
28497	28704
28416	27641
26556	25432
24474	23743
23208	22832
22610	22512
22485	22470
22465	22483
22537	22620
22723	22855
23034	23308
23738	24414
25371	26541
27708	28532
28701	28145
27111	26002
25138	24571
24049	23276
22381	21987
22435	23301
23953	24187
24168	24080
23986	23913
23877	23859
23835	23801
23764	23733
23697	23639
23551	23460
23399	23357
23296	23173
22909	22422
21860	21618
21886	22391
22760	22891
22871	22812
22756	22716
22673	22631
22590	22547
22508	22475
22437	22396
22350	22300
22245	22194
22138	22083
22035	22008
21999	22000
22003	21998
21994	21990
21974	21943
21894	21849
21817	21804
21771	21587
21001	19799
18020	15988
14160	12845
12081	11717
11583	11552
11503	11400
11256	11025
10626	10160
10032	10730
12403	14650
16797	18335
19152	19447
19499	19481
19456	19435
19414	19394
19374	19340
19280	19190
19084	18987
18911	18860
18811	18748
18675	18603
18541	18487
18440	18396
18357	18317
18269	18209
18137	18051
17960	17866
17759	17634
17503	17383
17279	17183
17091	17008
16934	16873
16820	16771
16725	16678
16663	16769
17220	18112
19335	19354
19385	19427
19466	19495
19507	19508
19512	19548
19629	19747
19880	20010
20123	20220
20308	20395
20483	20574
20672	20778
20912	21076
21267	21447
21518	21272
20724	20602
21742	23872
25864	27104
27728	27920
27641	26906
25919	24932
24111	23481
23007	22676
22485	22409
22388	22379
22379	22413
22480	22573
22684	22815
22996	23260
23627	24152
24880	25798
26768	27489
27652	27186
26331	25444
24787	24343
23806	22856
21729	21252
21860	23006
23869	24194
24189	24099
24008	23933
23882	23852
23823	23785
23747	23712
23673	23611
23518	23421
23358	23317
23250	23100
22781	22269
21770	21643
21976	22466
22795	22905
22882	22810
22733	22666
22618	22583
22543	22501
22462	22430
22390	22340
22287	22229
22176	22117
22056	22000
21957	21937
21931	21934
21935	21933
21930	21927
21915	21885
21834	21787
21751	21693
21524	21053
20031	18396
16390	14479
13077	12294
11939	11768
11629	11450
11232	11034
10922	10851
10650	10230
9826	9951
10999	12921
15210	17221
18539	19150
19326	19339
19324	19305
19281	19261
19246	19221
19173	19101
19014	18932
18870	18823
18779	18721
18653	18587
18527	18475
18425	18382
18339	18295
18243	18181
18107	18020
17928	17831
17724	17598
17463	17341
17240	17143
17051	16966
16891	16825
16770	16722
16668	16616
16588	16695
17149	18057
19297	19317
19350	19393
19433	19462
19484	19493
19503	19544
19619	19727
19849	19975
20085	20187
20278	20365
20453	20545
20639	20740
20864	21016
21195	21361
21400	21067
20376	20089
21117	23196
25146	26325
26894	27060
26804	26157
25310	24491
23813	23276
22861	22571
22407	22336
22305	22284
22290	22341
22425	22525
22630	22744
22899	23127
23425	23794
24265	24889
25639	26281
26496	26186
25550	24905
24459	24147
23636	22615
21382	20892
21630	22947
23918	24272
24270	24173
24076	23984
23907	23860
23822	23783
23745	23707
23659	23580
23481	23391
23339	23308
23232	23041
22671	22155
21746	21740
22112	22551
22824	22906
22875	22792
22694	22607
22553	22527
22494	22449
22411	22384
22351	22295
22233	22175
22118	22057
21988	21929
21897	21887
21889	21891
21892	21889
21888	21888
21882	21846
21796	21754
21690	21512
21062	20136
18618	16677
14728	13188
12272	11901
11787	11656
11402	11048
10689	10441
10376	10437
10436	10198
9801	9602
10059	11413
13499	15769
17594	18659
19085	19197
19211	19202
19178	19142
19112	19084
19049	18995
18935	18881
18839	18800
18763	18709
18649	18588
18529	18479
18429	18382
18338	18285
18229	18160
18080	17992
17899	17801
17689	17561
17426	17307
17200	17107
17015	16930
16852	16785
16730	16676
16619	16551
16507	16601
17058	17987
19258	19279
19315	19358
19399	19433
19464	19482
19508	19554
19628	19725
19837	19951
20057	20156
20251	20339
20425	20519
20610	20704
20813	20953
21129	21289
21293	20859
20005	19543
20444	22478
24397	25521
26028	26171
25955	25434
24764	24121
23575	23122
22759	22502
22363	22290
22236	22197
22210	22276
22364	22453
22536	22614
22708	22871
23096	23347
23605	23952
24485	25066
25376	25253
24850	24436
24173	23978
23531	22540
21356	20945
21777	23149
24120	24446
24412	24292
24168	24040
23928	23854
23808	23773
23751	23720
23655	23559
23450	23370
23332	23309
23212	22970
22550	22056
21767	21881
22273	22647
22851	22894
22851	22767
22668	22571
22513	22489
22457	22399
22356	22334
22309	22253
22188	22132
22083	22016
21937	21878
21851	21846
21850	21854
21856	21855
21856	21859
21852	21820
21774	21725
21582	21167
20280	18818
16892	14891
13239	12150
11624	11489
11459	11286
10918	10454
10045	9816
9813	9962
10098	10063
9829	9561
9598	10326
11918	14109
16278	17850
18680	18997
19099	19132
19116	19061
19000	18956
18922	18889
18857	18830
18808	18784
18751	18706
18650	18593
18539	18487
18438	18387
18337	18279
18210	18137
18053	17963
17866	17765
17651	17522
17387	17265
17162	17065
16973	16885
16806	16738
16679	16616
16543	16455
16391	16474
16937	17896
19218	19240
19278	19321
19365	19402
19435	19466
19503	19555
19627	19720
19822	19926
20027	20125
20220	20305
20396	20487
20573	20662
20765	20909
21092	21246
21192	20637
19609	18967
19756	21753
23669	24756
25209	25326
25168	24776
24279	23791
23353	22969
22659	22445
22325	22253
22186	22145
22165	22233
22294	22335
22369	22382
22391	22468
22635	22825
22945	23076
23430	23983
24409	24481
24284	24057
23932	23833
23465	22591
21560	21301
22200	23540
24432	24691
24601	24423
24243	24070
23921	23807
23732	23713
23736	23738
23676	23565
23455	23378
23341	23293
23154	22846
22380	21936
21793	22028
22427	22738
22873	22884
22832	22760
22677	22594
22543	22512
22452	22362
22291	22267
22247	22200
22141	22091
22048	21984
21903	21840
21808	21805
21810	21814
21815	21818
21820	21823
21815	21791
21752	21646
21314	20525
19127	17215
15146	13355
12109	11406
11107	11041
10987	10773
10385	9958
9619	9464
9518	9716
9932	10048
9996	9780
9563	9733
10669	12444
14664	16665
17997	18672
18953	19064
19075	19014
18927	18858
18824	18803
18793	18783
18775	18761
18735	18691
18641	18589
18532	18484
18432	18379
18324	18261
18190	18111
18022	17926
17829	17725
17610	17479
17338	17213
17109	17011
16916	16825
16741	16666
16588	16506
16413	16315
16245	16321
16797	17793
19181	19203
19238	19281
19325	19363
19399	19434
19478	19533
19607	19695
19792	19890
19986	20085
20179	20268
20355	20445
20532	20617
20725	20882
21071	21210
21078	20385
19181	18367
19045	21025
22969	24060
24475	24571
24467	24199
23844	23469
23111	22792
22535	22369
22277	22215
22154	22122
22149	22201
22212	22173
22087	21939
21782	21737
21862	22072
22191	22236
22500	23074
23643	23898
23873	23784
23759	23730
23450	22730
21909	21815
22746	24006
24798	24981
24815	24548
24291	24063
23861	23674
23536	23531
23642	23731
23716	23621
23506	23421
23360	23262
23048	22651
22148	21784
21798	22150
22550	22800
22882	22864
22806	22743
22694	22657
22638	22593
22488	22339
22226	22182
22168	22133
22084	22048
22019	21964
21884	21810
21772	21758
21760	21766
21769	21772
21779	21782
21779	21766
21686	21417
20752	19495
17662	15587
13716	12329
11480	11041
10837	10723
10591	10364
10066	9783
9577	9481
9545	9764
10042	10267
10329	10158
9795	9531
9811	10982
12947	15147
16958	18102
18686	18930
18985	18942
18861	18790
18754	18742
18739	18740
18736	18725
18703	18661
18613	18561
18509	18458
18404	18351
18293	18229
18157	18073
17983	17884
17783	17677
17558	17420
17276	17147
17036	16936
16839	16751
16662	16567
16466	16355
16249	16160
16101	16185
16670	17699
19142	19163
19196	19237
19281	19323
19359	19398
19442	19501
19574	19659
19752	19847
19940	20038
20132	20221
20304	20395
20479	20567
20679	20840
21030	21134
20927	20117
18756	17772
18328	20288
22290	23433
23841	23927
23869	23705
23454	23152
22847	22578
22384	22273
22217	22169
22121	22099
22117	22131
22078	21909
21560	21035
20509	20243
20366	20760
21119	21322
21650	22313
23046	23478
23601	23623
23666	23690
23505	22958
22355	22407
23323	24473
25177	25304
25060	24695
24345	24042
23741	23415
23156	23150
23394	23652
23749	23707
23610	23508
23403	23230
22910	22420
21889	21622
21795	22231
22621	22816
22862	22823
22745	22668
22639	22686
22743	22707
22550	22337
22167	22100
22081	22052
22012	21996
21986	21944
21866	21784
21731	21708
21704	21706
21714	21725
21737	21748
21750	21706
21495	20918
19792	18097
16084	14205
12788	11871
11349	11071
10881	10687
10489	10289
10105	9955
9823	9707
9691	9860
10176	10473
10585	10420
10000	9507
9326	9904
11392	13469
15555	17184
18188	18661
18813	18815
18770	18725
18699	18689
18689	18689
18686	18677
18652	18616
18570	18517
18468	18418
18366	18312
18253	18187
18111	18027
17935	17836
17736	17627
17507	17361
17206	17068
16952	16849
16755	16664
16570	16457
16326	16189
16081	16009
15976	16069
16563	17619
19109	19127
19159	19199
19241	19285
19322	19364
19408	19466
19540	19624
19712	19803
19893	19990
20082	20169
20253	20338
20425	20516
20626	20778
20946	21009
20747	19859
18379	17231
17641	19559
21632	22852
23295	23390
23377	23292
23107	22848
22578	22363
22227	22169
22149	22119
22078	22052
22043	21995
21825	21400
20572	19416
18326	17764
17936	18680
19541	20185
20782	21630
22553	23166
23434	23549
23641	23718
23642	23292
22913	23082
23947	24980
25617	25692
25356	24874
24416	24015
23582	23056
22621	22603
23017	23503
23782	23838
23768	23641
23474	23215
22782	22195
21661	21500
21799	22277
22631	22783
22808	22756
22648	22531
22521	22682
22856	22850
22636	22353
22131	22035
22005	21974
21944	21946
21956	21930
21858	21769
21703	21668
21656	21659
21669	21686
21707	21724
21699	21541
21071	20064
18470	16510
14618	13183
12297	11800
11515	11333
11146	10919
10729	10600
10499	10394
10232	10004
9821	9847
10099	10392
10498	10336
9953	9457
9095	9243
10176	11841
13900	15877
17364	18214
18563	18659
18671	18659
18649	18643
18641	18641
18638	18629
18604	18565
18516	18468
18417	18370
18320	18267
18208	18141
18060	17975
17889	17791
17691	17580
17451	17298
17131	16984
16863	16763
16669	16581
16483	16363
16209	16049
15928	15863
15840	15923
16414	17511
19083	19101
19131	19175
19221	19261
19301	19337
19387	19446
19518	19598
19683	19767
19855	19941
20027	20111
20192	20279
20370	20458
20562	20694
20826	20849
20552	19629
18071	16774
17019	18875
21006	22318
22815	22942
22971	22936
22798	22572
22337	22166
22084	22072
22080	22060
22017	21979
21925	21767
21364	20499
19036	17210
15615	14816
15034	16093
17489	18721
19774	20917
22069	22885
23306	23509
23653	23790
23858	23747
23623	23915
24734	25654
26208	26194
25725	25082
24497	23993
23423	22698
22088	22056
22646	23382
23869	24037
23987	23816
23575	23223
22692	22027
21512	21453
21823	22286
22582	22708
22738	22701
22586	22458
22504	22801
23099	23092
22785	22401
22121	21991
21940	21900
21876	21893
21924	21917
21852	21763
21685	21638
21617	21616
21629	21651
21678	21677
21568	21196
20343	18876
16955	14992
13414	12442
11992	11794
11676	11558
11413	11263
11176	11147
11098	10969
10725	10378
10036	9877
9955	10127
10170	10005
9702	9333
8994	8906
9350	10470
12222	14302
16205	17529
18216	18479
18568	18600
18611	18618
18619	18616
18610	18599
18566	18517
18465	18414
18367	18313
18261	18212
18158	18090
18009	17923
17841	17748
17646	17534
17400	17239
17064	16912
16795	16693
16601	16515
16423	16304
16133	15945
15796	15709
15636	15652
16119	17305
19063	19078
19117	19172
19224	19260
19288	19325
19376	19441
19513	19591
19669	19745
19819	19892
19966	20039
20124	20214
20302	20391
20484	20594
20692	20680
20359	19423
17809	16380
16474	18248
20411	21814
22382	22557
22623	22633
22535	22345
22147	22020
21974	21986
21997	21973
21910	21839
21712	21373
20602	19193
17172	14965
13206	12347
12540	13657
15305	16993
18536	20068
21509	22560
23142	23438
23641	23875
24125	24292
24468	24938
25753	26568
26993	26832
26168	25320
24580	23982
23321	22475
21763	21736
22460	23397
24043	24293
24243	24013
23682	23242
22634	21935
21468	21489
21867	22262
22493	22607
22677	22697
22648	22613
22799	23254
23613	23511
23028	22493
22127	21953
21876	21823
21800	21830
21886	21895
21840	21749
21671	21614
21577	21568
21581	21602
21610	21549
21270	20561
19251	17416
15414	13666
12433	11792
11607	11602
11589	11557
11533	11546
11602	11646
11602	11436
11154	10787
10408	10140
10034	10024
9971	9801
9571	9324
9070	8885
8959	9532
10793	12676
14781	16560
17687	18234
18455	18546
18588	18613
18624	18624
18616	18597
18544	18479
18417	18364
18308	18241
18178	18134
18097	18034
17952	17871
17792	17700
17591	17474
17346	17187
17012	16863
16751	16658
16565	16490
16403	16270
16067	15841
15650	15489
15282	15128
15534	16895
18998	19023
19083	19159
19229	19263
19279	19311
19372	19445
19518	19589
19659	19722
19780	19828
19885	19951
20037	20132
20220	20301
20391	20488
20562	20522
20183	19227
17559	16015
15960	17645
19836	21332
21994	22230
22336	22381
22325	22177
22020	21921
21886	21889
21884	21829
21718	21569
21298	20673
19455	17590
15338	13203
11647	10878
10967	11871
13407	15238
17128	19047
20835	22152
22901	23286
23566	23915
24367	24831
25336	26035
26893	27611
27880	27527
26632	25556
24652	23972
23293	22454
21753	21755
22539	23552
24259	24528
24464	24172
23734	23188
22515	21828
21443	21527
21875	22174
22346	22476
22614	22746
22856	23039
23464	24077
24407	24093
23350	22622
22151	21919
21812	21746
21722	21760
21824	21832
21771	21695
21635	21577
21527	21502
21502	21483
21415	21216
20665	19518
17772	15764
13939	12540
11621	11185
11141	11238
11309	11366
11482	11637
11757	11787
11708	11542
11322	11060
10789	10544
10364	10246
10139	9993
9819	9643
9450	9216
9024	9115
9799	11235
13242	15305
16901	17841
18288	18476
18567	18624
18654	18656
18645	18606
18532	18442
18376	18312
18236	18143
18070	18033
18009	17965
17886	17801
17714	17611
17500	17398
17282	17134
16969	16833
16733	16651
16569	16498
16406	16224
15932	15608
15328	15031
14596	14188
14541	16210
18873	18912
18993	19102
19196	19239
19254	19287
19355	19438
19512	19576
19635	19688
19723	19753
19794	19860
19949	20044
20131	20204
20284	20374
20435	20384
20041	19061
17330	15656
15431	17012
19235	20867
21658	21970
22108	22174
22157	22056
21934	21846
21800	21768
21708	21580
21371	21075
20557	19538
17898	15833
13757	12046
10863	10243
10220	10840
12066	13763
15753	17942
20068	21675
22590	23054
23415	23887
24510	25225
26026	26962
27901	28556
28678	28140
27026	25722
24670	23943
23304	22566
21970	22018
22790	23786
24484	24746
24664	24303
23714	22979
22176	21482
21179	21327
21658	21898
22046	22236
22502	22792
23119	23594
24319	25075
25295	24701
23671	22757
22182	21896
21761	21689
21663	21692
21732	21705
21625	21586
21586	21552
21476	21418
21343	21200
20964	20533
19629	18053
16039	14126
12682	11694
11064	10792
10827	10969
11081	11188
11349	11514
11579	11510
11374	11250
11169	11103
11022	10909
10781	10670
10581	10485
10362	10224
10056	9793
9424	9144
9291	10154
11776	13848
15809	17216
18002	18362
18524	18615
18660	18664
18645	18592
18498	18407
18339	18261
18155	18039
17953	17919
17915	17891
17817	17715
17600	17480
17379	17302
17208	17069
16919	16797
16707	16624
16550	16484
16362	16070
15587	15031
14542	14036
13346	12735
13166	15309
18724	18767
18860	18986
19102	19166
19199	19244
19320	19402
19474	19535
19584	19626
19654	19674
19711	19777
19869	19968
20054	20122
20193	20272
20326	20279
19945	18953
17153	15311
14851	16279
18551	20370
21342	21745
21906	21986
22002	21944
21851	21766
21693	21603
21447	21182
20794	20258
19385	17946
16029	14079
12477	11317
10516	10050
9979	10389
11326	12751
14606	16859
19227	21126
22231	22796
23239	23797
24511	25358
26357	27498
28567	29229
29273	28589
27269	25771
24605	23868
23284	22643
22139	22229
23029	24094
24887	25219
25137	24661
23813	22726
21618	20771
20438	20603
20933	21179
21389	21741
22226	22737
23297	24058
25056	25909
25999	25153
23893	22842
22202	21881
21740	21675
21647	21660
21650	21551
21461	21506
21608	21600
21468	21276
21005	20618
20127	19413
18185	16367
14398	12836
11850	11243
10858	10700
10750	10885
11002	11101
11215	11302
11263	11082
10885	10807
10879	11018
11139	11187
11157	11084
11011	10939
10841	10712
10556	10299
9874	9407
9190	9519
10591	12370
14466	16302
17524	18162
18447	18570
18614	18617
18594	18538
18451	18367
18297	18202
18072	17940
17849	17824
17832	17816
17747	17628
17488	17352
17264	17212
17129	16984
16838	16715
16595	16469
16368	16285
16095	15631
14834	13909
13093	12347
11509	10919
11663	14401
18605	18641
18720	18836
18956	19051
19118	19190
19267	19341
19407	19460
19507	19545
19572	19595
19636	19709
19808	19909
19993	20059
20125	20194
20246	20212
19895	18913
17049	15010
14253	15468
17773	19813
20999	21520
21721	21814
21852	21821
21740	21640
21513	21325
21027	20562
19917	19044
17777	16021
14099	12526
11497	10823
10321	9994
9944	10265
11026	12189
13745	15814
18245	20405
21800	22550
23078	23660
24359	25196
26265	27566
28796	29551
29597	28817
27336	25691
24462	23735
23166	22523
22042	22207
23183	24538
25654	26212
26180	25551
24351	22790
21210	20000
19431	19447
19711	19979
20326	20934
21730	22512
23279	24233
25385	26268
26257	25279
23931	22839
22181	21858
21728	21682
21669	21670
21635	21521
21482	21648
21835	21802
21523	21058
20425	19676
18884	17921
16540	14798
13187	12105
11516	11176
10924	10761
10718	10778
10878	10962
11041	11102
11037	10810
10572	10517
10685	10966
11230	11389
11420	11350
11245	11151
11043	10904
10742	10517
10147	9694
9343	9308
9825	11100
13041	15143
16821	17831
18303	18484
18539	18543
18524	18481
18409	18325
18235	18116
17972	17841
17762	17738
17747	17731
17663	17548
17399	17252
17160	17115
17026	16865
16688	16512
16278	16021
15828	15677
15356	14645
13517	12240
11144	10261
9485	9163
10367	13675
18488	18528
18600	18704
18822	18937
19042	19131
19206	19272
19325	19372
19418	19458
19489	19519
19571	19653
19756	19859
19946	20015
20081	20147
20196	20166
19873	18920
17030	14818
13749	14708
17012	19252
20653	21301
21563	21684
21731	21684
21557	21370
21129	20805
20341	19666
18744	17526
15949	14119
12474	11404
10851	10490
10165	9930
9915	10233
10927	11886
13071	14743
17008	19358
21143	22220
22890	23469
24085	24816
25851	27241
28615	29493
29588	28779
27217	25507
24274	23569
22982	22289
21815	22121
23377	25125
26656	27502
27527	26751
25269	23340
21358	19762
18853	18590
18683	18924
19379	20182
21201	22167
23050	24045
25159	25970
25929	24994
23735	22718
22104	21807
21698	21678
21691	21728
21755	21769
21903	22204
22380	22184
21636	20795
19690	18496
17383	16276
14990	13614
12501	11842
11522	11315
11079	10793
10560	10484
10540	10633
10756	10902
10948	10799
10594	10556
10748	11056
11335	11503
11529	11445
11328	11235
11140	11000
10812	10587
10301	9960
9644	9444
9524	10210
11725	13833
15863	17272
18008	18305
18393	18406
18413	18407
18352	18257
18132	17994
17849	17726
17657	17638
17630	17590
17505	17380
17224	17050
16919	16860
16782	16614
16371	16054
15603	15103
14732	14435
13919	12973
11658	10287
9174	8368
7815	7845
9454	13134
18234	18330
18468	18606
18732	18855
18972	19069
19142	19198
19248	19292
19335	19375
19414	19453
19514	19603
19713	19820
19909	19980
20051	20122
20161	20125
19854	18954
17106	14802
13473	14179
16427	18796
20359	21121
21455	21599
21608	21465
21182	20819
20408	19950
19370	18546
17409	15955
14280	12643
11431	10812
10556	10338
10063	9835
9821	10153
10837	11662
12494	13664
15552	17928
20102	21628
22571	23219
23762	24346
25266	26642
28091	29048
29199	28428
26906	25254
24092	23443
22881	22213
21827	22304
23762	25728
27486	28477
28495	27614
26045	24047
21983	20280
19215	18768
18722	18903
19337	20074
20991	21888
22715	23562
24431	25067
25062	24348
23336	22495
21976	21718
21630	21634
21684	21810
22028	22346
22789	23205
23224	22705
21800	20569
18990	17305
15868	14734
13742	12843
12151	11730
11521	11375
11132	10741
10355	10161
10160	10271
10476	10770
11016	11062
10977	10977
11136	11362
11529	11589
11548	11463
11404	11394
11371	11259
11055	10809
10556	10321
10100	9847
9591	9675
10593	12428
14596	16339
17349	17780
17901	17931
17998	18080
18099	18037
17921	17778
17638	17542
17503	17486
17433	17302
17110	16901
16685	16453
16253	16158
16098	15929
15597	15093
14385	13612
13013	12534
11851	10815
9589	8461
7614	7046
6738	7023
8822	12581
17612	17868
18209	18491
18673	18791
18895	18984
19061	19124
19180	19225
19271	19315
19357	19396
19462	19562
19679	19790
19878	19952
20019	20087
20111	20063
19819	19008
17265	14961
13460	13929
16063	18471
20126	20970
21357	21498
21413	21081
20559	19963
19393	18863
18237	17331
16061	14536
12987	11702
10913	10612
10511	10335
10026	9732
9676	10010
10690	11421
11985	12687
14083	16247
18645	20649
22036	22904
23425	23832
24548	25815
27251	28228
28422	27751
26396	24929
23923	23397
22946	22430
22232	22832
24278	26154
27845	28779
28711	27794
26323	24532
22692	21176
20242	19859
19822	19971
20272	20725
21272	21864
22455	22979
23444	23831
23909	23513
22840	22222
21812	21597
21525	21541
21642	21887
22372	23106
23929	24425
24186	23256
21975	20401
18407	16260
14530	13470
12834	12310
11806	11399
11174	11079
10936	10642
10313	10115
10088	10190
10444	10857
11277	11508
11549	11577
11687	11804
11827	11741
11609	11511
11519	11610
11667	11603
11424	11200
10991	10839
10703	10390
9798	9281
9543	10934
12999	14879
16049	16522
16615	16665
16836	17083
17281	17363
17328	17213
17099	17067
17114	17134
17003	16681
16241	15823
15480	15164
14881	14718
14634	14435
14028	13411
12566	11640
10897	10311
9615	8722
7808	7073
6573	6249
6107	6493
8252	11795
16468	16998
17695	18254
18558	18699
18791	18873
18960	19046
19121	19173
19224	19276
19315	19353
19419	19523
19648	19765
19861	19935
19995	20038
20044	19997
19793	19083
17474	15223
13596	13837
15809	18192
19907	20815
21227	21314
21068	20504
19739	18968
18340	17817
17181	16193
14844	13377
12079	11151
10676	10560
10544	10371
9998	9623
9516	9835
10483	11132
11532	11907
12816	14575
16935	19324
21250	22484
23038	23226
23687	24808
26188	27139
27354	26823
25726	24547
23770	23404
23116	22806
22797	23423
24669	26238
27667	28434
28315	27501
26285	24810
23256	21987
21278	21066
21121	21285
21487	21707
21943	22218
22471	22547
22520	22625
22790	22716
22368	21961
21647	21463
21402	21433
21569	21921
22649	23761
24905	25452
24981	23701
22100	20239
17906	15389
13467	12522
12159	11803
11270	10732
10416	10384
10481	10533
10513	10469
10428	10447
10649	11082
11579	11863
11890	11869
11934	12032
12042	11921
11725	11579
11586	11695
11758	11698
11564	11419
11307	11276
11221	10813
9872	8824
8515	9420
11165	12901
13995	14368
14376	14430
14709	15134
15547	15824
15918	15870
15817	15908
16116	16237
16050	15487
14713	14014
13513	13130
12792	12547
12384	12145
11737	11165
10407	9570
8873	8336
7792	7187
6626	6210
5935	5749
5689	6073
7634	10739
14954	15788
16894	17792
18284	18496
18604	18695
18795	18916
19032	19115
19184	19251
19290	19321
19387	19495
19627	19751
19856	19932
19976	19988
19980	19948
19795	19177
17677	15475
13734	13730
15498	17843
19635	20622
21027	20999
20561	19784
18867	18062
17492	17038
16396	15345
13986	12665
11614	10913
10590	10565
10590	10413
10005	9580
9437	9713
10280	10824
11126	11317
11859	13160
15278	17858
20274	21916
22551	22562
22814	23826
25126	25972
26156	25790
25028	24208
23698	23491
23323	23143
23219	23761
24731	25933
27050	27673
27632	27106
26274	25110
23734	22575
21972	21866
21994	22199
22437	22686
22898	23010
22889	22427
21883	21719
21939	22115
22016	21759
21512	21359
21305	21343
21494	21893
22737	24020
25307	25870
25296	23865
22104	20055
17494	14769
12797	11964
11723	11382
10759	10082
9665	9656
9980	10434
10824	10995
10917	10758
10812	11217
11730	11940
11774	11576
11625	11873
12093	12108
11904	11654
11552	11589
11581	11441
11254	11107
11073	11187
11236	10785
9636	8300
7643	8120
9404	10743
11549	11748
11678	11722
12025	12503
12998	13378
13567	13590
13625	13845
14220	14486
14326	13619
12614	11716
11123	10730
10393	10109
9879	9636
9320	8925
8415	7842
7340	6965
6632	6304
6001	5746
5544	5397
5360	5695
7010	9627
13355	14365
15753	16944
17668	18020
18200	18330
18476	18660
18856	19011
19127	19207
19250	19288
19362	19477
19608	19740
19857	19935
19960	19946
19932	19927
19825	19274
17854	15681
13824	13568
15117	17419
19313	20381
20742	20547
19908	19003
18080	17374
16945	16598
16010	15027
13840	12747
11845	11161
10792	10739
10767	10611
10240	9846
9673	9845
10250	10641
10845	10952
11298	12259
14064	16625
19318	21274
22025	21978
22167	23140
24308	24935
25027	24836
24457	24056
23849	23779
23624	23409
23405	23778
24474	25350
26192	26739
26908	26816
26435	25540
24210	22997
22356	22243
22400	22682
23090	23609
24056	24136
23628	22593
21561	21165
21408	21739
21786	21624
21435	21306
21257	21285
21419	21787
22575	23771
24958	25480
24970	23657
21972	19933
17354	14679
12832	12114
11908	11536
10825	10017
9471	9392
9761	10418
11093	11453
11342	11021
10968	11416
12009	12136
11701	11247
11288	11811
12400	12641
12420	12011
11757	11698
11592	11262
10787	10364
10191	10321
10468	10109
9061	7813
7115	7298
8090	8929
9398	9461
9373	9397
9613	9964
10338	10643
10821	10883
10976	11250
11684	12033
11955	11308
10326	9452
8902	8576
8313	8060
7829	7624
7433	7235
6977	6669
6393	6189
6034	5885
5704	5489
5277	5120
5074	5354
6459	8666
11723	12688
14094	15447
16407	16968
17288	17524
17786	18134
18509	18814
19011	19121
19176	19239
19334	19456
19589	19723
19846	19924
19939	19911
19891	19914
19847	19348
18001	15869
13911	13407
14721	16962
18938	20045
20302	19924
19152	18245
17449	16923
16658	16469
16080	15427
14676	13920
13058	12162
11549	11349
11337	11237
10987	10696
10516	10541
10716	10894
10976	11048
11352	12165
13716	16046
18671	20679
21484	21480
21744	22727
23717	24081
24073	24089
24124	24182
24319	24360
24099	23677
23457	23624
24083	24690
25312	25831
26245	26591
26619	25934
24598	23273
22523	22359
22522	22900
23545	24423
25178	25275
24411	22857
21425	20856
21109	21515
21632	21525
21379	21263
21186	21163
21244	21539
22163	23077
23991	24432
24104	23119
21749	19978
17705	15405
13905	13380
13225	12796
11907	10838
10080	9870
10124	10728
11493	12016
12029	11770
11788	12362
13074	13184
12544	11844
11832	12594
13536	13973
13716	13169
12814	12704
12489	11849
10830	9776
9089	8954
9083	8911
8231	7413
6956	7012
7405	7811
8011	8002
7936	7938
8036	8195
8352	8473
8537	8570
8657	8885
9235	9537
9522	9054
8315	7660
7272	7076
6918	6732
6548	6403
6304	6223
6119	5987
5872	5802
5762	5690
5539	5306
5057	4877
4824	5057
5980	7798
9936	10684
11884	13207
14307	15052
15515	15909
16420	17108
17840	18423
18767	18944
19049	19161
19293	19427
19559	19694
19815	19897
19906	19871
19852	19883
19837	19389
18134	16065
14028	13275
14336	16480
18467	19533
19651	19137
18352	17581
16991	16657
16551	16549
16516	16449
16373	16047
15164	13941
12993	12591
12497	12419
12283	12121
11973	11891
11872	11851
11783	11784
12104	12926
14304	16244
18419	20109
20786	20804
21151	22148
23007	23225
23259	23549
24011	24531
25010	25143
24713	24002
23520	23482
23742	24127
24556	25033
25600	26214
26497	25972
24685	23332
22537	22341
22513	22971
23790	24910
25865	25968
24872	22987
21304	20636
20893	21337
21493	21411
21266	21107
20928	20784
20774	20984
21432	22039
22649	23021
22938	22379
21463	20165
18469	16801
15822	15610
15572	15065
13866	12394
11382	11109
11291	11745
12463	13156
13497	13576
13808	14452
15163	15236
14480	13586
13449	14287
15434	16019
15809	15277
14935	14800
14424	13371
11676	9806
8353	7682
7626	7635
7402	7124
7023	7082
7210	7309
7330	7277
7226	7227
7263	7296
7285	7226
7150	7098
7127	7267
7486	7669
7661	7370
6906	6511
6313	6237
6167	6041
5902	5802
5745	5702
5654	5609
5589	5603
5619	5562
5388	5119
4849	4664
4621	4817
5528	6884
8114	8622
9528	10656
11694	12438
12944	13479
14304	15450
16664	17612
18197	18553
18816	19041
19231	19384
19522	19654
19773	19854
19867	19828
19808	19835
19803	19409
18267	16284
14162	13141
13922	15930
17866	18835
18813	18261
17598	17052
16691	16523
16536	16719
17075	17641
18253	18343
17450	15973
14786	14235
14029	13881
13755	13653
13553	13462
13387	13262
13041	12892
13176	14037
15308	16810
18332	19463
19830	19738
20050	21010
21849	22148
22425	23079
23954	24872
25637	25831
25253	24304
23617	23427
23546	23753
24003	24365
24900	25525
25861	25456
24340	23133
22425	22271
22461	22932
23757	24852
25775	25846
24710	22776
21063	20394
20670	21146
21317	21203
20985	20702
20354	20034
19905	20032
20344	20714
21096	21445
21611	21461
21000	20230
19172	18165
17720	17861
17998	17454
15994	14190
13042	12879
13171	13561
14176	14991
15694	16148
16556	17110
17604	17532
16702	15658
15330	16084
17295	18036
18033	17693
17448	17244
16625	15152
12878	10334
8206	7013
6744	6855
6934	7008
7148	7250
7239	7149
7040	6946
6899	6912
6943	6930
6836	6669
6488	6356
6323	6396
6520	6608
6576	6392
6129	5921
5849	5851
5824	5731
5621	5548
5496	5448
5401	5385
5409	5455
5471	5393
5195	4918
4665	4514
4503	4666
5143	6000
6627	6981
7661	8544
9354	9910
10317	10894
11905	13345
14875	16105
16983	17695
18321	18814
19140	19335
19476	19605
19726	19807
19825	19787
19759	19780
19759	19423
18400	16514
14313	13020
13499	15325
17166	18029
17931	17439
16974	16663
16499	16452
16540	16837
17446	18411
19436	19768
18919	17412
16216	15644
15353	15078
14854	14723
14644	14599
14573	14449
14126	13795
13944	14788
15998	17178
18153	18749
18768	18468
18603	19430
20293	20814
21439	22484
23717	24910
25826	26052
25430	24415
23658	23404
23449	23535
23627	23815
24164	24583
24799	24484
23635	22717
22212	22158
22364	22768
23402	24188
24822	24801
23804	22105
20601	20063
20397	20883
21010	20796
20434	20000
19495	19042
18815	18860
19054	19251
19475	19804
20142	20297
20192	19848
19302	18807
18773	19210
19530	19059
17589	15752
14670	14735
15277	15734
16268	17077
17928	18538
18938	19274
19455	19174
18260	17098
16555	17121
18302	19205
19498	19435
19292	18979
18093	16289
13685	10826
8424	7056
6755	6918
7018	7074
7224	7352
7306	7129
6930	6777
6713	6732
6769	6745
6621	6419
6207	6055
6001	6031
6091	6113
6049	5920
5770	5667
5652	5679
5668	5594
5502	5437
5385	5325
5271	5255
5271	5290
5266	5155
4960	4725
4539	4461
4504	4643
4917	5351
5663	6005
6647	7425
8028	8326
8544	9004
9906	11210
12620	13852
14979	16187
17411	18384
18965	19246
19403	19537
19660	19749
19778	19751
19721	19734
19717	19442
18538	16752
14502	12978
13159	14752
16449	17240
17176	16826
16549	16405
16356	16381
16518	16854
17514	18514
19519	19843
19099	17810
16833	16375
16067	15697
15378	15192
15093	15071
15096	15005
14631	14146
14131	14902
16081	17125
17833	18124
17891	17369
17262	17888
18729	19419
20313	21646
23127	24440
25359	25597
25080	24209
23537	23302
23333	23374
23358	23372
23481	23621
23655	23384
22788	22164
21871	21923
22132	22402
22714	23023
23219	23068
22297	21006
19870	19560
19985	20453
20481	20116
19613	19090
18565	18115
17870	17854
17925	17964
18049	18323
18727	19029
19118	19016
18776	18598
18834	19461
19942	19677
18473	16888
15996	16262
17035	17623
18114	18807
19553	20062
20314	20416
20342	19905
18925	17647
16851	17137
18183	19194
19765	19988
19967	19548
18406	16377
13688	10901
8673	7539
7448	7641
7506	7229
7189	7305
7301	7113
6863	6658
6561	6564
6592	6558
6430	6256
6103	6000
5955	5951
5942	5896
5815	5716
5629	5575
5562	5574
5565	5511
5433	5378
5333	5278
5218	5182
5157	5113
5028	4896
4734	4582
4498	4510
4600	4724
4852	4989
5181	5639
6470	7402
7982	8083
8028	8184
8688	9483
10390	11343
12568	14248
16139	17697
18617	19035
19238	19397
19536	19644
19694	19692
19674	19681
19676	19460
18665	16981
14727	13036
12940	14267
15792	16570
16633	16465
16330	16257
16235	16288
16457	16794
17364	18129
18811	18943
18329	17404
16769	16497
16239	15857
15503	15281
15161	15133
15159	15062
14654	14070
13925	14609
15774	16816
17471	17663
17293	16598
16281	16719
17480	18193
19165	20605
22176	23470
24302	24568
24284	23706
23222	23051
23107	23154
23095	22999
22921	22832
22686	22398
21930	21483
21322	21431
21612	21726
21723	21583
21382	21115
20567	19672
18907	18821
19318	19747
19680	19217
18665	18184
17784	17474
17305	17259
17219	17122
17089	17291
17676	18008
18146	18110
17971	17923
18266	18984
19591	19583
18766	17555
16884	17265
18161	18857
19333	19867
20400	20720
20811	20754
20546	20036
19015	17594
16483	16390
17197	18213
19001	19514
19680	19208
17843	15658
13067	10600
8794	8087
8310	8525
8083	7381
7071	7127
7163	7010
6759	6533
6413	6395
6405	6353
6240	6129
6068	6042
6023	5985
5920	5833
5743	5667
5609	5560
5522	5500
5481	5442
5378	5329
5298	5262
5210	5147
5064	4955
4827	4703
4601	4544
4554	4634
4751	4847
4884	4863
5169	5794
6931	8206
8971	8978
8603	8323
8319	8529
8838	9355
10463	12378
14714	16728
17952	18520
18805	19026
19211	19344
19431	19478
19504	19536
19554	19391
18696	17117
14894	13095
12760	13827
15222	16058
16302	16304
16257	16197
16158	16206
16385	16703
17141	17601
17892	17792
17282	16695
16378	16287
16108	15757
15405	15168
15018	14956
14939	14817
14403	13820
13622	14245
15389	16465
17153	17329
16882	16064
15607	15931
16603	17231
18115	19492
21011	22206
22931	23252
23248	23005
22724	22625
22711	22798
22753	22614
22424	22184
21890	21517
21041	20627
20493	20605
20738	20733
20518	20115
19700	19403
19026	18400
17863	17897
18405	18794
18718	18295
17827	17471
17245	17115
17046	16994
16882	16692
16578	16728
17090	17412
17542	17483
17314	17231
17516	18184
18842	19041
18565	17707
17259	17721
18665	19404
19858	20256
20610	20797
20802	20673
20414	19891
18840	17266
15832	15353
15885	16829
17747	18534
18934	18492
17019	14825
12444	10327
8898	8540
8991	9213
8531	7493
6935	6896
6947	6854
6655	6452
6334	6303
6285	6213
6113	6059
6067	6093
6101	6065
5987	5892
5809	5751
5699	5642
5578	5519
5485	5446
5387	5339
5317	5303
5262	5177
5050	4910
4787	4707
4668	4678
4735	4826
4921	4981
5001	5003
5744	6459
7789	9338
10337	10367
9753	9085
8675	8456
8281	8327
9105	10873
13237	15372
16736	17431
17839	18171
18434	18608
18734	18855
18972	19083
19152	19051
18444	16989
14858	13023
12510	13387
14735	15694
16122	16264
16276	16220
16158	16182
16347	16632
16944	17161
17148	16849
16363	15944
15801	15817
15698	15383
15043	14773
14551	14392
14302	14194
13905	13480
13361	13964
15106	16211
16930	17092
16581	15673
15145	15418
16029	16537
17255	18474
19862	20921
21541	21894
22100	22119
22003	21962
22071	22193
22178	22034
21790	21451
21040	20561
20021	19580
19438	19546
19657	19603
19314	18842
18402	18156
17897	17402
16958	17006
17470	17839
17820	17535
17217	17004
16909	16895
16890	16837
16680	16437
16278	16410
16776	17106
17239	17161
16932	16738
16878	17401
17997	18263
17987	17382
17126	17661
18599	19324
19745	20058
20312	20434
20402	20239
19973	19485
18458	16809
15174	14442
14761	15578
16528	17503
18122	17816
16490	14546
12436	10496
9177	8914
9426	9603
8782	7581
6903	6826
6919	6912
6796	6649
6545	6494
6443	6349
6256	6221
6243	6281
6309	6305
6253	6178
6117	6070
6031	5976
5905	5833
5778	5721
5653	5591
5569	5571
5539	5438
5294	5170
5104	5090
5099	5115
5141	5177
5213	5254
5356	5566
6934	7598
8857	10377
11445	11562
10924	10119
9523	9081
8592	8250
8585	9888
11839	13714
15008	15759
16289	16753
17102	17314
17474	17670
17911	18140
18300	18273
17774	16505
14573	12803
12208	12986
14358	15460
16050	16293
16357	16323
16254	16254
16389	16628
16847	16899
16676	16196
15593	15104
14905	14895
14798	14539
14231	13920
13568	13253
13100	13129
13173	13102
13173	13812
14962	16114
16864	16996
16414	15432
14867	15131
15709	16121
16685	17732
18948	19844
20322	20619
20879	21003
20975	20964
21084	21231
21245	21103
20830	20444
19976	19465
18917	18501
18389	18522
18655	18615
18344	17904
17520	17347
17170	16745
16337	16372
16790	17133
17153	16969
16783	16684
16670	16699
16716	16656
16471	16196
16025	16164
16545	16899
17056	16983
16713	16432
16443	16829
17307	17516
17275	16772
16603	17136
17996	18649
19037	19327
19545	19625
19541	19331
19067	18658
17752	16183
14544	13749
13980	14711
15616	16645
17391	17339
16456	15027
13197	11195
9671	9229
9595	9660
8814	7691
7154	7244
7485	7598
7572	7482
7391	7314
7224	7106
7008	6959
6946	6963
7002	7035
7023	6972
6931	6916
6912	6885
6835	6758
6674	6581
6483	6407
6379	6387
6359	6258
6129	6057
6066	6108
6118	6081
6021	5965
5935	5978
6206	6683
8560	9081
10055	11248
12138	12311
11848	11182
10624	10123
9526	9000
8982	9722
11021	12382
13418	14126
14697	15216
15600	15823
15999	16236
16550	16869
17111	17158
16799	15770
14120	12523
11945	12687
14097	15309
16006	16317
16432	16431
16380	16374
16484	16677
16831	16777
16408	15729
14869	14077
13597	13429
13345	13203
12996	12668
12189	11745
11629	11960
12472	12816
13088	13762
14932	16134
16909	17009
16361	15331
14754	15035
15621	16000
16476	17386
18419	19107
19385	19522
19681	19772
19737	19723
19840	19997
20033	19898
19628	19249
18816	18377
17935	17621
17581	17758
17933	17933
17699	17302
16962	16828
16695	16326
15966	16018
16407	16700
16666	16463
16339	16353
16427	16490
16510	16453
16252	15965
15803	15959
16339	16701
16881	16823
16535	16208
16156	16468
16849	16965
16655	16117
15888	16281
16947	17470
17856	18208
18460	18517
18351	18048
17750	17423
16687	15304
13794	13060
13346	14130
15020	15951
16694	16954
16716	15947
14404	12243
10348	9517
9543	9432
8683	7907
7832	8344
8877	9149
9207	9159
9072	8966
8842	8711
8594	8497
8407	8356
8390	8469
8500	8475
8450	8473
8509	8522
8484	8400
8284	8152
8024	7933
7901	7902
7872	7787
7700	7688
7749	7801
7776	7675
7533	7402
7325	7372
7671	8288
10243	10599
11235	11998
12577	12739
12497	12086
11696	11293
10799	10336
10175	10482
11179	12001
12708	13262
13754	14201
14524	14710
14867	15087
15379	15686
15938	16030
15794	14994
13629	12241
11719	12444
13856	15105
15838	16183
16326	16363
16350	16361
16459	16618
16730	16627
16172	15329
14195	13035
12214	11858
11809	11852
11827	11584
11091	10636
10655	11313
12213	12796
13113	13736
14880	16102
16893	16970
16289	15247
14683	14999
15639	16068
16539	17350
18193	18650
18707	18657
18671	18673
18600	18556
18653	18800
18838	18715
18468	18144
17809	17503
17213	17013
17037	17250
17460	17498
17295	16910
16570	16427
16309	15988
15686	15781
16176	16406
16234	15897
15757	15892
16100	16231
16281	16236
16045	15757
15594	15725
16059	16402
16616	16592
16291	15921
15841	16129
16483	16539
16153	15523
15154	15308
15690	16033
16430	16927
17317	17419
17201	16775
16383	16078
15488	14280
12876	12179
12557	13532
14496	15260
15876	16425
16859	16748
15529	13343
11181	9919
9483	9135
8544	8251
8788	9847
10752	11211
11339	11310
11215	11090
10954	10814
10666	10481
10271	10129
10151	10285
10382	10374
10344	10361
10401	10420
10386	10297
10159	10008
9869	9780
9738	9720
9683	9625
9591	9614
9672	9691
9627	9497
9335	9186
9091	9119
9396	9974
11552	11757
12102	12491
12792	12904
12814	12616
12415	12204
11932	11657
11516	11607
11920	12355
12779	13145
13479	13777
13982	14106
14225	14389
14591	14809
15009	15100
14929	14294
13147	11933
11460	12141
13499	14709
15418	15752
15908	15980
16007	16047
16139	16274
16377	16291
15854	14970
13713	12391
11419	10992
10984	11177
11348	11281
10934	10594
10719	11496
12458	12985
13147	13615
14669	15867
16643	16719
16052	15043
14509	14866
15571	16081
16591	17353
18046	18295
18164	17968
17887	17847
17763	17707
17769	17881
17902	17781
17561	17294
17048	16858
16688	16575
16631	16847
17076	17140
16960	16579
16220	16048
15918	15618
15361	15523
15985	16209
15901	15355
15110	15327
15692	15933
16042	16027
15831	15526
15319	15346
15562	15874
16166	16201
15856	15393
15261	15564
15952	16009
15583	14884
14389	14313
14412	14559
14953	15613
16236	16503
16297	15747
15214	14877
14375	13280
11890	11106
11456	12587
13703	14394
14910	15677
16656	17095
16246	14242
12030	10435
9543	8941
8455	8545
9569	11087
12324	12956
13139	13111
12999	12866
12738	12598
12401	12112
11770	11536
11554	11750
11906	11910
11847	11809
11805	11790
11744	11654
11531	11398
11288	11208
11159	11114
11072	11042
11038	11060
11072	11044
10967	10856
10732	10614
10525	10522
10716	11178
12246	12325
12454	12600
12730	12803
12791	12721
12652	12596
12515	12412
12344	12364
12498	12714
12953	13158
13349	13523
13641	13719
13804	13909
14030	14170
14310	14380
14236	13697
12700	11606
11149	11760
13032	14173
14827	15136
15294	15385
15448	15514
15609	15729
15838	15822
15494	14717
13563	12377
11551	11202
11191	11379
11620	11712
11573	11375
11482	12082
12809	13117
13079	13371
14309	15443
16202	16287
15674	14725
14229	14579
15290	15838
16406	17186
17820	17952
17698	17411
17276	17230
17170	17122
17167	17249
17256	17138
16936	16692
16485	16351
16251	16192
16259	16464
16690	16772
16608	16238
15870	15681
15546	15257
15037	15281
15874	16190
15801	15017
14589	14825
15329	15692
15864	15856
15634	15287
15005	14878
14925	15197
15592	15683
15215	14549
14297	14610
15075	15187
14757	14034
13474	13227
13116	13120
13487	14280
15185	15704
15540	14840
14117	13692
13233	12213
10827	9918
10120	11267
12570	13431
14039	14977
16278	17102
16579	14807
12639	10833
9612	8802
8336	8593
9848	11618
13075	13847
14074	14034
13906	13780
13673	13534
13289	12911
12476	12190
12214	12447
12624	12618
12517	12434
12378	12322
12255	12174
12082	11994
11913	11848
11786	11729
11684	11662
11659	11651
11618	11568
11502	11436
11369	11294
11211	11159
11246	11613
12406	12402
12403	12428
12491	12569
12609	12602
12589	12596
12607	12600
12586	12597
12660	12775
12901	13003
13108	13218
13304	13362
13420	13493
13578	13690
13810	13865
13735	13254
12355	11329
10867	11413
12607	13685
14295	14584
14746	14853
14940	15032
15127	15239
15369	15432
15239	14632
13691	12791
12266	12070
12005	12057
12217	12327
12289	12166
12160	12465
12904	13043
12910	13109
13951	15028
15762	15876
15325	14438
13942	14225
14857	15392
16019	16886
17572	17686
17367	17008
16823	16767
16724	16690
16731	16821
16844	16747
16551	16304
16089	15968
15908	15885
15960	16150
16359	16443
16294	15942
15582	15402
15279	15008
14818	15144
15884	16317
15880	14873
14256	14492
15124	15605
15817	15782
15502	15118
14784	14528
14401	14630
15118	15232
14566	13592
13136	13421
13963	14154
13767	13071
12492	12124
11871	11802
12157	13051
14215	14977
14823	13916
12957	12413
11959	11013
9698	8762
8833	9922
11410	12625
13516	14597
16014	17005
16665	15014
12843	10921
9546	8637
8147	8416
9713	11580
13163	14032
14296	14255
14121	14008
13926	13791
13516	13089
12618	12331
12368	12604
12759	12723
12604	12506
12431	12348
12259	12179
12112	12052
11996	11930
11862	11804
11761	11734
11704	11661
11608	11560
11523	11493
11462	11407
11319	11174
11064	11341
12349	12306
12253	12239
12293	12391
12466	12492
12488	12497
12532	12565
12575	12585
12625	12700
12767	12814
12876	12970
13050	13098
13141	13200
13283	13401
13525	13585
13457	13007
12153	11162
10689	11193
12346	13395
13984	14264
14430	14551
14657	14761
14858	14967
15111	15228
15134	14649
13875	13209
12920	12840
12722	12643
12684	12727
12673	12542
12430	12526
12795	12890
12763	12935
13731	14775
15500	15631
15125	14276
13762	13962
14494	14993
15673	16637
17411	17555
17213	16801
16566	16488
16445	16414
16463	16572
16628	16557
16363	16099
15866	15742
15699	15706
15790	15968
16164	16242
16103	15764
15421	15253
15144	14892
14724	15099
15932	16440
15962	14810
14068	14319
15056	15624
15860	15785
15453	15046
14704	14371
14135	14331
14874	14987
14144	12906
12257	12482
13070	13332
13002	12358
11781	11331
10985	10890
11253	12224
13560	14471
14284	13183
12029	11383
10916	10032
8812	7931
7964	9003
10619	12145
13315	14493
15906	16915
16627	14987
12778	10811
9418	8498
7988	8221
9494	11387
13032	13959
14258	14223
14091	13991
13925	13795
13504	13060
12594	12326
12384	12607
12725	12658
12536	12444
12369	12272
12173	12086
12022	11973
11921	11853
11783	11729
11696	11657
11602	11535
11479	11446
11431	11417
11392	11341
11231	10843
9375	5840
