11109	11120
11136	11156
11181	11211
11237	11227
11103	10754
10135	9394
8817	8634
8815	9016
8765	7882
6732	5928
5736	5920
6087	6015
5713	5333
5072	5096
5525	6402
7666	9057
10185	10820
11046	11067
11022	10954
10872	10782
10692	10613
10545	10497
10466	10447
10432	10418
10412	10455
10593	10827
11174	11183
11198	11218
11245	11276
11298	11274
11120	10751
10201	9677
9404	9433
9585	9517
8944	7941
6992	6588
6745	7035
7045	6676
6108	5605
5368	5482
5963	6815
7985	9260
10300	10895
11110	11130
11082	11013
10934	10845
10761	10684
10619	10570
10539	10519
10502	10486
10481	10522
10661	10902
11264	11271
11286	11306
11334	11362
11382	11353
11203	10882
10483	10212
10194	10318
10305	9870
8954	7884
7235	7334
7933	8435
8395	7799
6948	6224
5885	6003
6532	7405
8518	9653
10541	11036
11208	11215
11164	11094
11016	10936
10858	10786
10723	10675
10641	10620
10600	10582
10574	10614
10755	10999
11369	11375
11388	11408
11432	11460
11477	11460
11358	11155
10939	10857
10930	10980
10715	9943
8788	7759
7438	7981
8957	9689
9752	9157
8206	7294
6751	6722
7199	8077
9154	10156
10863	11220
11323	11307
11250	11182
11111	11040
10969	10902
10841	10793
10757	10731
10708	10687
10679	10720
10861	11108
11477	11484
11496	11514
11537	11559
11576	11579
11545	11467
11396	11398
11446	11359
10885	9903
8662	7759
7717	8537
9703	10570
10792	10390
9589	8689
8002	7758
8050	8805
9774	10631
11167	11393
11434	11394
11334	11271
11208	11147
11083	11017
10959	10910
10873	10843
10818	10795
10787	10827
10970	11217
11588	11593
11606	11625
11646	11665
11682	11702
11716	11719
11726	11751
11749	11578
11020	9993
8795	8040
8165	9076
10244	11111
11434	11264
10756	10076
9440	9072
9135	9636
10371	11025
11405	11534
11528	11478
11419	11363
11310	11256
11193	11128
11068	11018
10979	10948
10923	10900
10893	10935
11078	11326
11700	11708
11723	11742
11760	11778
11797	11825
11858	11893
11924	11950
11931	11755
11234	10296
9222	8581
8752	9612
10667	11447
11788	11776
11532	11141
10706	10373
10294	10526
10960	11366
11590	11644
11613	11560
11508	11460
11414	11362
11302	11235
11173	11122
11082	11051
11024	11004
10998	11041
11186	11436
11814	11824
11839	11857
11877	11896
11918	11948
11984	12021
12053	12076
12064	11928
11511	10731
9806	9229
9361	10109
11025	11690
11996	12047
11958	11785
11560	11350
11242	11298
11475	11656
11745	11744
11700	11650
11604	11562
11517	11469
11409	11344
11283	11233
11191	11158
11132	11111
11104	11147
11292	11544
11931	11942
11958	11976
11996	12017
12042	12073
12103	12131
12157	12180
12181	12094
11789	11167
10370	9824
9902	10550
11341	11898
12149	12205
12179	12112
12014	11907
11825	11801
11831	11869
11871	11839
11790	11747
11707	11669
11626	11573
11514	11455
11399	11348
11306	11272
11245	11221
11213	11253
11402	11660
12055	12064
12079	12095
12115	12138
12165	12194
12218	12239
12261	12284
12295	12242
12017	11508
10806	10296
10357	10945
11638	12099
12290	12328
12314	12282
12237	12177
12116	12069
12038	12012
11977	11933
11889	11848
11812	11775
11730	11676
11619	11565
11515	11467
11425	11390
11359	11335
11323	11364
11515	11779
12184	12191
12203	12219
12238	12262
12289	12313
12333	12351
12371	12396
12411	12372
12177	11718
11078	10637
10745	11313
11921	12291
12428	12448
12429	12402
12368	12323
12269	12212
12163	12118
12074	12030
11986	11949
11913	11874
11828	11777
11724	11675
11629	11584
11543	11506
11473	11445
11433	11476
11631	11902
12318	12325
12335	12351
12367	12391
12415	12435
12451	12470
12493	12520
12532	12483
12271	11804
11206	10870
11081	11656
12187	12475
12568	12571
12549	12520
12485	12438
12380	12324
12270	12223
12177	12133
12089	12048
12009	11970
11925	11878
11830	11783
11738	11697
11656	11619
11584	11552
11538	11581
11744	12025
12457	12464
12473	12486
12502	12522
12542	12561
12578	12598
12624	12652
12656	12582
12321	11810
11243	11037
11371	11960
12422	12641
12703	12696
12671	12638
12600	12552
12494	12435
12381	12333
12288	12245
12198	12153
12109	12068
12028	11984
11938	11893
11848	11805
11766	11728
11691	11656
11637	11677
11842	12140
12593	12599
12607	12618
12632	12649
12666	12684
12702	12727
12756	12781
12774	12667
12347	11784
11249	11168
11613	12211
12616	12785
12820	12809
12780	12746
12706	12658
12603	12546
12495	12449
12404	12358
12310	12261
12214	12172
12131	12089
12044	11997
11952	11909
11869	11831
11789	11748
11721	11751
11911	12225
12708	12712
12717	12726
12738	12753
12767	12786
12808	12835
12866	12889
12874	12740
12365	11757
11251	11270
11796	12398
12764	12897
12917	12897
12867	12832
12792	12744
12693	12642
12594	12550
12506	12460
12410	12357
12308	12264
12222	12181
12135	12086
12040	11997
11957	11915
11870	11822
11781	11786
11917	12241
12778	12780
12784	12792
12802	12815
12828	12846
12871	12903
12935	12958
12937	12784
12375	11741
11255	11331
11903	12505
12847	12964
12973	12948
12917	12880
12842	12796
12748	12700
12655	12612
12570	12523
12475	12421
12370	12324
12280	12237
12191	12143
12094	12051
12010	11967
11918	11865
11812	11773
11735	11628
