423	439
460	479
498	524
555	596
655	745
873	1009
1121	1195
1245	1292
1345	1389
1410	1410
1407	1422
1462	1516
1548	1546
1534	1533
1542	1542
1534	1529
1549	1605
1701	1828
1969	2110
2235	2338
2427	2507
2573	2619
2656	2698
2753	2826
2911	2983
3024	3028
3006	2970
2924	2862
2786	2701
2609	2519
2443	2388
2352	2347
2386	2462
2543	2597
2610	2585
2532	2461
2386	2314
2244	2174
2098	2014
1917	1802
1671	1544
1440	1366
1315	1272
1234	1204
1190	1188
1183	1164
1125	1047
889	640
365	155
51	22
28	62
138	258
422	437
457	477
496	521
553	590
639	718
829	952
1060	1139
1195	1245
1294	1336
1355	1355
1350	1364
1396	1441
1469	1463
1445	1440
1451	1461
1469	1481
1516	1589
1708	1866
2039	2198
2322	2406
2468	2526
2579	2618
2648	2684
2732	2799
2871	2928
2953	2945
2919	2888
2848	2789
2709	2623
2534	2452
2382	2330
2295	2286
2313	2374
2447	2502
2522	2505
2460	2395
2324	2256
2190	2120
2044	1959
1859	1742
1615	1494
1400	1334
1289	1252
1218	1190
1177	1175
1175	1165
1136	1064
905	649
367	156
51	20
26	60
135	257
417	430
450	469
491	518
549	583
623	684
776	884
983	1060
1117	1161
1205	1243
1265	1270
1269	1276
1303	1339
1359	1351
1333	1327
1346	1379
1414	1453
1512	1611
1763	1957
2151	2310
2411	2464
2499	2538
2581	2613
2638	2668
2709	2763
2816	2850
2853	2831
2801	2775
2742	2687
2608	2522
2437	2363
2302	2254
2222	2206
2215	2255
2313	2368
2400	2399
2367	2312
2249	2185
2121	2052
1975	1887
1786	1671
1549	1441
1358	1304
1268	1238
1211	1188
1176	1172
1172	1169
1150	1082
918	656
370	157
50	18
22	53
129	252
412	423
439	460
483	513
544	573
603	651
725	817
905	972
1016	1051
1085	1120
1148	1162
1168	1176
1197	1225
1243	1239
1227	1235
1272	1330
1399	1471
1560	1686
1862	2061
2246	2375
2440	2462
2478	2510
2549	2578
2599	2626
2665	2709
2743	2756
2741	2707
2673	2650
2624	2576
2504	2420
2341	2273
2219	2176
2146	2123
2113	2127
2165	2220
2267	2288
2274	2232
2174	2113
2047	1975
1898	1812
1714	1606
1497	1404
1336	1295
1269	1248
1225	1204
1185	1174
1167	1163
1148	1084
919	655
371	158
52	16
16	45
122	246
407	415
430	450
478	509
538	564
589	626
685	758
831	884
913	934
957	989
1023	1048
1063	1079
1097	1122
1142	1150
1160	1189
1249	1332
1423	1519
1626	1761
1925	2094
2234	2320
2354	2362
2377	2410
2451	2481
2504	2535
2578	2621
2647	2650
2628	2590
2553	2528
2507	2468
2408	2334
2258	2194
2144	2108
2079	2052
2025	2013
2033	2080
2139	2184
2192	2161
2106	2040
1970	1895
1818	1739
1652	1558
1465	1389
1339	1309
1290	1274
1255	1230
1202	1175
1156	1143
1126	1062
900	643
363	157
52	14
11	38
115	242
405	411
424	445
472	502
532	556
579	608
654	711
767	805
822	831
847	876
912	949
975	997
1019	1047
1080	1111
1147	1200
1273	1358
1445	1532
1629	1743
1871	1991
2080	2132
2154	2169
2196	2240
2286	2324
2357	2400
2454	2505
2535	2541
2523	2490
2457	2431
2411	2382
2334	2270
2199	2135
2085	2052
2023	1990
1952	1925
1926	1964
2027	2087
2111	2092
2038	1966
1890	1814
1743	1675
1605	1528
1452	1389
1348	1324
1310	1296
1276	1246
1206	1168
1136	1114
1087	1018
861	613
349	153
52	14
8	35
111	239
404	410
423	442
467	496
525	549
571	598
632	674
713	740
749	752
762	791
834	878
914	942
972	1014
1066	1120
1173	1232
1297	1361
1415	1468
1533	1615
1706	1786
1842	1877
1903	1932
1976	2033
2092	2144
2196	2258
2328	2390
2429	2443
2437	2418
2394	2372
2350	2322
2282	2227
2162	2100
2048	2009
1977	1938
1894	1857
1846	1873
1928	1990
2022	2010
1960	1890
1814	1741
1678	1624
1568	1502
1436	1380
1343	1319
1305	1291
1271	1239
1194	1150
1110	1078
1039	963
811	577
328	144
49	13
9	35
110	236
402	410
424	441
461	488
517	544
566	590
615	642
672	694
701	702
714	747
793	844
887	924
962	1012
1074	1134
1185	1234
1286	1326
1345	1359
1392	1451
1527	1592
1634	1660
1684	1721
1779	1850
1926	2000
2074	2151
2231	2301
2348	2371
2377	2373
2360	2342
2318	2287
2249	2203
2148	2087
2029	1981
1936	1890
1842	1802
1783	1796
1838	1888
1919	1911
1871	1813
1747	1681
1623	1573
1522	1461
1398	1345
1306	1284
1268	1256
1239	1209
1166	1118
1077	1039
991	910
762	542
309	134
45	14
13	41
113	234
388	400
417	434
452	478
509	538
562	581
598	617
640	662
673	677
694	736
790	845
894	934
975	1021
1072	1117
1160	1211
1268	1309
1312	1297
1308	1355
1429	1495
1533	1549
1563	1596
1655	1735
1830	1925
2015	2102
2183	2251
2297	2324
2340	2343
2337	2321
2296	2265
2229	2193
2149	2093
2030	1966
1904	1847
1793	1747
1721	1723
1750	1789
1812	1807
1779	1736
1683	1626
1568	1515
1461	1401
1340	1290
1255	1231
1216	1204
1190	1165
1127	1081
1040	998
946	862
718	511
290	125
41	15
18	46
112	222
362	377
398	419
441	470
504	535
558	572
580	593
616	644
663	675
701	748
808	866
920	962
996	1024
1052	1084
1132	1209
1301	1363
1366	1333
1318	1349
1416	1484
1523	1538
1544	1569
1623	1705
1808	1913
2008	2093
2167	2225
2265	2295
2314	2319
2308	2289
2264	2237
2211	2183
2151	2101
2034	1958
1883	1810
1745	1692
1659	1648
1666	1695
1719	1721
1703	1668
1622	1567
1512	1458
1401	1339
1282	1233
1200	1177
1162	1149
1139	1118
1084	1044
1003	962
907	820
680	483
274	117
38	15
19	45
105	204
325	343
369	397
428	462
501	533
553	560
561	572
598	635
666	689
720	767
823	884
943	990
1018	1032
1054	1095
1167	1278
1399	1477
1476	1419
1373	1376
1423	1486
1534	1563
1581	1609
1660	1739
1835	1931
2017	2092
2152	2197
2229	2258
2281	2283
2262	2236
2212	2193
2173	2157
2132	2090
2024	1937
1849	1764
1689	1629
1588	1573
1586	1615
1645	1657
1647	1613
1563	1506
1454	1406
1354	1295
1237	1188
1154	1130
1113	1099
1089	1076
1050	1015
978	934
872	781
643	456
259	111
35	12
16	39
92	177
287	306
337	372
410	454
497	530
548	551
552	560
590	633
674	705
735	773
821	882
949	1007
1044	1072
1119	1189
1285	1402
1519	1582
1560	1476
1395	1369
1395	1452
1512	1566
1611	1660
1719	1792
1870	1946
2017	2076
2121	2149
2172	2201
2225	2226
2201	2168
2145	2128
2113	2100
2081	2042
1975	1887
1791	1700
1617	1553
1510	1496
1510	1543
1581	1604
1597	1563
1506	1446
1396	1357
1316	1264
1208	1155
1117	1091
1071	1057
1048	1038
1020	992
955	905
836	741
608	432
247	106
31	8
9	28
74	151
255	276
309	350
397	448
496	533
555	560
561	569
597	639
681	712
735	762
802	863
940	1015
1078	1149
1241	1342
1440	1531
1605	1628
1575	1467
1364	1319
1337	1393
1463	1537
1612	1691
1764	1831
1888	1944
1998	2046
2074	2086
2099	2125
2154	2158
2137	2105
2077	2054
2035	2017
1996	1957
1892	1805
1710	1615
1531	1465
1428	1421
1437	1473
1515	1542
1542	1510
1454	1392
1343	1308
1273	1231
1180	1127
1085	1058
1038	1024
1011	1003
990	965
928	872
797	702
576	413
240	104
30	4
3	19
61	132
235	256
293	338
391	446
501	546
575	589
592	600
623	658
689	710
728	754
796	858
936	1021
1119	1236
1366	1478
1555	1600
1622	1604
1526	1405
1300	1259
1287	1353
1428	1509
1600	1700
1789	1849
1888	1924
1969	2008
2024	2021
2024	2050
2079	2091
2082	2057
2025	1988
1951	1919
1890	1851
1792	1711
1618	1524
1439	1378
1351	1350
1370	1401
1440	1471
1477	1452
1403	1344
1294	1255
1222	1186
1140	1093
1052	1025
1009	996
982	969
952	928
888	828
753	665
550	399
236	104
31	5
1	14
52	120
224	246
285	335
391	451
510	562
602	624
635	645
664	686
702	714
735	773
830	895
961	1045
1159	1299
1436	1535
1578	1579
1562	1518
1432	1316
1227	1210
1265	1348
1430	1510
1605	1712
1805	1859
1882	1906
1938	1970
1977	1968
1967	1986
2012	2032
2036	2021
1984	1932
1874	1825
1785	1743
1691	1620
1533	1439
1355	1300
1280	1287
1305	1330
1362	1392
1405	1389
1349	1294
1244	1202
1166	1129
1089	1047
1013	993
983	975
961	942
918	887
845	784
713	633
530	392
235	108
36	7
1	11
46	111
216	241
284	339
399	460
520	576
621	652
672	690
710	724
730	737
766	829
905	972
1025	1092
1193	1321
1439	1510
1523	1497
1455	1398
1315	1217
1156	1176
1262	1366
1455	1533
1622	1728
1816	1864
1876	1888
1914	1938
1943	1934
1930	1942
1962	1981
1993	1985
1946	1880
1807	1742
1692	1652
1605	1544
1463	1370
1286	1234
1218	1228
1242	1259
1284	1311
1326	1318
1282	1236
1191	1148
1108	1068
1030	995
970	959
957	956
946	924
893	855
806	745
680	610
520	391
243	117
42	10
2	11
45	107
211	238
284	344
410	473
532	587
634	670
702	732
759	771
770	771
809	890
985	1057
1101	1148
1225	1320
1405	1448
1440	1397
1342	1283
1208	1131
1100	1150
1265	1388
1481	1556
1639	1736
1816	1858
1868	1874
1891	1908
1912	1906
1904	1910
1920	1933
1943	1936
1898	1827
1745	1673
1621	1580
1539	1483
1405	1313
1229	1177
1163	1169
1178	1187
1203	1222
1234	1228
1200	1164
1128	1091
1051	1011
976	949
932	924
928	934
931	910
874	828
776	717
659	598
517	396
252	127
50	15
3	9
42	103
207	234
283	348
419	488
550	601
647	689
732	770
798	808
798	795
831	917
1016	1092
1139	1180
1238	1307
1364	1389
1366	1311
1253	1196
1131	1071
1062	1133
1264	1393
1485	1559
1638	1725
1799	1843
1856	1862
1871	1877
1878	1874
1873	1875
1876	1878
1881	1873
1833	1763
1683	1614
1565	1524
1482	1427
1350	1261
1178	1126
1109	1109
1109	1111
1115	1126
1133	1125
1104	1080
1053	1026
992	959
931	912
899	892
893	902
902	885
847	800
746	691
641	590
517	401
258	133
55	17
4	9
42	103
207	230
278	346
425	502
567	621
669	716
759	791
811	810
794	783
809	882
970	1041
1094	1145
1206	1267
1311	1324
1293	1240
1186	1136
1080	1032
1037	1123
1257	1382
1470	1541
1617	1699
1768	1813
1834	1842
1846	1844
1836	1828
1825	1821
1813	1806
1803	1790
1752	1689
1619	1559
1512	1473
1428	1368
1292	1207
1131	1080
1057	1047
1038	1030
1028	1031
1032	1024
1008	991
975	957
935	914
896	886
877	867
860	860
857	842
808	762
714	667
628	585
515	400
258	134
58	19
6	11
44	106
206	227
269	336
422	509
581	639
691	739
775	789
787	770
748	733
750	799
861	917
972	1035
1109	1177
1223	1235
1209	1167
1127	1086
1035	996
1017	1112
1249	1366
1447	1513
1583	1656
1720	1768
1797	1809
1810	1804
1786	1768
1755	1741
1726	1714
1707	1691
1654	1599
1541	1496
1456	1415
1365	1304
1233	1157
1088	1039
1007	987
970	957
951	951
949	940
926	913
904	895
888	881
878	877
872	855
837	825
814	797
766	728
686	649
618	580
510	394
252	132
58	21
7	12
47	111
208	223
258	324
416	514
597	661
713	757
780	774
747	717
690	676
681	706
739	776
825	898
984	1062
1115	1133
1123	1098
1073	1036
988	961
997	1104
1238	1351
1427	1483
1537	1590
1643	1688
1722	1744
1750	1742
1719	1691
1668	1644
1622	1606
1598	1582
1545	1495
1450	1415
1382	1342
1293	1236
1174	1108
1048	998
962	932
907	892
885	887
884	875
862	851
847	852
857	865
875	882
879	861
833	811
791	768
736	701
669	639
613	576
506	387
246	127
57	22
7	14
51	117
210	220
251	314
412	522
621	694
748	785
793	769
723	679
650	639
640	649
665	689
731	800
888	968
1022	1047
1048	1034
1012	973
931	921
975	1089
1221	1327
1395	1435
1462	1489
1523	1563
1603	1634
1652	1650
1627	1596
1566	1534
1509	1492
1482	1463
1427	1382
1345	1319
1293	1257
1213	1165
1113	1059
1005	957
917	883
855	838
836	838
839	832
818	810
815	832
850	868
882	892
887	866
838	813
787	754
718	684
659	635
612	573
503	382
242	126
57	23
8	14
52	120
211	220
249	314
419	542
657	745
805	833
826	782
717	661
635	635
647	663
680	700
733	790
865	934
976	990
986	969
939	898
866	878
948	1061
1180	1271
1324	1345
1351	1357
1376	1409
1449	1489
1518	1524
1507	1479
1449	1420
1396	1379
1366	1345
1311	1271
1242	1222
1202	1173
1137	1097
1054	1007
958	915
877	842
815	800
799	808
812	810
802	799
809	833
860	881
892	895
886	866
842	818
788	745
701	667
645	625
604	568
497	379
240	124
56	22
7	15
53	122
212	224
259	330
440	573
702	806
872	896
870	805
719	654
636	660
703	745
778	800
823	861
911	950
960	948
923	892
856	820
806	836
914	1015
1106	1170
1202	1213
1213	1215
1227	1254
1292	1333
1365	1377
1370	1351
1329	1310
1291	1275
1261	1239
1210	1180
1159	1144
1129	1103
1073	1042
1006	963
918	877
843	813
789	781
786	801
816	822
820	820
829	854
882	900
902	894
876	852
830	809
776	728
681	645
624	607
589	555
488	375
240	125
56	20
6	14
52	119
213	232
278	358
470	602
736	853
931	954
916	829
725	653
643	697
780	856
906	928
937	953
968	967
939	895
850	812
779	757
760	803
874	951
1008	1039
1055	1064
1070	1077
1089	1114
1147	1186
1216	1233
1234	1225
1215	1206
1196	1184
1173	1160
1146	1132
1122	1112
1093	1063
1034	1011
983	944
900	862
833	811
794	794
813	837
859	872
875	873
876	890
907	916
907	884
854	826
802	778
747	703
660	626
604	584
564	533
472	366
235	123
53	18
4	13
48	112
212	240
295	380
492	617
748	869
962	997
964	869
755	676
669	738
845	942
995	1007
1002	991
974	938
885	824
773	739
721	718
736	779
834	880
902	910
917	929
945	958
970	992
1024	1058
1085	1103
1110	1112
1118	1122
1124	1122
1120	1126
1138	1149
1151	1138
1105	1064
1035	1018
1002	970
932	899
874	855
848	861
891	922
943	951
948	939
929	924
921	911
891	860
822	785
754	729
701	668
634	608
584	561
539	506
449	350
227	119
50	16
4	10
43	105
215	246
305	389
491	606
725	851
960	1023
1013	935
828	748
733	794
895	981
1017	1011
988	959
922	868
806	747
706	685
685	699
726	763
797	814
812	805
811	833
857	873
886	904
929	957
981	998
1011	1030
1056	1083
1102	1111
1123	1149
1187	1221
1233	1213
1165	1113
1081	1074
1070	1052
1024	997
971	953
955	981
1018	1041
1042	1027
1008	987
966	940
909	879
847	812
773	733
697	669
642	617
598	579
559	537
513	481
427	334
216	112
46	13
2	8
39	98
219	250
303	376
466	567
678	802
929	1025
1055	1014
933	862
841	877
940	986
990	966
935	900
851	790
731	684
660	657
673	697
726	753
769	767
754	745
757	790
826	847
857	865
876	891
909	930
956	997
1056	1115
1152	1162
1171	1206
1262	1312
1330	1303
1245	1190
1160	1158
1162	1158
1145	1128
1103	1085
1090	1124
1155	1153
1119	1071
1030	996
963	923
876	830
789	755
718	679
641	609
582	563
548	539
527	510
490	462
408	318
203	103
40	10
1	8
39	99
230	254
294	352
425	512
616	740
876	996
1062	1067
1028	982
963	978
998	995
965	925
889	846
789	727
674	647
643	655
678	707
734	755
762	757
746	748
774	822
868	894
896	887
881	883
895	918
959	1030
1124	1211
1248	1237
1226	1254
1316	1375
1395	1367
1309	1255
1229	1225
1228	1233
1238	1233
1216	1199
1208	1240
1261	1234
1163	1081
1017	971
932	886
834	785
744	707
672	637
600	565
536	514
502	497
492	484
472	448
397	307
193	95
34	7
1	9
44	111
243	259
285	326
384	458
555	677
814	940
1033	1075
1079	1066
1068	1080
1075	1033
970	911
859	802
736	671
632	626
644	670
697	728
759	784
796	797
803	820
860	921
977	997
983	957
938	935
949	974
1024	1114
1229	1314
1324	1277
1237	1255
1320	1387
1412	1386
1331	1280
1249	1234
1230	1239
1261	1278
1276	1269
1280	1313
1328	1285
1188	1079
992	932
887	844
801	761
721	681
644	607
573	539
506	481
467	462
462	463
459	440
390	299
186	89
30	6
1	11
49	125
257	265
281	309
353	415
504	624
756	881
984	1052
1086	1109
1138	1166
1156	1095
1006	918
839	761
683	622
597	613
651	689
721	756
799	841
863	877
897	929
980	1047
1101	1109
1078	1040
1020	1023
1039	1064
1113	1207
1316	1373
1340	1253
1195	1214
1289	1363
1396	1376
1326	1273
1231	1201
1186	1196
1233	1274
1296	1301
1317	1351
1367	1320
1208	1082
977	903
852	813
783	752
716	672
627	589
556	524
492	464
444	438
439	446
450	436
387	297
183	87
29	6
1	12
56	138
266	269
280	302
336	390
475	590
718	840
945	1023
1074	1119
1171	1216
1213	1146
1039	929
826	729
643	586
575	606
657	704
740	780
836	891
925	949
977	1019
1075	1142
1189	1184
1141	1099
1083	1095
1115	1137
1180	1267
1362	1388
1319	1208
1145	1168
1252	1335
1374	1362
1314	1259
1206	1164
1139	1149
1195	1255
1296	1315
1335	1368
1385	1338
1223	1087
973	889
832	797
774	750
715	668
619	577
547	518
488	459
437	427
428	439
446	434
386	296
182	86
29	6
1	15
74	199
