16294	16295
16295	16289
16281	16272
16264	16258
16255	16253
16245	16223
16173	16077
15897	15569
15030	14278
13409	12591
11967	11605
11475	11489
11568	11663
11761	11847
11914	12001
12182	12487
12845	13148
13362	13568
13891	14392
14990	15532
15913	16118
16206	16228
16219	16209
16216	16243
16277	16300
16311	16314
16315	16315
16315	16314
16313	16313
16312	16309
16290	16207
15932	15245
13936	12029
9891	8016
6695	5908
5463	5130
4728	4234
3831	3705
3807	3903
3848	3705
3625	3695
3899	4172
4428	4604
4659	4599
4484	4415
4426	4422
4257	3894
3463	3134
2946	2829
2750	2804
3128	3746
4443	4931
5153	5258
5342	5393
5389	5321
5200	5121
5170	5302
5380	5338
5228	5124
5066	5067
5105	5155
5256	5491
5877	6307
6686	7044
7399	7597
7464	7054
6620	6362
6302	6372
6545	6825
7128	7279
7250	7295
7667	8156
8259	7789
6993	6203
5662	5507
5746	6298
7037	7850
8745	9863
11307	12921
14344	15304
15797	15991
16048	16060
16076	16101
16116	16118
16128	16161
16205	16242
16261	16270
16278	16287
16299	16307
16313	16314
16316	16316
16316	16316
16316	16316
16316	16316
16316	16316
16316	16316
16316	16316
16316	16316
16316	16316
16316	16316
16316	16316
16316	16316
16315	16314
16309	16300
16292	16292
16291	16286
16277	16269
16263	16257
16251	16244
16228	16187
16090	15891
15558	15064
14411	13644
12879	12234
11776	11508
11397	11390
11436	11505
11591	11686
11777	11874
12025	12278
12605	12902
13104	13260
13507	13948
14553	15180
15683	15998
16154	16212
16222	16218
16224	16247
16277	16299
16311	16314
16316	16316
16315	16315
16315	16314
16312	16311
16298	16239
16043	15545
14575	13108
11370	9726
8414	7418
6594	5818
5050	4346
3853	3653
3657	3695
3682	3657
3694	3826
4034	4258
4435	4513
4491	4412
4338	4306
4288	4192
3941	3557
3176	2936
2861	2877
2952	3147
3561	4172
4759	5095
5191	5218
5257	5285
5276	5222
5136	5093
5163	5301
5383	5352
5253	5150
5085	5071
5082	5091
5144	5356
5804	6399
6948	7369
7686	7836
7693	7280
6810	6481
6339	6347
6498	6786
7124	7340
7373	7434
7780	8287
8492	8133
7356	6474
5762	5385
5368	5645
6130	6755
7522	8558
9997	11765
13501	14816
15581	15919
16032	16067
16092	16118
16134	16137
16146	16171
16208	16239
16255	16259
16264	16275
16291	16304
16312	16314
16316	16316
16316	16316
16316	16316
16316	16316
16316	16316
16316	16316
16316	16316
16316	16316
16316	16316
16316	16316
16316	16316
16316	16316
16315	16314
16309	16300
16289	16290
16289	16284
16275	16270
16265	16259
16252	16237
16204	16124
15935	15567
15008	14317
13584	12888
12313	11894
11609	11419
11308	11268
11273	11309
11379	11482
11609	11739
11882	12083
12356	12629
12811	12914
13071	13423
13996	14679
15308	15769
16041	16169
16218	16230
16237	16253
16277	16299
16312	16314
16316	16316
16316	16316
16316	16316
16316	16314
16306	16270
16152	15853
15256	14311
13110	11841
10607	9353
8008	6641
5416	4467
3859	3567
3492	3522
3591	3673
3777	3913
4073	4216
4290	4271
4200	4140
4118	4094
3996	3786
3480	3152
2910	2837
2932	3126
3363	3670
4117	4664
5104	5271
5237	5173
5146	5132
5108	5067
5019	5014
5104	5242
5323	5303
5219	5119
5048	5017
5007	5010
5087	5389
6013	6832
7526	7906
8051	8057
7869	7478
7027	6681
6491	6445
6537	6754
7017	7201
7255	7344
7701	8256
8603	8417
7734	6819
5966	5372
5072	5014
5162	5508
6075	6965
8335	10191
12234	13988
15149	15743
15981	16064
16105	16135
16151	16158
16162	16180
16208	16232
16245	16244
16247	16257
16278	16297
16309	16314
16316	16316
16316	16316
16316	16316
16316	16316
16316	16316
16316	16316
16316	16316
16316	16316
16316	16316
16316	16316
16316	16316
16316	16316
16315	16314
16308	16300
16289	16290
16288	16283
16278	16274
16271	16264
16252	16226
16172	16035
15718	15139
14337	13483
12744	12197
11845	11633
11467	11305
11166	11085
11064	11094
11164	11274
11423	11597
11767	11953
12186	12424
12579	12636
12708	12949
13430	14093
14799	15400
15823	16067
16189	16235
16249	16263
16282	16300
16312	16314
16316	16316
16316	16316
16316	16316
16316	16314
16310	16288
16221	16061
15746	15234
14527	13645
12532	11058
9235	7336
5715	4550
3831	3481
3400	3479
3607	3711
3788	3859
3933	3982
3972	3904
3833	3813
3822	3762
3576	3303
3039	2867
2836	2968
3243	3597
3952	4302
4698	5114
5384	5400
5254	5102
5008	4955
4916	4880
4857	4881
4982	5114
5191	5177
5095	4992
4917	4888
4893	4940
5122	5599
6449	7451
8165	8370
8258	8083
7875	7577
7243	6978
6818	6747
6746	6795
6842	6852
6839	6946
7345	7975
8484	8513
8002	7145
6236	5502
4991	4648
4470	4505
4814	5495
6690	8473
10658	12789
14414	15383
15839	16019
16093	16130
16150	16159
16162	16173
16196	16220
16233	16232
16230	16243
16266	16292
16307	16314
16315	16316
16316	16316
16316	16316
16316	16316
16316	16316
16316	16316
16316	16316
16316	16316
16316	16316
16316	16316
16316	16316
16316	16316
16315	16314
16309	16300
16290	16290
16289	16287
16283	16281
16276	16264
16243	16205
16127	15926
15472	14685
13674	12707
11998	11597
11432	11372
11279	11114
10936	10812
10776	10826
10925	11049
11214	11426
11649	11866
12090	12296
12419	12441
12446	12572
12915	13480
14178	14876
15458	15864
16101	16210
16250	16269
16286	16302
16312	16314
16315	16315
16315	16316
16316	16316
16316	16314
16312	16295
16253	16159
15996	15738
15345	14727
13696	12077
9954	7739
5883	4577
3796	3447
3407	3516
3623	3666
3668	3659
3654	3642
3600	3532
3477	3464
3450	3347
3142	2925
2805	2837
3018	3327
3736	4185
4594	4930
5231	5480
5571	5450
5206	4973
4823	4751
4713	4686
4673	4704
4806	4941
5032	5030
4954	4848
4774	4760
4795	4900
5195	5851
6875	7921
8487	8426
8078	7814
7693	7595
7477	7370
7291	7220
7112	6934
6687	6436
6284	6375
6821	7533
8179	8403
8068	7317
6438	5671
5065	4557
4139	3891
3925	4351
5286	6824
8919	11245
13303	14741
15540	15900
16044	16101
16127	16136
16143	16155
16179	16208
16224	16225
16223	16236
16263	16290
16307	16314
16315	16316
16316	16316
16316	16316
16316	16316
16316	16316
16316	16316
16316	16316
16316	16316
16316	16316
16316	16316
16316	16316
16316	16316
16315	16314
16310	16301
16293	16293
16292	16291
16289	16286
16277	16256
16221	16168
16059	15788
15196	14224
13044	11984
11280	10966
10930	10986
10961	10805
10602	10447
10394	10454
10588	10751
10950	11198
11477	11745
11983	12169
12270	12276
12246	12289
12492	12910
13521	14239
14943	15522
15917	16132
16226	16265
16288	16304
16311	16313
16313	16313
16313	16314
16315	16316
16316	16314
16312	16297
16261	16193
16085	15926
15657	15122
14073	12348
10104	7804
5892	4557
3783	3477
3457	3518
3528	3481
3426	3385
3359	3345
3322	3270
3199	3136
3068	2959
2835	2774
2845	3061
3396	3817
4285	4746
5132	5414
5613	5710
5643	5403
5074	4769
4577	4506
4490	4474
4454	4473
4567	4721
4863	4916
4873	4783
4718	4700
4725	4847
5232	6036
7143	8074
8353	8001
7507	7290
7382	7583
7738	7809
7810	7717
7477	7061
6529	6031
5746	5824
6313	7085
7814	8145
7910	7243
6443	5747
5175	4619
4058	3595
3384	3560
4205	5399
7207	9494
11842	13763
15016	15672
15950	16054
16094	16111
16123	16141
16171	16204
16224	16228
16227	16241
16266	16292
16307	16314
16315	16316
16316	16316
16316	16316
16316	16316
16316	16316
16316	16316
16316	16316
16316	16316
16316	16316
16316	16316
16316	16316
16316	16316
16316	16314
16311	16304
16295	16295
16296	16295
16293	16289
16274	16241
16191	16118
15966	15594
14838	13674
12343	11196
10468	10187
10235	10391
10443	10330
10143	9985
9923	9989
10153	10366
10605	10882
11194	11505
11771	11962
12068	12097
12085	12094
12196	12469
12940	13587
14329	15041
15605	15964
16151	16240
16282	16303
16309	16308
16307	16304
16307	16309
16313	16315
16316	16314
16312	16299
16266	16203
16109	15965
15690	15085
13903	12062
9803	7581
5763	4504
3804	3543
3494	3435
3314	3194
3131	3125
3154	3200
3213	3150
3021	2882
2776	2724
2748	2873
3107	3442
3860	4327
4788	5182
5469	5654
5754	5745
5583	5276
4887	4524
4290	4206
4200	4186
4151	4141
4218	4406
4635	4795
4830	4779
4708	4648
4616	4724
5191	6111
7201	7899
7849	7271
6744	6669
7033	7564
8006	8239
8263	8075
7647	7000
6259	5623
5296	5407
5946	6745
7493	7852
7643	7005
6280	5706
5243	4715
4081	3471
3082	3057
3453	4311
5741	7784
10197	12492
14235	15288
15791	15988
16059	16093
16117	16143
16179	16213
16230	16233
16234	16247
16271	16294
16308	16314
16315	16316
16316	16316
16316	16316
16316	16316
16316	16316
16316	16316
16316	16316
16316	16316
16316	16316
16316	16316
16316	16316
16316	16316
16316	16314
16312	16304
16296	16296
16296	16296
16295	16289
16269	16228
16170	16074
15860	15344
14358	12955
11466	10262
9537	9284
9383	9606
9726	9672
9531	9407
9371	9464
9668	9921
10179	10451
10763	11101
11409	11647
11808	11904
11956	11988
12046	12207
12529	13034
13707	14461
15154	15671
15994	16170
16257	16294
16307	16304
16298	16294
16295	16301
16308	16313
16315	16314
16312	16299
16267	16210
16119	15957
15608	14846
13466	11509
9297	7232
5581	4460
3862	3635
3513	3310
3056	2883
2858	2949
3097	3226
3251	3129
2918	2728
2642	2692
2869	3139
3477	3871
4315	4769
5168	5441
5579	5642
5668	5619
5433	5112
4704	4299
4006	3867
3815	3767
3699	3660
3736	3976
4316	4603
4729	4708
4616	4500
4422	4540
5078	6028
6977	7385
7085	6438
5997	6095
6696	7514
8210	8565
8536	8164
7516	6697
5882	5258
4993	5176
5754	6538
7260	7623
7440	6824
6140	5654
5288	4802
4122	3412
2909	2759
2986	3591
4675	6373
8629	11081
13230	14723
15538	15890
16022	16082
16123	16160
16197	16224
16234	16233
16233	16246
16270	16294
16308	16314
16315	16316
16316	16316
16316	16316
16316	16316
16316	16316
16316	16316
16316	16316
16316	16316
16316	16316
16316	16316
16316	16316
16316	16316
16316	16314
16312	16305
16296	16296
16296	16296
16295	16287
16265	16224
16164	16054
15774	15098
13852	12170
10508	9278
8601	8393
8508	8745
8895	8886
8795	8722
8737	8883
9136	9422
9678	9925
10221	10571
10927	11242
11501	11704
11850	11938
12003	12107
12309	12652
13174	13859
14596	15244
15722	16028
16197	16275
16301	16301
16294	16285
16285	16292
16301	16310
16314	16314
16312	16299
16269	16215
16123	15937
15504	14591
13062	11059
8939	7028
5517	4508
3985	3755
3538	3194
2824	2626
2674	2906
3187	3366
3343	3128
2849	2663
2651	2816
3107	3467
3860	4277
4703	5093
5372	5489
5478	5450
5455	5416
5247	4943
4550	4135
3789	3555
3401	3268
3148	3102
3220	3547
3997	4381
4561	4544
4424	4282
4207	4361
4903	5738
6421	6553
6156	5617
5364	5627
6379	7380
8252	8669
8536	7966
7160	6307
5565	5050
4874	5109
5685	6414
7080	7458
7361	6825
6180	5725
5401	4926
4197	3404
2819	2587
2709	3157
3991	5352
7314	9702
12086	13983
15166	15741
15971	16068
16128	16173
16208	16227
16229	16221
16218	16234
16262	16290
16307	16314
16315	16316
16316	16316
16316	16316
16316	16316
16316	16316
16316	16316
16316	16316
16316	16316
16316	16316
16316	16316
16316	16316
16316	16316
16316	16314
16311	16304
16295	16295
16293	16292
16289	16282
16260	16223
16169	16059
15751	14986
13566	11658
9805	8494
7816	7609
7691	7890
8039	8060
8010	7985
8051	8246
8543	8860
9127	9363
9644	10000
10389	10773
11135	11457
11712	11881
11986	12086
12222	12424
12764	13299
13990	14698
15313	15776
16073	16226
16285	16298
16292	16283
16278	16283
16295	16306
16313	16313
16312	16299
16269	16215
16121	15919
15448	14494
12975	11067
9086	7272
5787	4761
4201	3892
3556	3092
2657	2477
2629	3000
3361	3511
3382	3073
2781	2661
2751	3009
3368	3775
4199	4612
4979	5252
5378	5338
5219	5162
5199	5198
5049	4766
4407	4024
3664	3362
3105	2876
2701	2675
2880	3311
3828	4237
4415	4383
4244	4107
4059	4217
4660	5249
5623	5566
5220	4912
4902	5312
6131	7185
8109	8524
8306	7640
6831	6094
5499	5070
4903	5111
5640	6297
6891	7282
7313	6936
6381	5950
5639	5165
4387	3507
2832	2513
2536	2862
3522	4619
6267	8457
10906	13117
14677	15528
15899	16048
16123	16171
16204	16220
16217	16203
16199	16218
16252	16285
16305	16314
16314	16316
16316	16316
16316	16316
16316	16316
16316	16316
16316	16316
16316	16316
16316	16316
16316	16316
16316	16316
16316	16316
16316	16316
16316	16314
16310	16302
16290	16290
16290	16287
16283	16274
16251	16218
16173	16083
15810	15096
13710	11755
9738	8204
7322	6954
6914	7043
7189	7257
7263	7290
7400	7617
7923	8265
8567	8829
9115	9467
9866	10279
10705	11124
11485	11745
11918	12053
12166	12269
12445	12809
13383	14072
14770	15385
15844	16115
16241	16284
16291	16284
16277	16279
16292	16304
16313	16313
16312	16299
16269	16213
16119	15924
15492	14654
13340	11681
9889	8118
6516	5288
4519	4022
3534	2986
2551	2438
2700	3156
3505	3547
3296	2951
2721	2709
2893	3208
3602	4039
4472	4848
5114	5245
5220	5066
4904	4875
4964	4990
4838	4563
4249	3930
3617	3316
3021	2737
2541	2553
2838	3322
3830	4197
4346	4307
4171	4040
3992	4092
4361	4677
4808	4686
4492	4464
4721	5282
6121	7114
7963	8328
8105	7497
6815	6238
5746	5306
5029	5099
5526	6103
6639	7040
7200	7022
6616	6246
5961	5513
4728	3775
2991	2554
2448	2636
3139	4026
5415	7381
9789	12203
14103	15255
15799	16017
16110	16161
16193	16209
16204	16190
16187	16208
16246	16283
16304	16313
16314	16316
16316	16316
16316	16316
16316	16316
16316	16316
16316	16316
16316	16316
16316	16316
16316	16316
16316	16316
16316	16316
16316	16316
16315	16314
16309	16301
16290	16290
16288	16284
16276	16265
16242	16210
16175	16113
15922	15383
14250	12487
10427	8579
7262	6514
6224	6235
6374	6506
6601	6706
6861	7070
7346	7685
8033	8344
8651	9005
9406	9827
10271	10734
11166	11513
11768	11956
12077	12126
12185	12402
12828	13422
14119	14840
15468	15904
16142	16244
16277	16283
16281	16284
16295	16306
16313	16313
16312	16299
16270	16216
16126	15963
15635	15016
14028	12719
11173	9438
7629	6049
4923	4144
3479	2878
2490	2471
2812	3271
3523	3426
3104	2808
2702	2806
3057	3400
3814	4269
4687	4988
5133	5135
5012	4817
4671	4683
4795	4808
4631	4352
4077	3827
3586	3338
3073	2806
2632	2684
2997	3454
3883	4181
4310	4288
4171	4043
3964	3971
4069	4181
4189	4106
4104	4354
4892	5650
6534	7423
8119	8407
8232	7754
7208	6718
6234	5696
5232	5081
5327	5802
6298	6723
6999	7019
6801	6523
6278	5894
5173	4207
3319	2736
2481	2514
2841	3534
4703	6468
8789	11313
13481	14923
15665	15975
16097	16152
16187	16204
16202	16190
16188	16210
16248	16284
16304	16314
16314	16316
16316	16316
16316	16316
16316	16316
16316	16316
16316	16316
16316	16316
16316	16316
16316	16316
16316	16316
16316	16316
16316	16316
16315	16314
16308	16300
16289	16290
16288	16283
16273	16261
16241	16212
16185	16146
16037	15707
14931	13551
11654	9594
7782	6498
5807	5600
5671	5841
6027	6227
6433	6623
6839	7139
7510	7870
8208	8576
8993	9423
9867	10330
10793	11207
11545	11799
11950	11984
11987	12099
12387	12839
13452	14195
14951	15564
15958	16160
16243	16272
16283	16289
16298	16307
16313	16313
16312	16300
16271	16220
16143	16026
15815	15422
14768	13821
12556	10896
8902	6954
5427	4320
3458	2810
2476	2529
2888	3277
3399	3200
2894	2718
2754	2955
3246	3601
4026	4478
4855	5070
5118	5045
4893	4720
4616	4648
4730	4681
4453	4161
3906	3700
3516	3330
3120	2907
2786	2877
3178	3563
3896	4129
4252	4259
4173	4057
3958	3894
3871	3864
3837	3833
4003	4489
5306	6313
7305	8122
8657	8850
8702	8307
7809	7303
6762	6125
5492	5108
5121	5443
5885	6330
6715	6934
6931	6775
6569	6247
5633	4725
3773	3050
2655	2550
2702	3173
4105	5658
7856	10421
12799	14516
15480	15914
16082	16152
16188	16206
16206	16200
16203	16225
16257	16288
16306	16314
16315	16316
16316	16316
16316	16316
16316	16316
16316	16316
16316	16316
16316	16316
16316	16316
16316	16316
16316	16316
16316	16316
16316	16316
16315	16314
16309	16300
16291	16292
16291	16285
16275	16263
16246	16223
16200	16174
16118	15950
15504	14572
13044	11039
8916	7104
5893	5311
5186	5301
5524	5786
6029	6209
6371	6613
6962	7343
7714	8103
8527	8963
9396	9853
10339	10829
11260	11592
11784	11844
11849	11915
12098	12408
12887	13561
14354	15103
15665	16003
16170	16242
16274	16289
16300	16305
16309	16310
16308	16297
16269	16223
16161	16083
15962	15743
15351	14718
13734	12216
10166	7988
6132	4694
3602	2866
2537	2595
2904	3190
3215	2999
2782	2748
2900	3161
3475	3839
4257	4674
4989	5142
5152	5071
4944	4813
4741	4752
4759	4618
4322	3997
3741	3552
3401	3255
3092	2934
2870	2994
3281	3605
3864	4044
4148	4169
4119	4036
3952	3868
3788	3719
3685	3740
4013	4648
5676	6914
8048	8846
9264	9360
9198	8827
8318	7761
7165	6482
5771	5235
5045	5184
5521	5950
6414	6823
7058	7063
6894	6583
6043	5221
4267	3453
2960	2765
2765	2985
3611	4873
6873	9411
11961	13968
15207	15814
16061	16154
16193	16208
16212	16211
16217	16239
16268	16293
16308	16314
16316	16316
16316	16316
16316	16316
16316	16316
16316	16316
16316	16316
16316	16316
16316	16316
16316	16316
16316	16316
16316	16316
16316	16316
16315	16314
16309	16301
16295	16296
16295	16290
16282	16270
16254	16237
16219	16197
16167	16093
15874	15335
14274	12609
10498	8347
6601	5506
5019	4942
5085	5328
5579	5769
5916	6110
6404	6772
7154	7542
7936	8330
8733	9194
9741	10331
10876	11295
11552	11665
11717	11795
11936	12154
12501	13044
13767	14551
15238	15725
16015	16165
16238	16271
16288	16297
16300	16303
16302	16292
16267	16225
16178	16126
16060	15947
15733	15342
14615	13321
11410	9233
7195	5446
4056	3137
2718	2698
2902	3092
3088	2943
2857	2937
3155	3442
3769	4137
4522	4868
5105	5219
5239	5196
5114	5019
4950	4913
4826	4589
4219	3851
3575	3390
3256	3135
3000	2874
2855	3015
3303	3593
3801	3925
3984	3989
3956	3914
3870	3816
3743	3667
3636	3717
4018	4686
5775	7114
8331	9127
9474	9517
9369	9052
8587	8049
7465	6807
6109	5529
5216	5195
5389	5739
6218	6759
7210	7404
7296	6952
6404	5639
4729	3892
3357	3128
3031	3011
3269	4122
5787	8185
10862	13199
14795	15652
16019	16151
16195	16209
16213	16217
16229	16249
16275	16297
16309	16314
16315	16316
16316	16316
16316	16316
16316	16316
16316	16316
16316	16316
16316	16316
16316	16316
16316	16316
16316	16316
16316	16316
16316	16316
16316	16314
16311	16304
16299	16300
16300	16298
16291	16282
16269	16256
16242	16226
16207	16175
16083	15813
15179	13992
12200	10015
7880	6235
5252	4824
4752	4877
5092	5306
5483	5665
5910	6229
6588	6942
7266	7565
7900	8351
8957	9655
10321	10850
11191	11375
11500	11641
11810	12007
12266	12658
13220	13915
14630	15247
15700	15990
16153	16233
16268	16282
16288	16292
16291	16284
16266	16234
16195	16159
16123	16073
15970	15749
15248	14244
12663	10722
8673	6653
4887	3660
3036	2870
2955	3086
3123	3098
3133	3286
3526	3811
4135	4482
4806	5051
5196	5266
5299	5304
5273	5207
5128	5037
4867	4554
4126	3713
3408	3218
3097	2994
2876	2768
2778	2968
3270	3544
3711	3773
3762	3719
3673	3645
3644	3649
3640	3619
3625	3719
3991	4573
5553	6813
7996	8759
9060	9105
9054	8912
8654	8297
7846	7286
6663	6106
5732	5569
5590	5789
6185	6747
7325	7691
7694	7351
6769	6018
5160	4349
3800	3565
3440	3259
3165	3533
4719	6818
9517	12180
14211	15406
15945	16138
16193	16207
16210	16216
16229	16252
16276	16297
16310	16314
16316	16316
16316	16316
16316	16316
16316	16316
16316	16316
16316	16316
16316	16316
16316	16316
16316	16316
16316	16316
16316	16316
16316	16316
16316	16314
16312	16308
16306	16306
16306	16305
16302	16296
16287	16279
16270	16260
16250	16237
16201	16079
15743	15004
13686	11773
9546	7482
5957	5046
4623	4532
4651	4866
5088	5289
5502	5763
6068	6367
6614	6812
7047	7438
8037	8780
9539	10181
10628	10903
11119	11353
11604	11833
12044	12297
12660	13171
13811	14504
15148	15651
15978	16157
16237	16265
16272	16274
16274	16271
16262	16244
16217	16190
16166	16147
16111	16000
15689	15001
13849	12293
10366	8133
5962	4345
3447	3108
3098	3220
3339	3439
3570	3758
3987	4242
4524	4810
5043	5177
5220	5229
5257	5301
5323	5293
5212	5077
4851	4491
4034	3588
3248	3039
2924	2842
2741	2652
2683	2897
3203	3456
3582	3588
3518	3422
3341	3305
3328	3394
3472	3545
3618	3730
3946	4375
5135	6180
7208	7866
8106	8183
8304	8473
8601	8605
8425	8049
7555	7062
6646	6324
6111	6072
6278	6727
7299	7763
7909	7673
7137	6428
5629	4840
4257	3987
3869	3646
3324	3253
3901	5557
8110	10994
13461	15053
15825	16109
16190	16207
16210	16217
16230	16252
16276	16298
16310	16314
16315	16316
16316	16316
16316	16316
16316	16316
16316	16316
16316	16316
16316	16316
16316	16316
16316	16316
16316	16316
16316	16316
16316	16316
16316	16316
16314	16312
16312	16313
16312	16312
16310	16307
16303	16300
16295	16290
16286	16281
16267	16210
16039	15623
14769	13320
11325	9120
7154	5709
4824	4409
4339	4484
4718	4944
5140	5343
5586	5833
6026	6157
6300	6583
7080	7767
8540	9261
9821	10210
10534	10876
11219	11496
11683	11827
12007	12310
12808	13515
14329	15086
15655	16002
16172	16233
16249	16251
16251	16256
16256	16252
16236	16214
16197	16193
16189	16143
15970	15552
14800	13624
11861	9491
6980	4999
3836	3349
3293	3454
3669	3865
4053	4250
4451	4653
4859	5049
5178	5210
5163	5114
5126	5197
5266	5274
5199	5041
4789	4416
3952	3487
3109	2864
2742	2681
2610	2547
2602	2827
3118	3335
3415	3384
3288	3174
3085	3051
3086	3184
3317	3457
3590	3724
3890	4176
4701	5477
6265	6749
6898	7006
7324	7862
8465	8928
9105	8990
8689	8309
7878	7392
6907	6562
6484	6704
7134	7585
7846	7792
7437	6871
6162	5385
4714	4335
4201	4030
3661	3325
3516	4668
6889	9785
12571	14564
15625	16052
16181	16212
16219	16225
16236	16255
16279	16299
16310	16314
16316	16316
16316	16316
16316	16316
16316	16316
16316	16316
16316	16316
16316	16316
16316	16316
16316	16316
16316	16316
16316	16316
16316	16316
16316	16316
16315	16315
16315	16315
16315	16315
16315	16313
16312	16311
16310	16308
16306	16304
16295	16264
16171	15943
15444	14487
12945	10920
8751	6839
5435	4589
4222	4206
4385	4606
4786	4941
5125	5331
5505	5610
5695	5866
6214	6753
7438	8163
8809	9328
9775	10208
10612	10918
11099	11190
11261	11412
11771	12424
13324	14291
15126	15707
16033	16171
16211	16218
16224	16237
16248	16251
16244	16228
16214	16215
16224	16211
16120	15881
15397	14484
12844	10404
7676	5443
4086	3512
3465	3698
3994	4245
4446	4630
4804	4954
5077	5167
5198	5156
5057	4976
4984	5070
5160	5184
5117	4964
4716	4354
3896	3417
3001	2712
2569	2524
2488	2463
2547	2772
3033	3199
3237	3187
3099	3014
2961	2960
3014	3113
3241	3389
3540	3686
3830	4027
4369	4887
5416	5711
5778	5908
6377	7222
8247	9143
9680	9844
9763	9542
9170	8612
7928	7303
6908	6817
6995	7309
7583	7685
7569	7238
6686	5936
5153	4604
4391	4292
4024	3636
3546	4236
5995	8664
11572	13909
15309	15938
16154	16211
16225	16232
16243	16259
16282	16300
16310	16314
16315	16316
16316	16316
16316	16316
16316	16316
16316	16316
16316	16316
16316	16316
16316	16316
16316	16316
16316	16316
16316	16316
16316	16316
16316	16316
16316	16316
16316	16316
16316	16316
16316	16316
16315	16315
16315	16314
16313	16312
16307	16285
16227	16094
15818	15256
14223	12611
10538	8356
6468	5124
4368	4098
4143	4306
4452	4569
4711	4892
5066	5178
5246	5341
5545	5898
6410	7041
7715	8352
8916	9403
9805	10104
10299	10414
10492	10610
10892	11455
12315	13356
14386	15219
15766	16046
16149	16180
16201	16223
16239	16245
16243	16232
16223	16225
16238	16238
16185	16030
15671	14871
13277	10798
7972	5614
4167	3580
3592	3898
4238	4485
4656	4816
4974	5102
5171	5185
5145	5058
4942	4866
4875	4956
5035	5054
4998	4877
4664	4321
3865	3374
2930	2597
2420	2374
2370	2389
2505	2728
2949	3065
3066	3010
2950	2917
2922	2969
3042	3127
3224	3342
3479	3624
3764	3919
4149	4476
4801	4967
4998	5139
5660	6653
7942	9159
9992	10392
10506	10456
10229	9756
9058	8287
7630	7209
7064	7140
7307	7449
7506	7418
7080	6421
5561	4829
4477	4398
4267	3969
3773	4126
5405	7679
10507	13096
14858	15754
16096	16200
16226	16234
16243	16259
16280	16299
16310	16314
16316	16316
16316	16316
16316	16316
16316	16316
16316	16316
16316	16316
16316	16316
16316	16316
16316	16316
16316	16316
16316	16316
16316	16316
16316	16316
16316	16316
16316	16316
16316	16316
16316	16316
16316	16316
16316	16316
16316	16314
16310	16293
16250	16162
16004	15703
15098	13984
12264	10097
7888	6064
4857	4250
4068	4098
4174	4257
4378	4553
4736	4868
4942	5005
5108	5293
5600	6065
6675	7362
8009	8521
8885	9142
9348	9540
9735	9955
10270	10765
11488	12436
13510	14535
15334	15824
16054	16145
16187	16216
16231	16237
16239	16235
16229	16231
16242	16244
16203	16071
15731	14911
13264	10743
7908	5562
4151	3639
3731	4076
4391	4578
4694	4826
4985	5114
5163	5137
5061	4956
4847	4778
4782	4840
4894	4904
4872	4800
4632	4309
3848	3344
2882	2518
2300	2229
2238	2302
2453	2672
2856	2930
2911	2862
2832	2841
2892	2971
3056	3132
3208	3300
3415	3545
3676	3820
4007	4244
4466	4590
4627	4750
5217	6191
7564	8965
10008	10585
10848	10960
10920	10640
10079	9320
8511	7813
7358	7175
7171	7233
7327	7400
7288	6801
5956	5078
4540	4376
4305	4117
3938	4119
5022	6866
9477	12197
14297	15495
16002	16167
16211	16224
16231	16246
16272	16294
16308	16314
16315	16316
16316	16316
16316	16316
16316	16316
16316	16316
16316	16316
16316	16316
16316	16316
16316	16316
16316	16316
16316	16316
16316	16316
16316	16316
16316	16316
16316	16316
16316	16316
16316	16316
16316	16316
16316	16316
16316	16314
16312	16297
16262	16193
16093	15934
15619	14950
13711	11842
9592	7430
5766	4737
4227	4026
3971	4002
4114	4295
4492	4641
4726	4777
4825	4895
5036	5315
5780	6406
7056	7580
7921	8141
8352	8633
8996	9405
9843	10325
10907	11665
12632	13721
14730	15469
15893	16089
16173	16209
16225	16231
16238	16238
16235	16236
16245	16243
16200	16055
15653	14686
12861	10269
7534	5381
4164	3800
3959	4272
4493	4583
4640	4750
4907	5033
5076	5040
4961	4866
4768	4697
4678	4700
4731	4751
4761	4740
4609	4296
3830	3318
2850	2465
2203	2087
2093	2191
2374	2590
2743	2792
2768	2733
2728	2763
2837	2926
3014	3088
3160	3243
3341	3446
3565	3715
3913	4144
4358	4500
4560	4642
4982	5817
7134	8601
9784	10508
10907	11158
11286	11191
10800	10124
9262	8387
7706	7327
7165	7107
7145	7280
7352	7080
6346	5391
4635	4269
4121	3977
3868	4031
4741	6248
8591	11327
13692	15189
15879	16119
16185	16199
16206	16225
16256	16287
16305	16314
16314	16316
16316	16316
16316	16316
16316	16316
16316	16316
16316	16316
16316	16316
16316	16316
16316	16316
16316	16316
16316	16316
16316	16316
16316	16316
16316	16316
16316	16316
16316	16316
16316	16316
16316	16316
16316	16316
16316	16315
16312	16302
16273	16220
16144	16053
15902	15554
14778	13381
11384	9133
7097	5592
4641	4110
3856	3800
3892	4076
4279	4434
4517	4554
4575	4594
4642	4777
5065	5532
6095	6606
6973	7218
7466	7840
8355	8936
9498	10012
10507	11088
11873	12887
13993	14950
15604	15963
16126	16189
16212	16225
16237	16244
16242	16240
16244	16239
16187	15996
15446	14198
12070	9399
6904	5154
4279	4100
4285	4503
4594	4590
4605	4694
4816	4903
4923	4894
4839	4773
4694	4618
4568	4555
4576	4620
4673	4689
4579	4273
3808	3296
2829	2433
2132	1967
1952	2067
2270	2481
2614	2651
2636	2618
2628	2679
2760	2854
2940	3015
3088	3170
3257	3348
3453	3613
3842	4104
4346	4528
4610	4640
4836	5488
6670	8122
9409	10290
10833	11199
11420	11431
11157	10569
9711	8752
7940	7430
7167	7038
7029	7170
7342	7254
6680	5721
4760	4113
3770	3574
3519	3754
4445	5782
7906	10582
13117	14864
15737	16058
16151	16171
16178	16199
16238	16278
16303	16313
16314	16316
16316	16316
16316	16316
16316	16316
16316	16316
16316	16316
16316	16316
16316	16316
16316	16316
16316	16316
16316	16316
16316	16316
16316	16316
16316	16316
16316	16316
16316	16316
16316	16316
16316	16316
16316	16316
16316	16316
16314	16307
16288	16249
16193	16135
16066	15905
15484	14573
13025	10958
8741	6786
5325	4378
3865	3684
3724	3880
4064	4202
4272	4299
4312	4327
4351	4408
4551	4835
5254	5725
6150	6501
6853	7325
7939	8601
9219	9753
10216	10685
11287	12130
13183	14256
15130	15702
16002	16131
16183	16209
16232	16245
16247	16242
16240	16230
16157	15881
15099	13454
10955	8241
6123	4925
4477	4479
4642	4748
4730	4669
4659	4706
4752	4756
4732	4703
4681	4652
4604	4539
4473	4436
4452	4518
4605	4646
4551	4258
3803	3295
2826	2426
2103	1899
1851	1957
2162	2366
2487	2522
2518	2514
2534	2590
2677	2774
2858	2931
3005	3088
3173	3252
3350	3514
3762	4048
4317	4532
4635	4629
4712	5188
6206	7596
8972	10022
10708	11137
11376	11413
11206	10707
9914	8962
8092	7481
7142	6989
6975	7106
7300	7313
6880	5966
4848	3913
3320	3007
2957	3265
4027	5347
7365	9980
12607	14548
15585	15993
16117	16143
16153	16179
16226	16272
16300	16312
16314	16316
16316	16316
16316	16316
16316	16316
16316	16316
16316	16316
16316	16316
16316	16316
16316	16316
16316	16316
16316	16316
16316	16316
16316	16316
16316	16316
16316	16316
16316	16316
16316	16316
16316	16316
16316	16316
16316	16316
16314	16312
16300	16276
16241	16207
16176	16112
15907	15384
14331	12657
10512	8266
6313	4896
4064	3709
3657	3748
3869	3967
4019	4051
4079	4112
4144	4174
4230	4374
4661	5081
5565	6048
6544	7122
7786	8453
9055	9572
10014	10413
10863	11491
12368	13418
14442	15249
15754	16010
16124	16181
16220	16243
16247	16241
16233	16213
16102	15694
14604	12510
9662	6984
5314	4700
4671	4822
4951	4971
4899	4820
4789	4774
4720	4624
4537	4496
4493	4501
4495	4458
4396	4349
4362	4447
4563	4636
4573	4306
3860	3338
2854	2447
2118	1886
1798	1878
2068	2261
2379	2418
2421	2422
2441	2494
2584	2681
2764	2833
2910	2997
3081	3153
3241	3401
3653	3946
4233	4475
4601	4591
4608	4943
5783	7076
8506	9702
10491	10928
11125	11155
11018	10646
10012	9201
8389	7728
7286	7053
6992	7078
7234	7258
6907	6057
4864	3704
2877	2428
2333	2656
3470	4832
6839	9437
12135	14239
15432	15932
16089	16128
16141	16171
16220	16269
16299	16312
16314	16316
16316	16316
16316	16316
16316	16316
16316	16316
16316	16316
16316	16316
16316	16316
16316	16316
16316	16316
16316	16316
16316	16316
16316	16316
16316	16316
16316	16316
16316	16316
16316	16316
16316	16316
16316	16316
16316	16316
16315	16313
16308	16295
16277	16261
16248	16225
16135	15868
15237	14041
12213	9945
7646	5755
4521	3916
3729	3726
3761	3793
3827	3873
3929	3978
4013	4033
4054	4131
4333	4696
5197	5777
6407	7094
7800	8453
9014	9486
9884	10222
10555	10990
11639	12539
13591	14585
15337	15793
16026	16141
16206	16239
16246	16236
16221	16186
16017	15429
13982	11448
8344	5795
4573	4470
4787	5052
5157	5137
5060	4982
4921	4840
4698	4522
4379	4312
4311	4346
4380	4371
4320	4274
4300	4418
4586	4713
4695	4454
3999	3440
2913	2486
2149	1899
1779	1824
1992	2177
2293	2334
2340	2335
2343	2388
2469	2567
2650	2720
2799	2891
2975	3040
3121	3274
3516	3807
4106	4382
4554	4571
4562	4776
5429	6576
7993	9264
10088	10472
10594	10621
10589	10420
10059	9546
8963	8368
7829	7412
7161	7098
7149	7125
6807	6037
4860	3587
2586	2002
1830	2092
2858	4201
6205	8830
11635	13915
15280	15880
16079	16129
16145	16177
16226	16272
16300	16312
16314	16316
16316	16316
16316	16316
16316	16316
16316	16316
16316	16316
16316	16316
16316	16316
16316	16316
16316	16316
16316	16316
16316	16316
16316	16316
16316	16316
16316	16316
16316	16316
16316	16316
16316	16316
16316	16316
16316	16316
16315	16314
16312	16305
16297	16290
16284	16276
16240	16117
15779	15027
13662	11660
9278	7010
5314	4344
3941	3818
3769	3738
3749	3802
3863	3905
3924	3938
3965	4036
4198	4500
4962	5570
6293	7077
7840	8502
9027	9440
9771	10048
10305	10615
11066	11752
12690	13752
14721	15429
15854	16077
16187	16232
16242	16229
16208	16149
15898	15093
13270	10358
7130	4800
3986	4271
4829	5172
5270	5243
5172	5089
4991	4858
4673	4461
4283	4190
4183	4231
4280	4280
4232	4207
4282	4473
4719	4904
4918	4682
4211	3608
3023	2544
2180	1917
1774	1791
1937	2112
2226	2262
2257	2240
2234	2265
2344	2442
2529	2604
2689	2783
2867	2929
3002	3141
3362	3639
3954	4280
4515	4585
4571	4682
5144	6098
7411	8656
9440	9720
9744	9774
9896	10010
10014	9899
9665	9276
8729	8095
7522	7169
7036	6940
6655	6010
4956	3685
2560	1836
1555	1701
2322	3525
5452	8096
11038	13540
15110	15830
16074	16137
16160	16192
16238	16279
16304	16313
16314	16316
16316	16316
16316	16316
16316	16316
16316	16316
16316	16316
16316	16316
16316	16316
16316	16316
16316	16316
16316	16316
16316	16316
16316	16316
16316	16316
16316	16316
16316	16316
16316	16316
16316	16316
16316	16316
16316	16316
16316	16315
16314	16309
16306	16302
16301	16296
16281	16228
16065	15640
14746	13207
11051	8638
6516	5065
4306	3984
3832	3749
3741	3788
3829	3840
3834	3843
3892	3995
4166	4430
4830	5408
6161	7003
7810	8481
8985	9342
9609	9836
10060	10319
10657	11152
11888	12867
13936	14879
15553	15948
16144	16219
16234	16220
16192	16104
15753	14705
12520	9327
6105	4055
3589	4138
4839	5226
5322	5289
5213	5113
4989	4832
4647	4440
4254	4142
4123	4167
4207	4196
4157	4181
4346	4639
4957	5166
5172	4936
4476	3870
3228	2662
2234	1946
1795	1789
1908	2060
2157	2180
2164	2135
2117	2142
2220	2326
2424	2510
2600	2698
2780	2838
2901	3016
3201	3455
3786	4159
4460	4591
4595	4634
4932	5677
6818	7941
8609	8749
8653	8678
8968	9413
9831	10130
10255	10121
9642	8826
7886	7162
6821	6693
6500	6043
5195	4012
2804	1924
1508	1523
1961	2941
4685	7281
10351	13101
14909	15769
16066	16142
16172	16207
16251	16287
16307	16314
16316	16316
16316	16316
16316	16316
16316	16316
16316	16316
16316	16316
16316	16316
16316	16316
16316	16316
16316	16316
16316	16316
16316	16316
16316	16316
16316	16316
16316	16316
16316	16316
16316	16316
16316	16316
16316	16316
16316	16316
16315	16315
16314	16311
16308	16306
16304	16302
16294	16270
16193	15975
15457	14423
12726	10478
8119	6168
4895	4214
3881	3731
3706	3745
3765	3747
3721	3728
3792	3932
4153	4436
4803	5333
6056	6883
7664	8311
8786	9112
9348	9557
9784	10052
10363	10742
11276	12061
13074	14152
15071	15701
16043	16186
16221	16211
16175	16053
15585	14289
11786	8412
5305	3553
3359	4060
4826	5238
5335	5287
5193	5073
4931	4777
4611	4426
4246	4125
4094	4123
4149	4139
4139	4249
4518	4893
5232	5409
5381	5165
4778	4228
3559	2890
2360	2032
1875	1850
1914	2009
2071	2080
2057	2022
2001	2025
2109	2226
2339	2438
2534	2635
2717	2770
2818	2903
3045	3272
3605	4005
4344	4526
4566	4582
4775	5358
6316	7269
7779	7761
7529	7516
7945	8704
9526	10200
10613	10665
10221	9224
7929	6868
6382	6319
6316	6103
5504	4462
3216	2181
1615	1508
1787	2540
4045	6511
9650	12628
14677	15688
16042	16137
16175	16217
16261	16293
16309	16314
16316	16316
16316	16316
16316	16316
16316	16316
16316	16316
16316	16316
16316	16316
16316	16316
16316	16316
16316	16316
16316	16316
16316	16316
16316	16316
16316	16316
16316	16316
16316	16316
16316	16316
16316	16316
16316	16316
16316	16316
16316	16315
16314	16312
16310	16308
16306	16304
16299	16285
16246	16137
15864	15256
14094	12273
9981	7681
5837	4638
3983	3692
3624	3650
3663	3636
3604	3607
3669	3825
4096	4438
4821	5311
5965	6697
7378	7939
8377	8706
8958	9189
9453	9770
10108	10443
10832	11401
12242	13307
14398	15276
15830	16097
16188	16195
16153	15988
15393	13855
11088	7632
4701	3233
3230	3994
4777	5212
5325	5269
5149	5003
4847	4694
4544	4378
4207	4079
4035	4054
4083	4111
4191	4400
4748	5145
5444	5556
5506	5350
5082	4630
3964	3205
2578	2215
2067	2009
1981	1971
1971	1964
1943	1910
1892	1919
2009	2138
2262	2372
2476	2579
2662	2710
2740	2792
2897	3095
3416	3808
4151	4360
4443	4481
4649	5148
5977	6781
7143	6979
6612	6526
7018	8007
9160	10142
10752	10862
10330	9112
7527	6238
5701	5781
6036	6111
5781	4923
3692	2531
1809	1583
1745	2322
3598	5881
9003	12142
14410	15576
16001	16120
16169	16218
16264	16295
16310	16314
16316	16316
16316	16316
16316	16316
16316	16316
16316	16316
16316	16316
16316	16316
16316	16316
16316	16316
16316	16316
16316	16316
16316	16316
16316	16316
16316	16316
16316	16316
16316	16316
16316	16316
16316	16316
16316	16316
16316	16316
16315	16315
16314	16312
16310	16309
16309	16307
16302	16293
16268	16208
16067	15748
15058	13780
11845	9500
7227	5457
4340	3773
3574	3554
3565	3544
3517	3515
3556	3690
3963	4339
4749	5214
5774	6377
6925	7388
7793	8147
8448	8729
9050	9430
9809	10144
10464	10875
11514	12449
13573	14648
15447	15910
16110	16159
16119	15903
15168	13400
10427	6963
4245	3032
3155	3926
4698	5160
5303	5249
5103	4925
4747	4587
4445	4291
4125	3992
3938	3954
4009	4102
4272	4551
4917	5274
5501	5569
5546	5485
5334	4966
4318	3522
2859	2503
2374	2275
2118	1963
1878	1849
1832	1810
1798	1829
1921	2054
2184	2298
2406	2508
2590	2632
2649	2679
2757	2934
3235	3598
3915	4126
4239	4319
4511	5000
5771	6489
6762	6511
6048	5874
6343	7429
8784	9982
10711	10779
10071	8643
6907	5532
4978	5168
5665	6042
6002	5363
4209	2961
2076	1710
1768	2221
3309	5382
8400	11610
14066	15409
15937	16098
16162	16217
16264	16296
16311	16314
16316	16316
16316	16316
16316	16316
16316	16316
16316	16316
16316	16316
16316	16316
16316	16316
16316	16316
16316	16316
16316	16316
16316	16316
16316	16316
16316	16316
16316	16316
16316	16316
16316	16316
16316	16316
16316	16316
16316	16316
16316	16316
16315	16314
16313	16312
16311	16310
16306	16298
16279	16234
16151	15995
15641	14863
13450	11394
9010	6798
5139	4137
3669	3527
3504	3489
3462	3451
3464	3548
3765	4110
4509	4933
5392	5870
6324	6742
7146	7535
7886	8212
8572	8986
9397	9760
10089	10445
10934	11675
12691	13830
14846	15556
15934	16077
16059	15793
14914	12933
9805	6388
3894	2899
3109	3859
4607	5084
5260	5212
5045	4837
4639	4483
4355	4218
4056	3918
3853	3871
3957	4108
4333	4620
4930	5198
5368	5455
5523	5570
5491	5151
4521	3761
3151	2851
2744	2587
2293	1984
1803	1745
1735	1724
1719	1753
1842	1969
2099	2209
2311	2408
2483	2522
2533	2551
2619	2787
3072	3407
3693	3888
4010	4120
4353	4863
5618	6307
6578	6343
5870	5631
6005	7037
8435	9742
10536	10538
9675	8148
6438	5106
4517	4683
5291	5906
6149	5764
4751	3472
2431	1891
1821	2158
3075	4919
7750	10952
13583	15151
15836	16072
16161	16220
16267	16296
16310	16314
16316	16316
16316	16316
16316	16316
16316	16316
16316	16316
16316	16316
16316	16316
16316	16316
16316	16316
16316	16316
16316	16316
16316	16316
16316	16316
16316	16316
16316	16316
16316	16316
16316	16316
16316	16316
16316	16316
16316	16316
16316	16316
16315	16315
16314	16314
16315	16313
16311	16304
16285	16242
16182	16103
15940	15528
14635	13088
10945	8564
6425	4874
3986	3605
3487	3445
3406	3373
3362	3399
3542	3808
4147	4498
4851	5232
5649	6088
6531	6960
7343	7687
8036	8428
8843	9257
9662	10062
10490	11053
11859	12909
14030	14978
15601	15910
15960	15663
14654	12490
9258	5915
3623	2801
3063	3783
4493	4971
5167	5130
4953	4727
4525	4386
4289	4177
4033	3900
3835	3859
3967	4146
4367	4589
4786	4956
5111	5279
5466	5589
5511	5145
4542	3889
3409	3180
3064	2840
2432	2001
1737	1655
1653	1656
1660	1694
1775	1890
2005	2104
2191	2276
2342	2374
2385	2411
2491	2669
2948	3264
3527	3699
3812	3937
4196	4713
5447	6131
6463	6352
5991	5767
6034	6908
8205	9509
10333	10311
9398	7915
6362	5141
4475	4460
4978	5677
6140	6035
5255	4043
2889	2160
1918	2103
2835	4417
6993	10121
12922	14772
15685	16037
16164	16227
16271	16297
16310	16314
16316	16316
16316	16316
16316	16316
16316	16316
16316	16316
16316	16316
16316	16316
16316	16316
16316	16316
16316	16316
16316	16316
16316	16316
16316	16316
16316	16316
16316	16316
16316	16316
16316	16316
16316	16316
16316	16316
16316	16316
16316	16316
16316	16316
16316	16316
16316	16315
16314	16307
16288	16250
16197	16145
16070	15875
15387	14388
12729	10507
8107	6027
4603	3848
3537	3412
3336	3277
3242	3248
3333	3522
3778	4039
4292	4594
4995	5474
5976	6449
6854	7187
7494	7829
8216	8663
9156	9649
10108	10572
11165	12008
13077	14173
15056	15606
15799	15520
14412	12103
8806	5550
3423	2717
2999	3674
4341	4807
5017	5000
4827	4599
4405	4287
4215	4129
4012	3903
3859	3907
4040	4222
4394	4512
4592	4694
4872	5128
5384	5497
5347	4935
4396	3910
3581	3388
3219	2935
2482	1997
1685	1589
1598	1614
1621	1647
1714	1811
1905	1982
2050	2115
2169	2199
2218	2269
2380	2578
2863	3172
3421	3577
3674	3795
4048	4533
5211	5871
6282	6359
6219	6136
6392	7131
8264	9462
10250	10238
9387	8056
6710	5592
4799	4483
4720	5318
5896	6079
5627	4615
3451	2564
2118	2104
2605	3889
6162	9156
12104	14267
15463	15972
16156	16230
16272	16298
16310	16314
16316	16316
16316	16316
16316	16316
16316	16316
16316	16316
16316	16316
16316	16316
16316	16316
16316	16316
16316	16316
16316	16316
16316	16316
16316	16316
16316	16316
16316	16316
16316	16316
16316	16316
16316	16316
16316	16316
16316	16316
16316	16316
16316	16316
16316	16316
16316	16316
16314	16308
16290	16254
16207	16163
16120	16032
15802	15247
14135	12333
9992	7576
5611	4357
3723	3442
3303	3213
3151	3127
3172	3303
3489	3671
3843	4075
4435	4918
5458	5979
6413	6738
7009	7299
7648	8080
8600	9167
9699	10161
10624	11242
12129	13221
14293	15115
15527	15339
14194	11786
8452	5282
3288	2657
2926	3542
4153	4603
4837	4849
4694	4471
4283	4170
4099	4020
3927	3856
3856	3955
4131	4314
4426	4447
4446	4529
4739	5013
5219	5222
4969	4552
4139	3839
3628	3421
3179	2867
2437	1976
1670	1577
1593	1614
1616	1629
1673	1742
1806	1856
1901	1950
1990	2017
2053	2136
2286	2513
2809	3117
3361	3507
3594	3697
3912	4319
4899	5501
5959	6207
6322	6480
6879	7626
8651	9694
10368	10348
9624	8525
7410	6371
5402	4702
4527	4870
5450	5862
5762	5066
4050	3109
2484	2239
2471	3429
5363	8161
11188	13651
15160	15863
16125	16221
16268	16296
16310	16314
16316	16316
16316	16316
16316	16316
16316	16316
16316	16316
16316	16316
16316	16316
16316	16316
16316	16316
16316	16316
16316	16316
16316	16316
16316	16316
16316	16316
16316	16316
16316	16316
16316	16316
16316	16316
16316	16316
16316	16316
16316	16316
16316	16316
16316	16316
16316	16316
16314	16307
16287	16253
16212	16172
16141	16103
16011	15746
15094	13820
11841	9409
7058	5266
4177	3628
3375	3240
3141	3075
3074	3156
3288	3417
3537	3712
4006	4438
4978	5539
6009	6345
6608	6884
7210	7606
8098	8674
9258	9767
10197	10666
11338	12290
13404	14419
15067	15054
13966	11537
8202	5109
3218	2635
2871	3411
3948	4372
4632	4692
4571	4363
4174	4044
3947	3852
3765	3729
3790	3959
4197	4395
4458	4402
4357	4439
4635	4821
4876	4736
4433	4104
3871	3730
3563	3305
3008	2710
2361	1988
1733	1656
1673	1692
1687	1682
1695	1722
1743	1758
1778	1807
1834	1859
1906	2015
2198	2451
2760	3075
3321	3469
3550	3626
3774	4076
4538	5058
5516	5865
6173	6579
7214	8105
9131	10049
10583	10543
9983	9180
8345	7402
6256	5150
4503	4502
4957	5459
5607	5245
4519	3705
3008	2554
2500	3120
4695	7233
10250	12949
14773	15700
16065	16195
16254	16289
16307	16314
16316	16316
16316	16316
16316	16316
16316	16316
16316	16316
16316	16316
16316	16316
16316	16316
16316	16316
16316	16316
16316	16316
16316	16316
16316	16316
16316	16316
16316	16316
16316	16316
16316	16316
16316	16316
16316	16316
16316	16316
16316	16316
16316	16316
16316	16316
16316	16314
16314	16304
16284	16250
16214	16183
16161	16148
16120	16007
15667	14878
13428	11314
8880	6658
5033	4067
3583	3348
3200	3086
3032	3059
3142	3234
3331	3472
3705	4064
4560	5130
5634	5994
6266	6545
6869	7250
7716	8268
8857	9405
9870	10298
10825	11576
12544	13559
14359	14569
13672	11348
8073	5041
3208	2644
2843	3295
3736	4108
4387	4516
4463	4289
4097	3944
3814	3687
3588	3571
3681	3926
4228	4444
4469	4349
4255	4299
4415	4456
4354	4141
3908	3765
3723	3666
3463	3133
2811	2567
2330	2082
1904	1846
1857	1871
1862	1840
1815	1789
1760	1734
1722	1723
1728	1737
1780	1897
2094	2361
2684	3011
3272	3431
3508	3553
3629	3826
4177	4616
5038	5415
5818	6386
7220	8284
9379	10253
10712	10696
10321	9834
9317	8531
7296	5869
4806	4441
4670	5090
5297	5139
4719	4171
3561	2992
2691	2991
4215	6455
9361	12207
14314	15485
15980	16157
16235	16280
16304	16313
16314	16316
16316	16316
16316	16316
16316	16316
16316	16316
16316	16316
16316	16316
16316	16316
16316	16316
16316	16316
16316	16316
16316	16316
16316	16316
16316	16316
16316	16316
16316	16316
16316	16316
16316	16316
16316	16316
16316	16316
16316	16316
16316	16316
16316	16316
16316	16314
16314	16304
16285	16252
16220	16198
16186	16185
16179	16135
15970	15533
14608	13023
10851	8463
6353	4842
3960	3519
3283	3117
3014	2988
3021	3080
3166	3299
3492	3780
4205	4744
5272	5685
5995	6283
6608	6991
7448	7982
8563	9140
9666	10136
10612	11170
11849	12635
13416	13835
13249	11192
8068	5089
3259	2675
2827	3191
3525	3813
4090	4303
4356	4247
4065	3891
3734	3581
3462	3443
3580	3872
4222	4446
4434	4252
4088	4046
4048	3966
3792	3623
3565	3651
3764	3713
3419	3014
2695	2521
2405	2283
2186	2141
2129	2125
2105	2065
2007	1937
1866	1804
1758	1724
1693	1668
1686	1783
1968	2236
2566	2908
3185	3358
3436	3453
3471	3585
3857	4232
4604	4960
5380	6006
6931	8087
9244	10145
10636	10709
10530	10332
10108	9534
8352	6811
5517	4887
4876	5103
5186	5011
4715	4394
3970	3423
2977	3031
3951	5888
8612	11502
13832	15239
15877	16114
16215	16270
16300	16312
16314	16316
16316	16316
16316	16316
16316	16316
16316	16316
16316	16316
16316	16316
16316	16316
16316	16316
16316	16316
16316	16316
16316	16316
16316	16316
16316	16316
16316	16316
16316	16316
16316	16316
16316	16316
16316	16316
16316	16316
16316	16316
16316	16316
16316	16316
16316	16315
16314	16307
16292	16265
16238	16218
16214	16218
16219	16199
16115	15889
15369	14342
12662	10433
8047	5996
4586	3795
3385	3145
2996	2924
2912	2946
3027	3157
3324	3550
3890	4376
4929	5433
5836	6169
6485	6837
7258	7762
8339	8957
9564	10112
10592	11004
11374	11815
12419	12946
12693	11008
8131	5224
3364	2726
2824	3116
3343	3528
3773	4058
4236	4220
4068	3887
3715	3547
3409	3373
3506	3810
4166	4384
4343	4118
3888	3756
3668	3535
3381	3332
3482	3770
3974	3871
3471	3008
2709	2609
2597	2583
2550	2506
2457	2408
2354	2284
2199	2113
2032	1959
1889	1819
1745	1677
1647	1697
1843	2087
2412	2762
3052	3239
3321	3323
3303	3373
3599	3925
4250	4562
4955	5564
6469	7610
8772	9726
10323	10550
10573	10610
10630	10278
9276	7839
6559	5863
5713	5753
5615	5200
4734	4411
4127	3707
3262	3188
3891	5565
8080	10930
13395	14994
15770	16072
16196	16264
16298	16312
16314	16316
16316	16316
16316	16316
16316	16316
16316	16316
16316	16316
16316	16316
16316	16316
16316	16316
16316	16316
16316	16316
16316	16316
16316	16316
16316	16316
16316	16316
16316	16316
16316	16316
16316	16316
16316	16316
16316	16316
16316	16316
16316	16316
16316	16316
16316	16316
16314	16310
16300	16281
16260	16246
16245	16253
16256	16241
16191	16072
15804	15218
14085	12266
9914	7499
5541	4271
3570	3196
2984	2870
2824	2837
2907	3020
3153	3319
3587	4018
4589	5193
5727	6147
6473	6769
7103	7533
8087	8755
9458	10098
10606	10941
11113	11277
11651	12138
12090	10752
8172	5390
3511	2811
2856	3096
3238	3317
3498	3813
4098	4187
4093	3917
3734	3555
3406	3351
3459	3735
4066	4269
4224	3998
3748	3575
3449	3319
3222	3289
3599	4016
4238	4054
3569	3086
2828	2797
2868	2934
2953	2910
2818	2698
2576	2456
2353	2274
2215	2158
2082	1987
1879	1770
1687	1668
1747	1940
2237	2579
2876	3078
3169	3167
3132	3186
3397	3699
3985	4251
4596	5142
5958	6996
8099	9087
9814	10226
10455	10696
10913	10768
9998	8799
7719	7147
7005	6936
6579	5824
4960	4367
4059	3773
3443	3368
3965	5468
7803	10559
13073	14798
15681	16040
16186	16259
16296	16312
16314	16316
16316	16316
16316	16316
16316	16316
16316	16316
16316	16316
16316	16316
16316	16316
16316	16316
16316	16316
16316	16316
16316	16316
16316	16316
16316	16316
16316	16316
16316	16316
16316	16316
16316	16316
16316	16316
16316	16316
16316	16316
16316	16316
16316	16316
16316	16316
16315	16313
16308	16297
16282	16274
16274	16281
16284	16272
16236	16167
16032	15730
15053	13746
11714	9232
6854	5052
3939	3338
3021	2854
2775	2765
2812	2887
2971	3084
3295	3671
4215	4859
5494	6025
6413	6695
6956	7293
7794	8485
9268	9990
10539	10872
11002	11067
11273	11609
11570	10456
8178	5586
3726	2952
2931	3127
3212	3202
3301	3596
3935	4119
4097	3939
3744	3559
3410	3343
3419	3652
3949	4144
4131	3955
3748	3590
3468	3347
3282	3408
3787	4224
4389	4124
3608	3163
2975	3014
3148	3273
3338	3311
3187	2995
2787	2606
2479	2408
2373	2337
2269	2170
2048	1915
1785	1695
1689	1807
2053	2372
2672	2888
2993	2992
2956	3014
3234	3532
3796	4026
4319	4783
5477	6365
7359	8345
9178	9764
10193	10630
11023	11057
10508	9568
8744	8379
8343	8254
7761	6725
5428	4404
3883	3634
3446	3471
4086	5532
7759	10414
12905	14684
15633	16029
16186	16261
16297	16312
16314	16316
16316	16316
16316	16316
16316	16316
16316	16316
16316	16316
16316	16316
16316	16316
16316	16316
16316	16316
16316	16316
16316	16316
16316	16316
16316	16316
16316	16316
16316	16316
16316	16316
16316	16316
16316	16316
16316	16316
16316	16316
16316	16316
16316	16316
16316	16316
16316	16314
16313	16308
16302	16298
16299	16302
16303	16294
16268	16222
16147	16001
15637	14802
13255	11015
8477	6216
4611	3665
3163	2906
2780	2739
2749	2777
2812	2885
3051	3359
3822	4416
5069	5687
6189	6552
6829	7121
7559	8209
8997	9750
10333	10707
10904	11020
11184	11378
11254	10275
8310	5969
4135	3229
3064	3180
3227	3169
3193	3420
3751	3993
4037	3912
3715	3530
3390	3323
3374	3568
3843	4058
4109	4020
3893	3788
3686	3557
3477	3589
3930	4278
4326	4002
3529	3188
3100	3203
3381	3551
3661	3662
3528	3284
3000	2755
2592	2510
2476	2449
2393	2301
2185	2049
1896	1750
1662	1692
1867	2152
2453	2686
2800	2800
2767	2839
3079	3394
3655	3861
4107	4494
5065	5794
6658	7600
8489	9208
9814	10435
10990	11179
10812	10079
9461	9277
9373	9339
8831	7674
6069	4609
3742	3391
3292	3461
4182	5671
7865	10441
12879	14658
15629	16036
16194	16266
16299	16312
16314	16316
16316	16316
16316	16316
16316	16316
16316	16316
16316	16316
16316	16316
16316	16316
16316	16316
16316	16316
16316	16316
16316	16316
16316	16316
16316	16316
16316	16316
16316	16316
16316	16316
16316	16316
16316	16316
16316	16316
16316	16316
16316	16316
16316	16316
16316	16316
16316	16316
16315	16314
16311	16311
16311	16311
16311	16304
16284	16247
16198	16126
15949	15476
14438	12662
10280	7773
5686	4278
3471	3051
2849	2763
2727	2706
2703	2752
2889	3127
3483	3971
4579	5246
5871	6371
6732	7035
7412	7959
8655	9367
9965	10404
10715	10966
11199	11356
11203	10396
8803	6773
4953	3802
3345	3283
3282	3218
3193	3324
3583	3822
3911	3825
3648	3471
3342	3279
3316	3492
3768	4024
4155	4162
4123	4079
3995	3842
3707	3743
3961	4143
4058	3724
3365	3175
3194	3349
3553	3751
3895	3929
3809	3543
3208	2903
2692	2578
2523	2488
2438	2361
2261	2139
1985	1811
1662	1608
1705	1941
2234	2478
2599	2596
2566	2653
2914	3253
3529	3728
3947	4276
4739	5324
6048	6907
7789	8583
9336	10131
10839	11160
10937	10349
9848	9768
9977	10049
9631	8516
6782	4979
3728	3167
3075	3366
4210	5769
7971	10510
12905	14667
15640	16048
16202	16270
16301	16313
16314	16316
16316	16316
16316	16316
16316	16316
16316	16316
16316	16316
16316	16316
16316	16316
16316	16316
16316	16316
16316	16316
16316	16316
16316	16316
16316	16316
16316	16316
16316	16316
16316	16316
16316	16316
16316	16316
16316	16316
16316	16316
16316	16316
16316	16316
16316	16316
16316	16316
16316	16316
16315	16315
16315	16315
16314	16307
16289	16257
16217	16177
16099	15865
15254	14017
12051	9596
7173	5257
4009	3316
2980	2827
2745	2678
2645	2681
2796	2984
3255	3652
4210	4900
5614	6213
6635	6935
7241	7665
8234	8874
9479	10000
10446	10849
11205	11431
11367	10821
9678	8041
6278	4830
3948	3567
3443	3373
3315	3342
3491	3684
3787	3733
3577	3412
3287	3226
3262	3439
3727	4024
4221	4306
4339	4341
4261	4065
3852	3778
3842	3853
3680	3404
3205	3175
3283	3466
3675	3879
4035	4095
4001	3744
3386	3035
2770	2611
2526	2476
2427	2364
2278	2172
2037	1865
1688	1572
1590	1763
2027	2265
2385	2383
2359	2457
2737	3098
3397	3610
3826	4123
4505	4966
5547	6280
7092	7906
8777	9742
10600	11042
10932	10443
9995	9951
10236	10429
10158	9185
7472	5455
3856	3035
2883	3238
4149	5726
7915	10442
12843	14628
15622	16044
16203	16271
16302	16313
16314	16316
16316	16316
16316	16316
16316	16316
16316	16316
16316	16316
16316	16316
16316	16316
16316	16316
16316	16316
16316	16316
16316	16316
16316	16316
16316	16316
16316	16316
16316	16316
16316	16316
16316	16316
16316	16316
16316	16316
16316	16316
16316	16316
16316	16316
16316	16316
16316	16316
16316	16316
16316	16316
16316	16315
16314	16306
16290	16257
16222	16194
16162	16060
15748	14993
13568	11448
8955	6624
4859	3761
3190	2928
2792	2691
2631	2650
2748	2905
3133	3486
4020	4720
5457	6065
6460	6704
6940	7284
7773	8360
8975	9577
10149	10680
11145	11476
11573	11327
10640	9462
7906	6295
4997	4194
3813	3639
3515	3444
3496	3642
3746	3712
3567	3399
3266	3201
3239	3423
3718	4027
4252	4383
4456	4466
4357	4101
3808	3631
3571	3487
3317	3160
3126	3222
3385	3572
3762	3945
4092	4163
4100	3876
3525	3144
2828	2621
2504	2438
2389	2331
2256	2164
2053	1908
1735	1585
1534	1631
1837	2045
2155	2157
2146	2255
2540	2917
3245	3487
3724	4013
4339	4695
5138	5715
6403	7190
8155	9282
10293	10848
10831	10411
9984	9941
10273	10571
10451	9665
8073	5964
4080	2996
2738	3097
3992	5491
7599	10109
12573	14459
15542	16013
16191	16267
16301	16313
16314	16316
16316	16316
16316	16316
16316	16316
16316	16316
16316	16316
16316	16316
16316	16316
16316	16316
16316	16316
16316	16316
16316	16316
16316	16316
16316	16316
16316	16316
16316	16316
16316	16316
16316	16316
16316	16316
16316	16316
16316	16316
16316	16316
16316	16316
16316	16316
16316	16316
16316	16316
16316	16316
16316	16315
16314	16306
16287	16254
16218	16192
16176	16138
15998	15596
14690	13081
10829	8326
6093	4482
3538	3081
2866	2737
2659	2657
2730	2868
3079	3419
3936	4609
5303	5842
6155	6330
6531	6870
7357	7927
8535	9172
9824	10436
10971	11399
11654	11664
11355	10628
9442	7943
6447	5256
4488	4040
3746	3565
3552	3684
3811	3806
3671	3487
3329	3243
3274	3452
3733	4017
4224	4357
4429	4406
4233	3912
3564	3337
3238	3163
3081	3061
3151	3318
3503	3677
3834	3976
4094	4162
4129	3950
3627	3235
2877	2624
2478	2400
2348	2292
2216	2132
2042	1933
1786	1631
1531	1545
1667	1820
1912	1923
1931	2045
2325	2706
3062	3346
3619	3919
4214	4493
4811	5226
5764	6486
7507	8772
9924	10581
10637	10261
9840	9794
10164	10553
10567	9962
8543	6441
4358	3027
2634	2948
3770	5111
7054	9510
12070	14140
15391	15958
16174	16261
16298	16312
16314	16316
16316	16316
16316	16316
16316	16316
16316	16316
16316	16316
16316	16316
16316	16316
16316	16316
16316	16316
16316	16316
16316	16316
16316	16316
16316	16316
16316	16316
16316	16316
16316	16316
16316	16316
16316	16316
16316	16316
16316	16316
16316	16316
16316	16316
16316	16316
16316	16316
16316	16316
16316	16316
16316	16315
16314	16306
16287	16253
16214	16189
16176	16162
16108	15922
15419	14350
12570	10220
7726	5603
4152	3359
2988	2814
2725	2703
2751	2869
3071	3387
3850	4434
5029	5490
5757	5918
6136	6518
7038	7597
8163	8770
9433	10084
10672	11179
11564	11761
11709	11337
10573	9427
8050	6691
5559	4717
4115	3740
3633	3758
3935	3990
3883	3683
3486	3365
3370	3521
3767	3997
4160	4262
4296	4206
3956	3593
3251	3055
3002	3008
3038	3122
3267	3449
3630	3784
3903	3995
4073	4124
4109	3971
3685	3299
2916	2629
2459	2368
2316	2260
2185	2099
2021	1940
1829	1689
1564	1508
1541	1620
1679	1700
1726	1840
2099	2469
2847	3176
3495	3820
4108	4337
4560	4837
5234	5870
6896	8234
9480	10221
10338	9994
9581	9545
9961	10431
10546	10091
8857	6847
4661	3122
2576	2814
3538	4694
6420	8767
11413	13715
15191	15892
16159	16259
16297	16312
16314	16316
16316	16316
16316	16316
16316	16316
16316	16316
16316	16316
16316	16316
16316	16316
16316	16316
16316	16316
16316	16316
16316	16316
16316	16316
16316	16316
16316	16316
16316	16316
16316	16316
16316	16316
16316	16316
16316	16316
16316	16316
16316	16316
16316	16316
16316	16316
16316	16316
16316	16316
16316	16316
16316	16315
16314	16306
16290	16258
16223	16202
16194	16188
16167	16091
15844	15223
13998	12075
9652	7197
5207	3920
3245	2940
2814	2773
2798	2899
3089	3365
3725	4161
4626	5035
5334	5568
5859	6288
6818	7345
7835	8363
8985	9646
10275	10847
11332	11660
11779	11652
11244	10523
9513	8301
7034	5858
4866	4159
3831	3865
4058	4176
4111	3914
3695	3541
3510	3621
3815	3992
4103	4160
4137	3974
3662	3302
3039	2949
2996	3095
3200	3315
3448	3601
3759	3889
3972	4016
4046	4068
4054	3942
3690	3328
2947	2647
2456	2357
2305	2256
2181	2092
2012	1941
1859	1750
1631	1532
1480	1479
1501	1524
1564	1667
1889	2226
2604	2968
3334	3694
3997	4209
4375	4565
4857	5401
6364	7672
8937	9737
9923	9629
9244	9234
9699	10231
10410	10054
8993	7143
4957	3268
2565	2710
3350	4344
5848	8043
10732	13248
14968	15823
16151	16262
16300	16313
16314	16316
16316	16316
16316	16316
16316	16316
16316	16316
16316	16316
16316	16316
16316	16316
16316	16316
16316	16316
16316	16316
16316	16316
16316	16316
16316	16316
16316	16316
16316	16316
16316	16316
16316	16316
16316	16316
16316	16316
16316	16316
16316	16316
16316	16316
16316	16316
16316	16316
16316	16316
16316	16316
16316	16316
16314	16310
16296	16275
16250	16235
16231	16229
16218	16186
16071	15743
15003	13647
11627	9192
6822	4966
3792	3185
2923	2834
2839	2927
3099	3326
3578	3863
4193	4553
4909	5263
5663	6147
6679	7165
7576	8005
8551	9188
9829	10426
10966	11396
11661	11724
11580	11224
10645	9811
8722	7453
6160	5058
4360	4131
4205	4313
4277	4102
3892	3733
3673	3733
3873	4003
4067	4065
3977	3762
3443	3146
3010	3064
3220	3382
3507	3597
3678	3777
3893	3992
4041	4039
4020	4003
3971	3868
3650	3332
2986	2693
2493	2382
2326	2279
2208	2113
2017	1941
1879	1811
1721	1608
1501	1432
1416	1433
1475	1559
1727	2005
2348	2720
3114	3517
3853	4080
4237	4393
4626	5080
5909	7080
8272	9101
9375	9173
8852	8885
9390	9961
10160	9846
8928	7285
5197	3433
2588	2639
3215	4105
5432	7465
10140	12817
14749	15752
16141	16265
16302	16313
16314	16316
16316	16316
16316	16316
16316	16316
16316	16316
16316	16316
16316	16316
16316	16316
16316	16316
16316	16316
16316	16316
16316	16316
16316	16316
16316	16316
16316	16316
16316	16316
16316	16316
16316	16316
16316	16316
16316	16316
16316	16316
16316	16316
16316	16316
16316	16316
16316	16316
16316	16316
16316	16316
16316	16316
16314	16312
16304	16291
16277	16269
16268	16267
16260	16239
16176	16005
15601	14779
13354	11305
8896	6598
4821	3703
3134	2905
2858	2920
3060	3242
3428	3616
3836	4119
4480	4918
5424	5989
6558	7046
7417	7768
8230	8811
9411	9965
10481	10964
11364	11618
11698	11622
11404	10988
10264	9181
7833	6465
5373	4739
4520	4490
4427	4269
4084	3932
3834	3827
3907	3989
3998	3921
3766	3540
3284	3115
3130	3312
3547	3741
3860	3914
3941	3982
4044	4097
4105	4061
3996	3934
3872	3775
3605	3357
3073	2806
2595	2459
2380	2321
2247	2144
2034	1944
1892	1863
1814	1716
1584	1473
1426	1434
1471	1530
1640	1831
2102	2434
2833	3273
3663	3936
4120	4284
4499	4866
5518	6461
7487	8294
8664	8595
8386	8486
9020	9601
9778	9455
8644	7233
5336	3581
2622	2575
3115	3975
5216	7136
9770	12524
14590	15696
16129	16266
16303	16314
16315	16316
16316	16316
16316	16316
16316	16316
16316	16316
16316	16316
16316	16316
16316	16316
16316	16316
16316	16316
16316	16316
16316	16316
16316	16316
16316	16316
16316	16316
16316	16316
16316	16316
16316	16316
16316	16316
16316	16316
16316	16316
16316	16316
16316	16316
16316	16316
16316	16316
16316	16316
16316	16316
16316	16316
16315	16314
16309	16302
16295	16291
16290	16290
16284	16265
16217	16111
15897	15459
14611	13160
11093	8692
6432	4703
3628	3092
2892	2876
2960	3098
3259	3419
3583	3788
4088	4523
5084	5724
6365	6904
7292	7623
8041	8578
9118	9574
9980	10415
10885	11307
11600	11754
11798	11699
11327	10559
9395	8004
6666	5656
5091	4852
4714	4545
4358	4172
3994	3878
3860	3872
3815	3663
3469	3285
3159	3157
3320	3586
3849	4046
4164	4209
4211	4207
4209	4205
4165	4080
3971	3868
3787	3716
3620	3466
3255	3016
2794	2614
2480	2379
2282	2172
2052	1950
1897	1888
1875	1806
1679	1556
1494	1494
1527	1565
1619	1722
1892	2150
2518	2977
3424	3761
3996	4202
4427	4725
5187	5858
6652	7367
7795	7875
7823	8015
8564	9113
9235	8869
8142	6987
5362	3698
2657	2504
3034	3951
5247	7172
9783	12514
14571	15680
16120	16262
16303	16313
16315	16316
16316	16316
16316	16316
16316	16316
16316	16316
16316	16316
16316	16316
16316	16316
16316	16316
16316	16316
16316	16316
16316	16316
16316	16316
16316	16316
16316	16316
16316	16316
16316	16316
16316	16316
16316	16316
16316	16316
16316	16316
16316	16316
16316	16316
16316	16316
16316	16316
16316	16316
16316	16316
16316	16316
16315	16314
16312	16307
16302	16300
16300	16300
16295	16276
16230	16148
16018	15799
15363	14495
13007	10913
8521	6297
4615	3570
3042	2844
2827	2911
3061	3236
3405	3569
3793	4156
4691	5355
6051	6647
7077	7437
7877	8418
8936	9315
9587	9886
10305	10798
11248	11591
11821	11903
11732	11194
10256	9001
7642	6474
5724	5369
5183	4986
4747	4472
4165	3890
3719	3615
3484	3306
3143	3067
3101	3260
3524	3821
4070	4252
4374	4438
4444	4411
4356	4283
4192	4074
3937	3820
3757	3756
3760	3696
3540	3319
3078	2845
2637	2466
2323	2198
2076	1967
1900	1886
1887	1846
1747	1633
1568	1565
1595	1623
1637	1666
1745	1913
2219	2662
3139	3539
3842	4106
4364	4623
4928	5345
5884	6445
6868	7075
7197	7488
8013	8479
8515	8114
7487	6614
5320	3814
2715	2451
2971	4018
5516	7608
10243	12848
14735	15729
16128	16262
16302	16313
16315	16316
16316	16316
16316	16316
16316	16316
16316	16316
16316	16316
16316	16316
16316	16316
16316	16316
16316	16316
16316	16316
16316	16316
16316	16316
16316	16316
16316	16316
16316	16316
16316	16316
16316	16316
16316	16316
16316	16316
16316	16316
16316	16316
16316	16316
16316	16316
16316	16316
16316	16316
16316	16316
16316	16316
16315	16315
16312	16309
16306	16303
16303	16304
16299	16281
16240	16167
16066	15940
15733	15289
14391	12866
10755	8380
6194	4530
3483	2950
2750	2742
2861	3060
3260	3426
3599	3875
4322	4942
5637	6254
6712	7105
7583	8165
8714	9092
9302	9478
9771	10209
10701	11147
11484	11632
11489	10996
10167	9074
7866	6805
6121	5807
5624	5381
5070	4718
4322	3926
3606	3360
3150	2987
2926	2991
3163	3414
3707	3985
4202	4362
4489	4573
4591	4535
4420	4278
4131	3988
3856	3780
3813	3937
4040	4021
3870	3649
3401	3134
2858	2600
2389	2229
2102	1991
1905	1863
1857	1840
1775	1687
1623	1617
1647	1672
1670	1659
1673	1759
1979	2358
2824	3265
3634	3964
4269	4525
4740	4976
5299	5693
6063	6354
6618	6968
7409	7729
7676	7282
6800	6231
5285	3971
2830	2438
2919	4100
5871	8234
10947	13383
15013	15827
16152	16266
16303	16314
16316	16316
16316	16316
16316	16316
16316	16316
16316	16316
16316	16316
16316	16316
16316	16316
16316	16316
16316	16316
16316	16316
16316	16316
16316	16316
16316	16316
16316	16316
16316	16316
16316	16316
16316	16316
16316	16316
16316	16316
16316	16316
16316	16316
16316	16316
16316	16316
16316	16316
16316	16316
16316	16316
16316	16316
16315	16315
16313	16309
16307	16306
16306	16307
16302	16288
16249	16182
16093	16002
15900	15703
15248	14312
12744	10617
8254	6075
4418	3385
2863	2682
2723	2901
3116	3296
3450	3656
4000	4519
5155	5756
6221	6617
7098	7695
8290	8738
8994	9152
9359	9684
10101	10530
10877	11007
10808	10297
9564	8675
7710	6860
6310	6017
5753	5394
5015	4682
4358	4012
3666	3342
3074	2929
2951	3110
3337	3581
3829	4055
4239	4386
4512	4601
4614	4527
4349	4134
3933	3772
3684	3732
3946	4231
4399	4352
4153	3915
3684	3427
3120	2790
2493	2275
2129	2015
1913	1839
1813	1808
1781	1719
1660	1648
1675	1702
1700	1682
1668	1692
1817	2098
2508	2954
3370	3758
4119	4407
4600	4750
4940	5210
5525	5855
6195	6532
6820	6953
6820	6494
6199	5924
5299	4167
2992	2455
2842	4078
6060	8677
11502	13834
15260	15924
16179	16272
16304	16314
16315	16316
16316	16316
16316	16316
16316	16316
16316	16316
16316	16316
16316	16316
16316	16316
16316	16316
16316	16316
16316	16316
16316	16316
16316	16316
16316	16316
16316	16316
16316	16316
16316	16316
16316	16316
16316	16316
16316	16316
16316	16316
16316	16316
16316	16316
16316	16316
16316	16316
16316	16316
16316	16316
16316	16316
16315	16315
16314	16311
16310	16308
16309	16310
16305	16291
16258	16202
16130	16062
16007	15933
15737	15242
14249	12641
10495	8125
5963	4338
3330	2837
2702	2785
2960	3133
3284	3454
3708	4105
4628	5171
5623	6010
6454	7021
7637	8169
8544	8796
9014	9267
9568	9895
10173	10256
10063	9674
9200	8625
7909	7157
6524	6001
5458	4903
4483	4256
4132	3995
3798	3550
3317	3196
3228	3370
3543	3708
3870	4032
4180	4311
4418	4483
4468	4340
4104	3821
3569	3411
3417	3660
4106	4542
4719	4590
4318	4073
3883	3675
3384	3014
2636	2336
2149	2028
1919	1823
1773	1773
1774	1739
1686	1664
1683	1713
1725	1720
1701	1683
1727	1906
2233	2644
3071	3496
3906	4251
4482	4625
4767	4980
5271	5615
5966	6223
6316	6251
6064	5845
5747	5715
5344	4363
3163	2473
2713	3890
5928	8682
11628	13983
15363	15971
16195	16276
16306	16314
16316	16316
16316	16316
16316	16316
16316	16316
16316	16316
16316	16316
16316	16316
16316	16316
16316	16316
16316	16316
16316	16316
16316	16316
16316	16316
16316	16316
16316	16316
16316	16316
16316	16316
16316	16316
16316	16316
16316	16316
16316	16316
16316	16316
16316	16316
16316	16316
16316	16316
16316	16316
16316	16316
16316	16316
16316	16315
16314	16311
16311	16310
16311	16311
16307	16295
16270	16232
16181	16137
16110	16087
16015	15782
15235	14199
12559	10400
8045	5915
4315	3330
2867	2752
2819	2949
3096	3256
3453	3735
4120	4555
4961	5334
5747	6265
6864	7447
7937	8323
8632	8892
9126	9351
9534	9601
9534	9431
9328	9079
8509	7647
6667	5696
4798	4085
3687	3588
3644	3713
3723	3666
3588	3549
3572	3640
3713	3785
3866	3964
4062	4135
4174	4173
4111	3948
3670	3337
3059	2945
3099	3572
4235	4762
4895	4672
4350	4120
3987	3847
3606	3238
2801	2417
2168	2027
1916	1812
1743	1736
1753	1740
1697	1667
1677	1709
1737	1750
1735	1701
1698	1800
2038	2380
2773	3196
3635	4043
4352	4546
4696	4900
5192	5545
5870	6019
5921	5690
5477	5374
5441	5579
5385	4526
3310	2483
2545	3573
5532	8298
11341	13833
15314	15965
16197	16277
16305	16314
16315	16316
16316	16316
16316	16316
16316	16316
16316	16316
16316	16316
16316	16316
16316	16316
16316	16316
16316	16316
16316	16316
16316	16316
16316	16316
16316	16316
16316	16316
16316	16316
16316	16316
16316	16316
16316	16316
16316	16316
16316	16316
16316	16316
16316	16316
16316	16316
16316	16316
16316	16316
16316	16316
16316	16316
16316	16315
16315	16312
16311	16312
16312	16311
16308	16299
16283	16261
16234	16212
16202	16197
16170	16069
15802	15226
14166	12518
10377	8044
5920	4320
3345	2886
2755	2798
2920	3079
3254	3462
3724	4025
4348	4695
5090	5568
6121	6693
7228	7704
8121	8459
8714	8885
8999	9076
9172	9350
9539	9480
8926	7856
6486	5115
3989	3255
2939	2931
3064	3216
3349	3464
3569	3661
3727	3764
3787	3819
3871	3925
3949	3912
3817	3697
3561	3367
3079	2744
2493	2475
2810	3500
4309	4850
4903	4610
4279	4092
4017	3945
3768	3435
2978	2529
2211	2029
1908	1801
1725	1703
1720	1723
1692	1660
1662	1692
1733	1761
1758	1725
1708	1765
1931	2194
2517	2896
3328	3783
4179	4452
4640	4852
5152	5513
5811	5869
5628	5276
5060	5060
5248	5489
5410	4657
3450	2506
2378	3216
5027	7732
10847	13515
15174	15927
16191	16277
16305	16314
16315	16316
16316	16316
16316	16316
16316	16316
16316	16316
16316	16316
16316	16316
16316	16316
16316	16316
16316	16316
16316	16316
16316	16316
16316	16316
16316	16316
16316	16316
16316	16316
16316	16316
16316	16316
16316	16316
16316	16316
16316	16316
16316	16316
16316	16316
16316	16316
16316	16316
16316	16316
16316	16316
16316	16316
16316	16315
16314	16311
16310	16308
16308	16309
16307	16303
16295	16286
16275	16266
16263	16261
16249	16204
16085	15801
15212	14157
12537	10413
8070	5921
4310	3330
2871	2745
2805	2946
3117	3297
3475	3657
3881	4175
4547	4990
5489	6008
6511	6999
7482	7921
8247	8426
8500	8571
8755	9082
9401	9403
8825	7631
6070	4547
3392	2729
2486	2499
2606	2726
2859	3038
3249	3447
3587	3665
3721	3791
3875	3929
3893	3737
3481	3204
2962	2731
2463	2181
2009	2120
2632	3476
4333	4809
4777	4454
4155	4025
4007	3985
3870	3586
3147	2664
2283	2046
1901	1794
1712	1676
1680	1691
1677	1650
1644	1671
1716	1756
1767	1750
1738	1774
1896	2095
2352	2661
3043	3495
3946	4299
4542	4768
5069	5438
5729	5742
5416	4989
4777	4861
5138	5444
5446	4797
3629	2587
2263	2895
4542	7165
10324	13158
15004	15873
16182	16276
16305	16314
16315	16316
16316	16316
16316	16316
16316	16316
16316	16316
16316	16316
16316	16316
16316	16316
16316	16316
16316	16316
16316	16316
16316	16316
16316	16316
16316	16316
16316	16316
16316	16316
16316	16316
16316	16316
16316	16316
16316	16316
16316	16316
16316	16316
16316	16316
16316	16316
16316	16316
16316	16316
16316	16316
16316	16316
16316	16315
16313	16309
16307	16303
16304	16304
16305	16305
16304	16302
16300	16296
16293	16291
16283	16260
16202	16065
15771	15195
14174	12576
10439	8057
5883	4273
3321	2895
2797	2877
3029	3187
3313	3415
3552	3776
4100	4508
4968	5436
5876	6316
6803	7303
7701	7916
7988	8046
8230	8569
8897	8902
8344	7201
5730	4334
3327	2776
2565	2533
2550	2568
2611	2732
2925	3132
3298	3426
3548	3689
3830	3909
3861	3644
3281	2882
2548	2291
2062	1855
1774	1988
2603	3490
4288	4646
4538	4228
4000	3938
3967	3984
3910	3681
3281	2801
2377	2085
1909	1795
1712	1661
1646	1653
1656	1640
1630	1649
1692	1741
1770	1773
1772	1801
1899	2071
2291	2544
2855	3255
3703	4105
4400	4641
4939	5313
5622	5639
5286	4816
4597	4742
5095	5449
5516	4978
3883	2771
2253	2664
4143	6678
9864	12832
14838	15817
16169	16276
16305	16314
16315	16316
16316	16316
16316	16316
16316	16316
16316	16316
16316	16316
16316	16316
16316	16316
16316	16316
16316	16316
16316	16316
16316	16316
16316	16316
16316	16316
16316	16316
16316	16316
16316	16316
16316	16316
16316	16316
16316	16316
16316	16316
16316	16316
16316	16316
16316	16316
16316	16316
16316	16316
16316	16316
16316	16316
16315	16314
16312	16308
16303	16301
16300	16302
16306	16307
16309	16310
16308	16307
16305	16300
16293	16276
16238	16157
16006	15726
15188	14194
12585	10409
8010	5869
4321	3410
2995	2903
2974	3085
3169	3228
3310	3469
3728	4089
4525	4964
5352	5717
6139	6617
7044	7315
7442	7530
7697	7979
8237	8221
7743	6818
5670	4625
3905	3529
3379	3321
3256	3159
3065	3034
3073	3145
3222	3314
3439	3595
3744	3838
3805	3594
3224	2810
2472	2242
2073	1940
1914	2153
2741	3527
4157	4362
4203	3952
3822	3837
3906	3945
3899	3713
3360	2909
2472	2143
1934	1810
1725	1658
1620	1619
1631	1629
1618	1630
1668	1721
1765	1788
1800	1827
1912	2075
2289	2524
2789	3126
3533	3938
4264	4519
4805	5178
5516	5579
5248	4756
4509	4675
5085	5484
5605	5183
4197	3060
2364	2550
3847	6290
9489	12559
14691	15761
16157	16275
16305	16314
16315	16316
16316	16316
16316	16316
16316	16316
16316	16316
16316	16316
16316	16316
16316	16316
16316	16316
16316	16316
16316	16316
16316	16316
16315	16314
16313	16313
16316	16316
16316	16316
16316	16316
16316	16316
16316	16316
16316	16316
16316	16316
16316	16316
16316	16316
16316	16316
16316	16316
16316	16316
16316	16316
16316	16316
16315	16314
16311	16306
16301	16297
16297	16300
16304	16308
16310	16312
16311	16309
16306	16302
16295	16278
16239	16171
16074	15937
15695	15189
14193	12557
10386	8059
6009	4497
3566	3119
2985	2990
3025	3062
3121	3236
3430	3724
4114	4526
4874	5157
5460	5842
6243	6574
6807	6986
7181	7416
7607	7600
7286	6693
5985	5381
5016	4883
4885	4906
4858	4717
4517	4310
4121	3949
3802	3709
3683	3708
3758	3792
3737	3542
3230	2905
2668	2545
2481	2428
2429	2606
3032	3571
3944	3989
3820	3666
3649	3735
3834	3884
3849	3689
3382	2975
2558	2218
1987	1844
1747	1665
1606	1587
1599	1610
1609	1618
1651	1702
1754	1794
1817	1843
1914	2063
2282	2531
2796	3103
3471	3859
4192	4451
4719	5075
5436	5566
5303	4806
4499	4636
5075	5509
5677	5368
4517	3407
2575	2534
3626	5956
9154	12307
14552	15705
16143	16272
16305	16314
16316	16316
16316	16316
16316	16316
16316	16316
16316	16316
16316	16316
16316	16316
16316	16316
16316	16316
16316	16316
16316	16316
16316	16315
16313	16304
16292	16292
16316	16316
16316	16316
16316	16316
16316	16316
16316	16316
16316	16316
16316	16316
16316	16316
16316	16316
16316	16316
16316	16316
16316	16316
16316	16316
16316	16316
16315	16313
16309	16305
16298	16295
16295	16299
16303	16307
16310	16311
16310	16308
16306	16302
16295	16275
16232	16162
16079	15999
15908	15705
15204	14191
12573	10483
8241	6201
4638	3645
3145	2953
2903	2912
2965	3061
3205	3422
3729	4078
4372	4573
4756	5013
5351	5715
6055	6359
6638	6899
7112	7206
7132	6899
6602	6374
6313	6423
6633	6834
6923	6860
6668	6382
6031	5637
5235	4859
4535	4274
4078	3911
3721	3480
3225	3027
2942	2967
3035	3083
3110	3194
3383	3601
3690	3602
3469	3434
3524	3662
3775	3820
3780	3627
3358	3005
2635	2310
2065	1898
1783	1684
1602	1560
1562	1582
1594	1607
1637	1684
1739	1788
1821	1845
1898	2026
2241	2507
2797	3113
3471	3851
4190	4452
4696	5017
5381	5581
5409	4933
4553	4612
5044	5508
5719	5506
4797	3760
2840	2584
3446	5625
8795	12028
14391	15636
16121	16267
16304	16314
16315	16316
16316	16316
16316	16316
16316	16316
16316	16316
16316	16316
16316	16316
16316	16316
16316	16316
16316	16316
16316	16316
16316	16313
16300	16251
16170	16160
16316	16316
16316	16316
16316	16316
16316	16316
16316	16316
16316	16316
16316	16316
16316	16316
16316	16316
16316	16316
16316	16316
16316	16316
16316	16316
16316	16316
16315	16313
16309	16304
16298	16296
16297	16300
16304	16307
16309	16309
16308	16306
16305	16302
16294	16274
16230	16159
16079	16022
15997	15950
15750	15220
14189	12577
10469	8151
6025	4427
3464	3003
2828	2789
2833	2927
3045	3200
3421	3682
3899	4024
4116	4274
4543	4904
5312	5721
6108	6467
6793	7059
7228	7281
7261	7259
7371	7638
8024	8414
8683	8771
8689	8460
8097	7624
7074	6473
5859	5272
4735	4244
3803	3442
3197	3089
3126	3272
3456	3596
3659	3670
3657	3595
3457	3292
3224	3305
3475	3639
3744	3771
3712	3554
3309	3009
2695	2399
2150	1965
1830	1714
1607	1538
1524	1548
1572	1593
1623	1669
1724	1775
1813	1836
1876	1982
2183	2455
2764	3097
3464	3854
4213	4488
4717	4999
5349	5598
5514	5074
4633	4607
5011	5497
5749	5609
5018	4070
3106	2669
3302	5309
8428	11728
14210	15554
16090	16258
16303	16314
16315	16316
16316	16316
16316	16316
16316	16316
16316	16316
16316	16316
16316	16316
16316	16316
16316	16316
16316	16316
16316	16316
16315	16309
16267	16096
15780	15696
16316	16316
16316	16316
16316	16316
16316	16316
16316	16316
16316	16316
16316	16316
16316	16316
16316	16316
16316	16316
16316	16316
16316	16316
16316	16316
16316	16316
16315	16313
16310	16304
16299	16296
16297	16301
16305	16308
16309	16309
16307	16306
16304	16302
16296	16277
16233	16164
16089	16042
16043	16055
15992	15722
15070	13857
11988	9611
7149	5111
3776	3085
2796	2712
2745	2840
2950	3076
3243	3438
3585	3654
3696	3804
4027	4370
4799	5269
5738	6193
6635	7045
7376	7587
7696	7785
7958	8289
8768	9278
9672	9879
9908	9776
9482	9040
8465	7771
6998	6193
5387	4608
3930	3435
3162	3092
3189	3400
3645	3841
3934	3914
3788	3568
3305	3116
3103	3261
3475	3646
3736	3744
3665	3497
3265	3001
2730	2461
2214	2016
1870	1740
1615	1524
1498	1521
1554	1581
1613	1658
1713	1765
1801	1822
1856	1951
2141	2411
2723	3063
3439	3847
4229	4521
4744	4999
5332	5608
5576	5169
4696	4611
4991	5494
5773	5676
5157	4273
3296	2743
3215	5091
8159	11503
14072	15488
16065	16250
16300	16313
16314	16316
16316	16316
16316	16316
16316	16316
16316	16316
16316	16316
16316	16316
16316	16316
16316	16316
16316	16316
16316	16316
16315	16304
16222	15721
13587	8432
