9278	9289
9306	9327
9350	9373
9400	9428
9460	9487
9517	9546
9571	9592
9611	9629
9642	9648
9650	9650
9648	9644
9631	9610
9585	9567
9558	9554
9554	9551
9544	9533
9518	9509
9504	9502
9500	9493
9478	9452
9427	9416
9421	9438
9459	9478
9490	9494
9494	9493
9494	9497
9501	9508
9517	9528
9541	9550
9551	9554
9556	9559
9554	9538
9517	9500
9491	9488
9489	9493
9500	9513
9529	9538
9544	9546
9546	9549
9553	9559
9566	9572
9575	9576
9577	9577
9577	9577
9577	9577
9577	9578
9578	9583
9593	9609
9621	9620
9608	9588
9567	9550
9533	9523
9516	9514
9513	9512
9514	9516
9523	9533
9538	9532
9517	9493
9469	9447
9436	9437
9442	9442
9432	9413
9392	9372
9357	9350
9349	9350
9351	9350
9351	9347
9337	9320
9303	9290
9283	9281
9279	9274
9261	9241
9219	9203
9195	9192
9191	9187
9178	9164
9148	9135
9130	9128
9128	9128
9128	9128
9128	9128
9128	9128
9128	9128
9128	9128
9128	9128
9128	9128
9126	9122
9113	9098
9081	9069
9062	9060
9060	9059
9059	9059
9059	9059
9059	9059
9057	9049
9031	8998
8958	8924
8896	8873
8847	8813
8769	8712
8646	8584
8528	8479
8445	8460
8595	8886
9324	9333
9350	9371
9395	9419
9450	9482
9516	9547
9574	9598
9618	9635
9647	9654
9659	9661
9660	9659
9657	9652
9642	9623
9603	9586
9578	9576
9574	9571
9563	9550
9534	9523
9517	9516
9514	9507
9492	9468
9445	9436
9441	9458
9480	9500
9514	9519
9519	9520
9521	9525
9529	9532
9540	9550
9561	9567
9570	9574
9577	9579
9574	9560
9541	9526
9519	9517
9518	9520
9526	9537
9550	9559
9563	9564
9565	9567
9571	9577
9584	9588
9589	9590
9590	9590
9590	9590
9590	9590
9590	9591
9592	9596
9606	9620
9631	9630
9617	9597
9577	9558
9544	9535
9530	9527
9526	9526
9527	9529
9534	9539
9540	9534
9520	9502
9483	9466
9458	9458
9462	9460
9448	9427
9405	9385
9371	9364
9363	9364
9365	9364
9364	9360
9350	9333
9313	9298
9291	9289
9288	9282
9269	9250
9228	9212
9204	9201
9199	9195
9187	9172
9156	9144
9138	9136
9136	9136
9136	9136
9136	9136
9136	9136
9136	9136
9136	9136
9136	9136
9136	9136
9135	9131
9121	9105
9086	9073
9065	9063
9063	9063
9063	9063
9063	9063
9062	9062
9061	9056
9041	9017
8985	8954
8929	8906
8882	8851
8810	8756
8694	8636
8582	8535
8502	8516
8652	8941
9392	9403
9419	9441
9465	9491
9523	9560
9597	9628
9650	9665
9677	9687
9690	9687
9682	9678
9677	9675
9673	9668
9658	9642
9624	9612
9604	9602
9600	9596
9587	9570
9552	9539
9534	9532
9530	9526
9513	9493
9474	9465
9474	9491
9513	9533
9547	9556
9558	9559
9560	9564
9565	9569
9573	9579
9585	9591
9594	9598
9603	9606
9601	9591
9577	9565
9560	9558
9558	9560
9565	9572
9579	9586
9589	9591
9591	9593
9596	9600
9604	9607
9608	9609
9609	9609
9610	9610
9610	9610
9610	9610
9610	9614
9623	9634
9644	9642
9630	9612
9591	9572
9559	9550
9546	9546
9546	9546
9546	9546
9546	9547
9544	9537
9530	9520
9509	9500
9496	9494
9493	9486
9471	9450
9427	9407
9392	9385
9381	9381
9381	9381
9380	9376
9366	9349
9328	9314
9307	9303
9303	9298
9286	9266
9245	9228
9219	9215
9214	9211
9203	9189
9172	9160
9153	9151
9150	9150
9150	9150
9150	9150
9150	9150
9150	9150
9150	9150
9150	9150
9150	9150
9150	9145
9135	9118
9098	9084
9077	9074
9074	9074
9074	9074
9074	9074
9074	9073
9072	9069
9061	9045
9025	9003
8979	8957
8935	8905
8869	8823
8769	8716
8665	8620
8588	8601
8734	9022
9477	9487
9504	9526
9549	9576
9608	9645
9682	9707
9722	9727
9730	9730
9725	9717
9707	9699
9696	9695
9693	9689
9679	9664
9646	9634
9628	9624
9622	9618
9608	9592
9574	9560
9553	9551
9550	9546
9536	9522
9509	9506
9515	9534
9555	9575
9591	9599
9604	9607
9609	9611
9611	9612
9613	9613
9614	9616
9619	9625
9629	9631
9631	9626
9619	9615
9612	9612
9612	9611
9614	9615
9617	9618
9618	9619
9619	9621
9623	9625
9625	9626
9626	9626
9626	9626
9626	9626
9626	9626
9626	9626
9627	9631
9639	9650
9659	9659
9649	9630
9610	9590
9574	9566
9562	9562
9562	9562
9562	9561
9559	9555
9552	9549
9547	9548
9547	9545
9543	9541
9533	9522
9503	9480
9457	9437
9421	9410
9404	9401
9401	9400
9399	9394
9384	9367
9348	9334
9328	9325
9323	9319
9308	9289
9266	9250
9241	9239
9237	9233
9224	9210
9194	9182
9176	9174
9174	9174
9173	9173
9173	9172
9171	9170
9170	9170
9170	9170
9170	9170
9170	9170
9169	9165
9153	9135
9116	9101
9093	9091
9091	9090
9090	9090
9090	9090
9090	9090
9090	9090
9088	9082
9073	9060
9042	9020
8998	8972
8942	8905
8860	8815
8770	8727
8696	8707
8835	9117
9566	9576
9593	9615
9636	9662
9691	9724
9754	9770
9775	9771
9764	9756
9748	9737
9728	9721
9719	9718
9717	9713
9703	9686
9668	9654
9647	9644
9642	9639
9629	9613
9595	9582
9576	9574
9573	9570
9565	9557
9550	9551
9562	9580
9602	9621
9637	9648
9654	9656
9659	9661
9660	9657
9654	9650
9646	9646
9649	9653
9655	9659
9661	9664
9667	9669
9670	9670
9670	9669
9666	9662
9658	9654
9652	9651
9652	9652
9651	9649
9647	9645
9643	9643
9643	9643
9643	9643
9643	9643
9643	9643
9645	9648
9656	9668
9678	9679
9668	9650
9629	9609
9592	9580
9576	9575
9574	9574
9574	9573
9569	9564
9562	9563
9571	9579
9585	9591
9592	9587
9574	9556
9535	9513
9490	9470
9451	9438
9428	9421
9419	9418
9416	9412
9403	9386
9369	9357
9350	9348
9347	9342
9332	9313
9294	9277
9268	9265
9264	9260
9252	9237
9222	9209
9204	9201
9201	9200
9200	9198
9196	9194
9193	9193
9192	9192
9192	9191
9191	9191
9191	9191
9189	9186
9176	9159
9140	9126
9120	9117
9117	9117
9117	9117
9117	9117
9117	9117
9117	9119
9121	9125
9126	9120
9106	9086
9066	9042
9018	8990
8957	8921
8882	8842
8810	8820
8944	9218
9650	9659
9675	9693
9715	9735
9759	9783
9802	9808
9804	9792
9778	9765
9755	9747
9743	9741
9741	9741
9739	9735
9725	9707
9689	9675
9668	9666
9664	9661
9652	9637
9621	9608
9603	9601
9601	9599
9597	9595
9594	9601
9613	9631
9649	9666
9682	9692
9699	9702
9703	9703
9702	9698
9691	9685
9676	9674
9676	9678
9680	9683
9689	9698
9708	9714
9719	9720
9720	9718
9712	9704
9693	9687
9683	9683
9683	9681
9679	9675
9670	9667
9666	9666
9666	9666
9666	9666
9666	9666
9666	9666
9666	9669
9676	9688
9699	9699
9688	9670
9651	9628
9611	9599
9593	9590
9590	9590
9589	9588
9585	9580
9578	9584
9594	9608
9621	9631
9632	9622
9607	9587
9565	9544
9524	9503
9485	9469
9456	9448
9443	9441
9437	9433
9422	9408
9392	9380
9375	9373
9372	9368
9358	9341
9322	9307
9299	9295
9295	9290
9281	9268
9252	9240
9235	9233
9232	9231
9230	9225
9221	9219
9217	9217
9217	9216
9215	9213
9212	9212
9211	9211
9211	9207
9198	9183
9166	9154
9148	9147
9147	9147
9147	9147
9147	9147
9147	9147
9148	9150
9157	9166
9174	9174
9163	9146
9127	9107
9088	9068
9046	9020
8987	8949
8920	8929
9048	9310
9718	9725
9738	9756
9773	9790
9806	9819
9828	9826
9815	9799
9783	9768
9761	9757
9759	9759
9760	9760
9759	9755
9745	9730
9713	9700
9694	9691
9691	9688
9681	9669
9653	9642
9637	9635
9634	9634
9635	9637
9640	9649
9661	9676
9693	9708
9721	9730
9736	9737
9737	9736
9735	9730
9722	9714
9705	9702
9702	9705
9709	9713
9721	9731
9742	9750
9754	9756
9755	9752
9746	9735
9725	9718
9715	9714
9713	9710
9707	9701
9696	9693
9691	9691
9691	9691
9691	9691
9691	9691
9691	9691
9692	9696
9704	9714
9723	9723
9713	9694
9672	9652
9633	9622
9615	9612
9611	9611
9611	9609
9606	9602
9602	9609
9623	9638
9651	9661
9662	9652
9633	9611
9592	9573
9555	9537
9522	9508
9495	9484
9477	9470
9465	9458
9448	9435
9420	9410
9404	9402
9401	9397
9388	9373
9354	9341
9333	9331
9329	9326
9317	9302
9287	9275
9270	9268
9268	9266
9264	9258
9253	9248
9246	9245
9244	9243
9241	9238
9234	9232
9231	9230
9230	9227
9219	9208
9194	9184
9179	9178
9177	9177
9177	9177
9177	9177
9177	9177
9178	9181
9190	9201
9212	9214
9205	9190
9173	9158
9144	9132
9118	9099
9075	9044
9018	9030
9143	9392
9771	9776
9785	9797
9809	9820
9831	9837
9838	9833
9821	9808
9793	9782
9775	9773
9774	9775
9775	9775
9774	9772
9766	9754
9743	9734
9730	9729
9729	9726
9719	9710
9698	9689
9684	9683
9683	9683
9683	9686
9690	9699
9709	9720
9731	9742
9752	9758
9762	9763
9762	9760
9758	9754
9747	9739
9731	9727
9730	9735
9741	9748
9756	9763
9770	9775
9778	9778
9779	9777
9772	9764
9756	9751
9748	9747
9746	9744
9741	9736
9731	9728
9727	9727
9727	9727
9727	9727
9727	9727
9727	9727
9727	9730
9737	9748
9756	9755
9744	9726
9705	9682
9665	9653
9646	9644
9642	9642
9642	9641
9639	9638
9640	9646
9657	9670
9683	9690
9687	9674
9653	9633
9616	9601
9589	9577
9566	9556
9543	9531
9520	9508
9499	9488
9478	9465
9454	9444
9441	9439
9438	9433
9424	9407
9388	9374
9366	9364
9362	9359
9350	9336
9319	9308
9302	9300
9300	9299
9297	9292
9285	9280
9276	9276
9275	9273
9268	9261
9253	9248
9244	9243
9242	9240
9235	9226
9217	9210
9207	9206
9206	9206
9206	9206
9206	9206
9206	9206
9207	9209
9215	9224
9231	9231
9224	9212
9199	9189
9181	9174
9167	9156
9138	9118
9101	9118
9229	9463
9809	9812
9817	9824
9830	9836
9841	9844
9843	9837
9830	9822
9814	9806
9800	9797
9795	9793
9793	9793
9792	9789
9785	9779
9773	9768
9765	9765
9765	9763
9759	9750
9742	9735
9731	9730
9729	9730
9731	9733
9736	9740
9746	9753
9760	9766
9771	9776
9778	9778
9778	9776
9774	9771
9766	9758
9750	9748
9751	9761
9772	9783
9790	9796
9798	9799
9800	9802
9800	9799
9797	9792
9787	9783
9782	9782
9780	9778
9776	9772
9769	9767
9766	9766
9766	9766
9766	9766
9766	9766
9766	9767
9767	9771
9778	9789
9797	9795
9784	9764
9744	9724
9708	9696
9690	9687
9686	9686
9686	9685
9684	9683
9685	9689
9696	9704
9710	9714
9707	9690
9668	9649
9636	9627
9618	9613
9608	9602
9594	9582
9567	9551
9535	9522
9510	9499
9491	9486
9483	9482
9481	9476
9465	9444
9422	9405
9397	9394
9393	9389
9380	9366
9350	9338
9332	9330
9330	9330
9328	9324
9318	9312
9307	9304
9303	9301
9294	9282
9269	9259
9254	9253
9252	9251
9249	9244
9239	9235
9233	9232
9231	9231
9231	9231
9231	9231
9231	9231
9232	9233
9233	9236
9236	9233
9227	9219
9213	9208
9204	9201
9197	9191
9182	9170
9164	9188
9297	9519
9840	9841
9845	9847
9848	9851
9853	9854
9852	9850
9847	9843
9840	9835
9828	9821
9814	9809
9807	9806
9806	9804
9804	9801
9799	9796
9796	9794
9794	9792
9789	9784
9778	9773
9770	9770
9770	9770
9770	9771
9774	9776
9780	9782
9784	9787
9789	9790
9790	9790
9790	9789
9789	9789
9785	9776
9767	9765
9770	9783
9798	9812
9822	9825
9825	9824
9823	9823
9823	9822
9820	9820
9817	9816
9814	9814
9814	9814
9814	9813
9813	9813
9814	9814
9814	9814
9814	9814
9814	9814
9814	9814
9815	9817
9826	9836
9844	9842
9830	9813
9792	9773
9757	9746
9739	9737
9736	9735
9735	9734
9733	9731
9730	9732
9734	9738
9740	9738
9727	9706
9679	9661
9650	9645
9642	9640
9640	9639
9633	9622
9605	9586
9568	9552
9539	9531
9525	9522
9521	9520
9519	9513
9499	9477
9452	9433
9424	9422
9419	9416
9407	9393
9377	9365
9360	9357
9357	9357
9356	9354
9349	9343
9338	9335
9334	9330
9320	9305
9287	9274
9267	9265
9265	9265
9263	9261
9259	9257
9257	9257
9257	9257
9257	9257
9257	9257
9257	9257
9256	9255
9252	9246
9239	9234
9228	9224
9222	9220
9219	9218
9216	9214
9211	9207
9209	9239
9349	9564
9871	9871
9872	9873
9874	9874
9874	9874
9874	9874
9873	9871
9870	9865
9858	9847
9836	9828
9824	9823
9822	9821
9821	9821
9821	9820
9820	9819
9818	9817
9815	9811
9807	9805
9804	9803
9802	9802
9803	9804
9804	9804
9805	9806
9807	9807
9806	9807
9807	9806
9806	9807
9809	9810
9806	9795
9786	9782
9789	9802
9819	9836
9848	9854
9855	9855
9854	9854
9854	9854
9854	9853
9853	9851
9851	9851
9851	9852
9854	9856
9860	9863
9865	9865
9865	9865
9865	9865
9865	9865
9865	9865
9866	9869
9877	9886
9895	9894
9881	9864
9845	9827
9812	9800
9792	9788
9786	9786
9784	9783
9780	9776
9773	9770
9770	9771
9771	9765
9750	9724
9696	9675
9663	9660
9659	9659
9661	9662
9659	9650
9634	9614
9594	9575
9562	9554
9549	9547
9546	9546
9545	9540
9526	9502
9477	9459
9449	9446
9445	9441
9432	9418
9401	9390
9384	9381
9382	9381
9382	9379
9375	9371
9365	9362
9360	9354
9344	9327
9307	9293
9287	9284
9284	9284
9284	9283
9281	9281
9281	9281
9281	9281
9281	9281
9281	9281
9281	9281
9280	9278
9272	9262
9252	9243
9238	9236
9235	9234
9234	9233
9233	9232
9231	9232
9237	9271
9384	9598
9906	9906
9906	9906
9906	9906
9907	9907
9907	9906
9906	9906
9905	9901
9892	9877
9861	9850
9845	9843
9843	9843
9843	9843
9843	9843
9843	9843
9843	9841
9838	9836
9833	9831
9831	9831
9830	9830
9830	9831
9831	9831
9831	9831
9832	9831
9830	9828
9825	9825
9826	9829
9833	9835
9829	9816
9805	9801
9808	9823
9841	9859
9875	9884
9888	9891
9892	9892
9892	9892
9892	9892
9892	9892
9892	9892
9892	9893
9895	9899
9906	9910
9912	9912
9912	9912
9913	9913
9912	9912
9912	9913
9914	9917
9924	9934
9944	9944
9933	9916
9897	9877
9862	9849
9841	9837
9835	9834
9834	9832
9828	9823
9817	9812
9810	9810
9808	9800
9782	9752
9719	9693
9681	9676
9676	9676
9678	9681
9679	9671
9656	9636
9616	9597
9581	9572
9568	9566
9565	9565
9563	9559
9545	9523
9498	9480
9471	9468
9468	9464
9455	9440
9424	9412
9406	9405
9405	9405
9405	9403
9399	9394
9389	9385
9383	9379
9368	9352
9332	9319
9312	9310
9308	9308
9308	9308
9308	9308
9308	9308
9308	9308
9308	9308
9308	9308
9308	9308
9308	9305
9297	9285
9271	9260
9253	9251
9250	9250
9250	9250
9250	9249
9249	9250
9258	9295
9410	9630
9943	9943
9943	9943
9943	9943
9943	9943
9943	9942
9942	9942
9941	9937
9926	9908
9889	9876
9869	9868
9868	9867
9866	9865
9865	9865
9865	9865
9865	9864
9863	9862
9860	9860
9860	9860
9860	9860
9860	9860
9860	9860
9860	9860
9860	9860
9857	9853
9849	9848
9851	9856
9859	9860
9852	9838
9826	9822
9830	9845
9864	9884
9902	9916
9924	9928
9931	9931
9930	9930
9930	9930
9931	9931
9931	9933
9934	9936
9939	9943
9949	9954
9956	9956
9957	9958
9959	9959
9958	9957
9955	9954
9956	9960
9967	9977
9989	9989
9980	9963
9943	9924
9910	9898
9889	9885
9883	9882
9881	9879
9875	9869
9861	9857
9855	9853
9851	9842
9821	9787
9749	9721
9707	9701
9700	9701
9702	9702
9700	9690
9676	9657
9637	9618
9602	9590
9586	9583
9582	9582
9581	9576
9564	9543
9519	9502
9494	9490
9489	9486
9477	9462
9446	9434
9428	9426
9426	9426
9426	9425
9421	9415
9410	9408
9406	9401
9392	9377
9360	9347
9341	9340
9339	9339
9339	9339
9338	9338
9338	9337
9337	9337
9337	9337
9337	9337
9337	9338
9337	9334
9325	9311
9292	9278
9271	9268
9268	9268
9268	9268
9268	9268
9268	9269
9277	9313
9432	9657
9974	9974
9974	9974
9974	9974
9973	9972
9971	9970
9970	9969
9967	9963
9952	9934
9914	9900
9893	9889
9889	9889
9889	9888
9887	9886
9885	9885
9885	9885
9885	9884
9884	9884
9884	9884
9884	9884
9885	9886
9887	9888
9888	9888
9888	9887
9884	9878
9874	9874
9878	9885
9889	9887
9877	9860
9848	9845
9852	9868
9889	9911
9931	9948
9961	9967
9971	9971
9971	9971
9971	9971
9971	9971
9975	9980
9986	9989
9988	9987
9991	9996
9998	9997
9997	10000
10002	10002
9999	9994
9990	9989
9991	9994
10001	10010
10021	10025
10015	9995
9975	9959
9947	9939
9933	9930
9928	9926
9923	9920
9917	9912
9906	9900
9897	9895
9892	9881
9859	9823
9784	9755
9740	9733
9730	9729
9728	9725
9720	9711
9695	9678
9659	9639
9623	9611
9603	9600
9599	9599
9597	9593
9583	9564
9542	9526
9518	9516
9515	9512
9502	9486
9470	9457
9450	9449
9449	9448
9449	9448
9444	9438
9433	9430
9428	9425
9416	9402
9387	9376
9372	9370
9369	9368
9367	9366
9365	9364
9363	9363
9363	9363
9363	9363
9363	9363
9363	9363
9363	9360
9351	9335
9315	9299
9291	9288
9288	9288
9288	9288
9288	9288
9288	9289
9297	9335
9454	9681
10002	10002
10002	10002
10002	10001
9998	9995
9989	9987
9986	9985
9984	9979
9970	9956
9938	9926
9920	9918
9917	9917
9914	9911
9909	9905
9904	9904
9904	9904
9904	9904
9904	9904
9904	9904
9904	9905
9908	9910
9913	9915
9917	9917
9917	9915
9911	9905
9901	9903
9909	9918
9922	9920
9908	9890
9873	9868
9877	9896
9918	9941
9962	9982
9997	10005
10009	10009
10009	10008
10008	10009
10009	10010
10017	10032
10047	10051
10040	10030
10029	10033
10033	10028
10026	10029
10035	10035
10028	10019
10011	10011
10015	10020
10021	10027
10040	10046
10034	10010
9991	9981
9977	9974
9970	9967
9963	9957
9954	9950
9946	9944
9941	9937
9933	9926
9919	9908
9886	9853
9818	9792
9776	9768
9761	9756
9753	9746
9739	9730
9717	9703
9686	9669
9653	9640
9630	9625
9622	9620
9618	9615
9605	9588
9571	9557
9549	9546
9545	9541
9531	9515
9496	9483
9475	9473
9473	9473
9473	9471
9466	9460
9456	9453
9452	9448
9442	9430
9417	9407
9404	9402
9402	9400
9397	9394
9390	9386
9385	9385
9384	9384
9384	9384
9384	9384
9384	9384
9384	9381
9373	9356
9336	9320
9312	9310
9308	9308
9308	9308
9308	9308
9308	9310
9318	9356
9477	9705
10028	10028
10028	10028
10028	10025
10021	10013
10004	9996
9993	9992
9991	9988
9981	9972
9961	9951
9948	9947
9946	9944
9940	9934
9927	9921
9919	9918
9917	9917
9917	9917
9917	9917
9917	9917
9918	9919
9924	9931
9937	9942
9945	9947
9946	9944
9940	9932
9928	9931
9940	9951
9958	9957
9946	9926
9907	9901
9909	9931
9955	9980
10001	10018
10030	10037
10040	10040
10039	10039
10039	10040
10040	10042
10051	10075
10104	10112
10090	10066
10060	10064
10059	10046
10037	10039
10046	10047
10037	10025
10021	10028
10040	10044
10037	10035
10047	10057
10046	10017
9998	9994
9999	10002
10002	9999
9992	9983
9973	9967
9962	9963
9964	9960
9954	9945
9933	9920
9901	9877
9852	9833
9817	9804
9791	9783
9774	9767
9757	9748
9739	9729
9718	9708
9696	9681
9669	9660
9655	9652
9650	9646
9637	9622
9606	9592
9585	9582
9581	9577
9566	9548
9528	9514
9507	9504
9504	9504
9501	9496
9489	9481
9477	9476
9474	9472
9466	9458
9449	9443
9439	9437
9436	9435
9429	9421
9412	9405
9402	9402
9402	9402
9402	9402
9402	9402
9402	9402
9401	9398
9389	9374
9356	9343
9335	9333
9332	9332
9332	9332
9332	9332
9332	9334
9342	9380
9501	9732
10059	10059
10059	10059
10058	10055
10047	10033
10019	10007
10001	9999
9998	9995
9993	9987
9981	9977
9975	9974
9973	9971
9964	9955
9944	9936
9933	9931
9931	9931
9931	9931
9931	9931
9931	9931
9931	9933
9939	9950
9960	9968
9973	9974
9973	9971
9965	9958
9953	9956
9967	9981
9994	9996
9987	9967
9947	9941
9949	9971
9999	10024
10044	10055
10063	10066
10069	10069
10068	10068
10069	10070
10069	10068
10077	10107
10142	10154
10125	10086
10067	10061
10045	10018
9992	9988
9997	10000
9997	9995
10008	10034
10058	10062
10049	10044
10057	10070
10059	10034
10015	10012
10020	10027
10032	10029
10019	10004
9990	9982
9978	9980
9983	9981
9972	9958
9940	9924
9910	9899
9887	9874
9860	9843
9827	9812
9798	9786
9776	9766
9761	9757
9753	9748
9738	9725
9712	9699
9690	9685
9681	9677
9669	9656
9641	9630
9622	9618
9617	9613
9602	9583
9563	9549
9541	9539
9539	9538
9533	9526
9516	9507
9502	9499
9498	9497
9494	9490
9484	9481
9480	9479
9479	9474
9467	9452
9438	9428
9423	9421
9421	9421
9421	9421
9421	9421
9421	9421
9419	9417
9407	9393
9377	9367
9360	9357
9357	9357
9357	9357
9357	9357
9357	9358
9366	9405
9528	9760
10088	10088
10088	10088
10086	10082
10072	10055
10035	10022
10015	10012
10011	10010
10009	10007
10005	10003
10002	10002
10001	9997
9991	9978
9964	9953
9949	9947
9947	9947
9947	9947
9947	9947
9947	9947
9947	9950
9958	9970
9985	9995
10000	10002
10001	9999
9993	9983
9977	9979
9991	10007
10023	10031
10025	10006
9987	9980
9993	10016
10044	10071
10086	10095
10098	10100
10100	10100
10100	10102
10102	10105
10106	10104
10105	10122
10153	10167
10135	10071
10014	9968
9922	9867
9818	9798
9808	9824
9839	9865
9916	9979
10023	10038
10040	10051
10073	10088
10086	10072
10060	10052
10051	10058
10064	10063
10053	10034
10017	10004
10000	10005
10008	10006
9994	9976
9957	9939
9928	9924
9923	9917
9904	9884
9863	9844
9828	9812
9796	9786
9782	9783
9783	9781
9775	9763
9748	9732
9721	9714
9710	9705
9698	9686
9670	9657
9649	9647
9645	9641
9631	9613
9594	9579
9573	9571
9570	9568
9563	9554
9542	9533
9528	9526
9526	9526
9525	9522
9520	9519
9518	9518
9517	9513
9503	9485
9466	9452
9445	9443
9442	9442
9442	9442
9442	9442
9442	9442
9441	9438
9430	9415
9400	9390
9384	9382
9381	9381
9381	9381
9381	9381
9381	9383
9390	9429
9551	9785
10112	10112
10112	10112
10111	10106
10095	10076
10056	10039
10032	10029
10029	10029
10028	10027
10027	10026
10026	10026
10025	10023
10014	9999
9983	9972
9966	9964
9964	9964
9964	9964
9964	9964
9964	9964
9965	9968
9978	9992
10007	10018
10024	10026
10026	10023
10017	10007
10000	10002
10014	10031
10049	10059
10057	10043
10029	10026
10039	10064
10093	10116
10130	10137
10139	10139
10140	10140
10140	10142
10144	10151
10158	10155
10142	10138
10153	10156
10100	9976
9829	9695
9587	9491
9406	9359
9363	9397
9443	9520
9638	9761
9845	9895
9945	10010
10067	10099
10119	10131
10127	10109
10095	10096
10103	10103
10092	10073
10054	10039
10035	10038
10043	10039
10028	10009
9987	9970
9960	9961
9963	9961
9946	9926
9906	9886
9864	9842
9822	9809
9803	9805
9808	9808
9803	9791
9775	9760
9749	9740
9736	9732
9723	9711
9695	9681
9674	9671
9668	9664
9655	9639
9622	9608
9601	9599
9598	9595
9589	9578
9566	9558
9553	9551
9550	9550
9550	9549
9548	9548
9548	9548
9547	9543
9532	9513
9493	9477
9469	9468
9468	9468
9468	9468
9468	9468
9468	9468
9467	9463
9455	9440
9425	9413
9407	9405
9405	9405
9405	9405
9405	9405
9405	9406
9414	9454
9577	9811
10136	10136
10136	10136
10134	10130
10118	10099
10077	10061
10054	10051
10051	10051
10051	10051
10051	10051
10051	10051
10049	10046
10036	10022
10005	9994
9988	9986
9986	9986
9986	9986
9986	9986
9986	9986
9986	9990
9999	10013
10029	10041
10047	10049
10049	10046
10039	10030
10024	10025
10035	10052
10070	10081
10086	10079
10071	10073
10090	10114
10140	10162
10176	10182
10184	10187
10187	10187
10186	10188
10192	10202
10213	10207
10181	10158
10153	10127
10004	9755
9443	9172
8982	8831
8690	8590
8570	8612
8698	8849
9065	9278
9426	9534
9672	9843
9986	10076
10136	10183
10195	10172
10148	10143
10148	10148
10136	10118
10098	10085
10078	10083
10086	10082
10070	10051
10028	10011
10002	10004
10007	10003
9990	9972
9951	9930
9905	9878
9851	9832
9825	9824
9826	9827
9823	9812
9798	9785
9774	9767
9761	9757
9748	9735
9718	9703
9695	9693
9690	9686
9676	9661
9644	9631
9625	9621
9620	9618
9611	9601
9589	9580
9576	9575
9573	9573
9573	9573
9573	9573
9573	9573
9572	9568
9555	9537
9516	9500
9493	9490
9489	9489
9489	9489
9489	9489
9489	9489
9489	9485
9476	9462
9447	9435
9429	9426
9426	9426
9426	9426
9426	9426
9426	9427
9435	9474
9598	9831
10154	10154
10154	10154
10153	10148
10137	10118
10097	10082
10074	10072
10072	10072
10072	10072
10072	10072
10072	10071
10071	10067
10058	10044
10028	10016
10010	10007
10006	10006
10006	10006
10006	10006
10006	10006
10007	10011
10020	10034
10050	10061
10067	10070
10070	10067
10061	10053
10047	10048
10058	10073
10091	10103
10111	10114
10114	10123
10139	10161
10183	10203
10218	10227
10232	10235
10235	10233
10232	10234
10238	10246
10253	10243
10212	10180
10156	10078
9839	9395
8857	8410
8120	7911
7707	7541
7476	7513
7632	7855
8168	8472
8682	8864
9127	9471
9786	9997
10128	10210
10243	10230
10208	10198
10198	10195
10182	10163
10145	10131
10124	10125
10130	10127
10117	10097
10076	10058
10048	10048
10049	10046
10034	10018
9997	9974
9946	9913
9881	9859
9847	9845
9845	9845
9840	9831
9820	9809
9800	9794
9789	9784
9777	9762
9746	9730
9723	9719
9718	9714
9703	9685
9667	9653
9646	9644
9643	9640
9633	9623
9610	9601
9597	9595
9595	9595
9595	9594
9594	9594
9594	9593
9592	9588
9576	9558
9537	9522
9515	9513
9512	9512
9512	9512
9512	9512
9512	9511
9511	9507
9498	9484
9468	9456
9451	9449
9448	9448
9448	9448
9448	9448
9448	9449
9457	9495
9618	9851
10170	10170
10170	10170
10168	10164
10153	10135
10114	10100
10093	10090
10090	10090
10090	10090
10090	10090
10090	10090
10089	10086
10077	10064
10049	10037
10032	10029
10029	10029
10029	10029
10029	10029
10029	10029
10029	10033
10040	10053
10066	10077
10083	10086
10087	10085
10081	10072
10068	10070
10083	10099
10116	10129
10140	10147
10155	10166
10183	10204
10224	10242
10256	10265
10273	10276
10276	10273
10272	10272
10276	10279
10279	10263
10233	10204
10168	10026
9639	8958
8156	7502
7104	6849
6617	6422
6334	6354
6462	6691
7033	7369
7617	7885
8327	8926
9493	9883
10103	10219
10268	10273
10261	10252
10249	10241
10225	10206
10186	10170
10158	10155
10160	10166
10161	10146
10126	10107
10096	10093
10092	10086
10075	10058
10038	10015
9986	9949
9915	9889
9876	9870
9868	9865
9859	9850
9840	9832
9825	9822
9819	9815
9807	9793
9776	9762
9753	9749
9744	9740
9729	9711
9690	9676
9669	9666
9665	9661
9654	9643
9631	9622
9615	9614
9613	9613
9613	9612
9611	9611
9610	9610
9609	9604
9593	9575
9555	9540
9532	9530
9530	9530
9530	9530
9530	9530
9530	9530
9529	9526
9518	9503
9487	9474
9469	9468
9468	9468
9468	9468
9468	9468
9468	9468
9476	9514
9635	9866
10186	10186
10186	10186
10184	10180
10169	10150
10130	10116
10110	10108
10107	10107
10107	10107
10107	10107
10107	10107
10105	10103
10095	10083
10070	10060
10056	10055
10054	10054
10054	10054
10054	10054
10054	10054
10055	10056
10060	10068
10076	10084
10091	10096
10099	10100
10097	10091
10091	10097
10114	10131
10149	10164
10174	10181
10190	10201
10218	10236
10255	10272
10287	10299
10306	10309
10308	10306
10306	10307
10308	10308
10302	10287
10263	10242
10190	9986
9456	8551
7484	6614
6104	5839
5654	5515
5444	5415
5426	5552
5820	6128
6412	6817
7511	8416
9251	9808
10096	10227
10282	10301
10302	10294
10287	10275
10254	10227
10195	10160
10133	10128
10150	10179
10197	10193
10178	10160
10146	10137
10133	10125
10112	10096
10076	10051
10021	9987
9953	9928
9911	9901
9894	9888
9881	9869
9861	9855
9854	9852
9852	9849
9844	9832
9814	9797
9783	9775
9770	9765
9753	9735
9714	9697
9689	9686
9685	9683
9675	9665
9654	9646
9641	9640
9640	9638
9635	9632
9629	9626
9625	9625
9624	9619
9609	9590
9570	9555
9548	9546
9546	9546
9546	9546
9546	9546
9546	9546
9545	9542
9533	9518
9503	9491
9485	9483
9483	9483
9483	9483
9483	9483
9483	9484
9492	9530
9651	9881
10202	10202
10202	10201
10200	10195
10184	10166
10147	10131
10124	10122
10122	10122
10122	10122
10122	10122
10122	10121
10120	10119
10114	10105
10096	10089
10085	10084
10084	10084
10084	10084
10084	10084
10084	10084
10084	10082
10081	10081
10081	10083
10090	10099
10107	10112
10114	10116
10121	10136
10157	10181
10199	10212
10218	10220
10223	10230
10244	10262
10281	10301
10317	10328
10334	10336
10336	10335
10334	10337
10336	10335
10333	10325
10308	10285
10210	9948
9310	8235
6956	5897
5297	5069
5010	4989
4927	4778
4598	4545
4704	5004
5409	6060
7061	8232
9224	9840
10132	10250
10300	10324
10332	10321
10301	10275
10234	10167
10079	9991
9942	9965
10050	10147
10212	10235
10231	10217
10197	10182
10170	10159
10145	10127
10107	10083
10057	10027
9998	9974
9955	9940
9928	9916
9906	9892
9884	9879
9880	9881
9883	9884
9879	9870
9855	9834
9815	9800
9790	9785
9776	9758
9736	9719
9710	9707
9705	9703
9698	9689
9682	9674
9672	9670
9670	9669
9664	9658
9651	9645
9643	9642
9641	9635
9625	9606
9585	9571
9564	9562
9562	9562
9562	9562
9562	9562
9562	9562
9560	9556
9547	9533
9516	9505
9499	9498
9498	9498
9498	9498
9498	9498
9498	9498
9506	9544
9666	9898
10218	10218
10218	10218
10217	10212
10200	10183
10162	10148
10141	10139
10137	10137
10137	10137
10137	10137
10137	10137
10137	10137
10135	10130
10124	10121
10119	10118
10117	10117
10117	10117
10117	10117
10117	10117
10116	10112
10106	10095
10086	10085
10092	10105
10118	10129
10136	10144
10157	10179
10208	10235
10257	10266
10266	10259
10256	10259
10272	10289
10310	10331
10347	10358
10362	10362
10361	10361
10362	10364
10364	10367
10374	10376
10363	10326
10213	9897
9187	8005
6589	5403
4762	4614
4709	4789
4674	4337
3951	3763
3894	4304
4968	5953
7222	8491
9442	9975
10204	10289
10322	10343
10342	10312
10262	10190
10075	9899
9682	9509
9469	9593
9820	10044
10193	10261
10277	10267
10245	10220
10203	10189
10174	10156
10135	10114
10090	10068
10046	10025
10005	9985
9966	9949
9933	9920
9910	9905
9905	9908
9911	9913
9914	9909
9894	9871
9845	9823
9810	9803
9794	9777
9755	9736
9726	9722
9721	9720
9718	9715
9711	9709
9707	9707
9706	9703
9697	9687
9674	9665
9661	9659
9657	9653
9643	9623
9603	9589
9581	9579
9579	9579
9579	9579
9579	9579
9579	9579
9578	9574
9565	9550
9533	9522
9515	9515
9513	9513
9513	9513
9513	9513
9514	9515
9522	9561
9683	9915
10233	10233
10233	10232
10232	10229
10218	10201
10182	10168
10161	10159
10158	10158
10158	10158
10158	10158
10158	10158
10158	10157
10155	10154
10152	10150
10149	10149
10149	10149
10149	10149
10149	10149
10149	10149
10148	10143
10132	10116
10101	10098
10106	10122
10140	10153
10164	10174
10192	10219
10253	10286
10307	10315
10308	10297
10288	10289
10301	10320
10343	10364
10382	10392
10395	10394
10393	10394
10397	10400
10403	10411
10425	10436
10422	10361
10205	9833
9067	7820
6322	5071
4438	4394
4618	4732
4502	3996
3514	3348
3609	4262
5258	6533
7890	9032
9763	10125
10269	10320
10331	10331
10300	10225
10098	9911
9640	9285
8929	8718
8781	9101
9536	9914
10154	10268
10309	10309
10286	10257
10234	10220
10205	10186
10165	10145
10126	10109
10092	10075
10054	10031
10009	9986
9966	9950
9937	9931
9930	9933
9936	9940
9943	9941
9930	9904
9873	9845
9827	9819
9811	9794
9771	9751
9741	9737
9737	9736
9737	9738
9739	9741
9741	9741
9739	9735
9726	9712
9695	9683
9677	9676
9673	9668
9658	9642
9623	9609
9601	9599
9599	9599
9599	9599
9599	9599
9599	9599
9597	9594
9585	9570
9554	9541
9536	9534
9533	9533
9533	9533
9533	9533
9533	9534
9543	9581
9702	9931
10250	10250
10250	10249
10248	10244
10235	10218
10200	10188
10180	10179
10178	10178
10178	10178
10178	10178
10178	10178
10178	10178
10178	10177
10176	10176
10176	10176
10176	10176
10176	10176
10176	10176
10176	10176
10175	10171
10159	10142
10127	10123
10134	10152
10171	10187
10197	10207
10224	10254
10291	10326
10349	10354
10345	10330
10322	10325
10337	10357
10382	10404
10421	10431
10433	10431
10430	10431
10435	10441
10447	10459
10478	10489
10468	10387
10189	9771
8956	7662
6113	4826
4221	4272
4573	4653
4304	3731
3329	3367
3895	4855
6124	7498
8711	9558
10009	10193
10251	10261
10245	10200
10103	9925
9653	9282
8833	8371
8022	7947
8227	8776
9383	9861
10143	10277
10330	10343
10329	10301
10274	10256
10240	10221
10202	10181
10163	10151
10138	10123
10102	10080
10054	10029
10007	9983
9966	9955
9952	9954
9957	9963
9967	9967
9956	9930
9897	9866
9847	9838
9831	9814
9788	9768
9758	9754
9753	9754
9757	9759
9762	9767
9767	9767
9766	9762
9750	9734
9714	9700
9693	9691
9690	9684
9675	9658
9642	9629
9621	9619
9619	9619
9619	9619
9619	9619
9619	9619
9617	9615
9605	9591
9574	9562
9556	9554
9554	9554
9554	9554
9554	9554
9554	9555
9563	9602
9722	9950
10269	10269
10269	10269
10268	10263
10253	10238
10221	10208
10202	10201
10200	10200
10200	10200
10200	10200
10200	10200
10200	10200
10200	10200
10200	10200
10200	10200
10200	10200
10200	10200
10200	10200
10200	10200
10199	10195
10187	10172
10161	10160
10172	10190
10210	10226
10236	10243
10259	10287
10326	10362
10381	10385
10376	10364
10359	10363
10379	10401
10425	10448
10464	10472
10473	10471
10470	10472
10477	10482
10492	10504
10519	10524
10492	10392
10162	9704
8865	7561
5993	4691
4098	4188
4490	4488
4057	3533
3344	3683
4527	5760
7156	8418
9330	9845
10048	10070
10025	9969
9908	9791
9568	9209
8737	8221
7768	7477
7423	7663
8185	8861
9497	9951
10198	10307
10355	10379
10377	10355
10327	10304
10283	10263
10242	10221
10204	10192
10182	10169
10150	10127
10102	10077
10049	10021
9997	9980
9973	9974
9978	9982
9987	9988
9978	9954
9920	9889
9870	9861
9852	9834
9809	9788
9777	9774
9773	9775
9777	9780
9785	9788
9790	9790
9790	9785
9774	9756
9737	9721
9713	9711
9709	9706
9695	9679
9662	9649
9644	9641
9640	9640
9640	9640
9640	9640
9640	9640
9639	9636
9627	9612
9594	9583
9577	9576
9575	9575
9575	9575
9575	9575
9575	9577
9584	9622
9743	9972
10293	10293
10293	10293
10292	10289
10278	10262
10245	10231
10225	10223
10221	10221
10221	10221
10221	10221
10221	10221
10221	10221
10221	10221
10221	10221
10221	10221
10221	10220
10220	10220
10219	10219
10220	10220
10219	10218
10212	10204
10198	10200
10213	10231
10250	10266
10275	10281
10292	10319
10357	10390
10410	10412
10405	10397
10396	10406
10423	10447
10473	10495
10509	10515
10514	10513
10512	10515
10519	10525
10533	10543
10549	10542
10499	10371
10096	9594
8755	7507
6006	4724
4107	4149
4362	4248
3787	3394
3461	4088
5189	6582
7949	8970
9543	9769
9766	9629
9448	9295
9149	8919
8519	7965
7371	6923
6782	6982
7429	8011
8663	9300
9815	10148
10310	10368
10396	10422
10430	10413
10381	10353
10331	10309
10286	10264
10247	10235
10226	10213
10196	10173
10149	10122
10093	10060
10027	10006
9997	9995
9997	10001
10006	10009
9999	9974
9942	9912
9894	9885
9874	9856
9830	9810
9799	9797
9796	9797
9798	9802
9807	9809
9811	9811
9810	9806
9796	9779
9759	9746
9738	9736
9735	9731
9721	9704
9686	9672
9666	9663
9663	9663
9663	9663
9663	9663
9663	9663
9661	9657
9648	9634
9616	9603
9597	9595
9595	9595
9595	9594
9594	9594
9593	9594
9603	9641
9764	9995
10320	10320
10320	10319
10318	10314
10304	10287
10269	10256
10250	10248
10247	10247
10247	10247
10247	10247
10247	10247
10247	10247
10247	10247
10247	10247
10247	10247
10246	10245
10244	10242
10241	10241
10242	10244
10245	10243
10239	10234
10232	10237
10249	10266
10286	10303
10312	10315
10325	10349
10383	10417
10435	10438
10432	10428
10432	10445
10464	10489
10515	10537
10551	10557
10558	10556
10556	10559
10564	10570
10574	10576
10573	10557
10498	10333
9985	9407
8565	7432
6101	4911
4255	4165
4217	3992
3553	3334
3636	4463
5688	7084
8292	9030
9309	9298
9105	8801
8475	8191
7910	7530
7004	6412
5940	5817
6182	6947
7837	8631
9273	9773
10128	10336
10423	10441
10451	10470
10478	10459
10425	10396
10371	10351
10328	10306
10290	10276
10266	10252
10235	10215
10192	10166
10134	10097
10062	10037
10025	10022
10022	10024
10028	10030
10019	9994
9962	9932
9914	9906
9895	9877
9854	9834
9824	9821
9820	9821
9822	9824
9827	9830
9831	9831
9830	9827
9816	9801
9783	9771
9764	9763
9761	9756
9745	9727
9708	9693
9686	9683
9683	9683
9683	9683
9683	9683
9683	9683
9682	9678
9668	9654
9636	9623
9616	9614
9613	9613
9612	9612
9611	9610
9610	9611
9619	9658
9781	10014
10340	10340
10340	10340
10339	10335
10326	10310
10294	10282
10276	10274
10274	10274
10274	10274
10274	10274
10274	10274
10274	10274
10274	10274
10274	10274
10274	10274
10274	10272
10268	10262
10259	10259
10264	10269
10272	10270
10266	10261
10261	10266
10280	10298
10317	10335
10343	10347
10356	10378
10411	10442
10461	10464
10460	10459
10464	10479
10498	10522
10548	10571
10587	10595
10597	10598
10599	10603
10608	10611
10610	10604
10593	10570
10496	10289
9854	9164
8275	7253
6148	5132
4468	4220
4088	3771
3401	3362
3845	4775
5988	7239
8202	8674
8726	8519
8141	7667
7201	6783
6362	5894
5421	5061
4959	5258
6017	7092
8168	9021
9613	10013
10276	10427
10489	10500
10503	10512
10509	10484
10451	10424
10403	10386
10368	10347
10330	10317
10304	10287
10268	10249
10225	10201
10170	10135
10104	10079
10066	10058
10055	10054
10055	10052
10040	10014
9980	9948
9930	9922
9916	9900
9880	9863
9854	9850
9850	9849
9849	9848
9847	9846
9846	9846
9845	9842
9833	9818
9801	9790
9784	9782
9781	9776
9766	9747
9729	9714
9707	9704
9704	9703
9703	9703
9703	9703
9703	9703
9703	9699
9689	9675
9658	9646
9639	9637
9636	9635
9633	9631
9627	9625
9624	9626
9634	9672
9795	10030
10355	10355
10355	10355
10353	10350
10342	10333
10321	10312
10308	10305
10305	10305
10305	10305
10305	10305
10305	10305
10305	10305
10305	10305
10305	10305
10305	10305
10304	10301
10292	10281
10273	10274
10285	10297
10302	10300
10292	10286
10283	10290
10305	10325
10346	10365
10375	10379
10387	10409
10442	10474
10491	10494
10490	10489
10495	10508
10526	10549
10574	10599
10616	10627
10635	10640
10642	10646
10649	10651
10644	10631
10611	10578
10493	10261
9761	8958
7972	6981
6065	5258
4654	4294
4003	3628
3336	3448
4051	5008
6121	7156
7852	8092
7954	7569
7017	6396
5826	5330
4876	4483
4256	4287
4599	5189
6054	7103
8136	8971
9566	9970
10245	10419
10501	10528
10535	10538
10524	10494
10462	10440
10424	10412
10399	10384
10370	10355
10338	10319
10298	10276
10254	10229
10204	10177
10151	10133
10118	10107
10099	10092
10087	10080
10062	10033
9997	9965
9946	9939
9934	9923
9907	9894
9885	9882
9882	9880
9877	9871
9864	9859
9857	9856
9855	9851
9842	9828
9812	9800
9795	9793
9792	9788
9779	9763
9746	9732
9726	9724
9724	9724
9724	9724
9724	9724
9724	9724
9723	9720
9712	9699
9685	9675
9670	9668
9668	9665
9661	9655
9648	9642
9641	9640
9649	9686
9809	10042
10360	10360
10360	10360
10360	10359
10356	10350
10344	10339
10337	10336
10336	10336
10336	10336
10336	10336
10336	10336
10336	10336
10336	10336
10336	10336
10336	10335
10334	10329
10317	10300
10289	10291
10308	10326
10335	10333
10323	10313
10308	10313
10329	10351
10377	10396
10406	10414
10423	10447
10480	10510
10527	10531
10526	10523
10526	10537
10553	10574
10600	10624
10644	10659
10670	10679
10683	10686
10686	10684
10673	10654
10627	10588
10501	10277
9775	8917
7827	6765
5900	5235
4736	4357
3979	3572
3349	3568
4238	5176
6171	6999
7454	7464
7119	6548
5846	5135
4533	4079
3749	3574
3636	3967
4500	5152
5913	6791
7712	8545
9211	9714
10089	10338
10473	10525
10545	10548
10533	10501
10471	10454
10444	10437
10430	10421
10408	10391
10371	10348
10326	10303
10280	10257
10237	10219
10204	10191
10176	10162
10147	10133
10124	10110
10088	10054
10015	9982
9962	9956
9954	9947
9934	9923
9917	9914
9912	9909
9902	9889
9877	9867
9862	9860
9859	9855
9847	9832
9817	9805
9798	9797
9796	9793
9785	9773
9758	9747
9742	9740
9740	9740
9740	9740
9740	9740
9740	9740
9739	9738
9731	9724
9713	9707
9703	9702
9701	9699
9692	9681
9668	9660
9655	9655
9663	9701
9823	10054
10371	10371
10371	10371
10371	10371
10369	10366
10364	10362
10360	10360
10360	10360
10360	10360
10360	10360
10360	10360
10360	10360
10360	10360
10360	10360
10360	10360
10359	10352
10339	10320
10307	10312
10333	10356
10369	10367
10355	10342
10337	10342
10359	10384
10411	10432
10444	10450
10463	10488
10521	10552
10569	10571
10565	10561
10561	10570
10586	10606
10629	10653
10674	10691
10705	10714
10719	10719
10718	10712
10698	10676
10647	10609
10535	10351
9914	9094
7952	6757
5781	5118
4701	4378
4001	3599
3438	3734
4444	5348
6238	6895
7125	6873
6271	5502
4703	3988
3453	3135
3006	3050
3277	3675
4180	4729
5349	6095
6961	7838
8631	9300
9831	10204
10417	10510
10545	10553
10543	10517
10491	10477
10470	10468
10465	10459
10448	10428
10406	10381
10357	10334
10311	10290
10272	10258
10249	10240
10227	10209
10190	10173
10157	10138
10110	10075
10034	10000
9980	9973
9972	9968
9960	9952
9947	9945
9943	9939
9929	9912
9893	9878
9871	9868
9868	9864
9856	9841
9825	9814
9808	9806
9805	9801
9794	9784
9770	9761
9756	9754
9753	9753
9753	9753
9753	9753
9753	9753
9753	9753
9750	9746
9740	9736
9734	9732
9732	9728
9719	9705
9689	9677
9671	9670
9678	9715
9837	10069
10387	10387
10387	10387
10387	10387
10387	10387
10386	10386
10386	10386
10386	10386
10386	10386
10386	10386
10386	10386
10386	10386
10386	10386
10386	10386
10386	10384
10383	10377
10363	10344
10333	10340
10365	10391
10406	10404
10392	10380
10375	10382
10401	10425
10452	10473
10485	10494
10507	10531
10564	10594
10613	10615
10608	10600
10600	10609
10623	10644
10667	10690
10710	10726
10738	10745
10748	10748
10744	10737
10721	10700
10676	10648
10594	10460
10110	9392
8275	6962
5783	4991
4590	4350
4033	3686
3605	3982
4721	5587
6374	6862
6849	6311
5447	4516
3690	3055
2651	2480
2503	2661
2908	3218
3575	3981
4483	5153
5995	6932
7867	8728
9454	9993
10323	10485
10548	10564
10557	10539
10522	10512
10509	10507
10507	10503
10490	10469
10443	10419
10395	10372
10349	10329
10310	10296
10287	10275
10262	10245
10225	10205
10185	10161
10132	10094
10052	10019
10000	9993
9992	9989
9982	9974
9970	9968
9966	9962
9951	9932
9911	9896
9888	9884
9884	9880
9871	9856
9839	9827
9820	9818
9818	9815
9809	9798
9785	9778
9773	9770
9770	9770
9770	9770
9770	9770
9770	9770
9770	9770
9768	9766
9764	9762
9761	9761
9759	9755
9745	9727
9708	9694
9688	9686
9693	9732
9853	10084
10409	10409
10409	10409
10408	10408
10407	10406
10406	10406
10406	10406
10406	10406
10406	10406
10406	10406
10406	10406
10406	10406
10406	10406
10406	10406
10406	10406
10405	10399
10389	10374
10366	10379
10404	10430
10445	10443
10433	10424
10422	10431
10449	10474
10498	10516
10527	10535
10550	10577
10609	10639
10656	10659
10651	10645
10644	10652
10669	10689
10712	10732
10750	10762
10770	10772
10774	10772
10768	10758
10744	10726
10712	10697
10660	10558
10277	9663
8615	7240
5882	4918
4469	4287
4060	3809
3839	4309
5070	5878
6525	6790
6497	5695
4661	3682
2916	2395
2106	2028
2119	2314
2543	2773
3016	3307
3700	4273
5048	5982
7003	8023
8944	9681
10176	10441
10547	10573
10569	10560
10552	10550
10551	10552
10553	10548
10535	10514
10487	10462
10439	10416
10394	10372
10351	10334
10318	10304
10289	10272
10252	10231
10209	10183
10151	10112
10070	10037
10017	10011
10012	10008
10001	9994
9989	9986
9985	9980
9971	9952
9933	9919
9912	9909
9908	9905
9894	9879
9860	9846
9839	9836
9835	9833
9827	9817
9807	9798
9794	9793
9793	9793
9793	9793
9793	9793
9793	9793
9793	9792
9791	9788
9787	9786
9786	9785
9783	9779
9768	9750
9729	9714
9707	9705
9713	9750
9873	10105
10429	10429
10429	10429
10429	10429
10429	10428
10428	10427
10427	10427
10427	10427
10427	10427
10427	10427
10427	10427
10427	10427
10427	10427
10426	10426
10426	10427
10425	10422
10414	10403
10402	10416
10445	10472
10486	10484
10475	10468
10468	10480
10499	10522
10544	10560
10571	10579
10593	10620
10653	10683
10700	10702
10696	10690
10691	10700
10715	10733
10753	10772
10787	10795
10798	10798
10796	10794
10790	10781
10766	10753
10747	10742
10716	10627
10386	9844
8865	7484
6012	4905
4377	4210
4063	3933
4106	4674
5440	6147
6582	6546
5946	4962
3916	3041
2408	1995
1770	1722
1838	2070
2337	2584
2804	3030
3326	3770
4409	5236
6223	7305
8372	9297
9970	10360
10528	10575
10581	10582
10583	10587
10590	10593
10594	10589
10577	10555
10532	10507
10484	10461
10437	10415
10392	10370
10349	10332
10314	10294
10274	10253
10229	10202
10169	10129
10089	10056
10038	10032
10031	10028
10019	10011
10006	10004
10002	9999
9989	9974
9957	9945
9939	9938
9936	9931
9921	9904
9884	9870
9863	9860
9859	9856
9850	9839
9827	9819
9814	9813
9813	9813
9813	9813
9813	9813
9813	9813
9813	9812
9811	9809
9808	9806
9805	9805
9804	9800
9789	9773
9754	9740
9732	9731
9738	9776
9896	10127
10450	10450
10450	10450
10450	10450
10450	10450
10450	10450
10450	10450
10450	10450
10450	10450
10450	10450
10450	10450
10450	10449
10447	10445
10443	10442
10442	10444
10445	10443
10437	10430
10433	10452
10482	10508
10522	10522
10517	10512
10514	10525
10544	10564
10585	10600
10610	10619
10635	10665
10700	10727
10740	10741
10736	10734
10738	10748
10760	10774
10789	10803
10815	10818
10817	10816
10818	10816
10809	10798
10784	10776
10774	10776
10756	10678
10465	9973
9049	7680
6150	4933
4307	4102
4004	4009
4347	5018
5761	6312
6464	6078
5216	4179
3276	2613
2138	1805
1615	1587
1732	2023
2382	2719
2995	3224
3471	3806
4277	4918
5754	6776
7890	8935
9749	10254
10491	10573
10597	10608
10617	10623
10626	10628
10628	10624
10612	10595
10574	10551
10528	10503
10479	10455
10431	10407
10382	10358
10337	10315
10293	10270
10245	10218
10185	10147
10110	10079
10062	10056
10056	10052
10043	10034
10027	10023
10021	10017
10009	9997
9981	9971
9966	9963
9961	9957
9946	9929
9908	9893
9886	9883
9882	9880
9873	9863
9852	9844
9840	9838
9838	9838
9838	9838
9838	9838
9837	9837
9837	9837
9834	9832
9829	9827
9826	9825
9824	9820
9811	9795
9777	9764
9759	9758
9765	9802
9922	10151
10468	10468
10468	10468
10468	10468
10468	10468
10468	10468
10468	10468
10468	10468
10468	10468
10468	10468
10468	10468
10467	10465
10462	10456
10450	10449
10450	10454
10458	10461
10458	10454
10461	10479
10508	10534
10550	10555
10552	10548
10552	10563
10579	10599
10617	10634
10645	10654
10675	10708
10744	10766
10772	10769
10768	10774
10784	10795
10803	10808
10813	10820
10826	10827
10828	10831
10839	10842
10831	10813
10799	10795
10798	10800
10786	10722
10538	10094
9219	7869
6302	4991
4243	3951
3868	4012
4529	5300
5986	6324
6158	5468
4480	3549
2882	2433
2086	1816
1669	1682
1870	2217
2654	3085
3444	3728
3989	4281
4634	5087
5719	6583
7632	8701
9589	10171
10464	10578
10620	10639
10650	10655
10657	10659
10658	10653
10644	10630
10614	10593
10570	10545
10519	10494
10469	10440
10411	10383
10358	10334
10312	10288
10261	10232
10201	10168
10136	10110
10095	10089
10086	10082
10073	10062
10051	10044
10039	10035
10028	10018
10005	9996
9992	9990
9988	9984
9973	9955
9935	9920
9913	9910
9908	9906
9900	9891
9879	9870
9866	9864
9864	9864
9864	9864
9864	9864
9864	9864
9864	9863
9860	9855
9850	9845
9843	9843
9842	9839
9830	9815
9798	9787
9781	9781
9787	9824
9943	10170
10482	10482
10482	10482
10482	10482
10482	10482
10482	10482
10482	10482
10482	10482
10482	10482
10482	10482
10482	10482
10482	10479
10471	10460
10449	10444
10449	10457
10468	10475
10476	10476
10481	10499
10523	10549
10569	10579
10582	10581
10582	10592
10607	10627
10647	10663
10675	10689
10712	10745
10777	10793
10794	10792
10797	10810
10824	10836
10841	10837
10831	10829
10829	10824
10823	10835
10857	10869
10856	10831
10817	10819
10826	10825
10809	10759
10611	10222
9407	8094
6514	5117
4226	3810
3722	3998
4681	5509
6083	6165
5704	4850
3925	3222
2789	2497
2243	2040
1953	2015
2237	2601
3048	3500
3892	4217
4521	4841
5173	5530
5993	6673
7582	8598
9504	10135
10470	10604
10649	10668
10677	10681
10682	10682
10682	10678
10672	10662
10650	10633
10612	10586
10559	10533
10503	10471
10437	10404
10377	10352
10329	10303
10276	10246
10215	10191
10169	10153
10139	10131
10126	10121
10111	10098
10081	10066
10057	10054
10049	10041
10031	10024
10020	10019
10017	10013
10003	9986
9966	9951
9944	9941
9940	9938
9931	9920
9909	9900
9895	9894
9893	9893
9893	9893
9893	9893
9893	9893
9893	9892
9887	9879
9869	9862
9858	9857
9856	9853
9844	9829
9814	9801
9796	9794
9802	9839
9959	10186
10496	10496
10496	10496
10496	10496
10496	10496
10496	10496
10496	10496
10496	10496
10496	10496
10496	10496
10496	10496
10496	10491
10481	10463
10447	10440
10446	10461
10476	10488
10493	10496
10500	10513
10534	10560
10583	10600
10607	10609
10611	10620
10635	10654
10674	10692
10706	10720
10741	10768
10792	10803
10806	10810
10822	10836
10849	10859
10862	10859
10851	10844
10836	10825
10821	10838
10875	10898
10888	10862
10849	10855
10862	10858
10836	10794
10684	10368
9644	8417
6869	5407
4361	3793
3679	4060
4847	5643
6022	5823
5159	4322
3615	3164
2898	2706
2540	2425
2402	2496
2712	3025
3405	3801
4159	4466
4770	5114
5489	5868
6289	6856
7641	8578
9474	10134
10501	10648
10690	10700
10702	10704
10705	10705
10704	10703
10698	10690
10680	10668
10648	10625
10599	10570
10538	10502
10464	10429
10400	10374
10351	10327
10297	10266
10238	10221
10211	10203
10193	10183
10174	10168
10157	10139
10117	10094
10081	10077
10074	10069
10063	10058
10055	10054
10053	10048
10037	10018
9997	9981
9975	9971
9970	9967
9961	9951
9940	9931
9927	9926
9925	9925
9925	9925
9925	9925
9925	9925
9923	9921
9913	9901
9885	9874
9868	9866
9864	9862
9853	9839
9823	9811
9805	9804
9812	9849
9970	10198
10513	10513
10513	10513
10513	10513
10513	10513
10513	10513
10513	10513
10513	10513
10513	10513
10513	10513
10513	10513
10512	10507
10495	10475
10456	10449
10458	10475
10495	10510
10517	10519
10521	10530
10549	10575
10601	10621
10633	10637
10639	10648
10665	10685
10706	10724
10736	10745
10757	10775
10793	10805
10816	10829
10840	10845
10845	10849
10855	10858
10854	10843
10827	10816
10819	10847
10889	10919
10916	10893
10887	10898
10908	10897
10870	10833
10756	10519
9928	8857
7418	5937
4736	3995
3820	4250
5043	5686
5778	5317
4592	3936
3498	3230
3051	2935
2864	2832
2857	2962
3141	3382
3684	4031
4367	4637
4870	5148
5521	5969
6460	7041
7785	8664
9525	10180
10554	10703
10738	10736
10730	10728
10728	10728
10729	10728
10724	10719
10709	10695
10678	10657
10632	10604
10573	10535
10496	10460
10429	10404
10380	10355
10326	10296
10271	10259
10258	10259
10253	10240
10229	10218
10205	10183
10154	10127
10110	10103
10101	10098
10092	10088
10087	10086
10085	10080
10068	10050
10028	10012
10005	10002
10000	9997
9991	9980
9969	9961
9957	9955
9955	9955
9955	9955
9955	9955
9955	9955
9953	9949
9938	9921
9903	9888
9880	9878
9876	9872
9864	9849
9834	9822
9815	9815
9822	9861
9983	10214
10535	10535
10535	10535
10535	10535
10535	10535
10535	10535
10535	10535
10535	10535
10535	10535
10535	10535
10535	10534
10531	10527
10515	10498
10480	10475
10486	10506
10525	10542
10549	10549
10548	10554
10571	10596
10623	10646
10661	10667
10672	10683
10701	10722
10744	10759
10764	10762
10765	10778
10793	10808
10821	10828
10823	10807
10790	10783
10783	10779
10762	10733
10708	10708
10743	10804
10869	10910
10918	10910
10912	10930
10945	10942
10913	10876
10821	10648
10196	9325
8059	6614
5290	4384
4132	4547
5235	5611
5382	4748
4118	3728
3519	3344
3190	3118
3116	3142
3207	3335
3517	3741
4036	4416
4818	5123
5296	5442
5708	6142
6697	7349
8104	8934
9714	10301
10634	10763
10786	10776
10762	10753
10750	10749
10749	10749
10748	10742
10734	10719
10702	10681
10659	10635
10606	10571
10535	10498
10469	10443
10418	10393
10365	10335
10312	10304
10309	10314
10310	10297
10281	10267
10250	10224
10190	10159
10139	10132
10129	10126
10120	10115
10113	10112
10111	10106
10093	10075
10053	10037
10030	10027
10025	10023
10017	10005
9994	9987
9982	9980
9980	9980
9980	9980
9980	9980
9980	9979
9979	9974
9962	9943
9922	9907
9899	9895
9894	9891
9882	9866
9850	9838
9831	9831
9837	9876
10000	10233
10555	10555
10555	10555
10555	10555
10555	10555
10555	10555
10555	10555
10555	10555
10555	10555
10555	10555
10555	10555
10554	10550
10540	10526
10515	10514
10526	10545
10564	10579
10585	10583
10581	10585
10600	10624
10650	10672
10688	10699
10709	10723
10743	10765
10786	10799
10798	10787
10784	10797
10809	10816
10813	10791
10739	10672
10615	10577
10540	10486
10405	10321
10275	10303
10406	10549
10682	10779
10835	10870
10898	10927
10951	10962
10952	10923
10871	10737
10382	9673
8573	7196
5814	4808
4503	4862
5369	5435
4948	4286
3858	3723
3672	3542
3386	3303
3297	3344
3467	3682
3955	4260
4633	5120
5661	6093
6308	6380
6509	6824
7325	7957
8672	9394
10029	10484
10734	10829
10843	10823
10799	10781
10773	10771
10771	10771
10772	10768
10758	10744
10724	10704
10681	10660
10635	10605
10573	10542
10515	10487
10464	10438
10409	10379
10358	10353
10361	10368
10364	10349
10332	10311
10290	10258
10219	10186
10166	10159
10156	10151
10143	10137
10136	10135
10134	10130
10117	10098
10077	10061
10053	10051
10049	10046
10040	10029
10017	10009
10005	10004
10004	10004
10004	10004
10004	10004
10004	10004
10002	9998
9986	9967
9946	9931
9924	9922
9920	9916
9906	9890
9871	9858
9852	9851
9858	9897
10020	10253
10574	10574
10574	10574
10574	10574
10574	10574
10574	10574
10574	10574
10574	10574
10574	10574
10575	10576
10576	10576
10576	10574
10567	10558
10552	10556
10570	10589
10608	10622
10626	10620
10614	10617
10632	10654
10677	10698
10716	10732
10748	10766
10786	10809
10830	10843
10838	10823
10821	10831
10836	10823
10778	10675
10504	10310
10151	10035
9919	9761
9565	9392
9313	9377
9568	9822
10078	10304
10497	10649
10754	10820
10875	10926
10958	10956
10918	10802
10495	9868
8853	7519
6122	5084
4767	5071
5397	5224
4632	4081
3866	3899
3933	3843
3685	3548
3474	3509
3715	4083
4531	4999
5513	6128
6797	7361
7682	7791
7853	8030
8370	8849
9397	9931
10370	10670
10832	10894
10898	10873
10839	10811
10799	10794
10794	10794
10792	10790
10781	10766
10746	10724
10705	10683
10662	10636
10610	10584
10559	10536
10511	10484
10455	10423
10403	10401
10411	10418
10413	10398
10375	10351
10322	10286
10247	10214
10194	10185
10183	10174
10164	10157
10154	10154
10153	10148
10137	10117
10096	10081
10073	10071
10070	10067
10060	10050
10039	10031
10026	10025
10025	10025
10025	10025
10025	10025
10025	10025
10023	10019
10007	9990
9971	9957
9949	9947
9946	9941
9931	9913
9894	9879
9872	9872
9879	9918
10041	10273
10595	10595
10595	10595
10595	10595
10595	10595
10595	10595
10595	10595
10595	10595
10595	10595
10597	10598
10599	10601
10602	10602
10598	10593
10592	10598
10614	10633
10650	10661
10662	10655
10648	10650
10665	10685
10706	10726
10745	10765
10786	10808
10830	10854
10876	10889
10885	10872
10867	10870
10863	10814
10677	10402
9994	9556
9217	8996
8802	8548
8249	7997
7888	7962
8186	8492
8842	9228
9633	10000
10265	10441
10588	10737
10863	10936
10947	10868
10608	10031
9044	7690
6240	5161
4822	5074
5292	5046
4521	4144
4065	4146
4199	4138
3978	3784
3649	3695
4011	4567
5231	5907
6591	7309
8025	8620
8991	9144
9199	9284
9465	9739
10068	10387
10643	10814
10906	10942
10940	10910
10868	10837
10824	10821
10820	10817
10812	10805
10797	10784
10768	10747
10727	10707
10687	10666
10644	10624
10603	10580
10555	10530
10499	10469
10450	10447
10456	10461
10457	10439
10414	10385
10352	10313
10272	10239
10218	10209
10203	10193
10181	10173
10169	10168
10167	10163
10152	10134
10114	10099
10091	10088
10087	10085
10079	10069
10059	10051
10047	10046
10045	10045
10045	10045
10043	10042
10042	10041
10040	10036
10026	10008
9990	9977
9970	9968
9966	9962
9951	9935
9915	9902
9895	9894
9901	9939
10060	10292
10610	10610
10610	10610
10610	10610
10610	10610
10610	10610
10610	10610
10610	10611
10611	10613
10616	10620
10624	10628
10632	10635
10636	10635
10637	10645
10659	10676
10692	10701
10699	10689
10680	10685
10701	10723
10743	10760
10778	10799
10823	10848
10872	10897
10920	10933
10931	10922
10915	10914
10888	10776
10486	9948
9219	8498
7985	7702
7495	7225
6900	6621
6479	6485
6597	6781
7072	7522
8112	8717
9200	9551
9860	10191
10511	10757
10897	10909
10734	10246
9311	7928
6375	5169
4715	4872
5059	4899
4556	4339
4298	4327
4336	4271
4113	3911
3803	3948
4429	5179
6042	6897
7702	8443
9086	9566
9846	9956
9987	10027
10121	10272
10457	10641
10791	10888
10939	10957
10950	10917
10880	10855
10850	10851
10849	10841
10829	10816
10805	10796
10782	10765
10748	10732
10715	10698
10681	10663
10643	10621
10598	10573
10545	10516
10497	10494
10497	10499
10491	10471
10444	10414
10380	10341
10301	10267
10245	10233
10223	10208
10193	10183
10179	10178
10177	10173
10162	10145
10125	10111
10105	10102
10101	10099
10094	10086
10077	10071
10069	10068
10068	10067
10065	10062
10059	10056
10054	10053
10053	10049
10038	10022
10002	9989
9981	9980
9978	9974
9966	9952
9936	9924
9919	9919
9926	9963
10084	10312
10625	10625
10625	10625
10625	10625
10625	10625
10625	10625
10625	10625
10625	10626
10628	10633
10639	10646
10654	10662
10670	10677
10682	10685
10688	10696
10708	10720
10732	10739
10736	10725
10717	10725
10745	10770
10790	10806
10819	10838
10861	10887
10913	10940
10963	10975
10975	10968
10965	10961
10917	10727
10267	9483
8512	7640
7086	6829
6660	6415
6100	5802
5580	5421
5288	5198
5263	5611
6240	6975
7605	8082
8530	9066
9674	10232
10629	10812
10760	10398
9576	8234
6611	5234
4571	4576
4760	4756
4604	4483
4424	4375
4312	4230
4110	3992
4016	4342
5017	5933
6916	7839
8627	9244
9666	9890
9959	9945
9934	9975
10085	10249
10439	10618
10756	10839
10879	10891
10888	10874
10858	10854
10864	10874
10874	10860
10842	10825
10814	10803
10794	10782
10772	10759
10746	10733
10720	10704
10684	10661
10639	10615
10590	10566
10548	10540
10537	10531
10519	10498
10472	10440
10406	10370
10332	10301
10277	10260
10245	10227
10209	10196
10190	10188
10187	10183
10172	10155
10135	10120
10113	10111
10109	10108
10105	10101
10097	10093
10091	10091
10091	10089
10086	10080
10073	10067
10065	10063
10061	10057
10047	10029
10010	9995
9989	9985
9984	9983
9977	9967
9956	9949
9945	9944
9953	9989
10108	10331
10643	10643
10643	10643
10643	10643
10643	10643
10643	10643
10643	10643
10643	10644
10646	10652
10660	10672
10683	10696
10709	10721
10729	10734
10738	10742
10749	10760
10770	10774
10770	10759
10755	10766
10793	10820
10843	10855
10863	10877
10899	10925
10952	10977
10999	11012
11013	11009
11012	11016
10959	10719
10168	9304
8328	7542
7105	6907
6723	6423
6036	5641
5274	4924
4568	4246
4088	4243
4730	5374
5938	6351
6766	7387
8250	9183
9945	10391
10501	10267
9600	8405
6832	5366
4512	4355
4524	4627
4580	4493
4425	4341
4240	4171
4154	4200
4406	4906
5716	6699
7675	8495
9082	9407
9481	9369
9184	9047
9036	9158
9385	9677
9984	10255
10452	10564
10614	10641
10673	10710
10753	10799
10843	10871
10879	10871
10856	10840
10824	10813
10804	10796
10790	10784
10777	10769
10757	10741
10722	10699
10677	10656
10635	10612
10595	10583
10572	10557
10539	10518
10492	10463
10431	10398
10363	10333
10309	10288
10268	10245
10223	10209
10202	10200
10198	10194
10184	10165
10146	10130
10123	10121
10121	10120
10119	10119
10119	10118
10119	10119
10118	10116
10109	10100
10089	10081
10077	10076
10075	10069
10058	10038
10018	10002
9994	9992
9991	9989
9986	9982
9977	9973
9971	9972
9978	10015
10133	10354
10664	10664
10664	10664
10664	10664
10664	10664
10664	10664
10664	10664
10665	10665
10668	10674
10684	10695
10710	10726
10743	10757
10767	10772
10774	10777
10783	10792
10800	10803
10798	10790
10789	10805
10835	10867
10889	10899
10903	10912
10933	10958
10984	11008
11027	11041
11046	11047
11058	11068
11013	10782
10284	9564
8824	8293
8018	7829
7523	7053
6500	5945
5441	5004
4612	4254
3999	3955
4158	4487
4760	4912
5097	5573
6473	7640
8739	9483
9793	9716
9255	8325
6976	5587
4661	4404
4544	4659
4599	4486
4414	4344
4269	4268
4382	4596
4947	5519
6309	7189
7977	8521
8755	8696
8412	8017
7668	7495
7557	7812
8194	8638
9086	9472
9741	9886
9957	10030
10146	10301
10466	10623
10753	10833
10869	10876
10873	10859
10841	10824
10815	10810
10808	10806
10803	10797
10790	10775
10755	10733
10711	10690
10672	10654
10639	10623
10605	10583
10559	10536
10512	10486
10455	10421
10390	10362
10339	10317
10292	10264
10239	10222
10213	10211
10209	10205
10194	10177
10158	10145
10139	10138
10137	10137
10138	10140
10142	10144
10146	10146
10145	10141
10134	10122
10108	10098
10093	10091
10089	10085
10073	10053
10031	10016
10008	10005
10005	10005
10003	10001
9999	9998
9996	9997
10004	10041
10157	10377
10684	10684
10684	10684
10684	10684
10684	10684
10684	10684
10684	10684
10685	10685
10687	10693
10704	10718
10733	10751
10768	10783
10794	10799
10802	10804
10809	10816
10823	10825
10821	10814
10817	10837
10869	10904
10925	10932
10935	10944
10963	10987
11011	11034
11053	11067
11075	11083
11097	11109
11069	10901
10566	10117
9697	9426
9259	9025
8589	7972
7286	6637
6106	5728
5456	5192
4906	4663
4522	4448
4351	4184
4050	4208
4872	5989
7216	8160
8647	8756
8569	8019
7057	5929
5096	4843
4974	5059
4926	4725
4577	4479
4434	4513
4723	5023
5403	5895
6489	7086
7533	7706
7573	7211
6735	6259
5912	5793
5926	6254
6705	7222
7749	8211
8538	8724
8844	9008
9266	9596
9950	10291
10573	10762
10857	10890
10893	10881
10859	10839
10828	10824
10824	10824
10824	10822
10815	10802
10783	10761
10739	10718
10702	10686
10671	10655
10633	10607
10580	10557
10534	10509
10479	10447
10415	10389
10364	10344
10317	10286
10256	10236
10227	10223
10221	10218
10208	10192
10174	10162
10156	10154
10154	10155
10157	10161
10164	10168
10169	10169
10168	10166
10158	10143
10128	10116
10110	10109
10107	10102
10091	10071
10050	10033
10026	10022
10021	10021
10021	10021
10020	10019
10018	10020
10028	10065
10181	10400
10705	10705
10705	10705
10705	10705
10705	10705
10705	10705
10705	10705
10706	10707
10709	10715
10725	10739
10757	10774
10790	10804
10815	10821
10826	10831
10838	10844
10848	10849
10843	10838
10841	10864
10900	10934
10954	10961
10962	10971
10990	11012
11035	11056
11074	11090
11101	11108
11120	11132
11113	11027
10863	10659
10485	10373
10258	10011
9570	8977
8333	7741
7283	7009
6841	6619
6263	5833
5415	5035
4651	4222
3808	3628
3942	4803
5920	6848
7367	7586
7650	7508
7036	6326
5750	5607
5772	5854
5678	5359
5031	4769
4662	4750
4964	5218
5488	5779
6080	6334
6451	6347
6033	5609
5184	4824
4584	4507
4609	4856
5216	5669
6184	6684
7079	7348
7576	7872
8286	8785
9323	9853
10317	10649
10829	10899
10910	10897
10876	10856
10846	10843
10843	10845
10845	10843
10838	10824
10808	10788
10767	10746
10728	10713
10698	10680
10656	10630
10603	10579
10557	10533
10502	10471
10440	10414
10392	10370
10343	10310
10278	10256
10245	10242
10240	10237
10228	10212
10196	10183
10176	10174
10173	10175
10178	10182
10186	10191
10193	10194
10192	10189
10180	10164
10149	10136
10131	10129
10126	10123
10112	10092
10071	10054
10046	10044
10043	10043
10043	10043
10043	10043
10043	10043
10051	10087
10202	10420
10727	10727
10727	10727
10727	10727
10726	10725
10724	10724
10725	10725
10727	10727
10730	10736
10747	10761
10778	10795
10810	10824
10836	10846
10855	10862
10869	10873
10876	10874
10868	10862
10868	10890
10926	10960
10980	10986
10988	10997
11014	11035
11057	11077
11096	11112
11121	11126
11134	11142
11141	11113
11061	11001
10954	10915
10833	10648
10334	9924
9470	9032
8682	8458
8284	8008
7566	7033
6501	5974
5415	4800
4193	3793
3859	4463
5329	6019
6355	6510
6687	6861
6869	6662
6442	6452
6646	6744
6584	6197
5677	5175
4885	4865
4986	5115
5212	5291
5344	5370
5335	5199
4971	4714
4482	4292
4142	4051
4036	4099
4261	4559
4997	5501
5962	6328
6656	7040
7519	8077
8694	9343
9956	10436
10732	10870
10912	10910
10893	10878
10869	10868
10867	10868
10868	10867
10861	10850
10833	10813
10792	10771
10752	10736
10720	10702
10679	10653
10627	10604
10580	10556
10526	10494
10465	10440
10419	10396
10368	10335
10303	10282
10272	10269
10267	10262
10253	10237
10219	10206
10199	10196
10195	10197
10199	10204
10207	10211
10212	10213
10212	10208
10200	10185
10168	10156
10150	10148
10146	10141
10130	10112
10090	10076
10069	10066
10066	10066
10066	10066
10065	10065
10064	10064
10072	10108
10223	10441
10744	10744
10744	10744
10744	10743
10743	10741
10740	10739
10741	10742
10745	10748
10751	10757
10768	10782
10798	10814
10830	10845
10857	10871
10883	10893
10901	10905
10906	10903
10896	10889
10894	10916
10950	10982
11002	11008
11012	11022
11038	11056
11076	11095
11113	11127
11135	11140
11145	11155
11161	11157
11150	11150
11154	11147
11104	11006
10854	10648
10392	10111
9856	9652
9433	9103
8654	8159
7647	7068
6388	5649
4957	4497
4472	4883
5433	5753
5779	5749
5902	6247
6612	6839
6948	7064
7221	7301
7193	6845
6267	5606
5121	4937
4943	4975
4973	4937
4883	4843
4833	4832
4811	4769
4712	4637
4547	4453
4365	4299
4298	4440
4760	5190
5619	5971
6270	6590
6978	7460
8051	8742
9460	10085
10528	10780
10890	10920
10916	10906
10896	10891
10890	10892
10892	10890
10883	10871
10856	10838
10816	10794
10773	10756
10741	10721
10699	10672
10648	10625
10604	10579
10553	10522
10494	10470
10448	10426
10397	10362
10330	10308
10298	10294
10293	10289
10278	10262
10244	10230
10223	10221
10220	10221
10223	10226
10231	10233
10235	10235
10234	10230
10220	10203
10186	10172
10166	10162
10161	10158
10148	10131
10113	10100
10093	10091
10091	10091
10089	10087
10086	10085
10083	10083
10091	10127
10242	10461
10769	10769
10769	10769
10769	10767
10765	10762
10759	10758
10760	10764
10769	10773
10779	10787
10797	10808
10824	10837
10851	10866
10880	10895
10909	10922
10932	10939
10942	10938
10931	10922
10926	10944
10975	11004
11024	11035
11040	11049
11063	11078
11093	11110
11124	11135
11140	11144
11152	11168
11181	11184
11183	11193
11214	11227
11218	11189
11142	11066
10939	10775
10603	10429
10212	9922
9580	9212
8768	8169
7422	6646
5979	5553
5476	5673
5863	5809
5545	5343
5438	5832
6350	6807
7105	7257
7328	7358
7310	7098
6645	6021
5459	5161
5092	5100
5089	5045
4988	4968
5020	5124
5226	5295
5314	5297
5272	5247
5208	5146
5104	5161
5355	5634
5896	6075
6197	6327
6538	6888
7417	8117
8912	9664
10256	10641
10844	10926
10943	10937
10926	10918
10915	10914
10915	10913
10907	10897
10881	10862
10841	10817
10796	10777
10758	10740
10716	10690
10666	10644
10624	10605
10582	10555
10529	10506
10485	10462
10430	10394
10358	10333
10322	10317
10316	10313
10303	10288
10271	10259
10254	10252
10252	10252
10252	10253
10254	10255
10255	10255
10254	10250
10239	10222
10202	10188
10179	10177
10175	10173
10165	10153
10139	10128
10122	10120
10119	10118
10116	10110
10105	10101
10099	10100
10106	10144
10260	10483
10800	10800
10800	10800
10799	10798
10794	10788
10782	10782
10785	10793
10803	10812
10820	10828
10836	10846
10855	10865
10877	10889
10902	10915
10927	10944
10960	10973
10979	10977
10968	10960
10960	10974
11001	11028
11049	11062
11069	11079
11089	11100
11111	11121
11130	11136
11136	11135
11149	11178
11202	11206
11198	11204
11226	11251
11268	11275
11270	11239
11176	11087
10985	10866
10714	10532
10336	10094
9714	9131
8415	7720
7151	6753
6551	6458
6289	5943
5511	5238
5300	5657
6143	6610
6943	7083
7089	7077
7086	7041
6824	6392
5891	5549
5433	5430
5419	5378
5339	5346
5414	5515
5611	5672
5692	5704
5749	5827
5892	5913
5919	5971
6091	6236
6321	6309
6240	6195
6256	6496
6959	7638
8454	9279
9980	10480
10777	10918
10967	10970
10956	10942
10933	10933
10936	10937
10933	10923
10910	10890
10868	10845
10821	10800
10779	10758
10735	10708
10684	10665
10648	10634
10619	10597
10574	10552
10531	10505
10470	10427
10384	10356
10341	10336
10335	10332
10325	10312
10300	10290
10285	10284
10283	10283
10281	10279
10276	10275
10274	10274
10273	10267
10256	10239
10219	10204
10196	10194
10193	10191
10185	10176
10167	10161
10156	10154
10154	10152
10146	10137
10126	10117
10115	10114
10121	10159
10281	10509
10835	10835
10835	10835
10835	10831
10825	10816
10809	10807
10813	10826
10840	10854
10867	10875
10881	10885
10889	10896
10906	10915
10922	10931
10943	10963
10986	11006
11017	11017
11007	10996
10994	11007
11028	11053
11075	11091
11103	11111
11119	11124
11130	11135
11140	11140
11134	11130
11147	11185
11219	11226
11217	11217
11237	11268
11298	11316
11315	11293
11252	11202
11146	11080
11003	10922
10820	10635
10287	9760
9167	8648
8220	7825
7432	7022
6555	6043
5586	5333
5369	5624
5971	6336
6625	6746
6737	6733
6801	6886
6863	6623
6213	5859
5695	5645
5589	5517
5485	5515
5581	5643
5682	5697
5702	5730
5824	5966
6093	6173
6230	6306
6417	6520
6548	6475
6347	6241
6231	6387
6760	7353
8106	8927
9690	10292
10689	10902
10986	11001
10986	10966
10952	10950
10955	10961
10961	10952
10938	10920
10897	10872
10848	10825
10803	10781
10757	10731
10707	10689
10676	10668
10659	10644
10623	10602
10579	10552
10513	10462
10413	10377
10361	10356
10354	10352
10347	10337
10328	10320
10317	10315
10315	10313
10309	10303
10298	10293
10291	10291
10290	10284
10273	10255
10235	10221
10214	10211
10210	10208
10206	10201
10196	10192
10191	10190
10189	10186
10178	10164
10149	10138
10133	10132
10140	10179
10303	10537
10868	10868
10867	10867
10867	10864
10856	10843
10833	10832
10841	10857
10875	10893
10906	10915
10919	10920
10924	10928
10934	10941
10945	10948
10957	10978
11008	11033
11047	11048
11040	11031
11027	11036
11056	11078
11100	11118
11132	11141
11148	11150
11152	11155
11156	11153
11144	11141
11157	11196
11232	11246
11242	11242
11259	11287
11316	11332
11331	11311
11270	11220
11165	11107
11046	10974
10860	10644
10272	9790
9354	9082
8875	8545
8021	7364
6670	6059
5628	5423
5424	5556
5768	6036
6268	6377
6410	6477
6606	6734
6759	6570
6190	5818
5612	5515
5401	5283
5252	5316
5403	5454
5467	5470
5494	5568
5696	5838
5943	6006
6071	6170
6300	6422
6484	6470
6412	6359
6359	6468
6735	7183
7802	8548
9336	10045
10566	10869
11000	11029
11013	10988
10973	10971
10976	10983
10986	10979
10964	10946
10924	10901
10876	10853
10831	10810
10786	10761
10738	10719
10709	10705
10698	10683
10664	10644
10622	10593
10552	10499
10445	10407
10388	10382
10381	10378
10373	10363
10353	10347
10344	10343
10342	10339
10333	10325
10316	10309
10306	10305
10304	10300
10288	10269
10250	10236
10229	10227
10227	10226
10224	10222
10220	10219
10218	10218
10217	10213
10204	10189
10173	10159
10152	10151
10159	10199
10325	10561
10893	10893
10893	10893
10893	10889
10881	10868
10855	10856
10866	10884
10905	10923
10936	10946
10949	10951
10954	10958
10963	10966
10965	10966
10974	10997
11029	11058
11077	11079
11071	11060
11057	11065
11082	11103
11125	11142
11158	11167
11171	11174
11176	11177
11177	11173
11166	11162
11176	11208
11245	11265
11271	11273
11279	11292
11305	11311
11302	11268
11201	11098
10972	10831
10677	10494
10260	9939
9516	9086
8852	8905
9032	8918
8436	7661
6773	5993
5482	5256
5225	5300
5461	5686
5876	5976
6076	6249
6429	6530
6483	6232
5821	5430
5207	5084
4924	4752
4698	4771
4873	4940
4982	5046
5168	5347
5517	5617
5633	5630
5685	5821
5999	6160
6266	6315
6336	6361
6418	6532
6735	7048
7498	8120
8897	9704
10371	10797
10996	11048
11036	11011
10995	10993
10999	11007
11009	11002
10988	10968
10948	10925
10904	10882
10863	10844
10823	10798
10774	10757
10746	10739
10731	10717
10697	10676
10653	10626
10586	10533
10479	10442
10425	10419
10417	10414
10406	10394
10381	10371
10366	10365
10364	10362
10356	10347
10336	10328
10324	10322
10321	10316
10306	10287
10267	10252
10244	10241
10240	10240
10240	10240
10239	10238
10238	10237
10237	10233
10224	10209
10193	10180
10173	10172
10181	10219
10346	10584
10919	10919
10920	10920
10919	10914
10905	10890
10878	10877
10889	10908
10929	10949
10963	10972
10977	10981
10984	10987
10990	10990
10987	10986
10995	11018
11053	11084
11103	11107
11098	11088
11084	11090
11107	11128
11149	11169
11184	11191
11193	11197
11199	11201
11201	11198
11191	11188
11197	11222
11256	11284
11296	11292
11277	11255
11226	11188
11126	11021
10849	10612
10330	10023
9696	9343
8964	8563
8176	7930
8021	8475
8980	9151
8818	8010
6908	5830
5071	4727
4690	4802
4995	5220
5379	5468
5619	5877
6116	6217
6140	5860
5434	5037
4801	4644
4420	4158
4012	4013
4074	4145
4244	4419
4699	5018
5241	5290
5218	5155
5224	5435
5700	5920
6057	6124
6156	6200
6290	6439
6634	6867
7175	7665
8394	9272
10086	10660
10955	11051
11054	11032
11017	11016
11024	11032
11033	11025
11010	10992
10971	10950
10932	10916
10903	10886
10866	10842
10816	10796
10783	10775
10763	10746
10723	10702
10680	10653
10616	10566
10516	10482
10465	10459
10456	10452
10443	10426
10409	10397
10391	10388
10387	10384
10379	10368
10357	10348
10343	10341
10340	10335
10326	10308
10288	10272
10264	10261
10260	10260
10260	10260
10260	10260
10260	10260
10260	10255
10246	10231
10215	10202
10196	10195
10202	10241
10366	10606
10939	10939
10940	10941
10940	10936
10928	10914
10903	10902
10913	10932
10955	10974
10987	10998
11004	11009
11012	11015
11015	11012
11007	11006
11015	11042
11077	11111
11131	11132
11124	11114
11107	11115
11131	11153
11176	11195
11207	11213
11215	11216
11219	11222
11222	11220
11215	11212
11217	11236
11264	11291
11298	11271
11205	11103
10975	10813
10605	10328
9969	9537
9074	8614
8170	7743
7349	7032
6875	6998
7510	8316
9068	9403
9140	8257
6907	5478
4431	3966
3948	4128
4359	4593
4757	4863
5063	5401
5734	5941
5975	5792
5433	5059
4797	4577
4254	3853
3531	3364
3309	3331
3443	3693
4083	4502
4773	4820
4732	4682
4796	5068
5388	5656
5827	5908
5932	5960
6054	6225
6429	6621
6844	7232
7901	8811
9747	10473
10887	11045
11070	11055
11043	11043
11051	11057
11056	11047
11032	11014
10994	10974
10960	10949
10940	10929
10911	10886
10860	10839
10822	10809
10793	10773
10749	10725
10703	10676
10642	10597
10553	10520
10505	10500
10496	10491
10479	10459
10436	10420
10412	10409
10407	10405
10398	10388
10377	10368
10365	10363
10362	10357
10347	10330
10311	10297
10292	10289
10289	10289
10288	10288
10288	10287
10286	10286
10285	10280
10270	10254
10237	10224
10217	10215
10220	10254
10372	10612
10961	10961
10962	10963
10963	10960
10953	10941
10930	10929
10939	10958
10980	10997
11011	11021
11029	11035
11039	11039
11038	11034
11028	11028
11038	11064
11101	11136
11155	11158
11147	11133
11127	11134
11152	11178
11202	11222
11233	11237
11236	11236
11241	11245
11246	11243
11240	11238
11240	11248
11263	11270
11240	11144
10966	10713
10396	10018
9580	9082
8535	7971
7442	6991
6622	6330
6133	6093
6294	6812
7642	8589
9333	9602
9252	8218
6619	4918
3690	3182
3201	3406
3629	3868
4098	4328
4657	5117
5577	5927
6114	6085
5857	5566
5319	5057
4651	4106
3580	3199
2978	2881
2897	3075
3424	3831
4128	4239
4245	4287
4453	4712
4993	5240
5434	5565
5638	5708
5841	6044
6253	6418
6590	6911
7519	8421
9433	10284
10809	11033
11084	11078
11068	11070
11077	11081
11078	11067
11051	11032
11013	10996
10984	10979
10975	10967
10951	10926
10901	10877
10857	10839
10820	10798
10772	10748
10725	10701
10667	10627
10587	10559
10544	10539
10535	10528
10513	10490
10464	10444
10434	10430
10428	10424
10418	10407
10396	10388
10384	10383
10382	10378
10369	10354
10337	10325
10318	10316
10316	10315
10315	10315
10314	10314
10313	10312
10311	10306
10296	10277
10258	10244
10236	10233
10232	10238
10310	10542
10978	10981
10983	10985
10986	10986
10980	10971
10960	10958
10966	10983
11001	11018
11032	11043
11052	11059
11063	11062
11057	11052
11049	11048
11059	11087
11125	11159
11177	11178
11165	11149
11141	11148
11170	11200
11226	11247
11258	11258
11254	11251
11256	11266
11271	11267
11261	11259
11261	11260
11250	11214
11111	10896
10547	10079
9522	8907
8254	7596
6972	6428
6014	5755
5625	5603
5714	6001
6512	7263
8171	9023
9561	9624
9109	7927
6173	4343
3058	2558
2589	2779
2973	3227
3579	4019
4564	5183
5746	6166
6414	6477
6383	6225
6068	5844
5426	4805
4131	3576
3199	2944
2773	2745
2912	3202
3478	3665
3797	3957
4162	4369
4547	4721
4911	5102
5275	5458
5694	5966
6199	6354
6496	6767
7313	8178
9214	10142
10747	11023
11098	11101
11096	11098
11103	11103
11096	11081
11062	11044
11026	11012
11003	11002
11001	10996
10981	10957
10932	10907
10885	10864
10842	10818
10794	10769
10746	10721
10690	10652
10617	10591
10578	10571
10565	10556
10540	10514
10488	10466
10454	10448
10445	10440
10433	10421
10411	10404
10400	10399
10398	10395
10387	10374
10359	10347
10341	10340
10340	10340
10339	10337
10336	10334
10333	10333
10332	10328
10317	10299
10277	10262
10255	10249
10228	10152
10064	10245
10990	10992
10996	11000
11003	11004
10999	10990
10981	10980
10987	11000
11016	11033
11046	11057
11065	11074
11078	11076
11072	11066
11062	11063
11075	11104
11142	11175
11190	11190
11176	11157
11149	11157
11181	11213
11243	11264
11274	11273
11266	11258
11264	11279
11289	11283
11274	11273
11274	11265
11233	11153
10977	10648
10144	9494
8755	7980
7211	6496
5892	5448
5202	5150
5244	5449
5792	6299
6975	7788
8633	9315
9643	9522
8887	7627
5827	3976
2694	2193
2211	2380
2560	2836
3294	3920
4654	5390
6000	6413
6643	6729
6719	6674
6619	6467
6087	5458
4726	4082
3613	3236
2894	2672
2657	2815
3041	3260
3472	3707
3939	4110
4214	4323
4495	4721
4973	5261
5601	5949
6221	6385
6515	6754
7251	8075
9107	10064
10713	11018
11109	11120
11118	11121
11122	11119
11108	11091
11071	11051
11032	11019
11015	11015
11018	11013
10998	10976
10951	10926
10903	10880
10857	10833
10809	10784
10761	10735
10705	10670
10638	10613
10598	10590
10583	10572
10554	10528
10502	10481
10468	10461
10456	10449
10440	10430
10420	10414
10410	10409
10408	10405
10399	10386
10373	10363
10357	10355
10355	10355
10353	10352
10349	10347
10347	10347
10345	10340
10329	10310
10290	10275
10265	10258
10211	9911
8598	5361
