21249	21197
21135	21083
21058	21037
20992	20942
20947	21006
21050	21039
20996	20934
20820	20656
20501	20415
20423	20506
20632	20754
20840	20866
20837	20770
20685	20599
20523	20462
20441	20472
20514	20488
20375	20251
20228	20340
20517	20651
20705	20706
20674	20598
20499	20444
20465	20519
20529	20481
20404	20312
20166	19964
19775	19668
19650	19683
19692	19641
19557	19509
19541	19631
19727	19794
19840	19899
20014	20161
20274	20297
20252	20221
20278	20398
20496	20509
20425	20302
20223	20240
20330	20423
20443	20396
20351	20367
20441	20553
20693	20866
21065	21255
21356	21346
21277	21200
21123	21033
20947	20917
20987	21152
21378	21317
21245	21186
21128	21044
20946	20891
20910	20978
21022	21005
20943	20845
20691	20500
20355	20305
20354	20471
20611	20736
20820	20858
20856	20815
20741	20655
20572	20509
20478	20484
20486	20430
20312	20189
20157	20255
20421	20562
20640	20676
20676	20625
20531	20451
20436	20464
20472	20449
20412	20351
20224	20038
19865	19761
19730	19729
19703	19612
19491	19410
19407	19458
19520	19570
19624	19701
19814	19937
20041	20108
20146	20201
20310	20444
20539	20533
20424	20269
20144	20116
20180	20278
20348	20366
20350	20348
20390	20480
20606	20768
20954	21124
21237	21260
21240	21211
21181	21140
21109	21119
21201	21346
21483	21418
21347	21278
21174	21019
20881	20833
20887	20971
21014	20974
20871	20727
20541	20357
20245	20244
20331	20452
20576	20681
20758	20821
20872	20884
20842	20759
20663	20576
20524	20491
20452	20381
20280	20185
20154	20218
20343	20466
20561	20630
20668	20646
20556	20458
20405	20401
20415	20422
20425	20399
20289	20112
19942	19845
19809	19791
19745	19633
19485	19367
19327	19329
19347	19380
19440	19530
19623	19697
19759	19843
19952	20095
20264	20428
20534	20526
20403	20218
20060	19996
20038	20159
20296	20377
20383	20353
20348	20393
20490	20624
20775	20915
21023	21091
21129	21157
21189	21215
21242	21287
21366	21467
21479	21422
21355	21276
21141	20957
20821	20812
20905	21009
21038	20960
20811	20629
20450	20318
20265	20299
20378	20455
20519	20575
20647	20748
20867	20950
20958	20891
20778	20663
20575	20514
20452	20391
20337	20286
20254	20264
20317	20402
20503	20601
20668	20668
20590	20486
20405	20370
20372	20393
20426	20425
20339	20168
19999	19903
19875	19866
19820	19718
19575	19454
19381	19342
19320	19330
19382	19458
19514	19537
19551	19617
19749	19929
20132	20324
20459	20481
20376	20192
20019	19931
19964	20107
20288	20410
20417	20355
20303	20303
20363	20462
20567	20667
20769	20865
20948	21023
21095	21158
21215	21276
21346	21422
21396	21342
21265	21173
21041	20893
20812	20859
20988	21091
21093	20978
20792	20608
20477	20412
20415	20449
20472	20466
20443	20452
20518	20656
20836	20980
21035	20992
20874	20739
20641	20581
20540	20511
20498	20476
20432	20377
20361	20410
20510	20626
20708	20721
20657	20563
20474	20410
20374	20377
20415	20437
20379	20226
20062	19970
19954	19953
19918	19839
19735	19635
19559	19492
19433	19416
19445	19495
19519	19503
19485	19520
19625	19789
19985	20188
20349	20412
20357	20206
20039	19936
19956	20102
20294	20417
20410	20323
20250	20233
20267	20324
20383	20444
20524	20623
20720	20811
20889	20950
21001	21057
21146	21260
21338	21272
21170	21056
20953	20869
20864	20956
21094	21188
21167	21029
20848	20697
20622	20617
20636	20631
20579	20491
20404	20372
20432	20591
20793	20964
21047	21024
20918	20796
20715	20691
20697	20707
20714	20695
20634	20555
20513	20544
20641	20752
20822	20821
20763	20682
20601	20519
20445	20414
20432	20454
20414	20288
20145	20067
20056	20052
20011	19948
19887	19832
19772	19691
19612	19570
19583	19613
19620	19590
19554	19556
19612	19733
19900	20081
20238	20331
20332	20243
20111	20013
20018	20138
20308	20408
20392	20309
20238	20219
20227	20233
20232	20243
20284	20344
20420	20501
20575	20630
20661	20722
20862	21077
21346	21271
21145	21014
20936	20911
20952	21050
21177	21258
21239	21116
20970	20868
20838	20857
20862	20809
20694	20562
20446	20393
20435	20568
20741	20892
20974	20971
20898	20806
20761	20776
20823	20867
20886	20875
20831	20783
20769	20810
20893	20966
20982	20930
20843	20772
20717	20651
20571	20509
20488	20488
20445	20342
20232	20176
20167	20143
20080	20014
19979	19962
19926	19859
19784	19745
19747	19766
19768	19742
19701	19679
19698	19781
19912	20045
20160	20248
20294	20276
20205	20133
20132	20220
20350	20434
20433	20372
20311	20263
20213	20141
20071	20027
20007	20010
20038	20104
20186	20244
20276	20356
20573	20925
21386	21312
21188	21063
21005	21014
21056	21118
21199	21266
21260	21181
21079	21022
21020	21042
21023	20931
20793	20659
20554	20498
20507	20579
20678	20765
20821	20840
20810	20763
20741	20772
20839	20901
20941	20960
20974	20997
21044	21107
21169	21179
21108	20972
20845	20782
20763	20737
20677	20605
20548	20507
20453	20374
20300	20260
20243	20198
20114	20036
20005	20007
20001	19966
19927	19907
19914	19930
19932	19913
19877	19848
19860	19930
20036	20120
20174	20232
20295	20322
20297	20266
20276	20344
20439	20516
20535	20488
20396	20283
20146	19998
19872	19781
19715	19668
19660	19710
19793	19861
19900	20008
20299	20776
21391	21338
21243	21152
21121	21142
21160	21164
21172	21194
21194	21150
21101	21080
21100	21121
21085	20976
20839	20736
20667	20624
20603	20599
20603	20615
20636	20659
20666	20652
20647	20670
20727	20792
20854	20916
20994	21086
21191	21277
21319	21273
21125	20926
20770	20711
20724	20740
20706	20627
20540	20475
20419	20365
20315	20279
20249	20192
20101	20012
19978	19992
20014	20024
20030	20048
20073	20096
20107	20097
20071	20049
20061	20141
20243	20302
20310	20322
20359	20383
20382	20381
20415	20474
20542	20599
20606	20532
20377	20182
19982	19807
19670	19572
19495	19432
19406	19429
19492	19550
19602	19733
20074	20636
21367	21332
21271	21214
21204	21224
21219	21169
21116	21092
21075	21053
21044	21062
21103	21126
21083	20973
20856	20779
20739	20711
20669	20613
20549	20504
20490	20496
20498	20494
20494	20511
20548	20599
20664	20750
20863	20999
21135	21235
21263	21187
21005	20786
20628	20582
20610	20637
20612	20529
20432	20366
20332	20298
20256	20213
20170	20113
20036	19964
19939	19962
20012	20057
20101	20147
20195	20237
20267	20271
20252	20224
20235	20321
20436	20500
20498	20476
20461	20445
20435	20459
20516	20567
20592	20593
20548	20415
20201	19966
19769	19635
19543	19474
19407	19347
19305	19299
19326	19373
19431	19575
19933	20537
21324	21300
21258	21220
21214	21231
21212	21151
21082	21032
20998	20981
20994	21040
21089	21104
21058	20966
20875	20814
20774	20738
20676	20592
20509	20457
20419	20384
20348	20333
20344	20368
20397	20431
20481	20558
20669	20803
20935	21022
21034	20951
20779	20583
20449	20410
20438	20463
20432	20344
20253	20207
20197	20182
20136	20076
20021	19975
19933	19900
19915	19970
20034	20092
20143	20193
20242	20304
20357	20374
20354	20313
20307	20380
20501	20594
20619	20599
20547	20483
20447	20478
20542	20567
20531	20461
20352	20169
19934	19725
19604	19564
19548	19519
19460	19394
19333	19296
19299	19327
19375	19510
19862	20475
21263	21246
21220	21196
21193	21203
21193	21147
21099	21057
21019	20992
21007	21048
21077	21068
21028	20970
20910	20857
20801	20727
20630	20524
20451	20410
20374	20311
20245	20215
20232	20277
20320	20352
20384	20436
20515	20615
20709	20761
20750	20667
20522	20367
20264	20238
20270	20301
20273	20182
20089	20049
20049	20044
20001	19926
19856	19811
19807	19846
19927	20028
20104	20150
20172	20188
20215	20271
20335	20368
20350	20294
20261	20311
20426	20536
20609	20629
20592	20515
20461	20468
20499	20474
20380	20257
20099	19894
19684	19562
19562	19632
19682	19673
19612	19528
19448	19397
19381	19388
19399	19492
19819	20420
21175	21171
21168	21176
21193	21215
21218	21197
21175	21157
21117	21075
21061	21067
21058	21027
21004	20988
20971	20926
20848	20732
20587	20452
20368	20331
20302	20245
20179	20142
20162	20217
20281	20328
20362	20395
20433	20478
20525	20550
20527	20450
20334	20213
20133	20126
20173	20222
20210	20121
20014	19953
19941	19934
19895	19814
19731	19688
19716	19819
19975	20125
20214	20228
20198	20152
20133	20163
20225	20265
20252	20191
20144	20168
20261	20380
20494	20583
20611	20575
20515	20479
20436	20349
20215	20058
19877	19680
19535	19525
19641	19793
19878	19871
19800	19706
19623	19575
19546	19511
19461	19488
19773	20360
21091	21093
21110	21144
21189	21233
21257	21257
21259	21259
21223	21152
21095	21055
21017	20991
20999	21033
21047	21003
20901	20753
20577	20409
20292	20238
20213	20185
20141	20109
20112	20157
20225	20291
20340	20362
20373	20381
20397	20410
20400	20344
20253	20155
20089	20083
20135	20202
20209	20136
20024	19937
19897	19872
19840	19776
19700	19663
19712	19858
20061	20242
20340	20326
20240	20129
20055	20050
20091	20128
20122	20070
20020	20026
20102	20216
20358	20505
20618	20649
20614	20535
20416	20263
20097	19925
19738	19567
19496	19586
19781	19959
20033	20009
19931	19850
19791	19761
19723	19629
19504	19467
19720	20309
21038	21031
21038	21073
21130	21193
21236	21259
21287	21305
21264	21161
21056	20985
20949	20960
21011	21071
21091	21029
20901	20732
20550	20375
20238	20159
20130	20121
20106	20084
20072	20095
20151	20225
20279	20301
20295	20287
20297	20319
20334	20300
20223	20137
20072	20059
20105	20170
20194	20144
20055	19970
19908	19870
19853	19821
19773	19748
19800	19948
20157	20348
20443	20421
20308	20160
20041	19990
19996	20024
20032	19997
19950	19941
19988	20083
20224	20404
20573	20682
20691	20601
20432	20231
20039	19861
19687	19554
19549	19696
19906	20051
20074	20013
19935	19880
19860	19853
19803	19667
19486	19418
19673	20281
21032	21000
20974	20984
21030	21092
21145	21187
21234	21263
21213	21089
20952	20867
20858	20910
20991	21056
21057	20969
20812	20628
20454	20305
20185	20105
20072	20072
20072	20057
20036	20036
20072	20133
20185	20204
20197	20188
20206	20246
20268	20235
20156	20067
20007	19988
20024	20088
20122	20108
20065	20015
19966	19937
19942	19951
19928	19896
19919	20034
20214	20386
20478	20456
20353	20217
20094	20005
19968	19973
19989	19976
19938	19905
19908	19960
20071	20248
20443	20597
20663	20598
20417	20187
19979	19812
19675	19599
19645	19806
19985	20070
20028	19922
19828	19783
19787	19797
19748	19604
19433	19388
19672	20294
21014	20973
20926	20907
20934	20986
21030	21063
21108	21134
21086	20967
20847	20785
20797	20859
20935	20980
20960	20852
20674	20484
20325	20211
20130	20068
20040	20037
20038	20029
20002	19983
19991	20026
20069	20092
20088	20087
20117	20166
20179	20118
20015	19919
19857	19847
19892	19962
20011	20025
20037	20043
20036	20038
20072	20112
20102	20050
20026	20081
20204	20334
20404	20397
20334	20253
20161	20070
19995	19965
19965	19962
19925	19866
19819	19818
19892	20049
20242	20415
20508	20484
20323	20092
19878	19729
19643	19629
19711	19866
20013	20062
19994	19855
19728	19662
19656	19657
19621	19532
19439	19463
19758	20315
20942	20919
20886	20861
20870	20902
20928	20934
20946	20953
20921	20854
20793	20778
20803	20840
20871	20881
20840	20720
20546	20365
20220	20126
20075	20045
20035	20034
20030	20014
19980	19942
19912	19918
19957	19987
19999	20003
20042	20092
20084	19985
19847	19731
19668	19672
19742	19829
19883	19910
19958	20024
20073	20107
20165	20221
20225	20171
20119	20122
20176	20235
20263	20255
20230	20205
20160	20085
19997	19934
19910	19894
19848	19774
19700	19665
19717	19855
20028	20183
20285	20295
20178	19971
19757	19608
19555	19589
19701	19862
20013	20083
20032	19896
19745	19646
19603	19590
19579	19562
19556	19632
19891	20326
20846	20858
20860	20841
20834	20850
20856	20834
20804	20782
20769	20766
20779	20804
20824	20814
20783	20749
20692	20578
20422	20259
20122	20034
20003	20017
20049	20067
20056	20027
19988	19929
19868	19846
19871	19907
19919	19931
19978	20031
20004	19877
19711	19568
19491	19507
19596	19699
19749	19767
19822	19923
20025	20095
20163	20227
20254	20239
20215	20206
20197	20179
20147	20105
20069	20048
20018	19956
19882	19824
19790	19753
19694	19619
19549	19519
19570	19701
19847	19967
20055	20089
20028	19861
19649	19487
19440	19512
19663	19849
20013	20113
20107	20005
19867	19750
19682	19661
19672	19684
19700	19763
19952	20289
20786	20831
20861	20852
20834	20837
20838	20797
20730	20680
20685	20730
20786	20816
20794	20714
20626	20557
20490	20392
20259	20114
19984	19899
19890	19959
20054	20114
20113	20077
20026	19956
19875	19827
19828	19841
19844	19857
19912	19969
19946	19814
19633	19470
19370	19370
19454	19549
19584	19588
19643	19766
19902	20007
20082	20149
20208	20251
20290	20313
20287	20212
20111	20002
19906	19825
19756	19694
19646	19623
19608	19566
19503	19440
19394	19387
19460	19597
19726	19807
19855	19888
19871	19763
19584	19423
19379	19483
19680	19892
20057	20145
20158	20095
19989	19881
19823	19806
19798	19754
19696	19701
19862	20208
20799	20853
20894	20885
20865	20863
20863	20812
20724	20660
20674	20748
20810	20811
20721	20570
20426	20324
20249	20156
20042	19915
19799	19726
19742	19857
20024	20149
20182	20153
20091	20006
19912	19848
19819	19802
19785	19789
19841	19898
19886	19773
19602	19433
19304	19259
19291	19351
19382	19399
19462	19590
19738	19857
19943	20019
20100	20188
20283	20355
20353	20260
20116	19942
19763	19608
19485	19411
19383	19392
19401	19375
19322	19280
19264	19299
19409	19569
19693	19733
19726	19722
19713	19668
19561	19446
19424	19551
19779	20002
20138	20185
20186	20153
20082	20001
19952	19913
19820	19654
19491	19464
19678	20127
20855	20896
20923	20913
20890	20887
20888	20845
20760	20702
20725	20807
20862	20828
20690	20490
20305	20171
20064	19960
19847	19735
19636	19578
19610	19753
19969	20159
20246	20239
20169	20062
19954	19876
19835	19807
19781	19768
19793	19828
19817	19729
19586	19425
19272	19161
19114	19119
19150	19207
19302	19429
19554	19658
19743	19828
19920	20028
20158	20274
20309	20235
20083	19879
19655	19445
19298	19219
19200	19209
19222	19210
19185	19175
19193	19265
19418	19611
19738	19746
19676	19606
19580	19585
19583	19565
19591	19727
19948	20148
20238	20237
20219	20208
20189	20160
20114	19999
19763	19458
19222	19210
19512	20083
20903	20924
20929	20902
20868	20862
20872	20851
20798	20766
20802	20885
20932	20883
20734	20538
20346	20176
20024	19888
19768	19657
19560	19505
19540	19698
19940	20171
20299	20308
20236	20116
20000	19920
19887	19873
19855	19826
19800	19785
19758	19692
19579	19426
19254	19088
18971	18928
18951	19035
19160	19279
19364	19431
19505	19600
19696	19809
19955	20099
20171	20136
20010	19818
19588	19371
19227	19159
19138	19121
19106	19099
19102	19123
19173	19284
19468	19675
19802	19784
19665	19544
19499	19553
19657	19763
19856	19987
20162	20311
20350	20307
20263	20281
20353	20417
20382	20164
19781	19367
19107	19125
19477	20097
20907	20913
20897	20844
20792	20783
20809	20827
20814	20812
20860	20938
20966	20905
20773	20615
20459	20287
20108	19949
19815	19694
19591	19535
19568	19722
19962	20195
20327	20339
20274	20168
20067	19996
19971	19980
19985	19946
19867	19793
19733	19671
19580	19446
19268	19081
18934	18855
18857	18944
19080	19190
19234	19258
19318	19408
19503	19616
19767	19923
20016	20008
19918	19765
19562	19366
19239	19182
19144	19091
19043	19027
19050	19103
19193	19327
19515	19712
19822	19791
19668	19544
19510	19604
19794	20000
20159	20289
20415	20512
20517	20435
20364	20395
20547	20711
20716	20454
19990	19526
19253	19262
19591	20164
20897	20889
20847	20773
20704	20700
20749	20787
20797	20807
20858	20919
20924	20834
20692	20568
20467	20345
20194	20055
19936	19824
19725	19678
19715	19843
20040	20225
20325	20326
20270	20198
20132	20082
20064	20091
20123	20092
19984	19857
19752	19675
19600	19491
19337	19169
19036	18951
18930	19001
19127	19217
19227	19218
19254	19329
19411	19508
19646	19789
19871	19864
19804	19701
19551	19396
19285	19226
19164	19079
19002	18975
19006	19087
19204	19350
19512	19665
19747	19734
19656	19591
19607	19738
19969	20222
20428	20571
20683	20760
20766	20688
20588	20579
20712	20907
20970	20768
20351	19907
19618	19573
19815	20284
20910	20884
20818	20724
20655	20662
20723	20765
20762	20760
20789	20823
20786	20653
20478	20361
20312	20269
20197	20117
20050	19990
19948	19949
19986	20058
20149	20235
20272	20247
20193	20152
20126	20101
20097	20146
20214	20213
20111	19957
19825	19735
19663	19573
19457	19344
19256	19183
19154	19213
19319	19373
19352	19315
19322	19368
19419	19483
19584	19688
19734	19718
19680	19633
19549	19436
19333	19258
19170	19066
18976	18934
18962	19041
19156	19280
19389	19483
19543	19567
19579	19623
19723	19895
20132	20392
20617	20782
20915	21023
21082	21048
20936	20827
20824	20937
21040	20969
20698	20343
20060	19946
20081	20442
20956	20907
20821	20719
20657	20673
20731	20759
20736	20701
20688	20664
20574	20397
20204	20095
20091	20120
20123	20111
20114	20141
20199	20268
20308	20297
20262	20226
20185	20127
20071	20045
20041	20036
20051	20126
20227	20260
20182	20047
19932	19849
19785	19712
19641	19590
19552	19488
19443	19487
19573	19600
19541	19476
19449	19450
19458	19486
19545	19606
19631	19625
19621	19620
19581	19488
19380	19282
19181	19077
18984	18926
18922	18972
19039	19096
19138	19182
19242	19320
19430	19584
19771	19993
20239	20489
20711	20899
21071	21239
21375	21417
21316	21112
20921	20872
20951	20999
20894	20669
20425	20275
20323	20598
21003	20938
20842	20742
20690	20710
20749	20753
20714	20649
20575	20480
20332	20135
19954	19877
19915	19982
20025	20049
20104	20215
20363	20492
20533	20464
20337	20216
20119	20035
19977	19953
19950	19951
19972	20049
20156	20207
20165	20080
20015	19976
19945	19912
19890	19895
19877	19788
19701	19717
19793	19803
19723	19618
19545	19503
19481	19483
19515	19566
19604	19632
19670	19699
19667	19560
19424	19303
19197	19102
19010	18934
18894	18887
18885	18870
18857	18877
18958	19085
19256	19473
19726	20005
20286	20538
20748	20936
21132	21357
21569	21686
21626	21378
21055	20856
20863	20957
20974	20868
20686	20523
20512	20718
21021	20950
20851	20764
20728	20738
20756	20735
20668	20571
20444	20281
20097	19912
19777	19745
19804	19875
19915	19946
20027	20177
20364	20512
20555	20484
20353	20221
20108	20014
19954	19929
19921	19912
19919	19963
20042	20087
20074	20040
20037	20062
20097	20126
20157	20193
20165	20031
19887	19859
19907	19908
19813	19674
19559	19488
19465	19471
19511	19570
19634	19702
19780	19822
19773	19638
19469	19319
19200	19101
19005	18915
18845	18790
18738	18680
18646	18675
18779	18931
19117	19348
19639	19975
20309	20586
20781	20937
21123	21369
21630	21807
21801	21571
21223	20952
20891	20981
21064	21040
20908	20724
20642	20769
21004	20940
20851	20778
20747	20751
20746	20688
20578	20440
20273	20083
19901	19753
19663	19663
19721	19775
19800	19838
19927	20080
20252	20376
20419	20392
20319	20226
20118	20024
19977	19970
19960	19938
19913	19918
19955	19987
19994	19993
20024	20111
20218	20308
20376	20408
20346	20167
19982	19909
19923	19909
19798	19625
19477	19412
19423	19469
19528	19592
19660	19746
19849	19904
19850	19694
19503	19319
19166	19043
18934	18841
18759	18687
18627	18571
18539	18572
18685	18849
19036	19267
19578	19964
20354	20652
20828	20929
21068	21299
21590	21816
21850	21667
21349	21071
20973	21048
21164	21197
21088	20859
20668	20718
20986	20935
20858	20790
20754	20748
20716	20617
20462	20286
20098	19913
19758	19647
19596	19610
19653	19686
19709	19762
19869	20014
20149	20232
20261	20273
20264	20217
20121	20034
20011	20041
20048	20010
19951	19922
19928	19953
19963	19970
20015	20140
20307	20443
20520	20528
20415	20198
19985	19884
19876	19846
19718	19517
19353	19312
19374	19477
19557	19600
19637	19712
19827	19904
19866	19716
19507	19291
19100	18945
18827	18740
18664	18602
18561	18526
18494	18514
18624	18802
19005	19245
19576	19998
20424	20737
20877	20913
20985	21194
21504	21765
21827	21671
21381	21106
20991	21058
21200	21283
21187	20875
20543	20547
20980	20945
20879	20805
20756	20739
20688	20558
20369	20169
19976	19809
19678	19593
19561	19573
19604	19625
19655	19735
19862	20005
20109	20156
20167	20191
20222	20207
20126	20040
20041	20104
20128	20074
19994	19944
19939	19959
19969	19968
20014	20158
20361	20523
20602	20580
20432	20179
19948	19838
19822	19789
19649	19429
19258	19234
19343	19487
19581	19597
19592	19645
19763	19859
19848	19709
19498	19259
19039	18863
18742	18665
18603	18554
18530	18512
18476	18478
18584	18777
19002	19262
19608	20048
20492	20802
20912	20892
20917	21109
21434	21715
21791	21639
21353	21071
20943	21005
21172	21291
21197	20812
20395	20507
