3491	3813
4292	4780
5124	5228
5148	5076
5090	5083
4994	4929
5005	5207
5466	5748
6035	6300
6487	6556
6571	6718
7072	7534
7954	8250
8395	8422
8392	8320
8187	8029
7960	8019
8042	7836
7439	7059
6831	6746
6750	6812
6918	7000
6956	6757
6498	6297
6168	5964
5426	4478
3656	3961
4404	4831
5097	5132
5020	4960
5019	5069
5032	5006
5100	5298
5533	5790
6057	6281
6403	6418
6439	6641
7058	7563
8013	8340
8533	8627
8654	8601
8434	8217
8094	8112
8096	7857
7435	7048
6822	6738
6741	6806
6912	6996
6965	6785
6535	6330
6192	5987
5470	4589
3907	4182
4566	4903
5073	5037
4904	4862
4956	5052
5066	5089
5211	5404
5607	5828
6069	6256
6315	6280
6329	6616
7102	7628
8075	8415
8663	8839
8938	8908
8712	8434
8253	8221
8159	7878
7432	7039
6817	6735
6731	6783
6874	6950
6930	6780
6558	6365
6229	6028
5550	4755
4191	4423
4728	4965
5044	4960
4824	4794
4900	5017
5073	5148
5306	5498
5669	5853
6072	6248
6284	6243
6343	6712
7241	7741
8135	8452
8724	8958
9117	9118
8915	8609
8385	8314
8219	7908
7447	7054
6835	6747
6725	6745
6795	6842
6829	6721
6551	6394
6269	6077
5639	4935
4442	4621
4840	4981
4985	4869
4738	4720
4830	4957
5050	5178
5379	5580
5727	5874
6078	6266
6327	6320
6468	6882
7421	7880
8215	8484
8737	8977
9157	9183
8997	8684
8441	8352
8252	7948
7498	7113
6893	6791
6740	6713
6705	6710
6696	6636
6534	6422
6310	6120
5713	5085
4618	4753
4903	4969
4913	4765
4635	4643
4776	4918
5031	5197
5441	5664
5799	5914
6097	6295
6393	6429
6607	7030
7556	7997
8309	8553
8768	8964
9111	9131
8957	8645
8384	8281
8210	7968
7578	7225
7011	6895
6813	6733
6663	6623
6617	6611
6573	6491
6369	6161
5764	5185
4748	4859
4971	4991
4881	4695
4566	4613
4792	4944
5046	5214
5492	5755
5895	5976
6121	6309
6430	6501
6698	7113
7624	8065
8395	8647
8837	8968
9036	9004
8812	8485
8183	8051
8026	7905
7640	7367
7184	7067
6960	6836
6716	6649
6665	6722
6730	6640
6469	6212
5804	5261
4893	4994
5088	5078
4925	4698
4566	4657
4878	5027
5085	5227
5533	5846
6001	6050
6144	6307
6441	6542
6762	7172
7666	8106
8455	8725
8903	8972
8944	8832
8595	8223
7845	7653
7671	7710
7633	7494
7376	7283
7172	7024
6878	6803
6851	6958
6988	6856
6607	6285
5861	5353
5045	5134
5216	5193
5016	4760
4624	4749
5000	5132
5139	5260
5593	5952
6118	6139
6198	6343
6480	6605
6846	7252
7720	8143
8495	8775
8941	8952
8839	8639
8330	7871
7376	7099
7159	7377
7531	7567
7546	7502
7411	7270
7119	7043
7099	7221
7238	7057
6735	6360
5925	5446
5076	5147
5237	5251
5101	4847
4719	4869
5131	5241
5222	5343
5708	6087
6245	6251
6311	6461
6601	6728
6969	7353
7783	8180
8532	8821
8973	8931
8734	8445
8026	7419
6767	6403
6524	6948
7350	7577
7669	7686
7641	7528
7392	7310
7342	7426
7402	7178
6818	6413
5964	5476
4889	4960
5102	5217
5153	4941
4836	5003
5261	5352
5325	5466
5850	6216
6348	6350
6441	6629
6776	6895
7116	7462
7847	8221
8589	8900
9040	8940
8663	8267
7695	6891
6063	5637
5859	6507
7152	7554
7743	7820
7824	7759
7650	7565
7554	7574
7496	7243
6867	6445
5962	5407
4584	4681
4904	5140
5181	5024
4945	5117
5363	5442
5426	5585
5964	6291
6377	6371
6498	6732
6916	7049
7258	7565
7911	8283
8691	9041
9169	9005
8635	8124
7395	6398
5418	4967
5311	6168
7010	7538
7794	7911
7960	7942
7867	7786
7739	7704
7583	7314
6929	6486
5948	5296
4346	4479
4769	5084
5185	5067
5008	5186
5428	5515
5524	5693
6042	6311
6346	6315
6442	6706
6943	7134
7366	7658
7983	8375
8840	9236
9351	9118
8653	8040
7196	6079
5002	4527
4937	5920
6895	7525
7836	7986
8066	8080
8034	7960
7894	7825
7683	7413
7028	6557
5959	5214
4218	4384
4712	5054
5168	5071
5039	5231
5486	5605
5647	5815
6111	6315
6302	6226
6309	6565
6857	7132
7423	7728
8057	8486
9014	9449
9546	9249
8708	8032
7141	5983
4841	4279
4625	5621
6700	7464
7869	8062
8161	8192
8158	8086
8006	7917
7776	7525
7151	6660
6002	5177
4131	4320
4674	5029
5152	5072
5068	5286
5569	5725
5795	5945
6184	6326
6266	6141
6166	6390
6715	7072
7430	7767
8120	8591
9169	9630
9708	9363
8772	8075
7190	6030
4824	4113
4291	5232
6412	7347
7881	8131
8246	8279
8245	8166
8071	7970
7838	7615
7265	6765
6061	5170
4058	4260
4635	5009
5145	5081
5099	5339
5643	5825
5910	6042
6238	6337
6246	6087
6066	6263
6605	7011
7417	7781
8156	8660
9268	9741
9803	9431
8821	8120
7252	6100
4841	4000
4029	4910
6169	7243
7882	8180
8304	8334
8294	8205
8096	7988
7864	7666
7336	6833
6085	5112
