11321	11344
11370	11366
11321	11272
11272	11323
11366	11361
11330	11339
11406	11481
11502	11458
11389	11351
11373	11435
11489	11484
11418	11334
11268	11237
11247	11276
11291	11288
11296	11335
11394	11445
11464	11455
11437	11433
11450	11470
11471	11451
11420	11380
11325	11274
11263	11316
11403	11481
11538	11572
11575	11540
11490	11461
11484	11550
11622	11659
11659	11649
11655	11687
11742	11821
11918	12012
12071	12085
12088	12110
12150	12164
12129	12065
12017	12007
12027	12057
12083	12090
12066	12001
11905	11799
11698	11606
11530	11473
11439	11417
11403	11405
11424	11449
11476	11525
11590	11624
11586	11493
11411	11382
11397	11424
11455	11501
11559	11586
11561	11513
11484	11467
11434	11387
11349	11312
11259	11209
11196	11223
11245	11228
11165	11087
11036	11027
11036	11039
11042	11075
11123	11161
11188	11230
11302	11384
11446	11472
11473	11468
11460	11444
11412	11379
11368	11396
11443	11487
11503	11499
11496	11513
11548	11578
11566	11510
11451	11429
11448	11478
11504	11530
11559	11590
11620	11639
11633	11596
11548	11512
11500	11497
11483	11461
11465	11531
11655	11788
11866	11880
11858	11830
11814	11816
11817	11797
11768	11749
11727	11683
11631	11597
11573	11547
11536	11567
11632	11677
11666	11624
11625	11713
11836	11892
11813	11614
11378	11391
11404	11391
11334	11272
11251	11283
11317	11314
11299	11322
11401	11484
11512	11474
11404	11347
11345	11400
11466	11481
11429	11341
11261	11220
11228	11266
11297	11306
11319	11356
11413	11467
11495	11492
11474	11459
11458	11456
11442	11415
11392	11368
11336	11298
11285	11321
11389	11455
11505	11545
11559	11541
11500	11479
11500	11556
11609	11632
11629	11630
11652	11699
11764	11841
11924	11995
12036	12052
12069	12109
12154	12162
12117	12057
12026	12031
12048	12070
12097	12120
12109	12047
11939	11815
11693	11583
11497	11452
11446	11449
11436	11412
11403	11414
11435	11468
11507	11519
11486	11423
11379	11373
11398	11427
11450	11473
11495	11495
11466	11440
11429	11410
11357	11293
11251	11229
11200	11162
11144	11159
11184	11187
11150	11086
11029	11000
10995	11006
11035	11077
11113	11122
11114	11129
11188	11275
11352	11398
11416	11427
11437	11441
11426	11403
11393	11408
11437	11458
11458	11454
11459	11488
11530	11563
11552	11498
11435	11403
11411	11435
11455	11475
11493	11513
11533	11553
11571	11583
11585	11569
11532	11481
11433	11413
11444	11537
11674	11805
11878	11885
11855	11817
11789	11781
11776	11755
11726	11708
11693	11661
11622	11589
11552	11509
11481	11502
11561	11607
11603	11580
11605	11707
11828	11878
11804	11634
11413	11419
11426	11407
11344	11268
11229	11241
11269	11275
11273	11308
11391	11472
11501	11469
11400	11332
11311	11358
11432	11465
11429	11349
11267	11223
11234	11284
11329	11351
11370	11405
11455	11503
11533	11538
11522	11500
11480	11454
11420	11391
11375	11374
11364	11343
11330	11349
11393	11439
11481	11522
11552	11551
11528	11517
11537	11578
11610	11614
11607	11616
11656	11721
11795	11868
11933	11980
12011	12035
12070	12118
12156	12151
12101	12053
12043	12056
12064	12074
12104	12141
12142	12080
11964	11827
11693	11570
11478	11440
11454	11475
11458	11413
11381	11374
11380	11389
11399	11401
11384	11357
11341	11347
11379	11417
11438	11443
11440	11428
11408	11398
11393	11359
11289	11213
11172	11159
11146	11114
11081	11074
11099	11126
11120	11075
11018	10976
10959	10968
10999	11038
11055	11040
11012	11010
11055	11141
11233	11303
11346	11374
11397	11411
11409	11398
11396	11412
11433	11438
11423	11412
11421	11457
11501	11533
11526	11478
11415	11376
11371	11387
11408	11426
11438	11445
11450	11464
11498	11548
11592	11595
11545	11461
11392	11387
11456	11572
11708	11821
11878	11877
11838	11790
11756	11742
11734	11713
11686	11672
11665	11650
11622	11589
11539	11477
11434	11440
11485	11523
11532	11537
11595	11715
11832	11870
11794	11636
11417	11421
11422	11397
11330	11243
11195	11201
11233	11255
11268	11306
11378	11443
11463	11428
11358	11292
11272	11315
11389	11432
11416	11358
11294	11259
11277	11335
11388	11416
11435	11461
11494	11529
11554	11566
11557	11534
11501	11460
11420	11393
11390	11403
11411	11401
11387	11391
11413	11439
11470	11510
11549	11567
11564	11562
11581	11614
11630	11621
11606	11616
11664	11739
11823	11897
11953	11988
12015	12051
12097	12135
12151	12133
12092	12065
12066	12073
12063	12062
12093	12135
12139	12076
11958	11822
11690	11567
11472	11433
11449	11472
11457	11410
11370	11349
11333	11313
11304	11313
11325	11321
11308	11308
11341	11390
11418	11415
11405	11402
11403	11396
11375	11325
11254	11186
11151	11143
11132	11092
11036	11005
11028	11077
11096	11066
11008	10955
10923	10919
10934	10950
10950	10930
10905	10905
10941	11018
11113	11205
11275	11324
11354	11365
11364	11365
11382	11418
11448	11451
11427	11404
11406	11434
11472	11496
11487	11446
11392	11350
11338	11352
11382	11409
11424	11424
11418	11422
11457	11516
11574	11585
11535	11448
11391	11416
11515	11641
11749	11823
11851	11835
11790	11739
11707	11699
11695	11681
11661	11653
11656	11653
11634	11598
11542	11473
11421	11407
11428	11452
11470	11510
11605	11743
11855	11878
11792	11633
11418	11416
11408	11374
11294	11200
11147	11158
11207	11251
11279	11309
11355	11395
11397	11354
11289	11234
11223	11271
11349	11404
11414	11386
11344	11321
11342	11399
11451	11475
11485	11496
11507	11521
11538	11554
11556	11535
11498	11460
11430	11418
11426	11448
11463	11454
11434	11422
11421	11425
11441	11482
11533	11570
11585	11596
11621	11653
11667	11650
11626	11627
11668	11746
11840	11924
11984	12016
12042	12084
12128	12147
12134	12107
12089	12084
12083	12070
12047	12045
12076	12110
12099	12027
11914	11794
11681	11571
11478	11427
11431	11449
11439	11406
11371	11345
11307	11268
11253	11275
11313	11319
11289	11267
11299	11362
11399	11395
11384	11397
11414	11406
11363	11302
11246	11205
11182	11170
11152	11100
11021	10972
10996	11059
11093	11062
10995	10933
10890	10871
10865	10858
10842	10824
10815	10823
10857	10920
11009	11114
11215	11290
11328	11334
11327	11336
11377	11435
11483	11487
11456	11424
11415	11431
11453	11456
11437	11400
11359	11325
11317	11337
11379	11418
11440	11440
11432	11432
11457	11504
11550	11560
11526	11468
11443	11493
11604	11711
11778	11802
11796	11764
11713	11663
11637	11640
11649	11646
11640	11645
11655	11656
11637	11599
11549	11490
11436	11401
11389	11392
11418	11492
11624	11775
11879	11887
11790	11631
11404	11398
11383	11338
11251	11152
11098	11117
11187	11253
11287	11302
11318	11329
11316	11273
11217	11173
11173	11231
11325	11404
11441	11434
11405	11388
11410	11460
11500	11512
11506	11500
11493	11491
11502	11519
11523	11503
11470	11448
11446	11461
11485	11510
11520	11501
11465	11428
11398	11377
11384	11432
11503	11562
11594	11613
11647	11690
11715	11702
11669	11653
11679	11751
11851	11947
12014	12048
12073	12108
12138	12136
12102	12075
12076	12086
12077	12045
12022	12031
12058	12069
12034	11950
11848	11753
11666	11574
11481	11420
11410	11425
11426	11408
11385	11357
11314	11270
11257	11288
11331	11331
11282	11246
11278	11355
11402	11397
11385	11402
11426	11410
11352	11287
11248	11229
11214	11197
11172	11117
11030	10970
10991	11060
11095	11059
10987	10922
10881	10859
10841	10815
10785	10762
10759	10774
10804	10855
10937	11050
11173	11271
11321	11326
11317	11331
11385	11458
11509	11511
11478	11444
11431	11436
11435	11413
11378	11345
11321	11303
11305	11334
11384	11430
11454	11458
11455	11459
11476	11504
11531	11543
11535	11518
11527	11586
11681	11755
11779	11762
11733	11691
11634	11579
11553	11562
11580	11593
11604	11623
11639	11635
11607	11572
11539	11500
11453	11402
11360	11342
11376	11478
11635	11791
11882	11870
11761	11596
11342	11337
11321	11281
11203	11112
11062	11086
11166	11247
11285	11287
11273	11261
11242	11210
11167	11127
11133	11204
11320	11426
11480	11481
11458	11448
11476	11523
11548	11539
11517	11498
11482	11473
11477	11491
11488	11459
11425	11424
11461	11513
11557	11586
11584	11549
11490	11424
11360	11315
11319	11384
11482	11563
11603	11620
11656	11715
11761	11760
11727	11698
11712	11774
11868	11964
12036	12077
12100	12123
12133	12112
12065	12036
12045	12060
12043	12003
11991	12010
12030	12018
11963	11878
11791	11720
11653	11568
11469	11397
11385	11414
11441	11448
11437	11408
11368	11332
11325	11344
11359	11332
11272	11239
11282	11366
11418	11418
11404	11418
11435	11411
11343	11274
11239	11225
11207	11184
11162	11123
11047	10986
10997	11055
11081	11043
10983	10936
10910	10891
10866	10831
10795	10768
10758	10764
10787	10831
10908	11023
11152	11257
11312	11321
11316	11334
11391	11461
11504	11499
11469	11446
11438	11430
11402	11356
11313	11288
11281	11285
11300	11331
11377	11417
11440	11454
11466	11482
11496	11505
11511	11523
11542	11564
11594	11649
11716	11757
11753	11720
11683	11640
11577	11512
11473	11473
11489	11512
11539	11571
11594	11583
11546	11515
11500	11488
11454	11398
11338	11314
11360	11482
11647	11790
11855	11818
11690	11507
11224	11227
11225	11204
11157	11093
11052	11069
11143	11224
11266	11262
11237	11214
11199	11179
11145	11111
11118	11201
11331	11445
11503	11503
11488	11493
11537	11590
11604	11576
11539	11512
11494	11483
11483	11486
11468	11423
11382	11392
11460	11549
11620	11652
11640	11588
11512	11423
11334	11275
11285	11372
11496	11590
11624	11629
11657	11725
11792	11813
11789	11763
11774	11827
11900	11980
12050	12103
12136	12148
12136	12093
12034	11999
12004	12015
11990	11953
11947	11969
11979	11955
11898	11824
11756	11702
11641	11548
11437	11358
11357	11419
11494	11538
11539	11506
11468	11445
11440	11431
11395	11325
11255	11239
11292	11371
11417	11423
11421	11434
11439	11405
11332	11260
11219	11198
11170	11144
11134	11118
11069	11016
11008	11032
11037	11006
10970	10953
10946	10935
10908	10876
10849	10826
10804	10792
10802	10846
10925	11033
11147	11237
11284	11297
11296	11318
11374	11439
11472	11465
11446	11435
11426	11399
11347	11286
11245	11234
11247	11266
11287	11316
11350	11380
11410	11444
11482	11509
11513	11495
11481	11493
11533	11584
11626	11672
11715	11735
11720	11687
11653	11611
11545	11469
11411	11386
11388	11405
11440	11488
11518	11512
11476	11446
11443	11447
11433	11386
11330	11318
11381	11518
11674	11786
11813	11747
11598	11391
11099	11108
11119	11128
11122	11094
11061	11058
11103	11170
11211	11214
11200	11187
11185	11173
11144	11116
11133	11219
11342	11446
11493	11492
11483	11509
11577	11643
11657	11620
11573	11543
11524	11508
11501	11495
11467	11411
11362	11371
11450	11560
11651	11690
11671	11610
11524	11423
11325	11271
11298	11406
11543	11638
11662	11648
11662	11724
11799	11838
11835	11829
11847	11888
11937	11992
12058	12126
12175	12181
12145	12080
12014	11970
11964	11963
11936	11903
11895	11908
11910	11884
11838	11784
11735	11689
11626	11528
11411	11333
11346	11443
11567	11649
11663	11625
11578	11558
11551	11515
11427	11313
11238	11235
11291	11352
11388	11406
11423	11440
11435	11388
11310	11237
11197	11174
11143	11118
11116	11119
11094	11052
11025	11008
10980	10942
10927	10936
10949	10946
10927	10908
10902	10894
10872	10848
10849	10890
10965	11059
11151	11220
11256	11265
11266	11286
11340	11400
11433	11434
11427	11420
11400	11354
11289	11228
11199	11205
11228	11250
11267	11289
11316	11345
11387	11443
11499	11527
11511	11467
11434	11452
11520	11597
11652	11687
11713	11719
11699	11672
11643	11598
11526	11438
11358	11303
11278	11282
11319	11376
11421	11428
11402	11376
11372	11384
11384	11356
11323	11336
11422	11565
11708	11788
11779	11690
11522	11292
11011	11020
11037	11065
11095	11100
11072	11044
11050	11089
11127	11145
11152	11163
11175	11170
11148	11134
11165	11250
11354	11432
11460	11452
11448	11487
11570	11649
11672	11645
11605	11575
11549	11523
11504	11490
11466	11419
11373	11378
11452	11563
11658	11701
11682	11621
11535	11431
11337	11297
11343	11462
11598	11686
11704	11682
11678	11715
11775	11824
11851	11871
11900	11933
11964	12001
12060	12137
12195	12197
12145	12066
11994	11950
11932	11919
11891	11859
11849	11854
11847	11824
11787	11748
11711	11670
11610	11518
11412	11345
11367	11479
11624	11724
11747	11706
11654	11628
11613	11560
11445	11314
11236	11235
11278	11324
11358	11393
11427	11445
11424	11359
11273	11202
11167	11153
11134	11119
11119	11124
11108	11075
11037	10989
10927	10878
10872	10897
10918	10916
10902	10899
10918	10941
10941	10926
10922	10950
11006	11082
11156	11217
11250	11252
11241	11250
11295	11355
11397	11413
11419	11412
11384	11334
11274	11227
11209	11219
11236	11244
11248	11267
11298	11340
11393	11457
11510	11520
11482	11422
11391	11430
11527	11628
11689	11720
11731	11722
11697	11668
11637	11586
11505	11402
11300	11219
11166	11156
11189	11252
11308	11329
11313	11291
11283	11293
11305	11301
11300	11341
11445	11589
11715	11775
11753	11657
11485	11247
10979	10982
10996	11028
11078	11106
11081	11030
11006	11023
11056	11082
11100	11125
11148	11154
11148	11158
11205	11281
11358	11408
11416	11397
11389	11425
11508	11592
11632	11626
11606	11585
11551	11507
11471	11453
11442	11419
11398	11411
11482	11585
11674	11715
11701	11650
11572	11476
11386	11355
11405	11518
11642	11724
11746	11726
11701	11701
11731	11779
11831	11879
11916	11947
11971	12004
12060	12134
12187	12183
12123	12044
11981	11942
11921	11896
11860	11832
11826	11830
11824	11800
11766	11730
11695	11656
11603	11527
11443	11390
11411	11511
11641	11737
11764	11727
11677	11648
11628	11570
11456	11329
11253	11243
11269	11308
11354	11401
11436	11439
11397	11319
11233	11170
11144	11137
11130	11122
11120	11112
11091	11059
11017	10960
10890	10847
10854	10881
10890	10871
10848	10856
10902	10960
10995	11000
10998	11010
11045	11101
11172	11236
11270	11265
11238	11230
11263	11319
11376	11415
11433	11430
11405	11370
11331	11300
11281	11276
11273	11261
11250	11267
11311	11367
11425	11478
11508	11496
11442	11385
11376	11445
11567	11680
11745	11767
11763	11741
11705	11669
11631	11570
11478	11362
11244	11141
11073	11048
11073	11131
11187	11210
11199	11177
11168	11181
11205	11232
11268	11337
11449	11579
11684	11735
11721	11643
11486	11252
10989	10986
10994	11027
11083	11117
11093	11034
10994	11005
11036	11063
11079	11096
11116	11135
11154	11190
11242	11299
11344	11363
11357	11332
11313	11333
11398	11478
11530	11551
11561	11558
11528	11473
11422	11400
11401	11407
11418	11457
11538	11638
11719	11749
11735	11695
11638	11561
11482	11445
11478	11571
11681	11760
11786	11767
11725	11691
11691	11730
11797	11860
11904	11934
11964	12002
12058	12120
12158	12145
12086	12019
11974	11952
11932	11896
11855	11833
11836	11847
11845	11825
11790	11749
11708	11667
11620	11560
11494	11451
11462	11531
11629	11704
11727	11703
11666	11643
11626	11573
11470	11356
11286	11270
11291	11334
11386	11427
11437	11411
11354	11286
11225	11184
11162	11150
11139	11129
11112	11083
11043	11003
10966	10921
10873	10854
10876	10899
10883	10830
10790	10805
10872	10953
11011	11037
11042	11050
11077	11126
11194	11261
11300	11294
11264	11245
11262	11308
11371	11429
11462	11465
11454	11442
11428	11402
11374	11350
11329	11298
11276	11288
11337	11401
11455	11487
11488	11456
11401	11361
11384	11487
11629	11744
11803	11817
11802	11766
11718	11672
11623	11555
11455	11333
11207	11095
11014	10977
10991	11037
11081	11091
11073	11052
11047	11070
11114	11177
11254	11348
11456	11558
11637	11682
11683	11630
11492	11266
11002	11004
11014	11050
11106	11140
11114	11053
11018	11032
11070	11094
11099	11102
11121	11152
11193	11241
11279	11300
11305	11300
11287	11264
11239	11238
11277	11340
11395	11439
11481	11507
11491	11440
11391	11371
11385	11411
11451	11518
11615	11712
11774	11788
11767	11736
11699	11645
11582	11540
11550	11617
11710	11784
11812	11793
11744	11691
11670	11700
11765	11829
11875	11909
11948	11999
12056	12105
12125	12101
12048	11999
11982	11982
11966	11923
11878	11863
11876	11898
11903	11884
11846	11796
11746	11698
11650	11596
11541	11502
11502	11542
11606	11663
11689	11684
11662	11647
11627	11575
11481	11386
11335	11333
11362	11405
11442	11451
11423	11371
11320	11289
11274	11261
11236	11204
11173	11144
11105	11048
10988	10940
10914	10896
10879	10877
10898	10909
10867	10792
10742	10764
10841	10928
10991	11025
11042	11058
11091	11143
11208	11273
11316	11326
11309	11287
11279	11302
11357	11423
11464	11476
11481	11492
11495	11471
11429	11394
11368	11337
11309	11311
11349	11404
11447	11459
11439	11397
11351	11338
11397	11531
11685	11800
11854	11863
11838	11788
11727	11672
11616	11540
11435	11312
11184	11069
10980	10933
10935	10970
11001	11000
10975	10954
10957	10991
11057	11153
11267	11379
11473	11546
11601	11641
11651	11608
11479	11259
11005	11014
11034	11075
11128	11157
11133	11084
11063	11085
11120	11138
11136	11143
11170	11215
11263	11300
11307	11285
11250	11230
11225	11218
11195	11176
11185	11226
11278	11337
11403	11450
11454	11423
11388	11386
11414	11457
11515	11595
11692	11772
11810	11801
11768	11736
11712	11678
11632	11595
11598	11647
11719	11785
11816	11803
11759	11708
11683	11701
11751	11801
11841	11877
11927	11991
12054	12094
12096	12062
12014	11986
11996	12019
12011	11968
11925	11914
11934	11959
11966	11945
11902	11845
11785	11726
11671	11612
11557	11520
11516	11546
11594	11645
11682	11694
11686	11664
11629	11568
11484	11414
11398	11428
11470	11497
11495	11456
11395	11341
11318	11332
11356	11357
11321	11266
11214	11163
11099	11021
10948	10900
10886	10895
10899	10891
10878	10856
10803	10731
10695	10725
10800	10878
10937	10975
11000	11027
11066	11118
11181	11246
11303	11339
11345	11321
11285	11276
11313	11377
11427	11451
11470	11498
11508	11477
11428	11390
11370	11349
11321	11308
11322	11356
11386	11388
11363	11325
11296	11308
11397	11552
11710	11819
11871	11882
11856	11797
11727	11664
11603	11525
11416	11289
11161	11044
10950	10898
10892	10921
10946	10943
10919	10902
10909	10947
11025	11145
11289	11414
11500	11546
11577	11605
11613	11569
11441	11232
11012	11023
11045	11086
11134	11162
11150	11122
11117	11138
11157	11160
11160	11183
11233	11290
11330	11342
11315	11256
11196	11171
11189	11207
11196	11166
11152	11174
11222	11288
11361	11416
11432	11416
11405	11423
11469	11526
11592	11666
11742	11795
11803	11775
11732	11699
11679	11657
11627	11606
11611	11646
11701	11757
11795	11801
11776	11744
11727	11736
11761	11790
11812	11845
11901	11980
12054	12091
12078	12032
11986	11974
12002	12038
12040	12009
11978	11973
11988	12002
12002	11980
11933	11869
11802	11737
11671	11604
11545	11510
11514	11549
11602	11659
11709	11735
11727	11689
11629	11556
11484	11445
11465	11520
11562	11559
11508	11431
11362	11332
11346	11387
11418	11411
11361	11295
11236	11174
11093	11003
10930	10886
10880	10900
10911	10884
10826	10758
10696	10654
10651	10692
10754	10818
10867	10902
10924	10950
10990	11042
11098	11164
11241	11308
11339	11315
11258	11223
11248	11315
11376	11413
11445	11477
11483	11447
11392	11354
11337	11322
11297	11269
11256	11268
11289	11296
11281	11256
11243	11273
11374	11530
11677	11774
11829	11850
11835	11778
11703	11639
11582	11503
11390	11252
11117	10998
10907	10856
10854	10884
10912	10914
10895	10879
10881	10913
10994	11131
11296	11438
11517	11539
11542	11551
11549	11507
11390	11210
11020	11025
11039	11074
11126	11169
11180	11172
11167	11171
11166	11150
11153	11198
11272	11331
11351	11336
11288	11217
11153	11141
11181	11225
11224	11188
11160	11171
11220	11290
11357	11402
11412	11405
11411	11448
11512	11584
11651	11711
11756	11777
11769	11735
11692	11661
11645	11630
11608	11592
11594	11619
11663	11716
11765	11792
11797	11790
11785	11788
11793	11795
11795	11810
11865	11957
12047	12089
12068	12012
11965	11961
11995	12030
12036	12024
12013	12010
12010	12007
12000	11977
11933	11869
11799	11732
11665	11596
11541	11520
11539	11588
11648	11709
11759	11784
11770	11712
11634	11556
11501	11487
11520	11571
11589	11551
11469	11388
11341	11345
11383	11420
11428	11392
11332	11272
11227	11171
11085	10991
10924	10887
10878	10890
10898	10862
10771	10674
10612	10603
10633	10684
10736	10775
10801	10816
10825	10844
10886	10937
10984	11043
11132	11228
11283	11273
11216	11179
11201	11269
11334	11376
11409	11433
11434	11404
11357	11315
11287	11266
11237	11200
11169	11167
11192	11215
11214	11200
11196	11237
11343	11484
11605	11683
11737	11772
11769	11718
11646	11585
11537	11463
11341	11190
11044	10929
10850	10814
10824	10861
10894	10899
10882	10864
10857	10881
10962	11112
11296	11446
11515	11511
11486	11470
11461	11424
11333	11193
11031	11021
11020	11048
11108	11176
11216	11215
11195	11174
11149	11125
11133	11194
11277	11326
11320	11286
11235	11174
11124	11128
11189	11249
11253	11212
11176	11187
11239	11307
11359	11381
11374	11365
11379	11430
11512	11602
11675	11721
11741	11746
11743	11726
11696	11666
11650	11637
11615	11591
11581	11597
11639	11695
11749	11786
11805	11816
11824	11829
11822	11805
11781	11776
11821	11918
12022	12074
12053	11992
11949	11953
11982	12002
12003	12003
12007	12004
11987	11971
11963	11949
11917	11862
11796	11728
11666	11612
11580	11582
11618	11674
11733	11782
11819	11832
11806	11739
11658	11589
11547	11537
11553	11572
11559	11498
11415	11355
11344	11373
11414	11427
11393	11328
11258	11215
11197	11163
11083	10984
10915	10881
10868	10870
10871	10837
10752	10656
10604	10612
10657	10706
10743	10761
10759	10742
10732	10748
10799	10853
10888	10924
11002	11107
11185	11202
11180	11166
11191	11243
11297	11331
11351	11367
11374	11363
11330	11284
11235	11194
11156	11114
11078	11079
11115	11153
11164	11153
11155	11209
11323	11455
11549	11600
11635	11667
11669	11626
11561	11508
11465	11392
11259	11096
10952	10854
10802	10789
10810	10851
10882	10884
10866	10846
10839	10867
10956	11113
11301	11443
11497	11472
11422	11390
11372	11341
11276	11180
11054	11026
11002	11017
11083	11171
11228	11229
11190	11153
11124	11102
11114	11174
11248	11282
11262	11220
11178	11132
11097	11116
11190	11263
11272	11230
11193	11202
11252	11308
11337	11327
11300	11286
11311	11375
11473	11577
11657	11700
11711	11721
11744	11757
11745	11710
11683	11666
11639	11605
11585	11603
11653	11712
11756	11778
11792	11805
11821	11831
11826	11803
11768	11748
11782	11877
11987	12044
12027	11976
11945	11957
11982	11984
11971	11968
11976	11968
11944	11925
11924	11930
11920	11881
11817	11742
11677	11644
11649	11683
11734	11786
11826	11854
11870	11867
11833	11770
11699	11645
11611	11592
11578	11561
11526	11463
11401	11371
11382	11412
11428	11406
11340	11258
11190	11161
11167	11160
11090	10980
10892	10857
10853	10853
10850	10827
10771	10708
10671	10669
10689	10718
10746	10757
10744	10712
10689	10703
10759	10821
10842	10846
10891	10978
11064	11119
11149	11173
11194	11211
11236	11260
11278	11296
11321	11335
11314	11256
11186	11125
11075	11031
11001	11009
11057	11105
11123	11118
11137	11213
11340	11467
11538	11550
11549	11551
11546	11510
11461	11417
11375	11294
11152	10990
10864	10797
10779	10788
10814	10843
10858	10850
10832	10820
10829	10877
10980	11141
11318	11445
11481	11442
11380	11334
11308	11280
11237	11183
11102	11057
11009	11000
11053	11141
11205	11205
11166	11124
11094	11075
11085	11137
11198	11219
11196	11159
11126	11089
11065	11093
11179	11264
11287	11253
11215	11217
11252	11286
11286	11253
11215	11209
11246	11325
11429	11534
11615	11661
11683	11708
11753	11791
11789	11748
11706	11677
11647	11612
11600	11627
11688	11744
11768	11765
11758	11764
11784	11802
11805	11788
11756	11733
11761	11847
11951	12009
12004	11972
11960	11981
12000	11989
11961	11949
11949	11940
11921	11913
11930	11956
11967	11943
11875	11780
11699	11675
11713	11780
11839	11874
11887	11892
11891	11879
11846	11794
11744	11709
11685	11655
11617	11576
11529	11482
11447	11435
11440	11437
11407	11349
11274	11205
11154	11138
11153	11160
11093	10963
10853	10824
10847	10862
10852	10829
10803	10781
10759	10730
10706	10702
10719	10741
10743	10724
10697	10703
10752	10810
10827	10812
10824	10885
10963	11036
11106	11154
11156	11133
11131	11164
11209	11259
11312	11342
11317	11242
11154	11080
11024	10976
10944	10951
11001	11058
11088	11105
11153	11251
11381	11494
11535	11509
11458	11423
11404	11382
11355	11330
11288	11199
11056	10905
10804	10769
10777	10798
10815	10819
10807	10786
10771	10780
10819	10899
11027	11189
11349	11455
11477	11430
11359	11303
11266	11233
11208	11199
11162	11105
11035	11000
11027	11093
11149	11159
11127	11087
11053	11035
11043	11086
11131	11143
11119	11091
11070	11045
11032	11071
11171	11272
11309	11285
11248	11240
11251	11256
11232	11189
11160	11170
11225	11307
11401	11491
11567	11625
11662	11698
11748	11794
11797	11754
11697	11655
11624	11600
11602	11643
11707	11757
11768	11748
11726	11726
11747	11770
11779	11769
11745	11731
11758	11837
11928	11983
11994	11987
11994	12020
12033	12017
11986	11966
11956	11943
11934	11945
11980	12023
12049	12035
11962	11841
11732	11700
11752	11838
11901	11918
11905	11890
11882	11871
11843	11805
11776	11765
11756	11728
11680	11625
11578	11548
11534	11527
11500	11439
11349	11260
11196	11162
11148	11144
11154	11150
11068	10919
10805	10798
10856	10891
10874	10839
10822	10823
10811	10772
10722	10690
10691	10720
10748	10750
10726	10712
10734	10776
10795	10789
10799	10851
10918	10984
11050	11088
11066	11017
11009	11068
11165	11266
11348	11381
11346	11257
11155	11071
11008	10951
10900	10890
10932	10998
11055	11115
11200	11307
11415	11491
11500	11440
11349	11282
11251	11244
11244	11238
11204	11118
10990	10865
10790	10773
10792	10807
10799	10768
10728	10696
10694	10732
10816	10939
11091	11250
11387	11467
11474	11416
11334	11263
11213	11174
11162	11191
11181	11125
11051	11001
10999	11036
11076	11086
11066	11033
11004	10989
11001	11040
11070	11063
11029	11005
11001	11000
11009	11067
11180	11289
11333	11316
11281	11265
11260	11245
11208	11172
11160	11187
11245	11317
11389	11459
11531	11601
11652	11686
11725	11765
11773	11731
11666	11614
11582	11573
11593	11641
11697	11742
11755	11739
11721	11720
11738	11759
11767	11757
11740	11735
11766	11837
11913	11964
11986	12001
12024	12049
12059	12047
12026	12005
11983	11962
11954	11975
12022	12073
12106	12102
12031	11899
11767	11718
11767	11859
11919	11922
11892	11870
11866	11864
11844	11813
11794	11801
11809	11796
11754	11697
11651	11632
11629	11613
11552	11433
11290	11179
11129	11133
11150	11153
11146	11111
11005	10853
10759	10787
10879	10929
10906	10860
10834	10831
10820	10788
10744	10710
10706	10733
10771	10780
10748	10705
10690	10707
10731	10754
10796	10860
10922	10967
11002	11012
10976	10931
10936	11018
11150	11287
11386	11418
11377	11289
11184	11096
11022	10945
10872	10839
10872	10946
11033	11136
11252	11351
11420	11448
11426	11343
11231	11143
11106	11110
11129	11140
11114	11044
10951	10865
10814	10803
10812	10805
10765	10702
10639	10608
10625	10700
10829	10995
11173	11325
11427	11468
11441	11363
11268	11189
11130	11090
11084	11131
11127	11085
11029	10984
10966	10975
10991	10993
10980	10960
10947	10952
10979	11016
11028	10996
10946	10922
10933	10958
10996	11074
11191	11293
11332	11320
11299	11292
11286	11265
11231	11211
11219	11252
11297	11345
11396	11452
11519	11587
11635	11656
11682	11719
11735	11701
11635	11573
11544	11553
11588	11633
11677	11716
11741	11745
11741	11746
11759	11771
11770	11755
11740	11741
11775	11834
11895	11937
11965	11994
12024	12041
12045	12045
12045	12034
12006	11971
11953	11972
12014	12058
12094	12102
12049	11929
11797	11737
11777	11865
11921	11919
11884	11863
11869	11878
11863	11830
11807	11811
11828	11831
11805	11761
11724	11710
11707	11680
11594	11446
11281	11157
11109	11120
11141	11139
11111	11045
10922	10782
10724	10786
10893	10951
10940	10898
10862	10833
10807	10780
10761	10759
10771	10798
10824	10814
10759	10691
10648	10639
10660	10705
10775	10862
10930	10963
10972	10963
10938	10923
10951	11034
11158	11291
11389	11423
11393	11323
11233	11143
11057	10965
10878	10839
10868	10947
11047	11165
11285	11367
11397	11387
11339	11244
11121	11029
10996	11006
11033	11048
11028	10981
10925	10882
10856	10843
10830	10793
10724	10637
10564	10544
10587	10698
10868	11072
11267	11407
11468	11454
11379	11272
11168	11091
11041	11009
11003	11041
11031	11010
10981	10952
10934	10922
10911	10898
10886	10883
10893	10925
10972	11013
11013	10962
10898	10872
10892	10935
10992	11074
11177	11260
11294	11297
11300	11315
11322	11307
11286	11284
11310	11343
11371	11395
11427	11472
11527	11576
11601	11608
11628	11669
11693	11667
11604	11547
11525	11547
11590	11632
11664	11697
11733	11757
11770	11781
11792	11793
11779	11758
11746	11754
11788	11838
11880	11908
11930	11960
11983	11988
11982	11992
12014	12023
12001	11963
11939	11942
11967	11995
12026	12045
12019	11932
11824	11770
11802	11877
11931	11932
11905	11888
11898	11910
11897	11856
11817	11804
11813	11819
11809	11787
11773	11771
11767	11728
11630	11481
11321	11198
11138	11122
11117	11097
11053	10973
10849	10734
10707	10781
10883	10947
10960	10938
10893	10839
10788	10761
10773	10814
10859	10889
10888	10845
10772	10694
10640	10617
10623	10659
10730	10821
10904	10951
10960	10953
10951	10972
11019	11089
11183	11285
11369	11406
11398	11354
11283	11192
11095	11003
10929	10906
10947	11027
11117	11214
11306	11364
11373	11345
11278	11162
11029	10939
10914	10935
10960	10972
10957	10928
10908	10901
10891	10871
10838	10782
10698	10601
10530	10517
10581	10716
10913	11142
11345	11470
11494	11430
11313	11181
11072	11006
10977	10963
10958	10969
10953	10950
10943	10932
10913	10888
10858	10832
10818	10820
10844	10886
10947	10996
11000	10952
10889	10859
10878	10928
10990	11063
11142	11203
11233	11251
11279	11318
11339	11334
11329	11345
11385	11426
11449	11459
11475	11503
11533	11551
11555	11556
11581	11625
11649	11630
11585	11541
11528	11549
11587	11627
11657	11690
11728	11763
11785	11804
11814	11808
11786	11763
11755	11772
11810	11851
11878	11887
11895	11915
11928	11916
11900	11911
11946	11967
11959	11931
11910	11903
11907	11918
11937	11959
11953	11903
11838	11806
11838	11902
11958	11973
11960	11946
11945	11946
11928	11883
11833	11797
11780	11772
11768	11770
11789	11811
11813	11766
11662	11521
11378	11265
11189	11136
11093	11049
11001	10923
10813	10721
10708	10773
10861	10928
10963	10961
10918	10848
10785	10762
10798	10874
10946	10971
10941	10874
10798	10734
10689	10659
10643	10649
10687	10765
10861	10933
10964	10970
10984	11024
11081	11145
11213	11285
11349	11390
11402	11381
11319	11223
11124	11046
11003	11011
11072	11155
11226	11279
11326	11358
11361	11329
11239	11097
10942	10850
10835	10860
10888	10902
10897	10886
10888	10899
10896	10873
10832	10774
10697	10607
10536	10525
10591	10733
10939	11172
11372	11482
11487	11401
11267	11126
11013	10954
10941	10946
10944	10934
10912	10924
10932	10926
10902	10868
10831	10799
10782	10780
10791	10827
10888	10948
10968	10939
10889	10860
10871	10919
10983	11048
11108	11151
11174	11195
11234	11283
11314	11320
11324	11354
11410	11469
11497	11503
11506	11517
11524	11519
11516	11527
11560	11597
11610	11593
11567	11548
11539	11543
11566	11602
11643	11686
11728	11762
11787	11809
11819	11809
11781	11759
11758	11781
11820	11857
11878	11875
11873	11882
11886	11863
11837	11839
11869	11891
11888	11875
11868	11865
11860	11855
11859	11870
11874	11858
11833	11830
11863	11925
11989	12030
12039	12022
11998	11974
11946	11906
11854	11801
11756	11723
11711	11735
11787	11841
11855	11805
11695	11559
11430	11329
11247	11168
11093	11033
10985	10914
10817	10741
10730	10777
10850	10919
10968	10976
10937	10871
10814	10804
10854	10943
11019	11031
10976	10899
10833	10791
10764	10744
10718	10694
10697	10751
10842	10926
10974	10989
11008	11050
11105	11166
11226	11280
11324	11361
11387	11381
11325	11233
11143	11088
11075	11109
11186	11273
11323	11334
11333	11343
11351	11321
11218	11043
10864	10757
10742	10771
10808	10831
10840	10843
10853	10867
10868	10846
10811	10769
10711	10636
10569	10552
10610	10748
10948	11171
11355	11450
11447	11370
11250	11115
11000	10933
10917	10926
10925	10903
10885	10907
10924	10912
10875	10835
10803	10780
10762	10752
10750	10772
10824	10887
10918	10904
10866	10838
10843	10888
10959	11030
11089	11122
11131	11137
11168	11219
11255	11265
11274	11315
11390	11462
11497	11498
11495	11497
11496	11489
11496	11528
11569	11588
11574	11551
11540	11539
11530	11514
11519	11558
11617	11678
11731	11764
11786	11803
11813	11798
11766	11740
11738	11758
11793	11828
11849	11856
11859	11867
11866	11840
11808	11800
11810	11813
11805	11803
11815	11830
11832	11822
11807	11805
11811	11820
11828	11844
11878	11935
12009	12076
12106	12090
12047	12000
11963	11927
11878	11817
11750	11695
11676	11713
11792	11870
11896	11850
11741	11610
11491	11397
11312	11220
11130	11057
10998	10922
10830	10766
10760	10800
10858	10919
10971	10990
10961	10904
10861	10865
10921	11004
11064	11054
10981	10902
10850	10826
10822	10820
10807	10780
10764	10789
10849	10920
10968	10994
11019	11057
11101	11147
11194	11230
11259	11291
11329	11344
11308	11236
11169	11135
11136	11177
11255	11335
11366	11342
11309	11305
11318	11297
11191	11004
10806	10685
10663	10699
10744	10773
10787	10792
10800	10812
10815	10804
10784	10761
10720	10662
10604	10588
10643	10776
10967	11169
11327	11403
11400	11344
11259	11150
11036	10947
10905	10896
10888	10857
10854	10882
10898	10871
10814	10767
10744	10740
10742	10743
10741	10754
10795	10844
10867	10853
10822	10793
10794	10838
10914	11001
11073	11109
11107	11094
11114	11162
11197	11199
11204	11254
11345	11426
11460	11453
11443	11446
11455	11468
11498	11552
11594	11587
11539	11494
11484	11490
11482	11458
11458	11506
11581	11658
11718	11754
11776	11794
11800	11781
11743	11710
11700	11709
11735	11768
11803	11828
11845	11858
11856	11834
11802	11784
11770	11751
11731	11733
11764	11803
11823	11814
11791	11776
11785	11810
11840	11865
11894	11942
12015	12094
12140	12136
12091	12036
11991	11947
11894	11828
11757	11701
11691	11743
11834	11916
11942	11900
11801	11680
11567	11471
11377	11274
11172	11083
11001	10906
10814	10766
10779	10825
10872	10918
10965	10989
10969	10921
10889	10900
10953	11022
11057	11028
10950	10878
10840	10835
10852	10872
10871	10851
10829	10831
10857	10903
10946	10985
11025	11061
11083	11094
11107	11124
11147	11186
11242	11284
11284	11245
11201	11178
11179	11210
11276	11343
11358	11313
11260	11247
11266	11256
11161	10981
10784	10659
10637	10679
10727	10748
10749	10742
10739	10744
10755	10760
10755	10742
10715	10671
10630	10626
10693	10830
11012	11191
11315	11362
11355	11321
11275	11200
11095	10986
10910	10875
10854	10815
10829	10855
10860	10809
10730	10673
10663	10690
10731	10763
10778	10792
10817	10842
10842	10812
10775	10748
10747	10786
10862	10960
11051	11102
11101	11079
11089	11129
11153	11140
11138	11194
11294	11376
11404	11392
11377	11388
11418	11458
11513	11576
11610	11576
11498	11431
11412	11419
11414	11396
11406	11465
11547	11625
11685	11728
11757	11781
11785	11760
11714	11674
11659	11665
11685	11721
11766	11807
11836	11848
11842	11824
11802	11780
11751	11711
11682	11690
11738	11797
11832	11829
11803	11785
11795	11830
11873	11907
11931	11962
12017	12088
12146	12161
12133	12084
12028	11969
11900	11831
11773	11744
11767	11838
11931	11997
12008	11962
11871	11757
11638	11526
11412	11294
11177	11069
10962	10858
10773	10748
10787	10848
10890	10916
10943	10958
10940	10901
10878	10892
10939	10990
11006	10969
10904	10856
10845	10863
10894	10916
10907	10873
10843	10836
10853	10891
10936	10986
11038	11070
11062	11024
10989	10987
11019	11076
11150	11218
11254	11252
11230	11211
11204	11223
11273	11328
11331	11279
11219	11203
11223	11221
11139	10974
10788	10669
10653	10702
10743	10745
10725	10703
10689	10689
10703	10722
10729	10723
10701	10668
10647	10666
10752	10903
11081	11231
11316	11329
11307	11287
11269	11226
11139	11029
10936	10885
10854	10810
10822	10838
10826	10758
10667	10603
10604	10661
10739	10804
10834	10845
10857	10864
10844	10797
10750	10722
10722	10751
10817	10914
11018	11093
11110	11092
11089	11108
11111	11086
11081	11138
11236	11314
11342	11333
11324	11343
11397	11463
11531	11582
11588	11533
11445	11382
11368	11379
11379	11367
11385	11447
11527	11595
11650	11694
11733	11765
11770	11739
11685	11642
11629	11643
11674	11715
11763	11807
11834	11835
11816	11804
11797	11785
11750	11702
11672	11687
11746	11818
11863	11868
11847	11832
11842	11876
11920	11956
11973	11987
12019	12075
12138	12171
12163	12123
12058	11979
11899	11834
11803	11817
11879	11973
12059	12100
12088	12032
11942	11824
11690	11548
11404	11261
11126	11007
10896	10800
10743	10746
10805	10877
10920	10929
10921	10904
10878	10854
10848	10869
10910	10945
10946	10909
10870	10864
10893	10937
10974	10975
10929	10865
10824	10827
10864	10914
10961	11004
11044	11063
11032	10956
10883	10863
10901	10974
11060	11147
11213	11243
11240	11223
11210	11219
11265	11315
11316	11264
11205	11186
11203	11200
11126	10974
10800	10685
10673	10722
10752	10732
10695	10669
10656	10653
10669	10694
10708	10704
10682	10661
10660	10705
10814	10980
11156	11281
11324	11300
11257	11235
11229	11209
11148	11061
10983	10935
10900	10847
10832	10833
10807	10739
10655	10599
10607	10680
10778	10847
10868	10864
10869	10876
10857	10804
10749	10722
10719	10737
10782	10865
10975	11072
11113	11105
11090	11081
11058	11024
11019	11076
11165	11237
11274	11283
11285	11314
11380	11464
11528	11549
11522	11461
11398	11374
11390	11412
11410	11393
11402	11452
11519	11580
11631	11679
11723	11757
11759	11719
11658	11614
11613	11647
11695	11743
11786	11822
11832	11813
11786	11781
11794	11796
11768	11724
11702	11728
11792	11860
11901	11910
11901	11896
11902	11923
11952	11980
11990	11997
12022	12072
12131	12167
12164	12122
12051	11968
11897	11855
11854	11901
11989	12092
12166	12184
12155	12096
12010	11887
11731	11558
11379	11210
11060	10935
10836	10770
10751	10779
10845	10918
10962	10955
10907	10849
10810	10805
10829	10869
10913	10938
10921	10876
10854	10882
10950	11020
11058	11036
10957	10867
10828	10852
10913	10971
11000	11009
11017	11018
10983	10905
10829	10801
10829	10894
10977	11073
11165	11220
11227	11211
11195	11204
11251	11302
11306	11256
11198	11176
11183	11174
11101	10955
10788	10679
10668	10710
10721	10679
10635	10620
10622	10628
10647	10677
10695	10689
10670	10656
10674	10740
10870	11051
11226	11332
11341	11284
11218	11180
11167	11152
11118	11073
11038	11013
10977	10910
10838	10828
10799	10748
10689	10658
10678	10748
10830	10873
10862	10835
10833	10857
10860	10819
10766	10735
10727	10733
10757	10824
10935	11046
11104	11104
11082	11051
11006	10956
10947	10996
11073	11140
11192	11226
11245	11276
11346	11432
11484	11480
11437	11394
11382	11412
11463	11497
11486	11449
11432	11457
11514	11579
11637	11689
11735	11766
11761	11708
11637	11591
11599	11651
11712	11760
11795	11815
11813	11785
11760	11769
11800	11817
11802	11772
11765	11800
11855	11900
11919	11925
11930	11933
11934	11936
11941	11956
11973	11992
12026	12075
12120	12138
12119	12069
12006	11946
11908	11901
11927	11986
12072	12159
12212	12217
12190	12146
12072	11947
11772	11571
11369	11183
11022	10896
10813	10781
10793	10832
10888	10949
10988	10968
10890	10801
10756	10773
10829	10895
10950	10971
10942	10884
10854	10892
10976	11060
11101	11070
10981	10895
10872	10915
10982	11022
11012	10975
10951	10948
10938	10900
10851	10822
10825	10857
10918	11015
11122	11189
11199	11173
11152	11165
11218	11272
11275	11227
11172	11145
11144	11124
11048	10907
10750	10647
10632	10658
10643	10583
10534	10534
10566	10600
10639	10675
10694	10689
10669	10664
10692	10772
10914	11104
11280	11378
11371	11292
11200	11135
11095	11069
11050	11048
11064	11074
11043	10956
10816	10809
10792	10766
10743	10741
10772	10829
10880	10888
10844	10792
10782	10818
10849	10830
10785	10751
10738	10731
10741	10800
10911	11025
11086	11089
11059	11016
10953	10890
10867	10900
10962	11026
11092	11152
11193	11231
11294	11365
11403	11392
11369	11370
11408	11477
11542	11569
11546	11493
11451	11457
11510	11585
11657	11715
11762	11792
11778	11712
11626	11574
11583	11633
11688	11730
11754	11766
11762	11747
11746	11774
11813	11839
11838	11832
11845	11884
11921	11930
11918	11913
11926	11937
11930	11911
11897	11908
11938	11981
12032	12078
12092	12070
12029	11985
11949	11932
11939	11970
12013	12065
12127	12185
12215	12215
12202	12182
12122	11992
11796	11574
11367	11179
11019	10898
10833	10826
10854	10889
10921	10954
10969	10937
10852	10762
10722	10753
10826	10909
10975	11006
10979	10921
10884	10909
10980	11057
11093	11064
10990	10928
10926	10978
11026	11026
10975	10913
10885	10899
10926	10938
10924	10896
10866	10855
10889	10979
11087	11152
11148	11110
11084	11103
11162	11219
11227	11187
11140	11112
11105	11079
10999	10864
10712	10608
10577	10577
10539	10465
10417	10433
10498	10573
10643	10691
10711	10705
10690	10689
10718	10796
10940	11136
11317	11419
11413	11326
11209	11104
11026	10971
10952	10977
11034	11077
11053	10943
10749	10763
10775	10779
10781	10798
10835	10880
10910	10903
10852	10791
10766	10795
10837	10837
10801	10768
10752	10739
10743	10798
10907	11017
11071	11065
11029	10976
10905	10831
10793	10812
10861	10922
10998	11078
11142	11194
11248	11292
11307	11308
11325	11375
11451	11533
11584	11593
11559	11506
11463	11465
11519	11602
11679	11738
11787	11816
11796	11720
11624	11564
11562	11593
11630	11656
11674	11685
11690	11702
11730	11772
11816	11843
11858	11875
11911	11953
11974	11956
11921	11909
11927	11941
11927	11892
11863	11871
11911	11971
12031	12062
12039	11977
11919	11898
11905	11930
11972	12025
12073	12115
12160	12196
12212	12212
12215	12209
12153	12012
11797	11556
11340	11159
11012	10909
10863	10869
10902	10929
10939	10934
10916	10873
10802	10738
10715	10743
10809	10889
10962	11005
11009	10980
10955	10966
11004	11041
11054	11029
10978	10946
10963	11005
11019	10980
10915	10869
10870	10909
10954	10985
10986	10952
10897	10855
10869	10947
11047	11099
11078	11029
11009	11036
11103	11165
11190	11173
11142	11118
11105	11075
10994	10854
10697	10577
10519	10486
10429	10353
10314	10349
10442	10555
10653	10715
10739	10736
10727	10727
10751	10819
10959	11155
11347	11462
11469	11378
11237	11089
10969	10883
10850	10884
10964	11028
11005	10869
10657	10698
10746	10774
10787	10803
10836	10874
10905	10912
10882	10830
10796	10811
10846	10852
10824	10794
10778	10765
10765	10814
10913	11007
11048	11039
11002	10949
10875	10795
10750	10760
10811	10878
10955	11036
11113	11179
11225	11238
11227	11233
11283	11369
11466	11542
11579	11572
11539	11503
11479	11490
11544	11621
11687	11740
11785	11816
11796	11719
11622	11558
11542	11551
11568	11587
11603	11616
11633	11666
11714	11765
11805	11831
11856	11890
11938	11986
12002	11974
11934	11923
11944	11963
11949	11908
11874	11876
11914	11975
12031	12045
11990	11899
11839	11843
11883	11927
11976	12028
12073	12113
12159	12196
12213	12218
12224	12222
12167	12023
11795	11530
11286	11100
10974	10898
10869	10881
10919	10950
10952	10923
10873	10821
10773	10742
10734	10748
10788	10854
10924	10983
11023	11043
11048	11049
11042	11024
11000	10974
10953	10950
10973	10993
10970	10911
10864	10866
10915	10969
11004	11014
10998	10955
10890	10840
10847	10919
11006	11046
11019	10973
10963	11004
11075	11145
11193	11205
11186	11163
11147	11114
11030	10881
10707	10561
10471	10408
10340	10274
10251	10299
10410	10543
10659	10731
10763	10770
10769	10775
10793	10853
10987	11188
11388	11518
11534	11442
11273	11088
10928	10816
10772	10802
10888	10958
10931	10778
10583	10636
10701	10743
10760	10770
10788	10820
10860	10896
10899	10870
10841	10850
10879	10887
10862	10833
10819	10810
10810	10847
10923	10994
11019	11006
10974	10931
10867	10793
10747	10758
10822	10905
10977	11044
11116	11187
11227	11214
11183	11184
11240	11334
11433	11507
11536	11529
11511	11502
11506	11528
11575	11632
11676	11710
11750	11777
11761	11694
11608	11548
11523	11520
11532	11549
11567	11579
11604	11650
11709	11761
11798	11823
11851	11890
11941	11988
11999	11969
11930	11923
11948	11976
11973	11944
11917	11915
11946	12000
12051	12053
11984	11882
11823	11835
11882	11920
11949	11982
12022	12071
12135	12190
12215	12216
12216	12213
12167	12034
11801	11506
11224	11021
10911	10864
10846	10860
10904	10956
10970	10934
10870	10812
10778	10763
10753	10752
10771	10814
10864	10916
10972	11023
11049	11037
10990	10929
10888	10883
10901	10930
10958	10956
10912	10854
10836	10890
10982	11047
11060	11036
10993	10939
10880	10843
10857	10921
10999	11038
11020	10984
10978	11020
11096	11175
11231	11246
11231	11212
11199	11164
11069	10907
10717	10552
10435	10348
10276	10224
10220	10282
10399	10539
10658	10733
10768	10784
10803	10825
10859	10922
11056	11255
11460	11592
11609	11505
11315	11095
10906	10776
10723	10751
10829	10894
10868	10721
10551	10592
10648	10699
10729	10740
10745	10763
10809	10866
10898	10891
10876	10888
10918	10928
10905	10879
10870	10867
10867	10888
10936	10981
10986	10961
10932	10907
10870	10818
10776	10792
10870	10967
11036	11084
11143	11211
11244	11221
11176	11166
11211	11291
11379	11447
11480	11485
11489	11508
11538	11571
11611	11645
11664	11678
11704	11725
11713	11660
11591	11541
11517	11513
11526	11546
11558	11565
11595	11657
11726	11781
11817	11840
11862	11893
11935	11969
11973	11939
11898	11890
11918	11955
11970	11960
11947	11948
11974	12026
12079	12088
12023	11923
11863	11867
11898	11911
11911	11926
11962	12028
12115	12188
12216	12205
12192	12191
12160	12040
11807	11492
11181	10962
10860	10830
10820	10832
10882	10948
10979	10950
10887	10830
10794	10764
10737	10718
10719	10722
10705	10676
10664	10675
10682	10659
10607	10561
10569	10635
10730	10817
10878	10896
10866	10827
10839	10923
11036	11113
11122	11076
11011	10953
10911	10899
10927	10987
11055	11102
11100	11070
11054	11086
11163	11245
11287	11285
11265	11259
11255	11209
11091	10909
10711	10539
10407	10305
10229	10191
10208	10282
10402	10540
10656	10722
10751	10776
10818	10879
10945	11028
11165	11354
11543	11664
11670	11557
11350	11109
10900	10761
10705	10729
10797	10853
10832	10712
10547	10562
10601	10658
10712	10737
10737	10740
10777	10842
10894	10906
10898	10909
10940	10955
10942	10924
10924	10930
10928	10933
10958	10980
10966	10925
10891	10880
10875	10855
10832	10854
10930	11019
11076	11116
11175	11248
11283	11259
11209	11184
11205	11262
11335	11400
11438	11457
11479	11519
11568	11610
11649	11674
11676	11673
11680	11687
11672	11632
11584	11548
11529	11534
11555	11578
11576	11572
11605	11685
11770	11830
11863	11878
11886	11897
11918	11936
11930	11893
11852	11843
11870	11910
11936	11942
11939	11940
11965	12019
12082	12105
12060	11974
11915	11906
11911	11899
11885	11893
11935	12015
12120	12204
12230	12205
12181	12180
12158	12047
11815	11497
11185	10963
10856	10821
10810	10823
10870	10932
10962	10938
10886	10835
10787	10728
10661	10605
10548	10441
10252	10018
9816	9690
9628	9599
9596	9643
9776	9983
10215	10425
10593	10707
10764	10796
10852	10952
11070	11149
11162	11117
11054	11005
10991	11010
11049	11103
11161	11211
11224	11192
11155	11165
11236	11315
11343	11322
11304	11318
11326	11262
11111	10904
10701	10528
10385	10269
10190	10165
10200	10284
10407	10542
10650	10706
10729	10762
10834	10937
11045	11156
11295	11462
11620	11709
11698	11577
11367	11122
10909	10770
10717	10738
10794	10837
10818	10723
10559	10557
10580	10638
10707	10746
10745	10735
10757	10817
10872	10893
10895	10910
10945	10972
10973	10965
10972	10984
10982	10977
10988	11000
10982	10934
10888	10875
10888	10899
10904	10928
10982	11036
11070	11113
11194	11290
11341	11321
11261	11216
11213	11253
11316	11380
11425	11451
11482	11532
11588	11637
11676	11701
11701	11687
11674	11660
11639	11611
11582	11558
11552	11569
11607	11634
11624	11608
11643	11734
11829	11886
11907	11905
11894	11886
11886	11888
11875	11842
11808	11801
11827	11868
11901	11915
11913	11909
11924	11974
12039	12072
12042	11972
11917	11899
11889	11870
11855	11872
11928	12024
12140	12231
12260	12234
12207	12202
12177	12065
11837	11540
11248	11029
10903	10844
10826	10836
10869	10903
10910	10882
10838	10797
10743	10653
10525	10359
10122	9757
9261	8727
8278	7982
7840	7820
7895	8062
8337	8703
9108	9504
9865	10177
10427	10626
10799	10955
11075	11142
11154	11124
11085	11072
11095	11140
11186	11226
11271	11319
11335	11298
11240	11224
11273	11339
11362	11346
11343	11374
11387	11314
11145	10929
10719	10538
10380	10249
10165	10143
10186	10279
10402	10533
10638	10694
10720	10768
10865	11001
11143	11277
11414	11558
11674	11726
11695	11573
11372	11139
10935	10804
10757	10774
10821	10852
10829	10742
10594	10590
10606	10653
10712	10748
10743	10722
10725	10764
10812	10842
10860	10895
10948	10989
11001	11001
11010	11023
11022	11015
11024	11046
11044	10999
10936	10899
10907	10936
10964	10987
11006	11014
11023	11077
11194	11327
11401	11384
11310	11244
11222	11253
11315	11381
11426	11454
11485	11534
11589	11635
11672	11694
11697	11680
11656	11626
11599	11578
11562	11551
11556	11592
11654	11700
11699	11679
11704	11786
11871	11913
11915	11896
11875	11857
11845	11838
11826	11802
11778	11775
11802	11844
11881	11900
11895	11883
11889	11927
11979	12000
11968	11907
11860	11839
11830	11815
11812	11844
11925	12042
12164	12255
12288	12275
12254	12242
12207	12096
11889	11623
11361	11144
10988	10896
10860	10860
10867	10863
10841	10801
10757	10720
10662	10530
10277	9873
9289	8537
7700	6923
6328	5960
5801	5811
5938	6161
6489	6925
7434	7983
8544	9098
9623	10099
10509	10820
11006	11083
11094	11083
11085	11123
11188	11252
11289	11307
11332	11370
11386	11348
11281	11246
11264	11308
11335	11340
11356	11392
11405	11337
11186	10989
10787	10592
10414	10261
10160	10129
10168	10261
10387	10519
10626	10692
10738	10809
10926	11078
11233	11374
11509	11630
11709	11728
11679	11560
11375	11162
10976	10857
10816	10832
10873	10897
10868	10776
10647	10648
10660	10690
10727	10745
10733	10703
10689	10709
10747	10787
10832	10893
10960	11009
11026	11027
11032	11041
11042	11042
11062	11099
11119	11080
10998	10929
10914	10942
10973	10986
10981	10963
10962	11034
11182	11348
11442	11428
11343	11261
11230	11257
11319	11380
11421	11442
11469	11516
11571	11613
11638	11650
11654	11645
11617	11580
11549	11536
11530	11528
11542	11592
11678	11756
11780	11765
11770	11816
11871	11890
11877	11856
11842	11832
11821	11813
11804	11785
11766	11768
11792	11829
11864	11885
11882	11872
11883	11918
11945	11930
11874	11811
11766	11744
11734	11725
11734	11790
11901	12043
12169	12249
12283	12281
12268	12260
12233	12142
11972	11745
11510	11288
11098	10965
10900	10877
10856	10821
10776	10724
10676	10631
10538	10295
9802	9023
8019	6930
5916	5114
4575	4287
4201	4258
4396	4582
4838	5198
5655	6195
6815	7514
8268	9041
9773	10371
10753	10932
10989	11012
11059	11150
11258	11325
11337	11321
11319	11341
11350	11321
11269	11236
11234	11258
11285	11306
11329	11361
11369	11322
11215	11070
10893	10694
10496	10323
10197	10139
10154	10239
10368	10507
10626	10709
10781	10875
11006	11159
11309	11443
11565	11663
11717	11711
11649	11532
11365	11176
11014	10911
10876	10893
10933	10959
10928	10829
10697	10700
10709	10724
10739	10742
10727	10698
10682	10697
10737	10790
10851	10919
10981	11024
11039	11037
11036	11041
11045	11052
11084	11133
11163	11122
11020	10926
10895	10910
10926	10926
10917	10901
10913	11001
11171	11354
11460	11448
11364	11279
11247	11272
11329	11379
11405	11415
11438	11485
11543	11583
11594	11592
11596	11598
11574	11533
11502	11497
11501	11505
11523	11582
11680	11783
11836	11832
11814	11816
11832	11836
11824	11819
11829	11836
11827	11816
11805	11789
11776	11777
11795	11814
11832	11847
11851	11864
11900	11942
11937	11861
11748	11644
11574	11528
11498	11486
11510	11602
11762	11940
12077	12159
12198	12212
12217	12226
12229	12187
12070	11895
11683	11452
11226	11047
10940	10886
10844	10791
10734	10674
10613	10530
10322	9842
8988	7815
6522	5341
4419	3802
3454	3322
3348	3471
3611	3736
3876	4073
4342	4698
5174	5805
6595	7529
8539	9481
10190	10613
10819	10922
11021	11154
11289	11356
11341	11290
11257	11257
11264	11255
11237	11227
11229	11239
11250	11263
11284	11311
11320	11295
11239	11148
11008	10823
10621	10436
10288	10194
10175	10238
10365	10515
10647	10749
10842	10951
11086	11232
11362	11476
11577	11660
11695	11670
11595	11479
11326	11161
11022	10935
10909	10926
10967	11000
10975	10874
10738	10740
10743	10747
10749	10745
10734	10720
10720	10750
10802	10865
10922	10971
11008	11034
11042	11036
11029	11027
11031	11049
11087	11132
11153	11104
10998	10903
10872	10879
10882	10875
10871	10870
10892	10987
11160	11344
11450	11448
11374	11304
11278	11302
11348	11384
11396	11398
11416	11467
11529	11565
11563	11550
11554	11562
11543	11501
11473	11474
11483	11491
11512	11570
11668	11773
11837	11837
11806	11782
11777	11781
11791	11815
11850	11868
11856	11832
11814	11799
11792	11798
11805	11801
11795	11793
11798	11823
11866	11884
11810	11627
11396	11188
11032	10919
10840	10811
10861	11015
11247	11492
11690	11828
11927	12004
12071	12137
12196	12213
12160	12044
11868	11641
11381	11145
10980	10890
10835	10776
10708	10636
10548	10369
9938	9101
7876	6475
5176	4170
3501	3121
2956	2959
3092	3284
3449	3545
3601	3653
3724	3842
4069	4470
5089	5955
7047	8229
9283	10057
10534	10796
10969	11136
11278	11345
11323	11259
11206	11187
11199	11220
11240	11257
11266	11260
11243	11233
11247	11272
11288	11284
11263	11212
11109	10950
10767	10589
10433	10311
10259	10296
10409	10558
10697	10812
10914	11026
11153	11281
11389	11481
11565	11635
11657	11610
11518	11399
11258	11112
10992	10918
10897	10916
10961	10998
10985	10898
10778	10774
10770	10763
10758	10752
10751	10760
10791	10845
10914	10975
11017	11035
11042	11047
11047	11038
11022	11013
11019	11042
11077	11110
11115	11066
10977	10903
10883	10894
10900	10899
10900	10900
10912	10987
11139	11307
11405	11409
11359	11317
11310	11336
11371	11394
11399	11404
11430	11487
11551	11584
11570	11545
11547	11558
11543	11499
11470	11471
11481	11488
11511	11565
11646	11728
11778	11780
11754	11730
11726	11745
11782	11840
11892	11913
11892	11854
11825	11810
11808	11815
11813	11789
11752	11709
11668	11635
11590	11477
11240	10881
10474	10104
9813	9599
9458	9413
9500	9723
10040	10383
10701	10987
11250	11501
11733	11939
12099	12193
12212	12166
12050	11845
11566	11272
11037	10897
10819	10755
10678	10584
10432	10082
9336	8137
6697	5347
4296	3578
3143	2917
2857	2943
3151	3402
3595	3685
3696	3666
3614	3567
3586	3742
4103	4738
5682	6871
8123	9231
10051	10569
10881	11092
11237	11308
11305	11257
11205	11181
11197	11243
11294	11327
11330	11304
11267	11246
11250	11269
11286	11299
11298	11270
11192	11068
10918	10761
10609	10484
10420	10437
10527	10655
10784	10893
10990	11090
11198	11298
11383	11461
11538	11603
11609	11545
11436	11312
11181	11048
10938	10876
10862	10886
10930	10970
10968	10908
10824	10815
10800	10783
10769	10762
10771	10803
10863	10941
11020	11076
11100	11094
11080	11072
11063	11043
11016	10999
11005	11035
11069	11091
11093	11062
11005	10954
10940	10954
10974	10991
10995	10978
10960	10997
11110	11246
11330	11342
11324	11315
11334	11362
11386	11399
11408	11427
11470	11535
11600	11626
11600	11568
11564	11579
11567	11528
11497	11495
11503	11508
11528	11571
11623	11664
11686	11691
11687	11688
11700	11733
11795	11874
11935	11952
11923	11878
11845	11829
11822	11814
11792	11735
11626	11469
11274	11045
10767	10395
9917	9356
8788	8289
7896	7612
7439	7394
7507	7763
8116	8523
8967	9440
9943	10469
10991	11448
11796	12027
12161	12214
12182	12032
11764	11428
11121	10911
10792	10710
10624	10495
10226	9629
8556	7131
5729	4660
3951	3485
3184	3016
2989	3113
3359	3637
3838	3917
3900	3829
3725	3601
3500	3489
3643	4025
4692	5668
6885	8168
9306	10155
10705	11023
11191	11269
11292	11279
11242	11217
11232	11290
11360	11401
11393	11358
11336	11329
11324	11317
11319	11336
11349	11335
11275	11180
11059	10925
10793	10687
10635	10645
10707	10798
10893	10979
11059	11138
11213	11282
11345	11415
11494	11550
11546	11470
11359	11240
11116	10991
10893	10844
10843	10873
10917	10952
10957	10921
10870	10855
10832	10805
10782	10772
10788	10837
10917	11007
11086	11136
11151	11138
11116	11098
11078	11042
11001	10976
10985	11022
11064	11091
11108	11107
11081	11043
11020	11027
11055	11088
11091	11055
11008	11009
11084	11189
11259	11279
11288	11314
11353	11385
11399	11406
11419	11452
11508	11579
11642	11660
11627	11586
11582	11600
11595	11564
11539	11542
11553	11561
11576	11599
11611	11605
11596	11610
11643	11679
11711	11756
11827	11911
11963	11965
11928	11888
11857	11837
11810	11762
11672	11506
11225	10827
10343	9808
9222	8583
7913	7258
6666	6172
5794	5532
5380	5353
5454	5663
5952	6323
6793	7369
8054	8837
9660	10425
11048	11520
11864	12098
12198	12142
11919	11580
11226	10947
10766	10650
10543	10353
9908	9022
7698	6262
5124	4419
3997	3686
3439	3283
3259	3390
3637	3904
4089	4149
4109	4010
3872	3709
3553	3467
3508	3712
4113	4778
5759	7002
8328	9509
10379	10896
11141	11238
11284	11298
11278	11248
11253	11310
11394	11445
11440	11424
11441	11464
11444	11397
11368	11382
11405	11401
11355	11275
11171	11056
10953	10885
10857	10864
10891	10933
10987	11044
11102	11156
11199	11235
11277	11337
11408	11455
11441	11372
11279	11178
11065	10951
10872	10845
10864	10905
10947	10973
10974	10949
10905	10886
10857	10823
10794	10782
10803	10864
10951	11039
11108	11154
11172	11165
11144	11118
11082	11033
10982	10954
10967	11009
11061	11102
11134	11157
11157	11126
11092	11083
11107	11139
11140	11098
11037	11020
11073	11159
11222	11248
11275	11324
11376	11409
11419	11423
11440	11480
11536	11601
11652	11665
11628	11583
11577	11594
11598	11580
11574	11596
11624	11642
11656	11653
11619	11564
11532	11556
11623	11693
11744	11796
11866	11934
11963	11937
11887	11842
11812	11777
11703	11555
11294	10888
10308	9586
8795	7998
7225	6493
5833	5274
4819	4464
4202	4028
3933	3914
3965	4068
4226	4470
4838	5356
6036	6881
7840	8807
9697	10484
11157	11681
12007	12107
11983	11693
11336	11017
10779	10612
10457	10168
9504	8340
6894	5630
4854	4474
4228	3979
3744	3593
3584	3726
3968	4207
4356	4381
4305	4165
3990	3802
3634	3533
3530	3633
3844	4223
4890	5920
7255	8670
9873	10662
11052	11205
11275	11307
11297	11265
11260	11315
11408	11471
11484	11499
11551	11591
11553	11466
11407	11409
11436	11439
11400	11324
11228	11136
11071	11045
11038	11028
11013	11010
11030	11070
11113	11145
11158	11163
11181	11227
11282	11312
11292	11244
11187	11115
11018	10920
10864	10869
10916	10973
11016	11032
11020	10985
10920	10896
10861	10827
10800	10795
10823	10891
10981	11058
11115	11156
11182	11184
11160	11122
11077	11027
10984	10962
10975	11017
11066	11110
11146	11175
11186	11167
11134	11115
11122	11142
11141	11105
11055	11038
11082	11158
11218	11253
11288	11340
11393	11427
11440	11455
11480	11518
11559	11601
11637	11645
11613	11574
11562	11574
11576	11572
11589	11638
11693	11732
11741	11711
11636	11545
11496	11526
11615	11707
11771	11823
11885	11936
11933	11875
11800	11734
11669	11571
11374	11011
10444	9687
8790	7841
6931	6118
5414	4821
4348	3993
3731	3539
3402	3310
3254	3226
3215	3222
3264	3379
3595	3935
4426	5095
5930	6875
7887	8934
9963	10866
11527	11882
11938	11755
11446	11120
10841	10621
10392	9957
9060	7680
6234	5237
4800	4642
4475	4225
3977	3846
3892	4108
4405	4648
4741	4681
4515	4293
4068	3872
3725	3644
3630	3671
3757	3928
4309	5061
6251	7742
9201	10287
10887	11145
11254	11305
11305	11279
11277	11334
11430	11505
11541	11580
11641	11668
11612	11505
11429	11418
11438	11440
11399	11321
11232	11166
11141	11145
11145	11110
11052	11015
11020	11055
11092	11107
11099	11079
11076	11100
11135	11145
11128	11110
11093	11052
10972	10889
10857	10893
10971	11048
11094	11098
11068	11016
10911	10881
10843	10811
10798	10806
10847	10928
11019	11089
11133	11169
11200	11204
11170	11116
11069	11033
11009	11002
11017	11046
11079	11108
11134	11154
11166	11157
11137	11117
11110	11115
11114	11098
11075	11073
11112	11178
11236	11271
11306	11348
11393	11428
11459	11495
11535	11567
11583	11595
11614	11625
11612	11584
11571	11571
11566	11566
11599	11667
11748	11802
11810	11759
11658	11549
11493	11518
11608	11705
11773	11826
11882	11918
11894	11811
11699	11569
11397	11127
10679	9984
9055	8000
6954	6032
5288	4712
4264	3912
3652	3467
3340	3251
3186	3133
3083	3032
2980	2937
2924	2961
3050	3206
3457	3840
4386	5110
6030	7147
8408	9670
10737	11459
11790	11778
11546	11234
10935	10667
10348	9740
8606	7078
5728	5005
4819	4779
4622	4343
4084	4005
4181	4571
5023	5322
5347	5140
4807	4443
4129	3913
3797	3745
3727	3728
3739	3781
3960	4453
5416	6832
8425	9776
10627	11040
11219	11297
11310	11294
11299	11361
11460	11546
11606	11661
11709	11709
11642	11544
11473	11448
11447	11432
11378	11299
11219	11174
11169	11183
11177	11123
11039	10980
10979	11016
11051	11058
11033	10999
10982	10992
11009	11010
11003	11010
11025	11007
10942	10869
10850	10904
11004	11097
11147	11143
11098	11032
10904	10865
10818	10790
10789	10815
10873	10966
11063	11131
11167	11196
11222	11221
11176	11111
11060	11038
11036	11043
11054	11066
11079	11094
11106	11112
11113	11108
11098	11088
11083	11088
11098	11108
11111	11122
11155	11208
11258	11291
11317	11350
11389	11436
11487	11546
11597	11620
11613	11598
11607	11630
11642	11636
11628	11618
11602	11595
11627	11701
11792	11856
11861	11798
11689	11581
11520	11529
11601	11691
11765	11821
11873	11897
11857	11746
11570	11307
10912	10335
9534	8511
7363	6253
5324	4653
4223	3954
3763	3607
3477	3380
3311	3262
3215	3161
3100	3036
2971	2918
2893	2893
2905	2934
3004	3149
3413	3851
4527	5504
6787	8271
9724	10873
11553	11754
11617	11325
11017	10718
10305	9503
8141	6532
5321	4833
4800	4794
4615	4316
4092	4142
4536	5179
5818	6171
6117	5758
5247	4699
4235	3944
3813	3775
3762	3750
3731	3715
3776	4071
4790	6028
7622	9165
10279	10898
11187	11307
11326	11307
11310	11377
11483	11585
11666	11731
11762	11739
11678	11609
11556	11522
11496	11453
11382	11298
11230	11197
11191	11190
11169	11108
11018	10949
10938	10973
11007	11010
10980	10942
10923	10927
10934	10935
10939	10966
10998	10997
10946	10883
10869	10926
11028	11121
11163	11153
11107	11046
10929	10879
10821	10789
10797	10835
10901	10999
11104	11174
11204	11218
11231	11223
11177	11110
11057	11037
11040	11051
11061	11065
11068	11070
11070	11063
11051	11039
11039	11049
11067	11088
11115	11143
11163	11174
11192	11224
11264	11296
11324	11357
11406	11470
11541	11609
11658	11669
11641	11613
11622	11660
11696	11709
11707	11696
11674	11654
11673	11741
11833	11899
11901	11834
11731	11632
11571	11563
11611	11691
11765	11826
11874	11884
11814	11643
11332	10828
10092	9140
8034	6874
5787	4896
4271	3907
3741	3671
3620	3555
3486	3427
3381	3336
3279	3202
3121	3056
3005	2966
2943	2920
2886	2845
2822	2839
2926	3138
3559	4291
5419	6937
8648	10186
11224	11657
11620	11359
11059	10748
10238	9229
7669	6040
4995	4681
4717	4691
4485	4214
4115	4395
5079	5963
6705	7024
6885	6439
5823	5123
4481	4038
3823	3760
3757	3756
3743	3713
3717	3874
4367	5370
6855	8502
9867	10732
11173	11351
11375	11337
11324	11386
11503	11621
11715	11781
11797	11760
11710	11675
11650	11620
11578	11515
11430	11344
11285	11257
11232	11203
11162	11100
11016	10938
10910	10932
10967	10970
10942	10911
10898	10902
10908	10908
10920	10955
10996	11008
10979	10938
10932	10980
11060	11126
11151	11134
11099	11068
10991	10933
10866	10831
10840	10879
10942	11032
11133	11209
11234	11227
11216	11203
11166	11109
11058	11033
11031	11041
11053	11060
11060	11051
11034	11012
10990	10977
10987	11026
11079	11130
11173	11207
11223	11220
11213	11223
11252	11286
11322	11366
11428	11507
11587	11658
11697	11692
11649	11616
11629	11680
11725	11741
11741	11732
11712	11689
11699	11762
11854	11919
11918	11855
11768	11694
11642	11626
11653	11716
11781	11836
11869	11849
11722	11423
10876	10030
8925	7694
6498	5458
4648	4098
3787	3652
3619	3608
3583	3536
3489	3453
3422	3375
3295	3195
3105	3050
3026	3012
2992	2942
2863	2781
2721	2695
2720	2828
3089	3603
4496	5876
7664	9470
10815	11474
11557	11343
11075	10759
10140	8925
7214	5631
4760	4570
4614	4550
4343	4170
4292	4872
5831	6856
7570	7772
7542	7071
6445	5686
4905	4281
3917	3788
3784	3806
3807	3781
3756	3811
4110	4863
6172	7842
9418	10536
11147	11402
11441	11385
11346	11398
11523	11650
11745	11794
11791	11747
11709	11702
11704	11691
11657	11595
11511	11432
11383	11355
11312	11249
11187	11124
11044	10956
10902	10903
10926	10930
10909	10890
10887	10893
10891	10887
10902	10944
10993	11021
11019	11011
11022	11058
11101	11127
11124	11102
11086	11092
11051	10995
10934	10905
10915	10949
10995	11064
11155	11232
11255	11233
11201	11178
11150	11107
11067	11045
11043	11054
11069	11076
11068	11041
11005	10972
10949	10943
10968	11035
11121	11198
11253	11284
11287	11263
11234	11223
11240	11273
11313	11363
11427	11507
11587	11654
11685	11668
11617	11581
11597	11649
11688	11692
11682	11675
11669	11663
11684	11749
11837	11897
11896	11841
11783	11749
11730	11720
11732	11767
11805	11825
11815	11727
11475	10961
10109	8940
7606	6328
5277	4507
4002	3725
3619	3607
3609	3585
3537	3481
3440	3419
3398	3355
3280	3187
3115	3091
3106	3119
3085	2984
2844	2717
2637	2614
2655	2779
3006	3381
4022	5153
6858	8792
10366	11228
11445	11311
11087	10762
10023	8611
6798	5311
4622	4531
4568	4482
4324	4319
4698	5523
6617	7629
8224	8275
7948	7471
6905	6204
5400	4649
4124	3892
3862	3898
3916	3896
3852	3833
3978	4507
5618	7246
8963	10293
11067	11406
11480	11424
11371	11411
11534	11663
11742	11764
11734	11683
11657	11671
11693	11699
11686	11647
11588	11531
11500	11476
11423	11339
11259	11190
11107	11005
10922	10886
10883	10878
10864	10858
10863	10863
10849	10838
10856	10907
10972	11021
11049	11071
11098	11122
11131	11120
11092	11062
11058	11089
11064	11028
10993	10986
11006	11029
11050	11089
11163	11243
11281	11265
11228	11196
11165	11133
11108	11097
11100	11110
11119	11115
11089	11041
10994	10965
10952	10952
10985	11063
11169	11266
11330	11359
11352	11314
11270	11245
11251	11277
11313	11358
11416	11484
11554	11609
11629	11602
11546	11511
11532	11581
11608	11594
11566	11555
11566	11592
11639	11706
11778	11823
11818	11783
11763	11778
11803	11813
11817	11824
11819	11778
11673	11427
10934	10118
8991	7677
6378	5287
4495	3984
3684	3547
3526	3548
3551	3515
3461	3416
3395	3398
3409	3407
3383	3351
3341	3370
3430	3456
3375	3177
2932	2728
2616	2603
2698	2903
3173	3459
3855	4700
6243	8213
9946	10988
11346	11300
11111	10749
9877	8294
6430	5081
4574	4567
4601	4532
4488	4691
5265	6156
7163	8001
8395	8258
7810	7343
6922	6427
5766	5013
4381	4029
3940	3977
4017	4009
3957	3898
3941	4297
5218	6750
8528	10007
10917	11339
11464	11437
11395	11433
11553	11671
11727	11711
11651	11591
11573	11596
11621	11636
11645	11640
11620	11602
11601	11592
11540	11452
11364	11289
11200	11084
10969	10886
10836	10808
10796	10801
10807	10797
10772	10759
10787	10858
10947	11019
11065	11098
11126	11137
11127	11096
11056	11021
11015	11048
11037	11031
11037	11065
11097	11108
11100	11108
11162	11246
11308	11323
11305	11276
11240	11206
11186	11183
11191	11194
11184	11155
11103	11044
11005	10995
10997	11002
11026	11096
11200	11301
11370	11404
11401	11363
11316	11285
11281	11297
11325	11368
11423	11484
11536	11567
11561	11519
11462	11434
11461	11517
11542	11517
11472	11449
11469	11528
11599	11662
11702	11719
11711	11696
11712	11768
11823	11847
11850	11838
11791	11667
11398	10876
10019	8867
7592	6375
5339	4551
4019	3693
3513	3437
3435	3457
3465	3456
3448	3464
3514	3594
3696	3800
3884	3946
4006	4091
4189	4207
4030	3658
3230	2893
2711	2687
2827	3111
3426	3632
3815	4413
5812	7789
9635	10819
11302	11332
11147	10713
9697	7979
6122	4934
4603	4665
4706	4693
4804	5180
5808	6568
7307	7833
7917	7513
6930	6535
6385	6239
5867	5256
4612	4168
4000	4012
4070	4087
4050	3986
3979	4217
4971	6373
8142	9716
10736	11234
11410	11431
11426	11481
11597	11701
11724	11666
11571	11499
11477	11490
11504	11517
11543	11576
11606	11634
11668	11677
11637	11558
11477	11397
11300	11176
11037	10903
10796	10733
10717	10726
10729	10711
10683	10679
10726	10823
10932	11018
11064	11085
11090	11086
11072	11043
11003	10967
10960	10989
10997	11018
11068	11132
11175	11176
11146	11125
11157	11240
11326	11380
11396	11382
11347	11311
11288	11286
11287	11278
11245	11186
11115	11056
11036	11044
11056	11057
11069	11116
11199	11286
11352	11396
11410	11390
11353	11320
11304	11306
11330	11381
11452	11520
11558	11555
11514	11450
11390	11370
11408	11476
11517	11501
11450	11416
11439	11512
11594	11644
11652	11640
11626	11625
11660	11723
11778	11804
11804	11773
11670	11424
10917	10038
8793	7398
6144	5187
4505	4032
3723	3548
3474	3458
3476	3508
3549	3606
3692	3814
3976	4182
4434	4697
4920	5070
5156	5232
5311	5269
4937	4332
3673	3168
2893	2837
2989	3310
3629	3754
3786	4243
5582	7582
9503	10779
11343	11417
11210	10676
9510	7687
5876	4855
4669	4789
4864	4946
5191	5632
6167	6686
7093	7228
6920	6238
5575	5325
5494	5737
5710	5331
4777	4303
4060	4026
4086	4133
4129	4089
4074	4244
4863	6127
7848	9475
10579	11140
11361	11433
11476	11553
11662	11742
11733	11638
11513	11418
11376	11367
11365	11374
11415	11485
11561	11635
11701	11729
11701	11638
11572	11499
11396	11262
11104	10932
10777	10677
10643	10643
10639	10617
10598	10614
10686	10801
10922	11006
11035	11022
10995	10976
10963	10944
10913	10887
10887	10926
10957	10997
11076	11165
11216	11212
11176	11148
11165	11236
11330	11408
11448	11454
11433	11399
11374	11363
11356	11338
11290	11215
11133	11080
11069	11088
11103	11102
11100	11126
11174	11229
11284	11342
11387	11397
11374	11339
11308	11295
11316	11379
11475	11563
11600	11572
11499	11416
11355	11338
11376	11450
11512	11523
11490	11459
11480	11551
11624	11657
11647	11620
11602	11608
11639	11679
11705	11714
11701	11632
11436	11003
10193	8954
7447	6021
4968	4337
3988	3790
3691	3685
3743	3814
3868	3915
3989	4114
4293	4513
4770	5087
5477	5898
6265	6494
6558	6517
6432	6197
5640	4814
3989	3393
3076	3005
3149	3450
3724	3777
3752	4208
5587	7635
9583	10880
11467	11545
11294	10653
9342	7441
5689	4811
4738	4916
5063	5251
5564	5947
6308	6585
6672	6412
5756	4919
4303	4216
4612	5137
5409	5283
4886	4452
4158	4060
4094	4161
4195	4190
4192	4332
4863	6015
7677	9326
10483	11084
11341	11458
11540	11627
11721	11775
11739	11620
11472	11354
11286	11251
11231	11237
11289	11386
11500	11615
11709	11757
11739	11689
11639	11577
11474	11329
11155	10967
10788	10663
10598	10569
10547	10520
10515	10557
10650	10773
10888	10957
10961	10917
10864	10832
10818	10804
10785	10772
10796	10863
10924	10968
11053	11148
11200	11203
11187	11176
11194	11251
11331	11406
11454	11469
11458	11431
11403	11387
11377	11358
11310	11233
11150	11100
11094	11113
11126	11123
11115	11112
11122	11142
11193	11276
11359	11400
11385	11339
11293	11266
11283	11357
11474	11581
11626	11588
11500	11411
11354	11339
11364	11427
11498	11541
11544	11536
11559	11614
11665	11683
11666	11639
11628	11634
11647	11650
11639	11623
11581	11443
11096	10401
9263	7769
6236	5038
4347	4068
4007	4033
4125	4290
4487	4633
4680	4676
4715	4849
5066	5323
5608	5949
6392	6921
7442	7802
7862	7634
7224	6630
5783	4811
3986	3458
3217	3193
3320	3534
3697	3692
3718	4314
5829	7927
9846	11088
11636	11687
11391	10650
9219	7259
5561	4793
4807	5053
5289	5554
5849	6108
6291	6349
6135	5547
4701	3904
3454	3493
3964	4606
5081	5191
4982	4630
4312	4137
4115	4172
4233	4265
4296	4436
4919	6006
7627	9275
10448	11062
11341	11492
11597	11684
11752	11780
11728	11602
11444	11309
11216	11155
11116	11116
11177	11292
11432	11576
11698	11765
11760	11721
11682	11629
11525	11371
11194	11015
10847	10707
10603	10524
10460	10419
10423	10486
10597	10720
10821	10870
10857	10802
10745	10710
10692	10674
10660	10668
10724	10823
10906	10943
11018	11102
11152	11167
11177	11199
11231	11276
11335	11393
11432	11442
11431	11407
11384	11368
11360	11346
11305	11234
11154	11107
11105	11125
11140	11134
11109	11074
11048	11053
11116	11235
11355	11415
11400	11340
11274	11236
11245	11323
11446	11561
11610	11575
11490	11412
11372	11359
11366	11401
11465	11529
11570	11598
11630	11673
11704	11712
11694	11668
11651	11647
11640	11614
11574	11530
11443	11202
10647	9657
8264	6735
5456	4699
4448	4505
4662	4830
5026	5280
5542	5685
5641	5499
5415	5473
5645	5862
6088	6352
6734	7296
7993	8580
8743	8374
7613	6608
5483	4462
3763	3424
3351	3420
3512	3570
3560	3516
3701	4566
6282	8404
10214	11331
11800	11818
11491	10680
9156	7146
5481	4798
4901	5224
5523	5796
6015	6147
6167	5985
5479	4680
3839	3230
2985	3106
3546	4182
4779	5109
5109	4861
4526	4258
4145	4161
4227	4287
4352	4513
4995	6067
7680	9317
10466	11062
11343	11509
11626	11705
11750	11752
11695	11577
11425	11283
11167	11077
11019	11014
11081	11208
11364	11524
11664	11750
11768	11743
11713	11664
11560	11404
11240	11093
10956	10815
10667	10523
10401	10329
10330	10405
10526	10650
10742	10778
10765	10722
10681	10656
10641	10619
10606	10625
10701	10817
10917	10944
11000	11067
11107	11125
11155	11200
11241	11278
11319	11366
11400	11407
11391	11370
11355	11346
11345	11336
11302	11235
11159	11112
11111	11136
11155	11145
11103	11041
10994	11003
11090	11236
11377	11445
11426	11349
11262	11209
11215	11290
11410	11515
11560	11528
11460	11403
11380	11374
11367	11377
11424	11494
11560	11611
11656	11701
11735	11748
11730	11687
11640	11608
11577	11533
11471	11385
11218	10826
10041	8824
7392	6124
5328	5074
5200	5463
5696	5852
5987	6175
6370	6418
6241	5941
5712	5644
5699	5798
5895	6013
6269	6837
7732	8613
8979	8596
7613	6325
5037	4060
3542	3404
3493	3636
3669	3553
3384	3359
3803	5015
6929	8996
10607	11544
11925	11928
11598	10748
9156	7095
5438	4828
5029	5424
5729	5944
6077	6100
5934	5469
4711	3858
3169	2792
2721	2889
3265	3838
4511	5064
5306	5197
4849	4461
4210	4142
4185	4260
4355	4549
5067	6175
7810	9434
10537	11083
11338	11501
11618	11684
11707	11690
11634	11536
11409	11271
11133	11014
10936	10935
11013	11148
11305	11459
11600	11703
11748	11753
11742	11701
11599	11452
11311	11203
11100	10963
10779	10572
10390	10285
10281	10361
10484	10601
10678	10703
10693	10672
10665	10673
10679	10664
10646	10658
10726	10837
10950	10971
11016	11063
11086	11094
11114	11153
11191	11224
11268	11323
11367	11382
11372	11359
11351	11351
11353	11347
11315	11247
11166	11111
11106	11133
11160	11158
11114	11047
11003	11026
11125	11269
11400	11468
11449	11363
11258	11191
11197	11272
11381	11468
11499	11471
11420	11384
11376	11375
11368	11371
11410	11475
11537	11589
11640	11692
11742	11770
11755	11687
11593	11508
11441	11365
11252	11072
10763	10198
9256	8022
6831	6041
5767	5879
6147	6385
6494	6472
6412	6405
6431	6345
6064	5676
5348	5162
5080	5034
4994	4992
5190	5834
6951	8103
8656	8325
7283	5897
4591	3734
3401	3419
3589	3735
3698	3477
3270	3399
4184	5734
7749	9643
10977	11700
11992	11998
11688	10829
9195	7089
5423	4865
5151	5588
5856	5993
6053	5955
5555	4822
3935	3168
2686	2498
2536	2726
3042	3542
4257	5026
5557	5650
5329	4814
4376	4161
4134	4194
4305	4539
5120	6303
7981	9590
10641	11123
11336	11478
11587	11639
11639	11605
11552	11483
11390	11262
11108	10967
10885	10892
10984	11119
11256	11384
11504	11610
11685	11731
11754	11733
11649	11524
11409	11328
11250	11113
10905	10659
10450	10339
10341	10423
10531	10617
10658	10654
10628	10620
10654	10717
10769	10778
10753	10732
10762	10850
10975	11002
11046	11080
11084	11064
11051	11061
11087	11127
11187	11262
11329	11365
11373	11367
11365	11363
11364	11357
11324	11253
11159	11086
11065	11098
11148	11174
11154	11106
11078	11109
11199	11312
11409	11463
11447	11363
11254	11186
11196	11273
11370	11437
11451	11424
11385	11362
11364	11375
11382	11397
11436	11488
11534	11571
11611	11659
11713	11753
11741	11655
11515	11367
11224	11057
10809	10452
9964	9285
8378	7386
6619	6285
6324	6506
6640	6641
6496	6237
5958	5754
5615	5430
5125	4748
4416	4183
4022	3892
3793	3787
4080	4920
6260	7546
8130	7797
6759	5396
4169	3454
3286	3409
3588	3673
3572	3355
3292	3744
4926	6714
8665	10273
11294	11806
12010	12012
11725	10874
9230	7109
5434	4890
5207	5654
5890	5977
5947	5669
5038	4166
3321	2713
2389	2294
2367	2553
2821	3247
3955	4889
5723	6106
5920	5339
4703	4279
4112	4114
4214	4479
5148	6440
8176	9767
10756	11183
11348	11461
11552	11590
11576	11528
11480	11433
11365	11246
11086	10937
10866	10892
10996	11121
11225	11305
11389	11483
11580	11665
11726	11741
11693	11603
11515	11451
11377	11241
11027	10780
10585	10503
10533	10614
10689	10717
10693	10631
10570	10560
10627	10749
10862	10906
10869	10796
10761	10817
10966	11008
11062	11093
11079	11027
10969	10940
10958	11013
11096	11190
11276	11336
11364	11364
11352	11340
11335	11327
11294	11222
11121	11035
11010	11058
11141	11208
11219	11191
11177	11212
11285	11359
11414	11439
11421	11348
11254	11199
11217	11294
11376	11423
11426	11396
11360	11337
11341	11373
11408	11440
11477	11516
11546	11568
11591	11627
11672	11712
11696	11591
11408	11180
10913	10564
10096	9530
8922	8273
7592	6971
6570	6446
6468	6448
6292	6009
5637	5221
4837	4549
4346	4155
3916	3644
3399	3210
3062	2936
2858	2944
3429	4520
6014	7253
7675	7233
6199	4912
3805	3231
3183	3373
3532	3534
3386	3266
3506	4398
5952	7830
9561	10819
11545	11875
11997	11977
11695	10855
9235	7140
5468	4896
5181	5623
5866	5917
5744	5251
4489	3672
2999	2545
2286	2179
2207	2344
2561	2914
3558	4555
5642	6370
6452	5941
5175	4520
4159	4051
4113	4405
5180	6606
8407	9963
10882	11258
11386	11465
11530	11557
11537	11488
11437	11394
11332	11217
11059	10923
10872	10921
11031	11138
11202	11236
11279	11352
11451	11560
11652	11707
11710	11671
11618	11565
11487	11352
11153	10938
10785	10748
10804	10881
10912	10874
10775	10647
10540	10511
10590	10751
10910	10984
10934	10795
10663	10675
10922	10979
11049	11087
11061	10980
10885	10825
10835	10905
11004	11106
11203	11281
11323	11321
11295	11271
11258	11248
11219	11157
11067	10991
10978	11050
11168	11265
11294	11275
11266	11302
11366	11414
11432	11426
11397	11337
11265	11228
11249	11316
11383	11415
11411	11383
11341	11307
11310	11360
11427	11473
11504	11529
11551	11570
11586	11609
11647	11678
11647	11514
11280	10962
10536	9964
9272	8570
7961	7461
7040	6693
6439	6252
6043	5736
5329	4871
4411	3987
3643	3411
3263	3144
3020	2886
2757	2645
2543	2451
2415	2593
3260	4550
6095	7161
7332	6748
5721	4535
3559	3103
3139	3365
3498	3427
3255	3285
3886	5212
7031	8859
10303	11230
11712	11910
11968	11918
11623	10796
9218	7177
5517	4897
5126	5562
5832	5827
5476	4815
4064	3431
2964	2616
2345	2154
2076	2131
2292	2571
3117	4081
5320	6366
6773	6451
5664	4834
4276	4038
4040	4355
5240	6801
8653	10159
11001	11326
11430	11482
11524	11545
11529	11485
11430	11376
11303	11184
11035	10917
10889	10951
11061	11149
11183	11181
11192	11240
11331	11446
11559	11648
11700	11715
11703	11664
11585	11455
11282	11111
11003	10996
11063	11126
11122	11031
10875	10695
10551	10496
10565	10730
10905	10991
10927	10690
10372	10307
10874	10943
11026	11069
11043	10947
10827	10747
10754	10832
10938	11041
11142	11228
11275	11269
11231	11198
11183	11172
11149	11101
11029	10973
10981	11073
11212	11321
11356	11335
11324	11361
11423	11458
11453	11426
11386	11332
11281	11254
11275	11329
11383	11409
11404	11376
11331	11285
11283	11346
11430	11486
11509	11527
11548	11567
11584	11606
11642	11667
11620	11458
11177	10780
10226	9491
8663	7918
7374	7010
6741	6495
6226	5890
5464	4962
4434	3931
3492	3135
2891	2757
2694	2652
2615	2577
2524	2460
2389	2314
2296	2527
3297	4688
6218	7123
7102	6427
5424	4321
3445	3069
3149	3390
3500	3383
3208	3370
4245	5861
7807	9542
10764	11470
11800	11920
11941	11870
11563	10743
9201	7207
5562	4907
5093	5530
5813	5746
5257	4515
3840	3376
3051	2754
2449	2175
2004	1985
2100	2327
2788	3691
4990	6234
6894	6757
6006	5087
4398	4059
4013	4341
5305	6957
8837	10300
11081	11375
11462	11501
11529	11544
11536	11497
11439	11371
11285	11161
11018	10915
10899	10967
11071	11148
11166	11146
11137	11171
11251	11365
11487	11595
11680	11735
11754	11729
11651	11527
11377	11239
11160	11165
11227	11275
11250	11132
10946	10739
10573	10500
10552	10704
10874	10962
10879	10426
8902	5484
