10566	10584
10611	10646
10683	10715
10726	10718
10711	10717
10743	10785
10824	10857
10877	10884
10891	10893
10894	10894
10896	10900
10910	10927
10943	10956
10960	10964
10964	10966
10976	10988
11001	11014
11021	11024
11022	11016
11006	10990
10978	10978
10997	11031
11073	11120
11165	11203
11231	11244
11248	11251
11247	11243
11226	11198
11175	11166
11180	11212
11250	11289
11323	11352
11371	11381
11388	11390
11391	11392
11392	11392
11392	11392
11392	11392
11392	11392
11392	11392
11392	11392
11392	11392
11392	11392
11394	11394
11400	11413
11439	11472
11509	11538
11550	11539
11518	11509
11518	11543
11573	11603
11626	11640
11644	11646
11646	11646
11648	11652
11662	11685
11716	11753
11787	11818
11847	11870
11879	11868
11850	11832
11825	11823
11822	11820
11814	11807
11810	11822
11852	11890
11929	11957
11963	11947
11917	11895
11884	11879
11877	11871
11857	11833
11809	11791
11781	11778
11778	11777
11777	11777
11777	11777
11777	11778
11778	11781
11787	11795
11804	11814
11821	11822
11822	11822
11822	11822
11822	11822
11822	11822
11822	11822
11822	11822
11822	11822
11822	11822
11822	11822
11822	11822
11822	11822
11822	11822
11823	11829
11842	11866
11888	11908
11918	11920
11920	11922
11922	11922
11922	11922
11920	11918
11904	11830
11596	11152
10578	10598
10628	10665
10703	10733
10746	10740
10735	10737
10764	10805
10847	10878
10897	10902
10898	10896
10894	10893
10895	10901
10915	10936
10959	10977
10985	10989
10992	10993
11002	11017
11036	11053
11060	11062
11062	11056
11044	11028
11011	11010
11028	11060
11101	11146
11187	11217
11236	11246
11249	11251
11247	11243
11228	11203
11182	11177
11194	11228
11267	11305
11338	11366
11384	11396
11401	11403
11404	11404
11404	11404
11404	11404
11404	11404
11404	11404
11404	11404
11404	11404
11404	11404
11404	11404
11405	11408
11417	11431
11458	11489
11526	11561
11571	11557
11535	11523
11533	11558
11592	11621
11643	11656
11661	11664
11665	11666
11666	11669
11681	11703
11733	11767
11800	11832
11863	11887
11896	11889
11872	11856
11846	11844
11842	11841
11837	11832
11832	11844
11873	11910
11953	11983
11992	11977
11949	11925
11913	11909
11907	11899
11886	11863
11837	11816
11806	11802
11802	11802
11802	11802
11802	11802
11802	11802
11802	11805
11810	11819
11830	11838
11841	11844
11844	11844
11844	11844
11844	11844
11844	11844
11844	11844
11844	11844
11844	11844
11844	11844
11844	11844
11844	11844
11844	11844
11844	11844
11845	11851
11867	11889
11916	11935
11943	11948
11948	11948
11948	11948
11948	11948
11948	11946
11928	11857
11621	11175
10606	10623
10654	10692
10730	10762
10777	10775
10764	10769
10797	10836
10877	10911
10926	10923
10912	10899
10892	10889
10892	10899
10918	10948
10979	11001
11016	11020
11021	11024
11033	11051
11077	11095
11107	11109
11108	11103
11091	11072
11055	11053
11073	11104
11143	11186
11220	11244
11254	11259
11259	11259
11258	11251
11237	11217
11198	11198
11218	11253
11293	11331
11364	11389
11408	11418
11425	11427
11427	11427
11427	11427
11427	11427
11427	11427
11427	11427
11427	11427
11427	11427
11427	11427
11427	11427
11428	11432
11441	11460
11487	11524
11563	11594
11605	11589
11562	11548
11559	11586
11619	11651
11677	11692
11700	11701
11701	11701
11701	11705
11714	11733
11761	11792
11824	11860
11890	11912
11924	11916
11901	11884
11873	11871
11870	11868
11865	11862
11866	11882
11910	11950
11993	12024
12036	12023
11993	11969
11958	11955
11951	11945
11928	11905
11877	11854
11843	11840
11838	11838
11837	11837
11837	11837
11838	11838
11840	11842
11846	11854
11860	11867
11869	11870
11870	11870
11870	11870
11870	11870
11870	11870
11870	11870
11870	11870
11870	11870
11870	11870
11870	11870
11870	11870
11870	11870
11870	11870
11872	11878
11893	11920
11947	11970
11979	11985
11986	11986
11986	11986
11986	11986
11986	11982
11967	11892
11654	11207
10635	10655
10687	10728
10766	10798
10814	10810
10800	10805
10830	10869
10910	10944
10957	10947
10924	10902
10891	10889
10889	10899
10921	10956
10996	11025
11039	11043
11045	11050
11066	11090
11122	11147
11158	11161
11161	11155
11143	11123
11104	11106
11125	11158
11195	11236
11265	11284
11289	11290
11290	11289
11286	11282
11268	11248
11230	11232
11253	11287
11329	11365
11398	11423
11440	11451
11456	11459
11459	11459
11459	11459
11459	11459
11459	11459
11459	11459
11459	11459
11459	11459
11459	11459
11459	11459
11461	11466
11479	11499
11528	11566
11607	11639
11645	11627
11601	11587
11596	11623
11657	11692
11718	11736
11746	11749
11749	11749
11749	11753
11761	11776
11797	11826
11857	11890
11923	11949
11959	11950
11932	11914
11905	11902
11901	11899
11899	11901
11909	11927
11961	12002
12045	12078
12087	12075
12046	12022
12010	12003
12001	11994
11977	11951
11925	11904
11894	11889
11889	11889
11888	11888
11888	11888
11888	11889
11889	11889
11891	11894
11896	11899
11901	11901
11901	11901
11901	11901
11901	11901
11901	11901
11901	11901
11901	11901
11901	11901
11901	11901
11901	11901
11901	11901
11901	11901
11901	11901
11903	11909
11925	11953
11980	12004
12015	12016
12018	12018
12018	12018
12018	12018
12018	12015
12000	11926
11689	11240
10671	10690
10723	10764
10806	10838
10849	10845
10836	10843
10866	10902
10943	10974
10983	10967
10935	10909
10895	10892
10895	10904
10929	10970
11013	11048
11063	11070
11072	11078
11095	11129
11165	11192
11209	11213
11213	11207
11192	11171
11156	11157
11179	11214
11254	11289
11315	11331
11337	11337
11338	11337
11337	11328
11313	11293
11276	11277
11296	11331
11371	11408
11441	11465
11483	11493
11498	11499
11500	11500
11500	11500
11500	11500
11500	11500
11500	11500
11500	11500
11499	11500
11500	11500
11500	11500
11504	11510
11525	11548
11581	11619
11658	11689
11694	11674
11646	11632
11640	11667
11701	11737
11768	11788
11800	11803
11806	11807
11808	11810
11815	11826
11839	11864
11893	11926
11961	11985
11998	11986
11965	11945
11936	11933
11933	11933
11935	11942
11957	11984
12016	12056
12097	12128
12141	12125
12097	12075
12063	12061
12057	12049
12034	12007
11978	11959
11949	11944
11944	11943
11943	11943
11943	11943
11943	11943
11943	11944
11942	11940
11937	11936
11934	11935
11935	11935
11935	11934
11934	11933
11933	11933
11933	11933
11933	11933
11933	11933
11933	11933
11933	11933
11933	11933
11933	11933
11933	11933
11935	11939
11957	11986
12016	12039
12048	12051
12051	12051
12051	12051
12051	12051
12051	12048
12034	11960
11724	11274
10705	10725
10757	10802
10842	10874
10884	10879
10872	10879
10901	10936
10973	11000
11008	10989
10958	10931
10918	10917
10918	10932
10960	11002
11045	11079
11096	11099
11104	11114
11133	11170
11210	11243
11259	11264
11264	11259
11246	11226
11213	11216
11240	11276
11313	11343
11369	11384
11392	11396
11398	11399
11396	11389
11372	11347
11328	11328
11348	11382
11418	11458
11492	11518
11535	11546
11552	11553
11554	11555
11555	11555
11555	11555
11555	11555
11554	11553
11551	11550
11550	11550
11551	11555
11556	11559
11562	11571
11584	11608
11638	11676
11710	11737
11743	11724
11699	11685
11694	11718
11751	11782
11811	11830
11842	11849
11853	11856
11858	11862
11865	11869
11881	11899
11928	11961
11997	12024
12033	12021
11998	11978
11967	11964
11964	11967
11971	11983
12004	12030
12064	12102
12139	12170
12180	12168
12143	12122
12115	12112
12112	12108
12095	12071
12043	12022
12010	12006
12006	12006
12006	12006
12006	12006
12006	12006
12006	12004
12000	11992
11981	11976
11973	11973
11972	11972
11971	11969
11968	11965
11964	11963
11963	11963
11963	11963
11963	11963
11963	11963
11963	11963
11963	11963
11963	11963
11963	11963
11965	11972
11992	12023
12055	12082
12093	12099
12101	12101
12101	12101
12101	12101
12101	12097
12081	12006
11767	11315
10739	10759
10797	10839
10876	10906
10918	10916
10910	10915
10936	10963
10996	11020
11027	11012
10987	10967
10960	10966
10977	10992
11021	11062
11103	11135
11149	11154
11157	11165
11187	11223
11264	11294
11310	11315
11314	11314
11302	11289
11280	11286
11308	11340
11371	11398
11418	11432
11444	11453
11465	11469
11464	11451
11429	11403
11382	11383
11402	11436
11474	11515
11551	11579
11601	11612
11617	11620
11621	11621
11621	11621
11621	11621
11621	11621
11621	11618
11616	11614
11609	11612
11615	11621
11629	11634
11637	11646
11657	11677
11703	11733
11765	11787
11793	11776
11754	11741
11749	11770
11795	11822
11846	11864
11878	11887
11896	11905
11914	11918
11918	11922
11927	11938
11965	11999
12037	12061
12069	12056
12031	12011
11999	11994
11994	11998
12007	12023
12048	12077
12110	12142
12174	12199
12209	12202
12185	12171
12166	12172
12178	12179
12171	12150
12124	12104
12093	12090
12090	12090
12090	12090
12090	12090
12090	12090
12088	12083
12071	12056
12037	12024
12016	12015
12015	12014
12011	12004
12000	11997
11994	11993
11993	11993
11993	11993
11993	11993
11993	11993
11993	11993
11993	11993
11993	11993
11993	11994
11997	12008
12028	12066
12106	12136
12153	12156
12158	12159
12159	12159
12159	12159
12158	12155
12139	12064
11822	11362
10780	10801
10832	10872
10909	10937
10952	10953
10951	10959
10973	10994
11017	11036
11043	11039
11027	11022
11026	11042
11061	11086
11114	11153
11186	11208
11221	11225
11228	11234
11252	11282
11316	11342
11355	11358
11358	11357
11355	11352
11353	11364
11380	11403
11426	11448
11465	11478
11493	11514
11532	11541
11538	11518
11489	11462
11442	11446
11464	11499
11539	11582
11619	11650
11671	11683
11690	11694
11694	11694
11694	11694
11694	11694
11694	11694
11694	11690
11685	11678
11673	11675
11682	11695
11706	11719
11728	11738
11747	11759
11778	11798
11820	11836
11840	11829
11812	11802
11808	11822
11840	11858
11875	11890
11904	11917
11934	11952
11970	11979
11983	11979
11977	11990
12014	12046
12080	12105
12111	12095
12071	12050
12039	12034
12034	12039
12052	12071
12099	12127
12159	12182
12203	12222
12230	12229
12223	12220
12229	12242
12259	12269
12267	12250
12225	12206
12197	12195
12195	12194
12194	12194
12194	12194
12194	12194
12192	12187
12169	12145
12116	12093
12084	12080
12076	12074
12068	12058
12050	12041
12034	12031
12031	12031
12031	12031
12031	12031
12031	12031
12031	12031
12031	12031
12031	12031
12031	12032
12037	12048
12077	12122
12172	12211
12228	12237
12237	12237
12237	12237
12237	12237
12237	12235
12219	12140
11891	11421
10828	10846
10875	10910
10945	10972
10993	11002
11006	11012
11020	11034
11047	11058
11066	11072
11073	11084
11104	11128
11158	11190
11223	11253
11279	11295
11303	11304
11306	11311
11324	11342
11363	11377
11383	11385
11385	11389
11394	11404
11418	11431
11446	11461
11474	11486
11500	11516
11538	11570
11597	11616
11608	11582
11547	11513
11501	11505
11530	11568
11609	11651
11686	11716
11739	11753
11760	11762
11764	11764
11764	11764
11764	11764
11764	11764
11761	11757
11748	11737
11727	11729
11741	11761
11780	11800
11813	11826
11835	11842
11852	11866
11878	11886
11886	11880
11869	11864
11865	11873
11882	11893
11904	11917
11931	11950
11975	12001
12029	12049
12051	12045
12039	12045
12066	12098
12129	12157
12162	12147
12122	12102
12091	12088
12089	12096
12108	12131
12161	12188
12208	12224
12238	12250
12256	12259
12264	12273
12291	12316
12342	12363
12371	12358
12337	12316
12306	12302
12301	12301
12301	12301
12301	12301
12301	12300
12298	12290
12269	12237
12198	12171
12157	12152
12150	12148
12138	12123
12107	12097
12089	12088
12088	12088
12088	12088
12088	12088
12088	12088
12088	12088
12088	12088
12088	12088
12088	12088
12090	12104
12133	12185
12243	12284
12307	12314
12315	12315
12315	12315
12315	12315
12315	12314
12296	12215
11961	11482
10884	10899
10926	10955
10988	11018
11040	11057
11065	11069
11073	11077
11084	11090
11097	11108
11124	11146
11176	11211
11249	11283
11315	11344
11363	11372
11376	11377
11377	11379
11386	11393
11400	11404
11406	11407
11409	11413
11422	11444
11465	11482
11493	11502
11507	11515
11526	11545
11581	11622
11664	11684
11677	11647
11605	11573
11559	11568
11595	11634
11673	11712
11747	11776
11798	11808
11815	11817
11817	11817
11817	11817
11817	11817
11817	11817
11816	11812
11800	11785
11773	11772
11788	11810
11838	11865
11886	11901
11909	11915
11920	11925
11932	11933
11934	11930
11923	11922
11922	11924
11929	11935
11940	11950
11963	11988
12019	12051
12087	12110
12122	12114
12105	12105
12129	12160
12195	12220
12225	12209
12183	12164
12153	12149
12150	12155
12169	12193
12221	12244
12258	12265
12272	12278
12283	12288
12299	12319
12346	12381
12413	12442
12451	12440
12418	12397
12387	12384
12383	12383
12383	12383
12383	12383
12383	12383
12380	12371
12350	12314
12273	12242
12227	12223
12221	12215
12208	12190
12173	12159
12151	12148
12147	12147
12147	12147
12147	12147
12147	12147
12147	12147
12147	12147
12147	12147
12147	12147
12152	12165
12196	12250
12307	12350
12369	12376
12378	12378
12378	12378
12378	12378
12378	12375
12359	12277
12022	11541
10938	10953
10976	11004
11037	11064
11091	11109
11117	11122
11125	11128
11129	11130
11136	11148
11170	11203
11238	11277
11318	11356
11389	11413
11429	11440
11442	11444
11444	11443
11440	11436
11431	11427
11424	11423
11424	11429
11443	11469
11498	11518
11528	11534
11535	11540
11553	11581
11624	11675
11722	11746
11740	11706
11662	11630
11621	11629
11657	11694
11734	11771
11802	11828
11847	11857
11863	11863
11863	11863
11863	11863
11863	11863
11863	11863
11861	11856
11844	11825
11810	11810
11826	11851
11883	11913
11939	11958
11969	11975
11977	11978
11979	11980
11978	11976
11974	11973
11973	11974
11977	11977
11983	11989
12007	12031
12064	12101
12139	12170
12185	12181
12173	12177
12198	12234
12267	12294
12302	12288
12264	12243
12232	12229
12229	12233
12241	12257
12275	12287
12296	12299
12301	12302
12307	12315
12328	12352
12384	12425
12464	12492
12501	12489
12463	12444
12433	12430
12429	12429
12429	12429
12429	12429
12429	12429
12428	12420
12398	12364
12325	12298
12283	12279
12278	12274
12267	12256
12242	12235
12229	12229
12229	12229
12229	12229
12229	12229
12229	12229
12229	12229
12229	12229
12229	12229
12229	12229
12230	12241
12268	12311
12362	12396
12415	12420
12421	12421
12421	12421
12421	12421
12421	12419
12403	12323
12071	11592
10985	10998
11020	11048
11082	11114
11140	11160
11171	11177
11178	11178
11178	11176
11180	11193
11218	11248
11289	11331
11371	11409
11441	11464
11481	11489
11493	11493
11494	11490
11484	11474
11464	11455
11451	11450
11451	11457
11472	11498
11529	11550
11562	11567
11569	11574
11591	11624
11673	11730
11777	11806
11799	11766
11726	11694
11685	11695
11719	11752
11787	11821
11848	11873
11886	11894
11898	11898
11898	11898
11898	11898
11898	11898
11898	11898
11898	11891
11879	11859
11843	11845
11862	11890
11923	11955
11982	12001
12008	12013
12014	12015
12016	12015
12016	12016
12017	12019
12021	12021
12023	12024
12031	12039
12055	12080
12113	12151
12195	12226
12245	12248
12246	12256
12277	12313
12350	12378
12391	12376
12351	12329
12318	12316
12313	12314
12315	12318
12321	12323
12325	12327
12328	12329
12331	12339
12354	12381
12414	12456
12497	12526
12535	12523
12498	12475
12464	12462
12461	12461
12461	12461
12461	12461
12460	12460
12459	12452
12434	12403
12369	12346
12332	12329
12329	12327
12324	12322
12318	12314
12314	12313
12313	12313
12313	12313
12313	12313
12313	12313
12313	12313
12313	12313
12313	12313
12313	12313
12317	12325
12346	12380
12419	12449
12461	12464
12466	12466
12466	12466
12466	12466
12465	12463
12447	12367
12114	11636
11024	11037
11061	11091
11124	11157
11182	11204
11213	11219
11221	11221
11221	11221
11225	11237
11260	11292
11330	11372
11413	11448
11480	11505
11521	11528
11533	11533
11533	11529
11523	11512
11498	11490
11487	11484
11488	11494
11510	11537
11569	11591
11602	11605
11608	11617
11636	11673
11726	11783
11832	11855
11850	11818
11782	11752
11741	11750
11771	11799
11834	11867
11897	11915
11927	11933
11933	11936
11937	11939
11940	11940
11940	11940
11940	11938
11937	11930
11917	11898
11882	11882
11900	11931
11966	11997
12027	12044
12049	12054
12054	12054
12054	12056
12057	12060
12066	12072
12076	12079
12080	12081
12083	12093
12111	12135
12170	12210
12250	12283
12307	12316
12320	12330
12356	12394
12433	12463
12476	12467
12445	12424
12413	12409
12406	12405
12397	12384
12367	12357
12352	12351
12351	12353
12357	12365
12379	12405
12443	12480
12519	12550
12565	12552
12530	12508
12498	12495
12494	12495
12495	12495
12497	12498
12499	12499
12496	12491
12473	12445
12412	12391
12379	12375
12375	12376
12381	12390
12398	12405
12406	12408
12408	12408
12408	12407
12407	12406
12406	12406
12406	12406
12406	12406
12406	12406
12406	12407
12407	12415
12429	12453
12482	12502
12513	12517
12517	12517
12517	12517
12517	12517
12517	12515
12497	12416
12160	11679
11060	11074
11096	11124
11159	11190
11216	11235
11246	11255
11259	11263
11265	11267
11271	11282
11304	11333
11367	11405
11444	11481
11517	11540
11556	11565
11568	11568
11568	11565
11561	11551
11542	11535
11532	11532
11533	11539
11555	11584
11616	11637
11648	11654
11657	11665
11687	11728
11783	11839
11881	11903
11895	11866
11832	11805
11794	11798
11815	11843
11878	11907
11934	11952
11962	11968
11971	11973
11976	11977
11980	11983
11984	11986
11988	11987
11984	11979
11965	11947
11932	11929
11949	11982
12019	12053
12079	12096
12103	12106
12106	12106
12106	12107
12111	12119
12125	12131
12135	12136
12136	12136
12141	12150
12167	12192
12225	12265
12305	12340
12361	12375
12386	12403
12427	12462
12502	12535
12552	12545
12523	12503
12492	12490
12487	12479
12465	12439
12412	12391
12386	12384
12387	12391
12397	12402
12417	12439
12471	12509
12545	12577
12591	12584
12567	12550
12539	12535
12535	12535
12537	12539
12542	12543
12544	12544
12543	12538
12521	12493
12464	12440
12429	12424
12424	12429
12436	12450
12468	12480
12486	12489
12489	12489
12489	12487
12485	12485
12485	12484
12484	12484
12484	12484
12484	12484
12485	12485
12485	12488
12501	12520
12542	12558
12564	12566
12567	12567
12567	12567
12567	12567
12566	12565
12546	12466
12206	11720
11100	11111
11129	11156
11187	11214
11237	11254
11269	11279
11289	11299
11308	11314
11320	11328
11344	11366
11395	11431
11468	11509
11547	11576
11595	11606
11611	11611
11611	11610
11606	11597
11589	11582
11580	11579
11584	11589
11605	11633
11662	11685
11696	11700
11706	11717
11742	11787
11845	11901
11938	11952
11944	11918
11886	11858
11846	11847
11859	11884
11914	11942
11967	11986
11996	12003
12011	12019
12027	12036
12043	12049
12056	12058
12059	12059
12057	12049
12036	12016
12000	12002
12019	12049
12086	12123
12152	12169
12179	12183
12184	12184
12184	12185
12190	12194
12202	12207
12211	12214
12214	12214
12217	12226
12242	12267
12293	12326
12361	12386
12405	12419
12432	12449
12477	12514
12553	12586
12603	12597
12577	12555
12545	12541
12538	12532
12511	12482
12452	12433
12431	12435
12443	12451
12458	12462
12469	12487
12511	12542
12574	12603
12617	12614
12602	12588
12579	12577
12577	12578
12582	12588
12594	12599
12599	12600
12600	12597
12581	12555
12526	12501
12489	12486
12486	12489
12498	12510
12524	12534
12538	12540
12540	12540
12539	12538
12536	12534
12534	12534
12534	12534
12534	12534
12534	12534
12534	12534
12534	12537
12549	12566
12588	12602
12610	12614
12614	12614
12614	12614
12614	12614
12613	12610
12591	12511
12253	11765
11146	11155
11171	11189
11211	11230
11247	11261
11275	11292
11308	11327
11344	11360
11370	11378
11385	11401
11426	11457
11496	11539
11580	11616
11641	11654
11660	11660
11660	11659
11651	11641
11631	11624
11618	11621
11622	11631
11645	11673
11701	11723
11735	11740
11745	11757
11792	11845
11910	11967
12000	12008
11997	11971
11946	11920
11904	11903
11913	11931
11951	11975
11997	12018
12036	12054
12069	12087
12103	12123
12136	12148
12154	12155
12155	12155
12155	12150
12138	12118
12100	12096
12114	12144
12180	12217
12250	12270
12281	12284
12285	12285
12286	12288
12291	12296
12301	12305
12307	12307
12307	12307
12312	12318
12332	12348
12372	12394
12417	12435
12447	12456
12469	12486
12513	12548
12583	12616
12630	12622
12603	12584
12571	12566
12563	12555
12539	12512
12489	12479
12483	12499
12517	12531
12538	12538
12536	12542
12554	12576
12600	12621
12635	12635
12628	12619
12614	12612
12613	12615
12624	12635
12648	12658
12662	12664
12662	12659
12644	12621
12591	12570
12558	12553
12551	12553
12555	12560
12561	12566
12565	12567
12566	12566
12563	12560
12555	12550
12549	12549
12549	12549
12549	12549
12549	12549
12549	12549
12549	12555
12569	12590
12615	12633
12646	12649
12651	12652
12652	12652
12652	12651
12647	12645
12630	12551
12296	11815
11195	11198
11206	11219
11231	11242
11252	11264
11278	11297
11324	11351
11379	11403
11420	11423
11425	11435
11456	11487
11526	11571
11615	11655
11684	11699
11708	11709
11709	11706
11696	11681
11665	11654
11649	11650
11654	11663
11679	11706
11736	11757
11769	11777
11782	11801
11836	11900
11974	12031
12060	12063
12053	12036
12017	11993
11978	11970
11971	11983
11996	12013
12031	12054
12081	12109
12138	12168
12196	12221
12240	12254
12262	12263
12262	12262
12262	12256
12241	12222
12205	12200
12215	12248
12285	12325
12357	12377
12393	12398
12400	12401
12401	12402
12403	12405
12407	12411
12411	12411
12411	12413
12415	12421
12430	12440
12453	12465
12477	12486
12489	12493
12500	12514
12541	12570
12606	12637
12649	12637
12616	12593
12583	12576
12573	12567
12553	12538
12523	12522
12540	12563
12591	12613
12622	12618
12606	12599
12601	12612
12625	12639
12648	12650
12648	12645
12643	12642
12643	12646
12656	12670
12691	12702
12709	12710
12710	12706
12696	12675
12652	12632
12622	12618
12617	12612
12607	12599
12588	12580
12576	12573
12572	12572
12569	12564
12559	12554
12551	12550
12550	12550
12550	12550
12550	12550
12550	12550
12552	12558
12574	12601
12635	12659
12673	12678
12680	12679
12682	12683
12683	12683
12683	12681
12666	12591
12339	11860
11234	11238
11242	11247
11251	11257
11263	11271
11285	11311
11343	11379
11414	11445
11463	11468
11465	11471
11491	11522
11565	11609
11652	11689
11717	11736
11744	11745
11744	11740
11730	11710
11693	11680
11676	11679
11686	11695
11713	11741
11770	11793
11806	11810
11821	11838
11879	11942
12018	12077
12108	12116
12114	12104
12092	12074
12055	12045
12040	12043
12049	12059
12076	12102
12139	12178
12216	12255
12289	12319
12339	12348
12349	12348
12346	12346
12345	12338
12326	12307
12292	12289
12307	12336
12377	12413
12448	12471
12486	12494
12495	12496
12496	12496
12496	12497
12499	12501
12503	12504
12504	12505
12505	12507
12511	12516
12522	12527
12530	12535
12534	12532
12537	12551
12572	12603
12638	12664
12675	12660
12629	12604
12589	12583
12582	12578
12570	12563
12559	12569
12592	12622
12655	12683
12694	12687
12668	12654
12648	12651
12655	12661
12665	12668
12667	12667
12667	12667
12668	12672
12682	12701
12718	12733
12738	12742
12741	12738
12730	12711
12690	12673
12665	12663
12660	12654
12643	12625
12605	12591
12582	12578
12577	12576
12575	12570
12565	12561
12558	12556
12555	12555
12555	12555
12555	12555
12555	12555
12557	12565
12583	12616
12653	12683
12700	12705
12707	12710
12716	12718
12720	12722
12721	12722
12711	12635
12387	11905
11282	11283
11284	11285
11287	11288
11290	11298
11314	11343
11378	11418
11459	11489
11510	11510
11508	11512
11529	11563
11605	11649
11689	11721
11744	11757
11762	11767
11763	11761
11753	11737
11723	11712
11712	11715
11722	11735
11755	11782
11813	11834
11847	11854
11862	11877
11914	11969
12042	12099
12136	12155
12168	12179
12176	12162
12143	12126
12117	12117
12118	12125
12142	12171
12210	12256
12298	12343
12383	12412
12428	12428
12419	12409
12403	12402
12401	12395
12385	12368
12356	12359
12377	12411
12447	12485
12515	12538
12552	12559
12561	12562
12563	12564
12565	12565
12566	12567
12570	12572
12572	12572
12572	12573
12575	12576
12578	12580
12582	12580
12578	12579
12587	12601
12622	12655
12692	12716
12722	12701
12664	12632
12615	12609
12607	12605
12600	12598
12601	12615
12640	12672
12707	12739
12750	12741
12717	12697
12688	12686
12687	12689
12692	12693
12692	12692
12692	12692
12692	12695
12705	12717
12731	12741
12746	12748
12748	12745
12737	12726
12712	12700
12694	12692
12690	12686
12674	12653
12627	12610
12601	12596
12596	12595
12594	12593
12589	12587
12582	12582
12582	12582
12582	12582
12582	12582
12582	12582
12584	12591
12608	12642
12682	12712
12731	12737
12741	12748
12753	12757
12759	12763
12766	12767
12759	12684
12434	11952
11329	11329
11330	11331
11331	11331
11332	11339
11355	11384
11422	11465
11509	11540
11556	11556
11550	11552
11574	11609
11651	11692
11728	11750
11762	11768
11770	11771
11771	11770
11766	11762
11759	11758
11759	11763
11771	11782
11800	11826
11853	11875
11887	11895
11902	11915
11942	11989
12048	12106
12151	12189
12224	12252
12263	12254
12228	12208
12198	12197
12197	12202
12218	12249
12292	12339
12386	12431
12474	12502
12513	12503
12483	12463
12455	12452
12449	12444
12433	12416
12407	12412
12432	12465
12504	12541
12570	12593
12607	12612
12619	12621
12621	12622
12622	12621
12622	12622
12624	12624
12625	12625
12625	12625
12625	12625
12625	12625
12625	12627
12629	12634
12647	12667
12695	12729
12767	12791
12793	12760
12717	12679
12659	12653
12650	12648
12642	12643
12646	12661
12685	12719
12755	12785
12798	12785
12759	12737
12727	12725
12723	12723
12723	12723
12723	12723
12723	12723
12725	12725
12729	12733
12741	12747
12748	12748
12748	12747
12744	12737
12732	12727
12725	12724
12721	12715
12701	12680
12658	12641
12632	12629
12626	12626
12627	12628
12628	12627
12625	12624
12623	12623
12622	12622
12622	12622
12622	12624
12624	12630
12647	12679
12713	12745
12759	12769
12776	12783
12790	12795
12797	12800
12806	12810
12801	12726
12474	11997
11382	11382
11382	11382
11382	11382
11384	11389
11404	11429
11469	11512
11555	11589
11604	11598
11589	11593
11615	11649
11690	11728
11758	11771
11775	11771
11768	11767
11767	11770
11775	11785
11794	11802
11808	11813
11820	11828
11844	11871
11899	11917
11930	11936
11943	11953
11975	12010
12058	12113
12167	12224
12281	12326
12348	12340
12316	12292
12278	12273
12274	12282
12300	12333
12376	12421
12472	12517
12560	12589
12596	12575
12545	12520
12506	12502
12503	12497
12486	12475
12464	12468
12486	12518
12555	12588
12617	12638
12651	12658
12664	12666
12667	12667
12667	12666
12666	12667
12667	12668
12668	12668
12668	12668
12668	12668
12671	12672
12674	12677
12683	12698
12717	12744
12778	12818
12855	12879
12876	12835
12780	12734
12711	12704
12701	12698
12695	12692
12698	12711
12735	12766
12803	12832
12842	12830
12803	12780
12769	12764
12763	12763
12763	12762
12760	12758
12758	12758
12758	12758
12758	12758
12758	12758
12757	12757
12757	12757
12758	12758
12759	12759
12758	12758
12758	12754
12744	12722
12700	12681
12672	12668
12667	12667
12667	12667
12667	12667
12667	12667
12667	12667
12667	12667
12667	12667
12667	12667
12667	12672
12685	12713
12747	12775
12795	12804
12812	12817
12824	12828
12832	12837
12844	12848
12837	12761
12516	12046
11444	11444
11444	11444
11444	11444
11444	11446
11454	11475
11509	11550
11594	11630
11644	11637
11622	11622
11643	11676
11715	11751
11777	11785
11782	11774
11769	11767
11768	11774
11784	11801
11820	11837
11846	11852
11855	11865
11882	11906
11933	11953
11964	11971
11981	11993
12014	12042
12084	12136
12198	12270
12342	12401
12429	12420
12392	12362
12347	12343
12344	12351
12368	12401
12443	12491
12540	12588
12629	12657
12658	12634
12599	12572
12559	12557
12557	12555
12545	12528
12518	12521
12537	12565
12598	12627
12653	12672
12683	12689
12694	12696
12700	12703
12704	12707
12710	12713
12715	12715
12715	12715
12715	12717
12719	12721
12725	12727
12730	12737
12749	12769
12796	12824
12859	12897
12937	12961
12953	12907
12846	12794
12772	12764
12762	12759
12755	12752
12754	12764
12788	12817
12850	12877
12887	12876
12852	12829
12817	12812
12810	12808
12807	12807
12807	12806
12806	12806
12804	12801
12799	12792
12785	12780
12778	12776
12776	12779
12783	12790
12798	12801
12803	12805
12803	12800
12790	12768
12748	12733
12724	12722
12718	12717
12712	12706
12702	12698
12697	12697
12697	12697
12697	12697
12697	12697
12697	12697
12698	12704
12718	12746
12779	12805
12825	12833
12843	12847
12850	12858
12867	12877
12885	12887
12872	12794
12551	12091
11500	11500
11500	11500
11500	11500
11498	11493
11496	11511
11541	11581
11625	11657
11669	11659
11644	11640
11658	11692
11730	11764
11787	11795
11788	11783
11777	11777
11778	11782
11796	11814
11837	11857
11870	11877
11884	11895
11914	11938
11963	11980
11990	11998
12014	12035
12060	12094
12138	12194
12263	12339
12417	12478
12503	12492
12453	12419
12402	12395
12396	12401
12417	12446
12487	12530
12577	12621
12662	12689
12694	12672
12635	12607
12603	12604
12609	12612
12608	12595
12580	12578
12587	12609
12636	12663
12683	12695
12702	12704
12712	12719
12728	12735
12743	12750
12757	12764
12769	12769
12772	12772
12772	12774
12775	12779
12784	12795
12804	12813
12829	12848
12869	12891
12922	12958
12992	13014
13004	12960
12903	12860
12835	12828
12824	12824
12820	12818
12818	12827
12845	12868
12895	12918
12927	12917
12897	12876
12866	12864
12863	12862
12860	12859
12856	12855
12853	12853
12852	12850
12844	12834
12822	12813
12810	12808
12808	12812
12816	12827
12839	12848
12850	12853
12851	12848
12837	12820
12802	12790
12781	12779
12776	12773
12764	12749
12736	12725
12720	12718
12716	12716
12716	12716
12716	12716
12716	12717
12720	12726
12743	12770
12801	12830
12845	12853
12861	12862
12874	12888
12905	12921
12926	12926
12909	12829
12591	12141
11557	11557
11557	11557
11557	11554
11548	11538
11530	11538
11562	11601
11640	11672
11685	11673
11654	11648
11665	11695
11733	11767
11791	11803
11801	11800
11798	11798
11798	11801
11808	11825
11846	11865
11884	11899
11914	11931
11948	11971
11991	12003
12007	12018
12039	12076
12121	12171
12228	12290
12356	12426
12496	12552
12573	12553
12510	12472
12451	12443
12442	12446
12455	12474
12502	12538
12579	12619
12656	12684
12691	12675
12643	12624
12623	12636
12654	12665
12667	12659
12645	12641
12644	12658
12676	12694
12707	12712
12713	12717
12726	12740
12756	12774
12786	12797
12804	12811
12814	12817
12818	12818
12819	12822
12831	12838
12851	12866
12885	12904
12917	12929
12936	12952
12968	12992
13017	13030
13025	12991
12949	12915
12898	12893
12891	12890
12890	12889
12890	12895
12906	12922
12942	12956
12963	12952
12934	12918
12911	12907
12907	12906
12904	12902
12899	12897
12897	12895
12894	12891
12886	12876
12867	12858
12855	12855
12855	12857
12862	12871
12882	12888
12892	12893
12893	12890
12883	12871
12857	12847
12843	12839
12837	12830
12813	12790
12767	12751
12740	12738
12737	12737
12737	12737
12737	12737
12737	12737
12738	12743
12760	12784
12812	12836
12850	12857
12862	12867
12883	12909
12937	12960
12969	12967
12947	12869
12628	12182
11594	11594
11594	11594
11594	11590
11579	11564
11549	11552
11575	11610
11647	11677
11688	11680
11662	11657
11672	11702
11736	11769
11794	11810
11819	11825
11827	11828
11828	11829
11833	11840
11854	11873
11896	11920
11946	11970
11993	12012
12023	12022
12023	12032
12063	12116
12184	12257
12330	12393
12456	12519
12576	12620
12632	12607
12562	12521
12500	12495
12492	12492
12493	12495
12506	12530
12562	12595
12631	12657
12669	12657
12635	12623
12631	12655
12680	12703
12715	12716
12707	12703
12704	12713
12724	12731
12733	12730
12726	12729
12742	12765
12791	12813
12834	12845
12855	12860
12864	12866
12866	12866
12867	12872
12880	12895
12915	12942
12970	12993
13007	13011
13006	13006
13007	13018
13032	13043
13036	13017
12991	12973
12965	12960
12960	12962
12962	12963
12965	12967
12973	12982
12992	12997
12998	12986
12969	12956
12946	12946
12946	12944
12943	12939
12936	12933
12932	12932
12931	12929
12927	12920
12913	12907
12904	12904
12904	12906
12909	12916
12924	12928
12930	12931
12931	12929
12927	12919
12911	12904
12901	12901
12898	12888
12869	12835
12801	12776
12762	12758
12758	12758
12758	12758
12758	12758
12758	12758
12759	12763
12776	12796
12819	12837
12846	12850
12854	12862
12887	12924
12966	12991
13003	13001
12980	12901
12661	12212
11621	11621
11621	11621
11619	11613
11601	11580
11563	11560
11578	11610
11644	11675
11689	11686
11674	11673
11689	11717
11751	11778
11804	11824
11838	11847
11851	11853
11855	11856
11856	11862
11872	11891
11916	11949
11986	12021
12045	12058
12058	12052
12046	12052
12090	12156
12240	12331
12409	12477
12534	12585
12636	12668
12676	12652
12609	12572
12551	12543
12543	12537
12530	12519
12515	12524
12549	12581
12613	12639
12652	12646
12630	12626
12642	12670
12703	12734
12755	12765
12765	12766
12768	12771
12778	12776
12771	12760
12753	12754
12772	12800
12829	12857
12881	12896
12907	12914
12918	12921
12922	12922
12924	12926
12937	12956
12981	13014
13049	13082
13097	13093
13079	13065
13058	13061
13067	13069
13065	13058
13047	13040
13036	13035
13036	13038
13040	13042
13042	13045
13047	13049
13051	13050
13043	13027
13008	12993
12984	12981
12980	12980
12979	12977
12975	12973
12972	12972
12972	12972
12970	12967
12965	12963
12962	12962
12962	12962
12963	12966
12969	12971
12972	12972
12972	12972
12970	12967
12965	12963
12960	12957
12957	12945
12921	12882
12840	12810
12796	12790
12790	12790
12790	12790
12790	12790
12790	12790
12790	12795
12802	12814
12831	12842
12847	12849
12856	12868
12896	12938
12983	13013
13022	13019
12999	12921
12682	12231
11633	11633
11633	11632
11632	11627
11614	11593
11573	11569
11586	11614
11647	11677
11694	11698
11695	11702
11722	11750
11777	11807
11830	11848
11863	11872
11875	11876
11878	11879
11879	11886
11899	11920
11952	11990
12034	12073
12098	12109
12106	12088
12077	12087
12127	12199
12288	12379
12459	12522
12575	12624
12668	12700
12710	12691
12652	12621
12603	12597
12593	12587
12574	12553
12536	12537
12557	12585
12616	12641
12654	12652
12644	12641
12661	12689
12727	12764
12791	12810
12816	12821
12826	12828
12829	12826
12818	12803
12793	12794
12815	12841
12876	12906
12934	12957
12975	12985
12990	12990
12991	12992
12994	13000
13010	13027
13055	13093
13133	13167
13184	13178
13154	13135
13126	13125
13124	13123
13122	13122
13119	13117
13115	13112
13113	13117
13118	13120
13121	13120
13119	13118
13118	13114
13103	13078
13053	13035
13026	13023
13022	13021
13020	13020
13022	13023
13023	13024
13024	13024
13023	13023
13023	13021
13020	13020
13020	13020
13021	13023
13023	13023
13024	13024
13024	13024
13023	13023
13023	13021
13020	13019
13015	13005
12980	12936
12891	12858
12842	12838
12836	12836
12836	12836
12836	12836
12836	12836
12836	12837
12842	12847
12856	12863
12868	12873
12879	12892
12918	12957
12995	13021
13029	13025
13007	12931
12694	12246
11648	11648
11648	11647
11644	11641
11627	11609
11590	11586
11601	11627
11656	11687
11710	11723
11730	11743
11765	11793
11822	11847
11870	11886
11892	11897
11898	11898
11899	11900
11907	11918
11936	11965
11999	12042
12083	12122
12147	12154
12143	12123
12112	12123
12170	12241
12328	12412
12485	12541
12593	12638
12681	12714
12729	12718
12691	12667
12652	12647
12645	12637
12620	12592
12572	12568
12582	12609
12641	12666
12677	12675
12666	12671
12691	12720
12757	12799
12830	12856
12872	12883
12889	12890
12890	12886
12874	12858
12845	12843
12860	12886
12923	12959
12994	13024
13048	13065
13072	13073
13073	13074
13076	13082
13093	13112
13142	13183
13223	13258
13272	13263
13239	13217
13205	13202
13201	13201
13201	13200
13198	13196
13194	13194
13196	13198
13200	13203
13204	13204
13203	13202
13199	13191
13173	13142
13109	13084
13073	13069
13067	13065
13063	13066
13069	13071
13073	13073
13073	13073
13073	13073
13073	13073
13073	13073
13073	13073
13073	13073
13073	13073
13073	13073
13073	13073
13073	13073
13073	13073
13073	13072
13067	13056
13031	12990
12946	12915
12898	12893
12891	12891
12891	12891
12891	12891
12891	12891
12891	12892
12894	12895
12900	12903
12907	12910
12920	12932
12951	12978
13005	13023
13030	13024
13011	12937
12705	12259
11661	11661
11661	11661
11660	11656
11644	11625
11608	11604
11619	11645
11674	11704
11732	11752
11771	11788
11811	11839
11868	11894
11913	11922
11924	11923
11922	11923
11925	11928
11938	11955
11984	12015
12052	12094
12137	12175
12197	12201
12186	12163
12153	12168
12217	12287
12369	12440
12501	12550
12597	12642
12683	12720
12740	12738
12723	12703
12695	12690
12687	12679
12660	12635
12612	12605
12617	12642
12676	12701
12713	12710
12704	12709
12729	12762
12801	12842
12877	12907
12929	12940
12946	12947
12947	12942
12932	12913
12897	12896
12913	12940
12976	13015
13054	13092
13120	13141
13149	13152
13153	13153
13156	13164
13178	13201
13234	13272
13315	13348
13358	13344
13318	13293
13284	13281
13282	13285
13286	13285
13282	13280
13280	13279
13279	13280
13282	13284
13286	13286
13284	13281
13277	13267
13243	13209
13169	13137
13123	13118
13117	13114
13112	13113
13117	13121
13122	13122
13122	13122
13122	13122
13122	13122
13121	13121
13119	13118
13118	13119
13121	13121
13121	13121
13121	13121
13121	13121
13121	13121
13121	13120
13116	13106
13081	13042
13001	12969
12954	12947
12947	12947
12947	12947
12947	12947
12947	12947
12947	12947
12947	12948
12949	12951
12956	12961
12967	12975
12987	13002
13017	13026
13030	13028
13016	12947
12718	12274
11674	11674
11674	11674
11673	11668
11658	11640
11626	11622
11638	11664
11695	11726
11759	11784
11808	11829
11855	11882
11908	11932
11947	11953
11952	11950
11950	11952
11956	11964
11978	12002
12033	12068
12107	12144
12187	12222
12243	12244
12226	12206
12198	12221
12269	12339
12407	12465
12510	12549
12590	12634
12675	12713
12738	12745
12739	12730
12727	12727
12727	12722
12711	12685
12659	12651
12666	12690
12722	12747
12757	12755
12750	12755
12778	12812
12853	12893
12933	12963
12981	12991
12996	12997
12996	12994
12986	12970
12958	12960
12975	13006
13045	13084
13126	13164
13193	13211
13220	13223
13222	13222
13229	13240
13258	13284
13320	13363
13401	13429
13433	13412
13381	13360
13354	13358
13368	13375
13375	13374
13367	13360
13355	13352
13352	13352
13354	13357
13357	13356
13355	13348
13342	13328
13303	13266
13226	13198
13185	13180
13178	13177
13175	13172
13173	13175
13177	13178
13177	13176
13174	13174
13172	13170
13169	13168
13168	13166
13163	13161
13161	13161
13161	13164
13165	13166
13167	13166
13164	13161
13161	13161
13158	13151
13127	13092
13052	13021
13008	13003
13002	13002
13002	13002
13002	13002
13002	13002
13002	13002
13001	12999
12997	13002
13006	13011
13016	13019
13022	13027
13031	13036
13036	13036
13027	12960
12729	12282
11681	11681
11681	11680
11678	11674
11665	11650
11641	11645
11661	11689
11723	11756
11789	11818
11843	11865
11888	11911
11934	11955
11968	11975
11980	11983
11988	11994
12007	12019
12039	12065
12099	12132
12166	12199
12235	12265
12282	12282
12267	12254
12258	12287
12338	12395
12446	12482
12509	12541
12574	12615
12656	12694
12724	12739
12741	12741
12748	12756
12765	12769
12758	12740
12722	12716
12727	12745
12772	12798
12810	12809
12809	12816
12839	12874
12917	12956
12995	13019
13033	13039
13039	13040
13040	13039
13038	13036
13035	13045
13066	13099
13139	13181
13217	13251
13276	13292
13295	13295
13293	13293
13299	13316
13342	13374
13412	13450
13486	13505
13498	13467
13431	13412
13414	13437
13462	13480
13487	13478
13461	13441
13427	13422
13420	13422
13425	13430
13431	13428
13419	13408
13395	13377
13352	13323
13291	13271
13262	13260
13259	13254
13250	13243
13236	13235
13236	13236
13233	13232
13225	13217
13212	13208
13208	13206
13205	13203
13201	13199
13197	13195
13196	13198
13201	13204
13203	13201
13201	13201
13200	13198
13196	13184
13164	13130
13093	13067
13051	13048
13046	13046
13045	13045
13045	13045
13045	13045
13045	13045
13045	13043
13041	13043
13047	13052
13054	13052
13054	13055
13059	13062
13063	13065
13054	12985
12750	12298
11681	11681
11681	11681
11680	11678
11671	11665
11662	11673
11698	11728
11764	11799
11831	11858
11881	11903
11917	11931
11947	11967
11982	11999
12013	12029
12044	12060
12082	12103
12129	12159
12184	12211
12233	12258
12284	12305
12316	12314
12309	12309
12329	12369
12417	12457
12484	12496
12507	12526
12558	12594
12633	12671
12703	12722
12733	12743
12757	12776
12795	12808
12811	12805
12796	12793
12802	12821
12840	12857
12868	12872
12876	12889
12917	12953
12996	13037
13068	13084
13087	13085
13083	13083
13085	13087
13098	13112
13134	13159
13187	13226
13266	13304
13336	13360
13373	13380
13380	13376
13372	13372
13381	13405
13440	13475
13513	13546
13573	13578
13558	13516
13473	13455
13473	13518
13568	13602
13614	13595
13559	13521
13497	13486
13481	13485
13491	13501
13502	13499
13482	13464
13441	13422
13402	13383
13367	13360
13356	13357
13356	13352
13340	13325
13308	13298
13297	13296
13294	13289
13279	13265
13254	13246
13243	13241
13243	13242
13236	13230
13224	13220
13220	13226
13231	13234
13235	13232
13229	13226
13225	13223
13218	13209
13189	13160
13127	13102
13092	13089
13089	13088
13088	13088
13088	13088
13088	13088
13088	13087
13085	13083
13082	13080
13083	13084
13084	13086
13087	13093
13101	13108
13111	13112
13099	13026
12782	12315
11686	11686
11686	11686
11686	11684
11682	11682
11688	11708
11741	11777
11814	11848
11876	11901
11919	11930
11940	11950
11964	11979
12000	12025
12051	12080
12106	12134
12167	12200
12230	12253
12274	12289
12301	12316
12329	12341
12346	12344
12348	12369
12408	12455
12497	12520
12525	12520
12519	12533
12559	12592
12628	12663
12694	12714
12727	12743
12766	12798
12826	12851
12864	12869
12872	12878
12886	12895
12907	12920
12932	12938
12953	12972
13002	13043
13083	13126
13150	13158
13152	13143
13137	13137
13137	13146
13167	13199
13239	13279
13317	13360
13401	13438
13464	13477
13477	13476
13478	13474
13471	13475
13490	13518
13554	13587
13616	13642
13655	13652
13622	13568
13518	13501
13534	13600
13671	13723
13735	13709
13656	13602
13567	13550
13546	13552
13563	13576
13582	13576
13554	13525
13492	13469
13452	13446
13443	13447
13452	13455
13455	13447
13429	13403
13375	13360
13354	13354
13353	13344
13332	13313
13293	13282
13280	13281
13283	13282
13273	13261
13247	13239
13239	13245
13255	13260
13262	13258
13251	13248
13244	13240
13234	13227
13211	13189
13162	13141
13131	13129
13129	13128
13128	13128
13128	13128
13128	13128
13128	13127
13126	13125
13124	13123
13123	13123
13123	13125
13131	13144
13156	13166
13172	13172
13160	13082
12827	12343
11704	11704
11704	11704
11704	11702
11701	11706
11722	11748
11782	11823
11862	11895
11919	11934
11945	11957
11967	11977
11990	12008
12030	12062
12097	12133
12168	12207
12243	12281
12315	12337
12346	12352
12358	12365
12369	12372
12372	12373
12386	12419
12475	12529
12567	12578
12570	12554
12553	12565
12589	12620
12658	12693
12721	12735
12747	12764
12791	12826
12859	12890
12914	12928
12938	12949
12958	12962
12969	12978
12988	13006
13029	13058
13096	13136
13180	13216
13238	13236
13224	13208
13199	13198
13199	13211
13237	13280
13334	13382
13431	13474
13518	13550
13569	13573
13565	13562
13563	13569
13572	13583
13603	13632
13661	13687
13708	13724
13734	13723
13689	13636
13583	13566
13601	13672
13750	13805
13818	13787
13726	13667
13629	13615
13612	13617
13629	13646
13655	13649
13628	13593
13556	13525
13509	13506
13509	13517
13521	13524
13525	13519
13500	13469
13438	13419
13412	13413
13411	13404
13387	13359
13338	13322
13316	13316
13321	13321
13311	13293
13274	13262
13261	13272
13283	13291
13292	13289
13281	13276
13269	13266
13260	13249
13237	13219
13198	13186
13179	13176
13176	13176
13176	13176
13176	13176
13176	13176
13176	13175
13174	13173
13173	13172
13171	13171
13170	13174
13183	13195
13210	13220
13224	13224
13210	13130
12871	12379
11734	11734
11734	11734
11734	11734
11737	11745
11760	11791
11828	11870
11911	11941
11957	11963
11967	11979
11995	12017
12036	12059
12085	12119
12155	12190
12228	12268
12310	12348
12378	12395
12400	12402
12404	12406
12407	12406
12405	12406
12425	12470
12534	12591
12628	12634
12621	12612
12611	12623
12651	12683
12719	12752
12772	12782
12788	12802
12828	12862
12899	12934
12959	12978
12993	13005
13013	13019
13022	13029
13043	13071
13104	13142
13183	13229
13274	13309
13326	13322
13304	13287
13277	13275
13277	13286
13311	13354
13409	13461
13509	13555
13598	13629
13644	13640
13633	13632
13641	13658
13676	13697
13721	13747
13765	13783
13797	13808
13813	13803
13771	13719
13672	13651
13675	13728
13793	13839
13847	13822
13767	13721
13692	13682
13681	13686
13699	13717
13730	13728
13707	13671
13629	13595
13571	13561
13561	13567
13571	13573
13572	13567
13549	13517
13486	13465
13458	13458
13458	13449
13432	13405
13378	13360
13356	13357
13361	13360
13349	13328
13307	13294
13293	13303
13316	13325
13325	13322
13313	13310
13303	13296
13291	13283
13273	13263
13253	13244
13240	13239
13239	13239
13239	13239
13239	13239
13239	13239
13239	13239
13239	13237
13236	13236
13235	13235
13235	13236
13243	13251
13262	13270
13275	13272
13255	13173
12913	12420
11779	11779
11779	11779
11779	11779
11782	11790
11803	11833
11871	11914
11951	11979
11990	11987
11987	12003
12031	12061
12095	12130
12164	12194
12221	12252
12288	12329
12369	12406
12433	12448
12454	12455
12458	12459
12459	12457
12454	12455
12476	12524
12591	12651
12684	12691
12682	12675
12678	12695
12723	12757
12794	12827
12844	12842
12840	12845
12865	12902
12941	12975
13004	13026
13043	13054
13059	13063
13066	13076
13098	13136
13181	13229
13274	13319
13364	13399
13414	13407
13389	13370
13358	13353
13357	13364
13384	13422
13470	13522
13570	13612
13653	13684
13694	13694
13686	13695
13716	13747
13786	13821
13848	13868
13877	13885
13894	13906
13908	13901
13872	13826
13782	13760
13761	13785
13820	13846
13850	13834
13804	13775
13762	13757
13757	13762
13775	13796
13811	13812
13793	13755
13712	13670
13639	13622
13611	13609
13610	13612
13612	13607
13590	13562
13532	13511
13504	13501
13500	13493
13476	13449
13423	13406
13400	13400
13403	13400
13389	13369
13346	13332
13331	13339
13352	13361
13362	13358
13354	13348
13342	13335
13327	13323
13319	13319
13317	13318
13319	13319
13319	13319
13319	13319
13319	13319
13319	13319
13319	13319
13319	13319
13317	13316
13316	13316
13316	13316
13316	13316
13316	13318
13318	13311
13297	13217
12957	12467
11822	11822
11823	11826
11827	11829
11829	11834
11845	11870
11907	11950
11989	12016
12025	12019
12014	12031
12067	12113
12162	12208
12244	12268
12287	12311
12345	12385
12425	12459
12483	12497
12509	12517
12522	12524
12524	12523
12520	12522
12540	12586
12648	12708
12744	12752
12745	12739
12746	12764
12792	12829
12869	12901
12912	12905
12890	12887
12907	12941
12981	13017
13046	13071
13089	13100
13107	13112
13115	13126
13155	13201
13258	13312
13362	13407
13450	13483
13500	13491
13470	13449
13437	13432
13434	13441
13455	13484
13522	13568
13611	13654
13693	13723
13736	13736
13737	13753
13789	13841
13896	13944
13980	13994
13997	13998
14007	14016
14020	14014
13990	13954
13914	13881
13864	13856
13859	13863
13861	13857
13852	13848
13849	13850
13850	13853
13865	13885
13905	13903
13879	13843
13798	13757
13723	13695
13678	13667
13663	13664
13660	13656
13639	13611
13579	13557
13549	13547
13544	13535
13517	13490
13466	13448
13443	13444
13446	13441
13430	13409
13388	13375
13373	13379
13389	13398
13400	13396
13391	13389
13382	13376
13368	13366
13369	13378
13387	13395
13401	13402
13402	13402
13402	13402
13402	13402
13402	13402
13402	13402
13402	13402
13402	13402
13402	13402
13400	13397
13391	13382
13372	13365
13360	13357
13340	13259
12999	12507
11857	11858
11861	11864
11868	11870
11868	11869
11876	11895
11929	11971
12011	12040
12049	12046
12043	12061
12105	12161
12222	12274
12312	12333
12343	12364
12395	12431
12468	12498
12520	12544
12563	12579
12589	12596
12598	12599
12595	12595
12612	12648
12706	12761
12794	12803
12797	12796
12802	12822
12849	12887
12927	12960
12969	12956
12934	12925
12944	12979
13021	13059
13094	13120
13138	13149
13157	13164
13167	13183
13215	13267
13327	13385
13436	13480
13521	13552
13566	13559
13535	13514
13503	13496
13496	13501
13512	13534
13566	13603
13643	13684
13725	13758
13776	13780
13789	13815
13864	13928
13997	14053
14093	14105
14103	14104
14113	14125
14133	14132
14116	14089
14054	14015
13975	13945
13924	13912
13902	13906
13919	13938
13949	13955
13952	13952
13959	13975
13985	13979
13954	13920
13878	13837
13802	13770
13748	13729
13719	13714
13712	13707
13690	13659
13627	13600
13589	13586
13584	13574
13555	13525
13500	13483
13476	13478
13481	13478
13467	13448
13429	13416
13411	13415
13421	13427
13430	13428
13427	13425
13422	13417
13414	13411
13419	13435
13453	13467
13473	13475
13475	13475
13475	13475
13475	13475
13475	13475
13475	13475
13475	13475
13475	13475
13475	13475
13475	13471
13461	13445
13426	13410
13405	13400
13381	13300
13036	12541
11884	11886
11894	11903
11911	11915
11912	11901
11899	11909
11939	11978
12020	12052
12068	12072
12080	12108
12152	12214
12275	12328
12367	12383
12393	12407
12433	12464
12496	12523
12551	12578
12609	12636
12655	12666
12676	12682
12681	12681
12692	12722
12768	12812
12841	12847
12842	12841
12849	12864
12889	12923
12961	12989
12996	12984
12969	12965
12985	13025
13067	13109
13141	13164
13188	13201
13210	13216
13229	13245
13276	13323
13376	13430
13478	13521
13560	13592
13608	13601
13582	13560
13549	13544
13543	13546
13557	13574
13603	13633
13671	13713
13754	13791
13815	13827
13848	13881
13936	14003
14071	14129
14160	14171
14168	14168
14182	14203
14221	14231
14230	14219
14191	14144
14095	14061
14040	14026
14008	14006
14021	14045
14061	14062
14058	14051
14045	14046
14044	14032
14009	13979
13946	13915
13886	13856
13826	13802
13781	13766
13762	13755
13737	13705
13670	13642
13628	13624
13621	13613
13592	13561
13533	13515
13511	13512
13515	13510
13501	13483
13467	13454
13451	13449
13451	13454
13456	13459
13460	13460
13457	13455
13453	13454
13463	13481
13503	13518
13526	13527
13528	13528
13528	13528
13528	13528
13528	13528
13528	13528
13528	13528
13528	13528
13528	13528
13527	13524
13511	13493
13472	13455
13448	13443
13425	13341
13076	12571
11912	11920
11935	11953
11971	11976
11968	11949
11929	11927
11948	11981
12020	12058
12088	12107
12131	12163
12208	12260
12318	12370
12405	12427
12437	12450
12467	12491
12513	12538
12562	12599
12638	12675
12704	12727
12746	12760
12767	12770
12778	12799
12830	12862
12881	12884
12880	12880
12883	12895
12913	12939
12966	12988
12998	12995
12995	13009
13040	13083
13127	13167
13199	13220
13234	13249
13264	13278
13294	13314
13341	13372
13411	13450
13490	13527
13568	13602
13621	13624
13611	13595
13586	13584
13584	13585
13594	13611
13635	13665
13702	13743
13785	13822
13855	13878
13907	13949
13999	14059
14114	14159
14183	14186
14183	14189
14209	14245
14280	14310
14333	14344
14333	14292
14245	14229
14240	14248
14236	14216
14205	14206
14202	14193
14171	14150
14129	14111
14091	14071
14050	14031
14012	13992
13971	13951
13923	13892
13854	13827
13810	13803
13788	13757
13720	13688
13673	13670
13666	13658
13635	13604
13572	13555
13552	13555
13559	13553
13543	13530
13513	13500
13495	13491
13490	13489
13489	13488
13490	13489
13491	13491
13493	13497
13507	13523
13539	13550
13557	13558
13558	13558
13558	13558
13558	13558
13558	13558
13558	13558
13558	13558
13558	13558
13558	13558
13558	13556
13546	13531
13515	13503
13497	13491
13473	13387
13118	12609
11953	11966
11988	12016
12039	12052
12041	12009
11973	11954
11964	11995
12034	12076
12117	12152
12188	12225
12266	12316
12363	12408
12445	12469
12485	12496
12508	12524
12539	12557
12582	12621
12666	12710
12744	12774
12803	12826
12842	12850
12859	12875
12893	12908
12919	12920
12916	12914
12918	12924
12934	12949
12965	12980
12994	13010
13030	13063
13103	13148
13194	13233
13261	13278
13290	13303
13318	13343
13364	13387
13405	13420
13436	13457
13486	13523
13564	13598
13625	13635
13633	13627
13622	13621
13622	13627
13634	13651
13674	13705
13741	13782
13826	13867
13905	13940
13975	14015
14054	14094
14128	14157
14169	14174
14177	14194
14233	14285
14346	14401
14452	14493
14508	14496
14483	14508
14571	14633
14641	14595
14526	14464
14416	14375
14330	14286
14243	14202
14167	14138
14114	14099
14088	14080
14071	14057
14028	13984
13935	13894
13870	13859
13841	13812
13769	13738
13720	13714
13711	13699
13678	13647
13618	13599
13595	13599
13605	13606
13593	13578
13560	13548
13539	13535
13533	13531
13527	13524
13523	13522
13524	13529
13533	13539
13549	13559
13567	13574
13577	13578
13578	13578
13578	13578
13578	13578
13578	13578
13578	13578
13578	13578
13578	13578
13578	13578
13578	13576
13571	13563
13555	13546
13543	13539
13521	13435
13162	12651
11996	12013
12040	12076
12107	12123
12115	12076
12027	12001
12005	12033
12072	12116
12162	12206
12250	12289
12327	12369
12409	12450
12485	12515
12539	12554
12564	12572
12581	12594
12617	12652
12699	12743
12781	12814
12847	12876
12899	12914
12926	12936
12944	12951
12955	12955
12955	12954
12957	12960
12965	12972
12979	12992
13009	13040
13079	13124
13169	13215
13260	13297
13323	13337
13348	13360
13382	13410
13440	13464
13475	13472
13464	13469
13491	13526
13566	13605
13634	13654
13662	13664
13666	13666
13667	13671
13681	13702
13732	13764
13800	13841
13883	13927
13970	14008
14044	14075
14100	14119
14133	14147
14158	14176
14202	14242
14304	14377
14461	14547
14629	14704
14765	14806
14859	14949
15077	15190
15220	15140
14991	14842
14728	14642
14566	14494
14429	14371
14323	14283
14251	14223
14204	14193
14184	14169
14139	14084
14022	13969
13940	13927
13907	13872
13827	13789
13771	13765
13759	13748
13730	13699
13672	13658
13653	13657
13658	13658
13647	13627
13603	13585
13577	13573
13571	13568
13565	13559
13553	13550
13552	13559
13567	13571
13578	13584
13588	13591
13591	13591
13591	13591
13591	13591
13591	13591
13591	13591
13591	13591
13591	13591
13591	13591
13591	13591
13591	13591
13590	13587
13582	13579
13576	13574
13556	13471
13203	12693
12048	12066
12096	12131
12167	12190
12181	12143
12096	12064
12068	12096
12135	12182
12225	12265
12305	12345
12384	12421
12458	12497
12534	12572
12605	12625
12636	12641
12644	12653
12671	12701
12740	12777
12813	12848
12883	12914
12941	12961
12973	12982
12990	12992
12992	12995
12996	12997
13002	13006
13010	13013
13017	13027
13049	13085
13133	13183
13230	13273
13318	13357
13383	13400
13411	13426
13454	13489
13522	13546
13548	13530
13508	13501
13516	13550
13592	13629
13660	13683
13697	13705
13710	13711
13713	13718
13735	13763
13800	13841
13879	13922
13964	14005
14046	14085
14117	14139
14153	14157
14161	14169
14192	14235
14298	14376
14462	14561
14672	14784
14894	15005
15117	15233
15374	15558
15768	15939
15971	15819
15561	15313
15131	15004
14893	14797
14712	14639
14574	14514
14458	14404
14361	14326
14304	14279
14241	14181
14113	14056
14026	14007
13985	13945
13894	13850
13828	13822
13818	13811
13796	13769
13739	13719
13711	13712
13716	13714
13699	13673
13642	13619
13609	13605
13605	13603
13599	13592
13586	13583
13583	13589
13595	13601
13604	13606
13606	13606
13606	13606
13606	13606
13606	13606
13606	13606
13606	13606
13606	13606
13606	13606
13606	13606
13606	13606
13606	13606
13606	13606
13605	13604
13604	13602
13585	13498
13234	12735
12102	12119
12148	12186
12224	12249
12247	12215
12170	12146
12152	12183
12223	12267
12302	12333
12361	12395
12431	12468
12507	12546
12589	12637
12677	12706
12721	12725
12729	12730
12743	12761
12789	12818
12851	12885
12919	12954
12982	13005
13018	13027
13030	13031
13033	13033
13036	13040
13047	13054
13057	13060
13062	13073
13095	13135
13184	13235
13283	13326
13372	13411
13441	13462
13480	13504
13535	13573
13611	13633
13631	13599
13563	13545
13556	13589
13627	13664
13697	13722
13742	13753
13759	13761
13765	13773
13794	13831
13882	13930
13976	14018
14062	14102
14141	14173
14200	14220
14235	14241
14250	14268
14312	14389
14493	14610
14727	14853
14986	15117
15249	15390
15547	15725
15959	16279
16643	16908
16912	16626
16205	15837
15591	15431
15303	15189
15088	14997
14911	14826
14735	14648
14565	14497
14446	14400
14347	14284
14213	14153
14117	14097
14075	14032
13973	13929
13904	13897
13896	13894
13881	13854
13822	13800
13789	13785
13785	13778
13761	13729
13688	13657
13644	13642
13644	13647
13646	13639
13630	13626
13624	13627
13629	13632
13634	13634
13634	13634
13634	13634
13634	13634
13634	13634
13634	13635
13635	13636
13635	13635
13634	13634
13634	13634
13634	13634
13634	13634
13634	13634
13634	13634
13634	13632
13617	13534
13273	12778
12151	12167
12198	12237
12278	12307
12308	12283
12249	12233
12244	12276
12316	12352
12381	12399
12418	12441
12475	12512
12552	12597
12647	12703
12757	12795
12812	12816
12819	12820
12824	12833
12846	12865
12893	12925
12964	12999
13029	13050
13064	13070
13073	13074
13075	13076
13082	13087
13096	13104
13109	13112
13115	13124
13147	13185
13234	13285
13330	13375
13419	13460
13494	13522
13549	13580
13620	13662
13697	13718
13709	13672
13624	13599
13605	13635
13672	13711
13744	13773
13793	13806
13812	13816
13820	13832
13857	13905
13965	14024
14077	14122
14164	14204
14236	14269
14299	14324
14354	14385
14417	14460
14531	14642
14782	14924
15069	15217
15368	15516
15667	15825
16005	16225
16552	17059
17655	18054
17994	17500
16863	16357
16057	15882
15749	15635
15528	15423
15315	15199
15075	14949
14831	14727
14636	14556
14476	14392
14313	14248
14209	14188
14167	14125
14072	14024
14000	13991
13993	13991
13975	13948
13919	13893
13881	13875
13873	13865
13843	13801
13749	13709
13693	13691
13696	13699
13699	13693
13687	13682
13678	13675
13674	13674
13674	13674
13674	13674
13674	13674
13674	13674
13674	13674
13674	13674
13675	13675
13675	13674
13674	13674
13674	13674
13673	13671
13672	13674
13674	13674
13674	13674
13674	13672
13655	13574
13312	12819
12192	12211
12245	12284
12326	12353
12360	12347
12325	12318
12332	12362
12401	12435
12457	12464
12472	12491
12520	12555
12599	12647
12703	12769
12832	12874
12895	12904
12908	12907
12905	12901
12905	12922
12947	12982
13019	13053
13083	13101
13110	13114
13117	13119
13124	13127
13133	13141
13152	13160
13166	13170
13178	13190
13209	13244
13288	13331
13375	13417
13460	13499
13534	13570
13606	13647
13690	13735
13771	13795
13779	13735
13686	13655
13658	13685
13721	13757
13788	13816
13838	13854
13861	13867
13872	13884
13916	13970
14042	14112
14169	14222
14272	14316
14352	14389
14423	14467
14520	14585
14654	14730
14828	14960
15120	15282
15444	15610
15774	15936
16096	16265
16453	16701
17123	17831
18669	19180
19009	18279
17441	16830
16489	16310
16185	16079
15979	15875
15756	15624
15477	15325
15174	15034
14901	14771
14640	14520
14420	14345
14303	14280
14256	14221
14175	14131
14105	14095
14092	14084
14068	14042
14011	13988
13975	13971
13970	13961
13931	13880
13821	13771
13745	13741
13745	13750
13751	13746
13740	13733
13727	13723
13719	13716
13716	13717
13716	13715
13715	13716
13717	13717
13717	13717
13718	13720
13722	13722
13722	13721
13719	13717
13715	13712
13710	13708
13708	13711
13712	13714
13716	13717
13717	13716
13700	13619
13356	12861
12225	12245
12277	12317
12358	12386
12401	12394
12385	12387
12407	12438
12473	12505
12521	12528
12530	12542
12567	12607
12649	12703
12764	12826
12886	12932
12956	12970
12975	12978
12975	12970
12969	12983
13010	13046
13086	13118
13143	13151
13153	13153
13158	13166
13172	13182
13191	13202
13212	13222
13234	13242
13254	13269
13289	13317
13350	13385
13422	13456
13493	13527
13563	13603
13649	13696
13741	13788
13827	13843
13834	13792
13744	13715
13722	13748
13778	13807
13831	13853
13874	13889
13900	13908
13921	13938
13973	14034
14112	14190
14261	14328
14393	14448
14502	14552
14610	14675
14756	14849
14944	15048
15166	15309
15465	15631
15799	15977
16156	16331
16496	16666
16864	17152
17685	18578
19579	20107
19781	18850
17891	17239
16890	16707
16584	16486
16397	16304
16192	16060
15907	15748
15586	15425
15254	15064
14870	14697
14563	14472
14417	14388
14367	14338
14292	14251
14221	14201
14188	14172
14151	14121
14094	14075
14069	14070
14069	14058
14028	13971
13904	13847
13809	13793
13791	13796
13794	13794
13790	13782
13777	13770
13764	13762
13762	13763
13765	13765
13765	13765
13766	13769
13772	13773
13775	13779
13780	13780
13780	13777
13775	13770
13762	13755
13751	13749
13751	13752
13756	13759
13766	13770
13773	13773
13758	13676
13406	12899
12246	12266
12301	12340
12380	12413
12432	12437
12438	12449
12471	12505
12541	12572
12592	12595
12594	12603
12625	12663
12712	12762
12816	12868
12919	12959
12987	13006
13022	13032
13035	13034
13036	13055
13085	13126
13162	13191
13205	13200
13189	13187
13194	13209
13226	13240
13254	13269
13282	13296
13311	13332
13354	13374
13393	13409
13428	13447
13471	13494
13519	13546
13579	13623
13669	13718
13764	13810
13849	13874
13868	13838
13803	13789
13801	13825
13846	13861
13869	13882
13896	13910
13925	13942
13960	13988
14032	14100
14183	14273
14364	14451
14541	14623
14704	14787
14873	14965
15063	15171
15281	15393
15510	15644
15791	15945
16115	16300
16491	16680
16853	17027
17252	17631
18328	19391
20473	20927
20408	19292
18238	17582
17251	17075
16947	16844
16766	16687
16592	16469
16329	16179
16025	15862
15668	15431
15180	14958
14785	14668
14591	14549
14521	14485
14440	14395
14354	14322
14291	14261
14227	14195
14170	14159
14164	14171
14172	14156
14123	14064
13997	13932
13878	13844
13828	13830
13834	13838
13834	13827
13821	13816
13812	13811
13813	13819
13821	13823
13825	13825
13828	13831
13832	13832
13836	13838
13841	13841
13839	13837
13831	13825
13816	13806
13800	13796
13798	13804
13810	13818
13824	13829
13836	13835
13822	13739
13462	12941
12269	12288
12320	12361
12402	12438
12460	12474
12484	12503
12532	12569
12608	12639
12659	12660
12658	12665
12690	12728
12775	12821
12866	12905
12942	12975
13006	13031
13056	13076
13089	13099
13110	13133
13169	13207
13246	13269
13273	13254
13230	13222
13232	13256
13280	13307
13326	13344
13361	13379
13400	13428
13462	13492
13509	13515
13516	13519
13528	13539
13552	13571
13597	13635
13682	13726
13771	13817
13858	13888
13894	13879
13863	13867
13886	13909
13919	13913
13901	13897
13901	13916
13938	13965
13999	14038
14094	14176
14277	14385
14497	14613
14731	14845
14956	15076
15199	15315
15425	15529
15633	15738
15849	15963
16087	16223
16385	16574
16784	16983
17168	17369
17677	18237
19184	20452
21582	21892
21105	19707
18476	17784
17505	17383
17271	17168
17095	17031
16945	16834
16711	16583
16448	16299
16102	15849
15568	15315
15116	14970
14868	14804
14755	14701
14643	14584
14524	14471
14421	14376
14334	14294
14269	14262
14271	14280
14275	14252
14215	14162
14096	14021
13955	13905
13877	13873
13880	13885
13886	13879
13871	13867
13864	13866
13870	13876
13883	13881
13878	13878
13880	13882
13885	13885
13888	13891
13891	13890
13888	13885
13884	13874
13865	13856
13852	13852
13855	13863
13870	13880
13888	13892
13896	13897
13884	13799
13518	12983
12293	12312
12345	12389
12429	12466
12493	12511
12528	12550
12580	12619
12662	12696
12715	12716
12715	12722
12747	12787
12833	12879
12915	12944
12975	13004
13034	13068
13099	13130
13154	13171
13190	13218
13253	13293
13329	13353
13349	13318
13284	13269
13283	13314
13346	13377
13402	13425
13447	13471
13500	13538
13576	13607
13622	13619
13606	13598
13594	13596
13603	13613
13632	13662
13702	13740
13783	13829
13871	13903
13921	13922
13921	13938
13967	13988
13988	13968
13934	13911
13909	13926
13959	13999
14049	14107
14182	14288
14415	14547
14682	14825
14966	15104
15241	15390
15531	15661
15769	15875
15975	16069
16160	16255
16357	16480
16636	16828
17042	17259
17471	17738
18201	19034
20318	21823
22945	23018
21843	20016
18483	17734
17572	17572
17528	17453
17394	17341
17263	17162
17048	16937
16822	16692
16510	16266
15992	15736
15524	15362
15240	15153
15084	15004
14917	14832
14752	14683
14614	14554
14497	14449
14419	14412
14411	14408
14386	14347
14300	14249
14189	14118
14043	13982
13947	13934
13942	13947
13952	13948
13943	13940
13940	13942
13948	13953
13954	13948
13941	13939
13939	13938
13940	13940
13941	13944
13944	13944
13941	13936
13931	13924
13915	13908
13910	13917
13926	13936
13946	13956
13960	13961
13963	13964
13949	13862
13573	13028
12327	12346
12382	12422
12467	12503
12529	12550
12570	12593
12628	12667
12713	12751
12769	12771
12767	12774
12802	12840
12886	12931
12968	12998
13023	13050
13084	13122
13160	13199
13230	13253
13274	13302
13338	13377
13412	13435
13431	13395
13356	13340
13352	13385
13421	13457
13489	13513
13536	13566
13601	13641
13683	13712
13725	13716
13697	13678
13672	13670
13672	13680
13692	13717
13745	13779
13815	13857
13899	13940
13961	13968
13979	13999
14033	14057
14049	14019
13977	13945
13939	13962
14007	14066
14135	14216
14315	14447
14604	14762
14921	15084
15246	15400
15549	15700
15846	15968
16073	16171
16265	16353
16439	16529
16620	16733
16883	17075
17299	17532
17792	18173
18862	20040
21662	23303
24247	23916
22270	20004
18179	17402
17409	17614
17710	17705
17672	17624
17542	17440
17334	17232
17130	17013
16851	16639
16399	16165
15960	15791
15662	15560
15471	15367
15255	15143
15046	14960
14880	14808
14736	14673
14629	14603
14586	14554
14504	14438
14375	14326
14274	14216
14141	14077
14036	14022
14023	14025
14026	14026
14027	14026
14028	14031
14033	14037
14033	14021
14008	14000
13993	13991
13988	13988
13989	13992
13994	13994
13992	13986
13977	13964
13955	13956
13965	13984
14004	14027
14044	14052
14054	14056
14056	14054
14038	13947
13651	13087
12371	12390
12426	12466
12506	12541
12569	12590
12612	12640
12674	12717
12762	12803
12825	12827
12822	12828
12853	12892
12937	12984
13023	13056
13087	13117
13149	13189
13234	13277
13311	13341
13365	13390
13421	13459
13497	13518
13515	13484
13443	13420
13433	13465
13503	13539
13573	13604
13634	13666
13704	13746
13788	13818
13825	13813
13791	13770
13760	13757
13756	13763
13771	13789
13812	13840
13873	13910
13950	13987
14008	14017
14029	14054
14088	14109
14106	14073
14033	14008
14013	14048
14111	14193
14285	14387
14508	14662
14839	15018
15201	15381
15560	15723
15871	16009
16131	16235
16327	16422
16515	16602
16692	16780
16882	16995
17147	17342
17574	17838
18179	18741
19740	21266
23084	24563
25013	24102
22011	19482
17559	16853
17078	17544
17839	17930
17924	17871
17787	17686
17583	17484
17386	17276
17138	16963
16760	16553
16365	16199
16063	15957
15860	15744
15617	15496
15391	15297
15211	15126
15047	14967
14901	14851
14804	14739
14649	14553
14466	14409
14362	14306
14238	14177
14135	14118
14113	14113
14111	14114
14118	14123
14125	14130
14131	14129
14117	14102
14084	14068
14059	14054
14049	14048
14050	14051
14054	14053
14051	14042
14027	14006
13997	14006
14032	14063
14099	14137
14169	14187
14196	14200
14200	14198
14179	14080
13766	13171
12414	12434
12466	12505
12545	12579
12609	12630
12656	12688
12725	12770
12816	12857
12882	12884
12879	12883
12905	12944
12991	13037
13079	13119
13152	13186
13223	13267
13314	13360
13396	13425
13450	13476
13506	13540
13577	13601
13599	13567
13530	13509
13517	13545
13583	13620
13657	13690
13725	13760
13800	13844
13882	13915
13924	13913
13893	13872
13862	13860
13861	13863
13869	13878
13893	13911
13937	13971
14007	14036
14057	14067
14080	14108
14141	14161
14161	14135
14108	14105
14134	14193
14277	14380
14495	14616
14752	14916
15102	15298
15491	15691
15882	16052
16194	16309
16401	16487
16570	16659
16750	16837
16930	17033
17141	17264
17416	17615
17864	18183
18671	19523
20896	22691
24400	25312
24960	23396
21037	18549
16792	16276
16732	17453
17954	18145
18151	18087
18002	17912
17819	17723
17625	17519
17394	17245
17071	16894
16718	16560
16423	16319
16217	16105
15979	15860
15753	15654
15566	15480
15395	15312
15230	15158
15082	14981
14854	14721
14607	14525
14466	14402
14332	14268
14229	14210
14206	14202
14196	14198
14205	14209
14214	14218
14218	14210
14194	14172
14153	14137
14123	14114
14109	14108
14109	14113
14118	14118
14114	14106
14092	14075
14072	14092
14135	14188
14242	14299
14345	14375
14393	14399
14403	14399
14377	14269
13927	13282
12456	12474
12504	12541
12580	12616
12645	12674
12703	12735
12776	12821
12868	12904
12927	12932
12926	12932
12959	13001
13047	13095
13138	13174
13212	13251
13294	13343
13394	13437
13473	13503
13527	13550
13578	13611
13645	13668
13669	13647
13611	13594
13598	13622
13654	13692
13729	13768
13805	13845
13887	13930
13968	13996
14009	14003
13985	13970
13965	13964
13967	13968
13969	13964
13965	13975
13997	14023
14053	14080
14098	14114
14133	14166
14203	14231
14235	14223
14217	14244
14302	14390
14496	14620
14751	14882
15025	15192
15375	15571
15772	15979
16180	16357
16494	16593
16669	16737
16816	16907
16997	17085
17183	17285
17402	17530
17686	17888
18164	18580
19298	20504
22212	24033
25258	25308
24119	22098
19763	17631
16265	15997
16595	17459
18087	18339
18358	18296
18223	18143
18061	17973
17874	17768
17649	17512
17359	17199
17038	16884
16750	16644
16543	16432
16313	16202
16097	16003
15912	15830
15751	15672
15597	15519
15419	15288
15130	14963
14818	14704
14608	14519
14433	14363
14324	14304
14295	14288
14280	14276
14280	14285
14289	14294
14286	14272
14248	14221
14197	14183
14170	14162
14155	14154
14158	14167
14174	14178
14178	14178
14177	14182
14203	14243
14304	14373
14447	14516
14573	14611
14631	14641
14643	14639
14613	14493
14117	13409
12490	12505
12533	12569
12608	12644
12680	12711
12740	12779
12821	12867
12910	12948
12970	12971
12970	12982
13016	13069
13123	13165
13201	13236
13272	13314
13362	13416
13466	13509
13543	13567
13590	13614
13639	13669
13699	13723
13730	13714
13691	13675
13677	13698
13725	13757
13794	13835
13878	13919
13956	13991
14025	14050
14064	14065
14061	14058
14059	14062
14068	14070
14063	14044
14029	14028
14045	14069
14096	14119
14143	14166
14203	14251
14300	14342
14360	14369
14384	14436
14522	14632
14756	14889
15030	15169
15315	15480
15661	15849
16043	16250
16451	16625
16756	16844
16911	16981
17063	17157
17250	17344
17440	17546
17662	17792
17952	18170
18501	19069
20068	21596
23394	24827
25240	24429
22723	20667
18698	17142
16274	16212
16775	17567
18190	18485
18544	18516
18458	18389
18315	18238
18140	18030
17907	17773
17633	17496
17351	17204
17070	16954
16845	16732
16621	16520
16424	16330
16241	16164
16096	16032
15967	15887
15776	15632
15457	15275
15105	14952
14810	14684
14576	14496
14448	14421
14400	14382
14367	14361
14360	14359
14359	14351
14337	14308
14273	14238
14210	14194
14184	14182
14182	14185
14196	14208
14225	14240
14256	14274
14294	14328
14378	14445
14523	14608
14692	14769
14832	14874
14892	14900
14899	14890
14858	14724
14314	13534
12513	12528
12556	12589
12631	12672
12709	12743
12777	12816
12861	12909
12953	12989
13005	13008
13014	13039
13089	13155
13208	13248
13277	13308
13340	13378
13427	13480
13527	13569
13600	13625
13646	13668
13692	13724
13754	13778
13790	13787
13775	13770
13772	13785
13802	13828
13859	13897
13936	13973
14004	14031
14052	14072
14086	14098
14105	14115
14125	14138
14153	14158
14146	14117
14087	14079
14100	14130
14158	14179
14207	14249
14309	14379
14448	14511
14553	14588
14630	14702
14803	14923
15051	15189
15328	15473
15623	15785
15955	16133
16314	16506
16692	16853
16974	17055
17120	17194
17285	17386
17489	17589
17690	17794
17917	18055
18237	18505
18946	19740
21039	22715
24201	24795
24215	22800
21087	19458
18113	17217
16820	16820
17114	17612
18144	18511
18677	18719
18685	18623
18559	18495
18409	18295
18163	18027
17906	17793
17671	17526
17381	17258
17143	17027
16922	16829
16735	16644
16559	16492
16433	16378
16312	16228
16116	15967
15797	15618
15440	15259
15081	14915
14788	14697
14637	14590
14544	14505
14478	14465
14457	14446
14432	14412
14381	14339
14287	14238
14201	14186
14179	14183
14195	14209
14228	14252
14284	14316
14356	14396
14444	14504
14580	14661
14748	14840
14930	15012
15079	15122
15144	15151
15150	15139
15101	14953
14501	13655
12535	12551
12575	12610
12654	12697
12737	12775
12811	12853
12899	12946
12990	13020
13039	13043
13059	13098
13165	13239
13299	13338
13366	13385
13410	13447
13490	13536
13583	13621
13652	13678
13700	13726
13754	13785
13818	13848
13869	13879
13879	13879
13885	13894
13903	13916
13938	13967
13997	14027
14048	14061
14074	14086
14099	14114
14130	14149
14171	14195
14218	14229
14220	14190
14162	14164
14194	14236
14269	14294
14328	14389
14476	14568
14656	14737
14808	14868
14932	15022
15135	15257
15386	15521
15661	15803
15949	16102
16255	16415
16578	16749
16915	17058
17166	17241
17307	17385
17485	17595
17709	17819
17922	18035
18168	18333
18564	18932
19566	20652
22198	23755
24512	23959
22441	20801
19557	18695
18121	17849
17752	17583
17377	17443
17875	18395
18746	18893
18898	18846
18795	18741
18663	18551
18422	18293
18190	18101
17998	17854
17699	17564
17451	17345
17247	17147
17048	16950
16867	16806
16755	16700
16629	16535
16417	16275
16120	15957
15790	15604
15406	15219
15075	14975
14902	14828
14748	14677
14634	14609
14591	14568
14540	14504
14459	14397
14325	14259
14217	14194
14196	14211
14232	14258
14286	14323
14370	14426
14487	14552
14619	14696
14777	14860
14952	15044
15135	15220
15289	15336
15363	15373
15374	15365
15327	15166
14680	13763
12556	12571
12597	12640
12683	12727
12768	12809
12849	12892
12939	12985
13026	13056
13072	13085
13104	13156
13233	13319
13388	13432
13454	13471
13490	13517
13556	13597
13639	13674
13706	13738
13768	13797
13828	13865
13903	13939
13965	13986
13994	14000
14004	14008
14012	14020
14031	14049
14068	14083
14095	14100
14108	14112
14121	14136
14153	14179
14208	14239
14271	14293
14295	14286
14282	14310
14366	14422
14466	14496
14540	14615
14716	14821
14920	15011
15099	15182
15274	15375
15490	15616
15744	15879
16018	16154
16287	16418
16547	16677
16821	16973
17127	17257
17357	17425
17492	17578
17684	17804
17923	18040
18152	18277
18434	18641
18946	19461
20354	21721
23334	24439
24200	22521
20370	18926
18487	18582
18811	19010
18921	18302
17423	17017
17415	18186
18787	19065
19117	19078
19030	18983
18916	18817
18699	18584
18498	18431
18340	18193
18024	17885
17785	17697
17594	17473
17355	17249
17166	17109
17062	17002
16918	16817
16698	16563
16422	16278
16119	15940
15739	15548
15397	15295
15213	15117
15005	14908
14851	14818
14785	14750
14711	14667
14603	14521
14431	14352
14300	14276
14281	14307
14338	14370
14403	14447
14505	14577
14657	14736
14814	14888
14964	15045
15131	15224
15314	15398
15469	15520
15556	15574
15585	15584
15550	15382
14862	13881
12591	12605
12633	12673
12722	12766
12809	12849
12888	12933
12980	13025
13062	13091
13110	13125
13154	13213
13299	13394
13471	13519
13542	13555
13572	13596
13628	13665
13704	13740
13775	13810
13847	13881
13917	13959
13998	14039
14072	14096
14111	14117
14121	14123
14125	14127
14131	14138
14145	14153
14156	14158
14160	14164
14170	14183
14198	14225
14259	14298
14337	14370
14398	14421
14461	14530
14615	14694
14749	14788
14839	14919
15025	15135
15234	15331
15424	15517
15614	15717
15836	15956
16082	16216
16355	16485
16606	16711
16813	16921
17052	17198
17343	17471
17566	17642
17713	17800
17913	18037
18163	18286
18407	18550
18733	18979
19358	20033
21157	22669
24055	24445
23232	20792
18504	17595
18091	19144
20062	20474
20078	18800
17225	16414
16846	17911
18790	19221
19336	19317
19269	19221
19161	19080
18985	18894
18824	18765
18678	18535
18367	18231
18145	18069
17959	17814
17670	17552
17466	17407
17357	17289
17197	17082
16959	16827
16691	16553
16412	16245
16051	15864
15711	15609
15522	15416
15292	15184
15116	15077
15042	14999
14954	14901
14828	14732
14621	14529
14466	14441
14449	14479
14517	14552
14583	14626
14689	14767
14853	14941
15019	15088
15153	15226
15309	15395
15487	15570
15639	15695
15733	15762
15787	15801
15778	15610
15058	14011
12636	12652
12679	12718
12767	12814
12859	12900
12938	12982
13026	13069
13104	13131
13151	13172
13212	13280
13374	13474
13556	13608
13633	13643
13652	13673
13704	13742
13781	13821
13861	13905
13949	13991
14030	14070
14114	14155
14192	14218
14234	14242
14246	14246
14246	14244
14244	14247
14248	14251
14251	14251
14253	14255
14265	14281
14306	14335
14370	14413
14456	14503
14553	14615
14701	14809
14925	15026
15097	15149
15204	15286
15384	15486
15581	15678
15775	15866
15954	16043
16141	16245
16366	16497
16636	16766
16874	16970
17058	17160
17281	17424
17570	17700
17800	17878
17960	18054
18169	18297
18430	18564
18702	18863
19058	19313
19726	20484
21692	23120
24066	23714
21812	19137
17172	16975
18305	20088
21404	21735
20839	18900
16770	15689
16187	17540
18707	19317
19520	19535
19491	19442
19389	19330
19264	19195
19131	19059
18946	18801
18659	18555
18492	18435
18322	18157
17993	17861
17772	17713
17651	17564
17457	17332
17204	17067
16932	16798
16667	16513
16337	16152
16003	15897
15808	15698
15576	15473
15411	15373
15336	15294
15246	15188
15109	14999
14876	14770
14700	14672
14680	14713
14750	14779
14807	14846
14904	14982
15070	15156
15233	15294
15347	15408
15486	15575
15664	15745
15815	15868
15909	15949
15988	16023
16014	15851
15269	14155
12682	12699
12729	12771
12815	12865
12911	12950
12989	13030
13070	13113
13147	13175
13201	13232
13280	13359
13460	13564
13648	13699
13722	13730
13741	13759
13789	13828
13872	13922
13976	14032
14092	14144
14190	14234
14276	14319
14357	14383
14400	14408
14409	14409
14409	14409
14409	14409
14409	14410
14411	14411
14414	14420
14437	14465
14504	14546
14589	14633
14682	14734
14792	14874
14983	15114
15255	15378
15468	15535
15593	15665
15753	15845
15940	16034
16128	16211
16282	16342
16407	16488
16593	16722
16857	16988
17098	17194
17287	17388
17513	17654
17800	17931
18037	18126
18216	18315
18438	18569
18708	18852
19005	19172
19356	19581
19941	20613
21690	22861
23371	22489
20271	17771
16418	16957
18882	20999
22314	22308
20905	18517
16088	14855
15408	17009
18484	19320
19642	19702
19672	19619
19578	19543
19511	19467
19387	19238
19024	18839
18757	18757
18777	18762
18660	18488
18311	18172
18078	18008
17936	17836
17706	17571
17434	17297
17157	17030
16906	16768
16605	16431
16281	16171
16082	15974
15855	15761
15707	15675
15642	15601
15552	15491
15406	15288
15153	15038
14964	14933
14940	14972
15004	15026
15047	15078
15133	15211
15293	15379
15449	15499
15542	15597
15666	15753
15841	15925
15994	16044
16090	16135
16189	16241
16247	16085
15467	14282
12724	12741
12774	12814
12863	12912
12957	12998
13035	13071
13113	13154
13193	13229
13261	13300
13361	13447
13552	13657
13739	13789
13813	13822
13836	13859
13891	13936
13988	14048
14121	14201
14285	14353
14407	14456
14500	14540
14577	14606
14623	14630
14633	14634
14634	14632
14635	14637
14639	14642
14645	14647
14650	14660
14688	14738
14800	14860
14912	14960
15010	15057
15113	15185
15289	15419
15566	15704
15814	15892
15955	16018
16094	16175
16262	16357
16449	16527
16577	16608
16640	16698
16794	16918
17051	17177
17293	17396
17502	17609
17734	17873
18015	18143
18258	18355
18453	18564
18688	18825
18970	19119
19274	19436
19589	19734
19945	20393
21210	22131
22365	21203
18903	16741
16077	17292
19577	21660
22629	22150
20382	17840
15350	14025
14551	16349
18155	19262
19716	19829
19810	19761
19724	19715
19713	19690
19573	19286
18888	18603
18593	18766
18953	19035
18969	18795
18610	18466
18369	18292
18205	18089
17947	17808
17670	17529
17389	17260
17145	17020
16870	16704
16560	16453
16361	16252
16132	16043
15991	15961
15929	15888
15833	15770
15678	15554
15417	15297
15219	15184
15189	15220
15247	15262
15271	15297
15348	15418
15503	15581
15645	15692
15728	15774
15840	15923
16014	16096
16162	16214
16262	16314
16377	16438
16452	16259
15566	14310
12759	12777
12809	12852
12898	12947
12993	13033
13069	13107
13150	13193
13239	13284
13328	13378
13444	13535
13639	13738
13817	13867
13894	13911
13931	13958
14000	14055
14117	14191
14281	14389
14495	14582
14647	14695
14739	14780
14819	14849
14868	14876
14880	14882
14882	14882
14883	14885
14887	14893
14898	14903
14911	14927
14967	15036
15121	15199
15259	15311
15354	15400
15440	15489
15563	15679
15822	15971
16092	16177
16243	16299
16363	16437
16520	16610
16702	16775
16814	16827
16837	16881
16971	17091
17222	17348
17463	17573
17683	17798
17920	18056
18192	18321
18434	18539
18647	18765
18893	19034
19183	19330
19478	19618
19729	19771
19799	20019
20651	21455
21569	20251
17915	16045
15950	17695
20168	22049
22570	21659
19712	17248
14840	13411
13820	15719
17818	19185
19769	19919
19913	19872
19843	19842
19866	19860
19708	19288
18684	18260
18289	18648
19032	19244
19230	19066
18869	18718
18616	18533
18429	18301
18157	18018
17881	17744
17605	17477
17361	17244
17105	16951
16813	16707
16615	16505
16387	16292
16229	16195
16158	16114
16058	15987
15893	15766
15630	15514
15436	15403
15404	15429
15453	15460
15464	15480
15526	15593
15670	15746
15806	15845
15877	15920
15985	16068
16161	16242
16308	16360
16406	16464
16530	16596
16599	16314
15415	14048
12778	12796
12828	12874
12921	12966
13011	13051
13089	13128
13171	13221
13274	13327
13382	13437
13511	13599
13699	13794
13867	13914
13947	13970
14001	14036
14084	14147
14219	14303
14404	14528
14652	14749
14820	14868
14915	14957
14993	15026
15047	15059
15063	15064
15064	15066
15069	15071
15073	15080
15086	15094
15104	15123
15172	15254
15356	15441
15506	15558
15602	15641
15668	15698
15754	15851
15989	16135
16262	16354
16415	16468
16526	16594
16674	16761
16853	16926
16962	16967
16967	17006
17091	17210
17343	17468
17584	17694
17803	17920
18042	18172
18305	18431
18543	18656
18771	18889
19021	19168
19318	19460
19594	19718
19790	19752
19648	19744
20324	21131
21202	19779
17392	15671
15904	17947
20509	22231
22444	21276
19286	16954
14634	13123
13387	15303
17581	19125
19801	19978
19982	19946
19919	19923
19960	19969
19804	19298
18561	18029
18062	18531
19058	19378
19406	19242
19040	18885
18782	18688
18572	18432
18289	18154
18023	17885
17746	17620
17505	17392
17258	17114
16983	16880
16787	16677
16560	16455
16385	16341
16301	16251
16189	16118
16025	15899
15768	15652
15579	15546
15549	15570
15588	15590
15590	15600
15639	15699
15774	15846
15904	15942
15975	16017
16082	16164
16257	16340
16403	16452
16501	16561
16632	16700
16674	16128
13792	8423
