11406	11432
11430	11335
11126	10839
10539	10278
10085	9974
9934	9928
9937	9955
9980	10008
10034	10065
10096	10133
10172	10212
10247	10279
10310	10345
10372	10390
10407	10430
10456	10479
10490	10487
10472	10449
10433	10438
10462	10507
10566	10631
10683	10720
10760	10812
10877	10939
10987	11017
11025	11012
10990	10972
10963	10951
10925	10877
10817	10759
10710	10663
10615	10564
10515	10466
10419	10378
10346	10323
10297	10259
10207	10148
10100	10066
10052	10052
10060	10077
10097	10112
10118	10114
10111	10119
10141	10163
10173	10163
10130	10077
9999	9894
9758	9607
9457	9320
9191	9075
9013	9118
9557	10344
11404	11438
11448	11366
11168	10895
10608	10348
10141	10009
9949	9937
9946	9965
9995	10028
10061	10097
10133	10170
10210	10249
10282	10311
10342	10372
10397	10415
10436	10461
10491	10514
10525	10522
10506	10485
10472	10478
10506	10551
10610	10674
10727	10769
10814	10871
10937	10997
11041	11060
11053	11027
10994	10971
10958	10944
10917	10868
10807	10752
10706	10663
10618	10570
10521	10472
10426	10385
10352	10326
10299	10263
10219	10177
10149	10137
10136	10141
10149	10163
10182	10206
10227	10242
10255	10275
10298	10315
10311	10288
10244	10182
10099	9989
9852	9702
9559	9424
9297	9179
9112	9203
9618	10370
11409	11454
11477	11407
11226	10976
10711	10461
10241	10084
10005	9983
9994	10014
10045	10080
10120	10159
10197	10235
10273	10312
10345	10375
10405	10433
10457	10476
10498	10528
10559	10584
10594	10587
10570	10549
10537	10545
10574	10616
10669	10725
10777	10824
10872	10934
11001	11060
11099	11113
11099	11064
11022	10986
10962	10942
10911	10864
10807	10755
10711	10670
10626	10580
10534	10487
10443	10400
10364	10335
10304	10269
10235	10212
10207	10211
10220	10228
10233	10240
10258	10287
10321	10353
10383	10413
10437	10442
10420	10376
10315	10241
10147	10030
9895	9752
9617	9495
9376	9260
9191	9276
9672	10397
11428	11482
11515	11456
11293	11068
10832	10600
10377	10203
10108	10083
10093	10116
10145	10180
10221	10261
10300	10337
10373	10408
10439	10469
10495	10521
10541	10562
10589	10626
10663	10689
10696	10685
10664	10643
10634	10642
10665	10698
10741	10790
10837	10882
10932	10991
11052	11108
11149	11163
11152	11117
11067	11020
10979	10945
10911	10865
10815	10768
10725	10685
10642	10597
10553	10509
10465	10422
10384	10350
10315	10280
10255	10247
10254	10264
10271	10273
10270	10273
10285	10312
10348	10386
10426	10462
10486	10479
10438	10374
10301	10214
10109	9987
9855	9725
9604	9491
9379	9269
9204	9289
9685	10410
11462	11521
11561	11509
11358	11159
10953	10737
10519	10341
10244	10221
10234	10257
10285	10319
10360	10401
10439	10472
10499	10525
10549	10573
10599	10621
10637	10657
10691	10737
10785	10814
10822	10813
10793	10773
10764	10766
10782	10805
10838	10878
10919	10959
11002	11051
11104	11151
11189	11209
11203	11171
11119	11061
11005	10958
10915	10872
10828	10785
10746	10707
10664	10618
10572	10528
10486	10445
10405	10367
10331	10297
10276	10274
10280	10284
10280	10270
10260	10254
10255	10272
10299	10334
10374	10413
10435	10420
10367	10295
10213	10118
10008	9887
9768	9655
9546	9438
9329	9223
9162	9255
9662	10406
11485	11548
11589	11541
11403	11227
11044	10846
10636	10465
10376	10361
10379	10405
10433	10468
10509	10550
10586	10611
10628	10641
10654	10672
10693	10712
10728	10751
10792	10850
10910	10955
10976	10974
10960	10940
10925	10921
10924	10939
10964	10998
11034	11069
11105	11141
11177	11211
11238	11255
11248	11215
11160	11095
11033	10979
10931	10890
10847	10809
10774	10737
10693	10644
10593	10545
10502	10465
10429	10391
10354	10322
10301	10295
10291	10278
10258	10237
10217	10199
10188	10185
10195	10215
10249	10284
10301	10281
10225	10153
10074	9983
9880	9775
9677	9582
9487	9386
9281	9184
9134	9233
9647	10397
11463	11526
11568	11527
11406	11255
11094	10909
10708	10546
10468	10461
10487	10520
10555	10593
10638	10680
10711	10729
10735	10736
10740	10751
10770	10790
10809	10837
10885	10957
11037	11107
11153	11173
11169	11151
11129	11113
11106	11114
11135	11170
11207	11241
11270	11293
11308	11318
11325	11323
11301	11255
11191	11121
11057	11002
10958	10915
10877	10844
10813	10782
10743	10691
10634	10582
10539	10504
10472	10436
10399	10366
10342	10328
10309	10279
10241	10205
10174	10141
10108	10082
10070	10073
10090	10112
10116	10087
10035	9973
9910	9833
9746	9660
9583	9508
9429	9343
9258	9181
9145	9251
9653	10374
11363	11430
11483	11464
11376	11258
11117	10937
10737	10582
10512	10512
10548	10591
10637	10682
10730	10772
10800	10811
10811	10806
10805	10812
10830	10852
10877	10913
10972	11059
11164	11264
11342	11389
11402	11388
11359	11332
11317	11325
11352	11394
11441	11480
11507	11516
11507	11487
11462	11426
11372	11299
11218	11143
11080	11031
10990	10955
10924	10896
10874	10853
10825	10781
10725	10670
10627	10592
10560	10524
10485	10448
10417	10391
10360	10316
10263	10213
10166	10114
10057	10005
9970	9951
9944	9941
9926	9890
9840	9792
9744	9685
9613	9540
9475	9409
9344	9281
9223	9172
9157	9264
9638	10302
11181	11260
11342	11367
11330	11254
11131	10950
10748	10597
10532	10536
10579	10632
10688	10741
10791	10834
10859	10865
10862	10856
10855	10861
10878	10903
10934	10977
11047	11146
11271	11399
11505	11573
11599	11588
11558	11527
11510	11520
11557	11612
11672	11722
11752	11753
11725	11678
11620	11547
11456	11352
11252	11172
11112	11070
11037	11011
10989	10972
10961	10955
10942	10913
10866	10814
10770	10734
10700	10662
10618	10572
10533	10500
10461	10405
10341	10280
10220	10149
10070	9994
9934	9890
9857	9826
9788	9737
9687	9647
9610	9561
9494	9422
9353	9287
9226	9175
9134	9099
9096	9201
9549	10157
10953	11051
11173	11257
11282	11245
11135	10955
10759	10616
10555	10563
10611	10674
10737	10793
10842	10881
10902	10906
10903	10899
10899	10906
10924	10952
10989	11038
11110	11217
11352	11491
11608	11684
11715	11707
11680	11651
11639	11652
11695	11760
11828	11886
11920	11923
11890	11830
11752	11653
11535	11412
11305	11223
11168	11130
11104	11086
11071	11060
11055	11056
11059	11043
11010	10967
10926	10891
10857	10818
10773	10723
10679	10640
10597	10537
10468	10400
10332	10250
10155	10059
9977	9908
9849	9793
9733	9666
9606	9562
9525	9477
9407	9328
9246	9167
9099	9045
9003	8967
8961	9063
9391	9967
10736	10851
11011	11149
11223	11212
11111	10938
10762	10642
10596	10609
10663	10735
10806	10866
10915	10948
10962	10961
10954	10949
10951	10961
10982	11017
11057	11106
11176	11278
11408	11539
11653	11728
11762	11759
11739	11717
11710	11725
11766	11826
11891	11947
11985	11994
11970	11913
11830	11722
11597	11476
11375	11302
11250	11210
11182	11163
11149	11135
11127	11126
11130	11123
11099	11064
11030	11001
10973	10941
10900	10852
10812	10776
10735	10678
10610	10544
10474	10388
10285	10177
10080	9991
9911	9838
9762	9679
9601	9546
9500	9444
9369	9277
9184	9093
9011	8943
8886	8837
8821	8914
9232	9793
10572	10696
10874	11040
11138	11140
11044	10893
10752	10667
10648	10677
10741	10826
10909	10981
11034	11063
11068	11058
11045	11038
11036	11046
11070	11107
11148	11193
11253	11340
11451	11565
11663	11729
11760	11761
11746	11729
11725	11739
11774	11822
11877	11929
11970	11989
11978	11936
11864	11765
11651	11546
11463	11401
11351	11304
11262	11231
11208	11186
11167	11158
11153	11144
11119	11084
11054	11031
11010	10983
10950	10914
10883	10859
10828	10780
10722	10660
10590	10506
10409	10303
10195	10093
10001	9918
9833	9736
9641	9567
9509	9446
9366	9273
9174	9076
8982	8900
8826	8762
8735	8820
9131	9684
10486	10603
10776	10941
11039	11040
10957	10837
10742	10702
10714	10765
10847	10949
11051	11141
11204	11236
11237	11217
11195	11177
11167	11171
11193	11227
11262	11298
11344	11411
11496	11582
11655	11705
11726	11724
11710	11693
11684	11688
11708	11744
11791	11844
11893	11930
11941	11924
11874	11796
11703	11620
11555	11504
11452	11395
11334	11284
11246	11217
11191	11176
11165	11146
11111	11068
11030	11003
10977	10952
10922	10895
10875	10860
10837	10797
10747	10693
10629	10554
10467	10369
10263	10152
10050	9960
9869	9766
9658	9569
9503	9436
9359	9271
9180	9085
8987	8896
8811	8737
8704	8784
9093	9644
10473	10579
10735	10880
10965	10965
10903	10823
10776	10777
10815	10886
10983	11101
11221	11328
11409	11455
11465	11446
11416	11387
11365	11357
11364	11384
11405	11428
11461	11511
11573	11635
11684	11714
11722	11710
11687	11662
11641	11625
11624	11642
11679	11730
11788	11841
11879	11889
11866	11814
11745	11681
11629	11582
11527	11459
11382	11314
11267	11233
11211	11198
11187	11162
11113	11053
10998	10955
10917	10879
10844	10815
10798	10782
10756	10716
10670	10620
10562	10494
10417	10327
10221	10106
9997	9901
9808	9702
9592	9500
9431	9366
9294	9219
9142	9057
8967	8876
8789	8714
8682	8769
9089	9658
10545	10634
10763	10884
10955	10966
10935	10904
10899	10928
10985	11066
11171	11294
11422	11541
11641	11713
11746	11742
11716	11680
11644	11614
11597	11590
11591	11600
11627	11672
11726	11777
11814	11837
11833	11807
11770	11733
11694	11652
11619	11607
11621	11659
11710	11768
11820	11851
11851	11818
11767	11714
11668	11620
11561	11487
11402	11328
11274	11238
11219	11210
11202	11175
11116	11042
10970	10908
10852	10798
10751	10713
10686	10659
10622	10577
10528	10476
10416	10346
10270	10181
10076	9959
9845	9742
9645	9544
9441	9353
9284	9220
9154	9090
9024	8953
8876	8797
8720	8655
8636	8741
9100	9728
10721	10791
10891	10987
11049	11078
11086	11097
11126	11173
11237	11318
11424	11543
11667	11787
11898	11996
12059	12075
12059	12021
11973	11922
11873	11835
11812	11812
11839	11890
11950	12009
12057	12082
12075	12037
11986	11934
11874	11802
11733	11686
11668	11676
11707	11753
11801	11836
11844	11818
11774	11724
11676	11625
11563	11488
11411	11341
11289	11249
11219	11200
11188	11159
11101	11022
10942	10866
10794	10729
10669	10617
10575	10535
10489	10435
10380	10319
10248	10170
10085	9992
9886	9769
9653	9544
9445	9347
9253	9176
9109	9044
8980	8921
8862	8800
8736	8674
8614	8564
8562	8702
9130	9862
11028	11077
11149	11220
11280	11327
11370	11413
11460	11513
11572	11647
11745	11854
11960	12060
12163	12262
12337	12364
12352	12315
12256	12184
12109	12047
12009	12003
12034	12096
12172	12248
12315	12355
12354	12317
12263	12200
12122	12026
11926	11846
11798	11777
11780	11800
11830	11856
11856	11826
11776	11722
11668	11611
11548	11482
11421	11369
11323	11273
11222	11179
11147	11113
11061	10991
10912	10835
10760	10689
10621	10558
10502	10451
10395	10336
10271	10198
10117	10026
9931	9832
9724	9610
9493	9381
9275	9180
9095	9025
8962	8898
8833	8774
8717	8661
8609	8561
8514	8477
8492	8673
9195	10075
11445	11482
11539	11597
11655	11720
11787	11846
11892	11928
11967	12021
12099	12183
12254	12309
12373	12448
12510	12534
12523	12483
12420	12338
12252	12179
12133	12125
12156	12223
12311	12400
12480	12536
12553	12534
12489	12426
12334	12220
12106	12011
11947	11907
11884	11877
11883	11886
11874	11834
11776	11714
11652	11589
11528	11469
11423	11384
11343	11288
11221	11154
11101	11059
11014	10956
10892	10823
10753	10685
10617	10548
10483	10422
10361	10293
10219	10136
10045	9945
9843	9739
9632	9520
9404	9287
9178	9078
8994	8924
8861	8799
8737	8680
8625	8573
8529	8492
8453	8421
8449	8671
9293	10330
11871	11911
11972	12040
12113	12195
12273	12327
12349	12344
12333	12337
12367	12404
12423	12426
12440	12477
12521	12551
12558	12539
12491	12416
12332	12258
12207	12191
12213	12273
12356	12442
12521	12585
12620	12622
12595	12532
12437	12319
12201	12107
12042	11996
11960	11934
11917	11902
11876	11829
11767	11699
11633	11568
11506	11450
11407	11369
11329	11274
11203	11129
11067	11021
10981	10938
10889	10830
10770	10705
10637	10568
10503	10440
10373	10298
10214	10124
10031	9929
9823	9716
9608	9495
9380	9262
9147	9041
8948	8871
8804	8742
8684	8630
8581	8538
8500	8469
8435	8406
8440	8695
9396	10559
12174	12227
12317	12425
12536	12639
12713	12735
12701	12623
12525	12445
12400	12374
12343	12304
12284	12300
12345	12406
12464	12500
12495	12447
12373	12296
12235	12200
12201	12240
12304	12378
12453	12520
12567	12585
12566	12507
12413	12300
12192	12109
12052	12009
11971	11938
11912	11885
11851	11804
11746	11681
11619	11558
11501	11449
11401	11358
11315	11260
11196	11128
11068	11021
10984	10948
10909	10858
10797	10732
10666	10603
10544	10483
10415	10335
10246	10154
10062	9962
9855	9746
9632	9516
9397	9281
9166	9054
8953	8866
8792	8726
8667	8616
8573	8538
8510	8484
8453	8428
8469	8738
9475	10694
12295	12368
12497	12658
12820	12946
13011	12991
12888	12716
12514	12328
12191	12099
12031	11977
11949	11960
12020	12120
12236	12333
12381	12371
12317	12241
12168	12111
12086	12103
12152	12218
12294	12369
12430	12460
12448	12391
12301	12200
12107	12038
11990	11952
11918	11891
11866	11840
11808	11769
11722	11669
11619	11574
11531	11491
11449	11408
11362	11310
11251	11189
11130	11081
11041	11004
10961	10907
10843	10774
10709	10653
10603	10550
10482	10399
10308	10214
10120	10021
9913	9801
9683	9562
9444	9330
9221	9113
9010	8917
8834	8757
8690	8636
8595	8566
8543	8523
8500	8484
8534	8809
9544	10753
12301	12385
12539	12740
12936	13082
13145	13108
12961	12725
12437	12156
11933	11783
11688	11627
11598	11609
11672	11786
11928	12063
12151	12175
12145	12083
12009	11941
11903	11907
11948	12018
12104	12194
12272	12316
12316	12269
12189	12096
12011	11948
11901	11866
11837	11816
11801	11785
11762	11736
11702	11668
11638	11616
11600	11585
11564	11533
11492	11443
11389	11327
11266	11207
11154	11103
11049	10987
10918	10844
10778	10725
10678	10627
10559	10474
10380	10282
10183	10081
9972	9859
9742	9625
9512	9408
9307	9209
9112	9019
8926	8838
8758	8696
8652	8618
8598	8584
8575	8576
8641	8920
9639	10805
12273	12357
12511	12712
12907	13052
13122	13099
12966	12729
12417	12087
11805	11606
11482	11408
11373	11383
11438	11539
11673	11809
11911	11956
11949	11908
11847	11785
11747	11747
11790	11866
11964	12069
12161	12222
12243	12216
12151	12061
11974	11900
11844	11804
11775	11759
11751	11743
11733	11719
11699	11680
11670	11674
11689	11705
11712	11701
11673	11634
11586	11529
11461	11389
11316	11245
11174	11102
11027	10949
10874	10811
10755	10696
10622	10532
10430	10328
10225	10121
10016	9909
9805	9700
9601	9510
9425	9338
9250	9159
9063	8968
8879	8806
8751	8714
8688	8679
8685	8711
8798	9082
9767	10861
12174	12247
12380	12549
12712	12834
12903	12904
12818	12639
12373	12062
11770	11547
11400	11313
11277	11288
11339	11428
11547	11674
11774	11825
11833	11809
11766	11717
11684	11683
11719	11793
11894	12005
12105	12183
12228	12230
12183	12100
12002	11912
11841	11790
11757	11741
11734	11733
11731	11726
11715	11707
11711	11733
11772	11819
11854	11866
11854	11829
11796	11749
11683	11602
11514	11426
11342	11262
11181	11090
10997	10908
10828	10748
10662	10560
10452	10345
10244	10143
10047	9957
9870	9787
9710	9637
9564	9491
9413	9327
9235	9139
9049	8973
8913	8866
8834	8827
8850	8898
9002	9274
9893	10857
11896	11952
12053	12178
12296	12386
12442	12458
12423	12321
12144	11908
11665	11465
11330	11256
11237	11263
11323	11416
11538	11668
11767	11819
11832	11822
11795	11760
11732	11721
11742	11795
11877	11972
12063	12144
12204	12230
12210	12143
12051	11957
11878	11823
11785	11765
11758	11755
11755	11751
11745	11743
11754	11784
11837	11902
11960	11991
11993	11984
11967	11937
11882	11809
11723	11633
11549	11467
11380	11273
11153	11031
10919	10812
10703	10589
10473	10368
10268	10175
10091	10016
9949	9887
9828	9772
9714	9653
9584	9507
9420	9330
9248	9177
9118	9067
9033	9030
9063	9123
9227	9462
9968	10739
11475	11513
11581	11664
11742	11804
11842	11863
11860	11830
11747	11616
11465	11339
11260	11233
11252	11307
11393	11507
11646	11786
11891	11943
11960	11957
11944	11922
11892	11867
11860	11881
11925	11981
12041	12100
12155	12193
12195	12157
12092	12020
11953	11902
11864	11838
11822	11811
11803	11797
11792	11793
11803	11833
11883	11950
12014	12058
12074	12074
12066	12050
12020	11968
11902	11831
11761	11690
11605	11490
11348	11196
11054	10922
10797	10672
10553	10447
10350	10258
10177	10110
10054	10005
9959	9912
9863	9808
9744	9669
9589	9510
9439	9380
9330	9285
9255	9255
9290	9343
9430	9609
9989	10567
11135	11160
11202	11255
11306	11345
11371	11387
11402	11415
11407	11371
11325	11294
11292	11325
11393	11488
11607	11745
11900	12046
12151	12204
12219	12216
12204	12180
12142	12098
12066	12054
12061	12079
12100	12126
12157	12188
12203	12197
12169	12132
12093	12054
12014	11978
11946	11920
11897	11883
11873	11874
11882	11897
11930	11976
12034	12080
12105	12110
12107	12105
12096	12071
12034	11988
11940	11886
11809	11696
11549	11388
11231	11088
10954	10828
10710	10603
10503	10405
10317	10244
10189	10144
10101	10055
10007	9947
9878	9801
9725	9657
9597	9550
9509	9475
9452	9451
9474	9509
9564	9695
9996	10466
11048	11067
11099	11137
11174	11200
11212	11219
11238	11268
11302	11332
11368	11415
11477	11559
11668	11801
11948	12103
12261	12400
12497	12544
12553	12540
12513	12471
12415	12356
12312	12285
12273	12268
12262	12259
12267	12286
12307	12320
12321	12316
12300	12274
12237	12191
12146	12102
12064	12038
12020	12010
12005	12001
12001	12017
12054	12099
12128	12137
12138	12143
12152	12153
12137	12111
12078	12033
11964	11863
11728	11574
11419	11274
11142	11019
10905	10799
10692	10583
10480	10395
10331	10281
10236	10189
10136	10067
9986	9904
9829	9767
9717	9676
9640	9608
9583	9566
9566	9575
9605	9717
10005	10478
11149	11170
11203	11240
11272	11290
11295	11296
11309	11340
11388	11450
11527	11617
11715	11825
11957	12113
12278	12437
12585	12709
12792	12830
12832	12805
12756	12692
12624	12567
12529	12509
12497	12487
12471	12455
12448	12457
12476	12496
12510	12515
12512	12496
12464	12424
12376	12327
12281	12241
12210	12187
12164	12136
12107	12092
12104	12137
12166	12180
12182	12193
12213	12229
12228	12210
12181	12139
12076	11986
11869	11728
11578	11430
11296	11174
11063	10957
10846	10728
10614	10519
10446	10393
10347	10301
10244	10170
10082	9997
9924	9864
9815	9773
9731	9685
9639	9597
9565	9548
9564	9677
9986	10516
11258	11283
11321	11362
11395	11417
11423	11424
11432	11456
11500	11568
11658	11764
11872	11990
12133	12300
12469	12624
12756	12861
12932	12960
12953	12915
12856	12787
12726	12688
12673	12670
12669	12663
12648	12627
12614	12617
12630	12643
12650	12649
12645	12633
12612	12582
12547	12506
12461	12418
12378	12344
12310	12269
12224	12188
12177	12190
12212	12223
12228	12239
12264	12285
12290	12276
12249	12209
12153	12075
11970	11834
11680	11524
11377	11249
11134	11026
10915	10796
10682	10591
10525	10476
10435	10392
10337	10265
10179	10095
10024	9965
9911	9858
9800	9731
9655	9581
9517	9478
9479	9575
9888	10471
11282	11310
11353	11399
11438	11466
11480	11487
11493	11509
11545	11610
11700	11805
11913	12032
12181	12352
12521	12666
12785	12877
12935	12954
12939	12898
12840	12780
12740	12730
12742	12757
12765	12761
12746	12728
12713	12712
12717	12716
12707	12694
12678	12665
12652	12635
12614	12584
12548	12510
12474	12439
12401	12361
12316	12271
12241	12236
12242	12249
12252	12263
12286	12308
12315	12301
12277	12241
12195	12128
12029	11894
11728	11555
11393	11251
11129	11017
10907	10797
10697	10623
10573	10538
10506	10466
10415	10346
10267	10188
10120	10060
10000	9935
9856	9764
9663	9562
9477	9417
9390	9435
9700	10317
11256	11287
11335	11384
11428	11461
11483	11495
11502	11514
11542	11602
11692	11795
11900	12020
12173	12347
12513	12651
12762	12845
12896	12907
12886	12845
12793	12746
12727	12738
12768	12793
12803	12799
12787	12769
12755	12751
12749	12739
12715	12688
12662	12648
12638	12629
12614	12593
12565	12535
12504	12471
12439	12403
12364	12319
12278	12258
12257	12260
12261	12270
12289	12308
12314	12301
12280	12250
12208	12150
12055	11917
11743	11556
11381	11231
11101	10985
10877	10772
10687	10630
10600	10577
10551	10514
10464	10400
10325	10250
10184	10122
10056	9981
9890	9785
9669	9556
9460	9386
9330	9313
9510	10133
