15083	15650
15993	15818
15451	15158
14891	14617
14509	14652
14707	14062
12585	11006
10251	10533
11430	12528
13703	14764
15231	14833
14002	13502
13619	14029
14302	14177
13563	12612
11654	11028
11020	11665
12571	13275
13781	14514
15706	17016
17814	17679
16577	14878
13286	12458
12635	13591
14781	15581
15675	15258
14755	14403
14216	14165
14246	14341
14150	13439
12445	11664
11219	10928
10709	10587
10513	10362
10148	10001
10010	10269
10911	11824
12347	11722
9928	7814
6234	5422
5148	5145
5332	5787
6486	7065
7070	6540
5984	5931
6742	8468
10415	11372
10784	9277
7826	6893
6384	6099
6052	6513
7893	10299
15006	15616
16116	16161
15908	15562
15218	15024
15010	14911
14366	13273
11998	11138
11025	11469
12054	12554
13080	13737
14186	13968
13230	12657
12653	12979
13160	12933
12358	11681
11112	10754
10770	11298
12215	13199
14131	15145
16266	17179
17476	16898
15514	13797
12496	12166
12809	13968
15041	15527
15318	14743
14207	13852
13659	13637
13807	14008
13902	13276
12384	11662
11207	10880
10625	10436
10262	10078
9954	9982
10152	10394
10745	11211
11455	10956
9609	7918
6512	5652
5262	5186
5355	5851
6651	7352
7394	6793
6111	5896
6479	7956
9872	11185
11110	9861
8330	7183
6508	6119
5995	6378
7679	9984
13836	14783
15842	16456
16523	16207
15790	15592
15543	15101
13942	12451
11403	11227
11672	12172
12366	12233
12079	12274
12652	12618
12066	11573
11615	12004
12223	12006
11513	11044
10712	10442
10324	10649
11621	13081
14650	15987
16872	17148
16743	15643
13988	12293
11330	11597
12880	14427
15471	15607
14994	14163
13525	13158
13016	13127
13460	13769
13693	13104
12290	11628
11225	10993
10836	10646
10361	10060
9919	10030
10283	10463
10509	10491
10377	9964
9116	7991
6871	5987
5453	5256
5365	5831
6639	7378
7478	6895
6170	5833
6152	7256
8954	10510
11028	10259
8798	7447
6554	6034
5821	6055
7023	8775
11794	13258
15095	16444
16976	16833
16396	16050
15705	14840
13259	11591
10721	10913
11631	12153
12133	11613
10986	10778
10992	11058
10767	10586
10920	11544
11939	11846
11418	10949
10537	10108
9750	9897
11011	13038
15254	16810
17302	16837
15714	14154
12320	10683
10012	10822
12775	14820
15955	15848
14915	13839
13057	12640
12576	12865
13340	13636
13446	12801
12036	11487
11263	11292
11370	11261
10872	10391
10110	10156
10368	10474
10328	9990
9584	9153
8631	7957
7129	6289
5649	5332
5338	5694
6358	7005
7138	6685
6075	5737
5859	6563
7852	9353
10315	10172
9061	7690
6608	5931
5608	5656
6193	7237
9954	11734
14050	15885
16801	16919
16540	15955
15146	13867
12136	10546
9808	10085
10871	11494
11546	10968
10122	9601
9580	9642
9622	9887
10650	11557
12109	12102
11645	10999
10327	9660
9157	9322
10721	13240
15859	17420
17481	16371
14671	12761
10840	9310
8899	10140
12639	15097
16340	16139
15089	13913
13021	12536
12510	12901
13373	13463
13015	12269
11594	11246
11292	11632
11967	11947
11476	10838
10415	10349
10473	10524
10336	9904
9366	8854
8373	7829
7145	6385
5743	5371
5291	5492
5930	6379
6513	6249
5854	5610
5645	6036
6873	8074
9201	9645
9149	8046
6886	6012
5525	5417
5670	6275
9044	10681
12848	14648
15705	16054
15814	15078
13929	12442
10827	9511
8945	9222
9997	10722
10933	10444
9535	8812
8565	8579
8795	9488
10633	11719
12269	12173
11556	10681
9789	9036
8655	9140
10936	13737
16388	17725
17396	15835
13740	11615
9709	8365
8231	9802
12625	15288
16584	16404
15426	14320
13434	12911
12852	13161
13402	13144
12423	11647
11130	10999
11274	11833
12322	12353
11856	11178
10728	10631
10709	10725
10532	10115
9576	9011
8396	7688
6927	6214
5659	5325
5215	5300
5536	5797
5906	5797
5602	5477
5495	5702
6182	7021
8092	8970
9182	8602
7514	6411
5706	5517
5752	6308
9071	10196
11709	13049
13988	14486
14437	13747
12555	11155
9848	8905
8560	8861
9586	10294
10511	10034
9126	8340
7972	7965
8350	9328
10694	11799
12180	11818
10949	9897
8954	8335
8314	9301
11478	14305
16665	17610
16931	15078
12781	10625
8894	7836
7967	9722
12631	15310
16637	16588
15817	14909
14142	13642
13456	13451
13262	12656
11848	11200
10862	10853
11207	11838
12389	12470
12036	11432
11067	11035
11121	11071
10776	10305
9792	9239
8514	7580
6637	5908
5446	5205
5122	5159
5277	5420
5502	5480
5405	5359
5388	5504
5789	6374
7329	8451
9260	9249
8330	7047
6146	5990
6451	7206
9694	10254
11029	11793
12478	12985
13053	12495
11462	10326
9387	8796
8651	8982
9634	10234
10341	9827
8995	8291
7934	7913
8337	9365
10712	11668
11781	11111
10025	8927
8099	7740
8117	9519
11886	14511
16414	16911
15922	13907
11627	9685
8305	7585
7906	9644
12380	14890
16220	16397
15974	15396
14855	14388
13957	13469
12817	12064
11445	11069
10860	10823
11112	11709
12300	12500
12216	11739
11483	11548
11649	11454
10909	10255
9714	9231
8534	7526
6476	5689
5251	5067
5028	5057
5131	5219
5285	5298
5279	5272
5304	5391
5614	6122
7037	8250
9346	9691
8971	7658
6717	6737
7532	8513
10438	10646
10943	11287
11675	12006
12011	11506
10646	9784
9171	8858
8845	9149
9721	10274
10417	10044
9442	8916
8584	8481
8754	9546
10578	11202
11027	10171
9056	8091
7487	7386
7999	9546
11833	14115
15532	15601
14364	12359
10336	8816
7890	7495
7874	9365
11662	13781
15020	15473
15533	15427
15169	14686
13926	12983
12098	11513
11278	11175
10993	10829
10951	11447
12071	12462
12425	12151
12026	12162
12209	11764
10873	9979
9388	9006
8475	7606
6576	5725
5214	4998
4955	4987
5049	5117
5170	5195
5197	5208
5243	5333
5574	6124
7063	8241
9287	9684
9124	8004
7259	7557
8643	9690
10832	10943
11093	11222
11317	11334
11131	10604
9892	9283
8935	8806
8826	9040
9548	10210
10662	10717
10482	10125
9757	9463
9414	9735
10210	10367
9961	9134
8231	7548
7211	7288
7955	9404
11408	13254
14181	13850
12485	10701
9144	8147
7649	7484
7784	8845
10516	12136
13257	13979
14516	14847
14787	14204
13175	12072
11347	11168
11292	11310
11053	10738
10685	11026
11632	12227
12551	12633
12715	12879
12763	11984
10741	9647
9056	8813
8518	7889
6973	6053
5387	5041
4931	4944
4996	5055
5106	5132
5142	5158
5196	5289
5553	6145
7082	8145
8964	9213
8780	8002
7641	8263
9494	10367
10644	10800
10989	11049
10906	10622
10227	9714
9186	8828
8693	8644
8597	8690
9175	10056
10997	11605
11733	11478
11018	10495
10053	9796
9628	9345
8853	8237
7681	7341
7251	7442
8077	9310
10899	12194
12582	11925
10616	9251
8266	7760
7575	7530
7680	8276
9357	10599
11708	12651
13417	13847
13732	13021
11987	11137
10854	11048
11284	11202
10829	10459
10334	10540
11072	11811
12513	13023
13361	13511
13171	12085
10595	9422
8909	8841
8772	8380
7603	6644
5790	5233
4980	4926
4960	5019
5068	5094
5109	5124
5157	5239
5472	6008
6857	7765
8380	8490
8156	7733
7814	8754
9985	10501
10021	10246
10497	10544
10277	9830
9363	8937
8639	8544
8565	8504
8333	8330
8851	9990
11383	12437
12790	12553
11999	11274
10460	9680
9011	8461
8019	7680
7472	7429
7533	7805
8393	9363
10437	11086
10951	10131
9081	8240
7787	7649
7660	7690
7738	8004
8696	9787
10991	12001
12605	12725
12357	11650
10932	10571
10678	10957
10998	10685
10263	10003
9960	10105
10538	11309
12242	13062
13595	13721
13217	11970
10437	9349
8993	9080
9177	8980
8378	7460
6453	5630
5141	4955
4942	4992
5041	5070
5081	5094
5114	5168
5333	5728
6389	7131
7642	7735
7509	7368
7835	9045
10209	10316
9371	9601
9848	9860
9551	9087
8657	8372
8310	8454
8575	8458
8183	8133
8722	10067
11759	13053
13483	13205
12579	11708
10619	9498
8561	7932
7597	7478
7521	7688
7930	8276
8817	9499
10017	10040
9533	8768
8104	7743
7669	7756
7898	8016
8088	8243
8775	9821
11040	11859
12011	11650
11095	10611
10385	10450
10650	10690
10388	9905
9573	9535
9635	9766
10085	10773
11731	12663
13280	13407
12867	11670
10306	9445
9260	9429
9581	9519
9145	8390
7327	6248
5457	5064
4956	4973
5018	5050
5064	5070
5078	5105
5196	5436
5874	6429
6889	7067
7011	7111
7884	9305
10374	10138
9006	9160
9287	9202
8878	8475
8151	8030
8191	8529
8721	8560
8225	8165
8800	10238
12025	13354
13757	13451
12820	11908
10705	9439
8420	7795
7527	7514
7675	7951
8299	8730
9240	9644
9668	9230
8556	7978
7681	7658
7797	8010
8258	8518
8729	8951
9452	10386
11366	11761
11421	10760
10258	10131
10319	10577
10625	10306
9733	9239
9108	9289
9482	9564
9755	10293
11146	12039
12660	12799
12334	11330
10275	9706
9661	9792
9860	9844
9694	9186
8200	6968
5916	5285
5030	4987
5009	5038
5053	5057
5056	5065
5106	5224
5471	5838
6237	6521
6682	7059
8126	9712
10690	10200
8946	8953
8881	8653
8318	8002
7819	7867
8216	8704
8959	8806
8485	8468
9139	10551
12221	13383
13696	13439
12927	12123
10961	9691
8644	7973
7665	7639
7816	8126
8551	9073
9572	9758
9433	8746
8077	7709
7663	7808
8033	8314
8683	9117
9543	9935
10432	11093
11578	11464
10837	10222
10005	10186
10551	10785
10616	10046
9392	9049
9158	9490
9666	9613
9637	10006
10698	11463
12007	12133
11771	11022
10303	10024
10087	10114
10002	9920
9879	9587
8787	7606
6454	5638
5210	5049
5024	5037
5051	5056
5055	5053
5065	5111
5225	5433
5736	6073
6454	7160
8563	10316
11207	10513
9004	8849
8575	8224
7898	7679
7629	7818
8278	8829
9121	9033
8865	9040
9830	11151
12508	13332
13519	13401
13134	12529
11490	10264
9164	8353
7899	7793
7943	8270
8746	9310
9752	9768
9268	8536
7979	7777
7843	8023
8243	8568
9070	9717
10386	10967
11405	11637
11509	10983
10377	10101
10243	10595
10920	11006
10704	10110
9594	9498
9838	10240
10292	10008
9802	9974
10473	11035
11405	11466
11203	10697
10268	10220
10400	10388
10129	9904
9809	9597
9006	8059
7021	6141
5538	5212
5081	5053
5057	5062
5060	5053
5044	5050
5086	5186
5391	5726
6286	7332
9088	11019
11847	10978
9062	8764
8334	7918
7631	7508
7559	7820
8279	8769
9048	9100
9233	9786
10807	12012
12926	13299
13358	13436
13455	13048
12130	10949
9769	8777
8152	7961
8122	8495
8978	9452
9723	9584
9051	8428
8036	7962
8063	8203
8383	8760
9425	10291
11161	11809
12034	11754
11094	10393
10036	10162
10562	10938
11139	11127
10884	10529
10323	10508
11013	11398
11234	10642
10161	10129
10424	10741
10891	10879
10721	10414
10160	10247
10560	10650
10383	10029
9769	9489
9034	8382
7595	6768
6031	5500
5208	5096
5074	5073
5071	5056
5034	5015
5016	5059
5194	5508
6186	7517
9585	11687
12500	11502
9150	8739
8204	7773
7536	7487
7596	7857
8243	8635
8919	9168
9661	10587
11763	12745
13161	13108
13077	13365
13647	13429
12623	11480
10226	9096
8372	8185
8435	8885
9313	9567
9561	9273
8786	8333
8121	8144
8255	8364
8564	9048
9881	10879
11744	12188
12026	11302
10390	9788
9754	10139
10590	10876
10987	11030
11079	11141
11303	11701
12274	12570
12177	11301
10575	10338
10428	10523
10518	10499
10463	10288
10086	10184
10601	10893
10783	10416
9996	9565
9118	8668
8138	7445
6641	5916
5425	5183
5104	5092
5084	5068
5037	5011
5003	5026
5128	5433
6190	7722
10012	12234
13063	12023
9320	8839
8247	7810
7607	7596
7726	7971
8306	8687
9093	9582
10318	11330
12330	12872
12808	12491
12500	13002
13522	13507
12845	11753
10473	9318
8630	8561
8958	9490
9827	9825
9541	9121
8690	8369
8263	8344
8483	8644
8962	9606
10530	11438
11979	11952
11358	10442
9637	9337
9576	10047
10413	10575
10648	10841
11237	11712
12158	12665
13238	13459
12943	11922
11017	10564
10440	10382
10319	10350
10419	10319
10092	10107
10555	11074
11245	11008
10522	9920
9361	8959
8601	8068
7284	6423
5737	5336
5169	5124
5117	5100
5073	5050
5040	5066
5178	5517
6368	8036
10419	12656
13470	12420
9453	8976
8396	7981
7801	7809
7962	8224
8579	9058
9666	10365
11125	11855
12322	12303
11898	11552
11727	12427
13147	13336
12850	11866
10672	9643
9123	9229
9770	10361
10630	10448
9969	9451
9030	8736
8620	8679
8848	9129
9631	10409
11266	11832
11829	11273
10416	9597
9142	9202
9640	10155
10491	10596
10616	10842
11398	12078
12654	13202
13765	13996
13539	12570
11593	10943
10612	10438
10341	10377
10487	10422
10145	10037
10435	11124
11607	11597
11131	10396
9695	9254
8996	8607
7893	6975
6136	5580
5307	5207
5183	5173
5152	5132
5126	5174
5348	5807
6806	8563
10898	12988
13673	12544
9362	8972
8503	8174
8052	8118
8341	8669
9092	9674
10417	11175
11758	12031
11925	11481
10960	10742
11094	11904
12717	13059
12777	12023
11089	10319
10006	10250
10869	11496
11759	11504
10913	10318
9869	9537
9327	9276
9413	9791
10433	11237
11880	11994
11481	10591
9718	9182
9113	9449
10023	10655
11123	11246
11122	11144
11566	12212
12806	13340
13856	14113
13831	13100
12240	11528
11067	10784
10581	10511
10553	10478
10172	9958
10262	11019
11716	11914
11518	10751
10007	9579
9405	9131
8491	7558
6634	5948
5546	5366
5308	5289
5270	5248
5258	5373
5704	6403
7609	9380
11495	13252
13649	12332
9060	8815
8528	8355
8354	8544
8895	9332
9841	10460
11157	11747
12016	11903
11490	10932
10468	10379
10806	11593
12376	12826
12813	12433
11880	11378
11172	11426
12061	12751
13072	12809
12137	11468
11021	10712
10434	10223
10228	10579
11222	11901
12243	11990
11204	10253
9541	9323
9556	10032
10666	11451
12128	12297
11968	11645
11751	12227
12775	13222
13569	13746
13640	13254
12712	12140
11663	11271
10921	10679
10583	10459
10156	9914
10146	10879
11642	11930
11592	10885
10249	9971
9943	9775
9175	8237
7261	6475
5939	5638
5515	5473
5449	5434
5485	5742
6360	7421
8859	10533
12228	13450
13421	11875
8767	8683
8608	8629
8814	9193
9697	10242
10805	11383
11872	12106
12013	11696
11289	10856
10503	10456
10824	11468
12156	12710
13032	13085
12875	12492
12204	12335
12964	13769
14222	14009
13281	12560
12184	12025
11798	11465
11283	11480
11951	12360
12394	11939
11130	10294
9800	9857
10280	10765
11348	12209
13043	13289
12858	12270
12062	12333
12765	13050
13161	13209
13224	13171
13002	12672
12231	11763
11316	10959
10749	10565
10294	10109
10363	11054
11740	11950
11571	10921
10471	10450
10660	10625
10040	9064
8054	7210
6570	6157
5960	5891
5857	5846
5976	6458
7463	8938
10561	12017
13130	13665
13129	11394
8711	8776
8911	9161
9593	10201
10847	11415
11925	12357
12540	12364
11962	11605
11378	11139
10877	10790
11014	11454
12015	12668
13301	13690
13647	13191
12697	12664
13287	14226
14863	14767
14045	13305
13033	13093
13035	12703
12389	12395
12608	12706
12491	11968
11250	10563
10254	10495
10998	11380
11794	12586
13494	13907
13610	12993
12586	12622
12868	12990
12995	13059
13212	13393
13485	13349
12957	12456
11996	11645
11409	11204
10966	10896
11249	11918
12442	12425
11881	11204
10877	11095
11565	11685
11113	10094
9082	8268
7630	7193
6989	6933
6896	6888
7098	7814
9172	10935
12595	13746
14277	14152
13127	11223
9012	9207
9545	10050
10764	11596
12301	12766
13062	13206
13027	12510
11946	11674
11654	11584
11375	11215
11241	11452
11890	12617
13449	13992
13936	13347
12687	12530
13103	14096
14884	14943
14301	13574
13354	13581
13731	13542
13237	13127
13158	13055
12703	12172
11533	10939
10724	11032
11481	11683
11868	12470
13358	13984
14023	13608
13159	13001
13060	13146
13302	13614
13988	14316
14540	14514
14176	13698
13289	13019
12846	12661
12455	12473
12917	13560
13901	13642
12909	12152
11843	12161
12775	13016
12495	11501
10560	9876
9384	9084
9002	9026
9019	9007
9249	10069
11529	13264
14722	15546
15673	15117
13735	11623
9659	9968
10511	11275
12220	13143
13753	13972
13950	13736
13223	12507
11956	11847
12002	12059
11893	11645
11468	11476
11835	12603
13510	14050
13924	13287
12630	12425
12861	13733
14519	14681
14141	13452
13244	13542
13869	13860
13639	13528
13556	13461
13124	12609
11982	11398
11180	11419
11722	11732
11704	12079
12840	13582
13934	13831
13527	13338
13356	13581
14073	14748
15365	15812
16094	16139
15885	15489
15160	14991
14911	14786
14624	14683
15116	15658
15837	15446
14670	13918
13600	13870
14447	14717
14304	13462
12691	12196
11921	11845
11947	12095
12141	12138
12351	13067
14286	15637
16684	17196
17129	16414
14836	12492
10499	10927
11656	12592
13581	14359
14702	14635
14339	13866
13160	12402
11966	12025
12323	12492
12378	12068
11739	11624
11944	12709
13583	14070
13956	13474
13010	12835
13069	13645
14213	14301
13798	13182
13011	13344
13730	13767
13564	13540
13774	13913
13709	13196
12513	11879
11599	11721
11875	11761
11605	11779
12324	12981
13457	13627
13617	13622
13789	14242
15017	15927
16688	17205
17520	17616
17467	17181
16946	16861
16879	16854
16778	16855
17185	17538
17577	17200
16580	16008
15749	15918
16338	16568
16317	15744
15223	14926
14833	14907
15107	15304
15384	15402
15561	16048
16827	17637
18218	18455
18292	17548
15890	13400
11294	11804
12619	13540
14335	14779
14795	14518
14142	13644
12950	12255
11932	12101
12503	12779
12742	12440
12082	11935
12206	12880
13658	14141
14211	14068
13914	13802
13808	13984
14143	13958
13401	12879
12803	13147
13436	13316
13033	13172
13777	14278
14229	13665
12853	12152
11861	11948
12030	11881
11696	11737
12048	12496
12937	13297
13608	13900
14258	14812
15604	16469
17191	17693
18008	18138
18078	17905
17750	17728
17825	17927
17981	18086
18284	18444
18389	18113
17757	17461
17346	17460
17721	17906
17835	17582
17353	17250
17264	17367
17524	17658
17720	17756
17864	18118
18475	18815
19025	19053
18807	18049
16398	13934
11800	12304
13035	13741
14213	14310
14055	13695
13432	13131
12611	12041
11796	12016
12477	12836
12893	12681
12392	12253
12426	12930
13587	14162
14550	14816
14935	14823
14567	14312
13991	13458
12791	12350
12368	12669
12765	12426
12111	12499
13511	14326
14343	13646
12683	11963
11774	11954
12067	11939
11761	11738
11898	12204
12623	13134
13670	14127
14499	14893
15402	15979
16509	16927
17224	17388
17410	17320
17213	17216
17369	17574
17743	17878
17992	18028
17942	17799
17692	17648
17679	17801
17982	18151
18247	18285
18332	18415
18515	18607
18679	18722
18734	18745
18770	18797
18814	18819
18797	18682
18366	17605
16074	13867
11924	12335
12849	13245
13416	13276
12859	12487
12404	12390
12121	11707
11542	11785
12250	12639
12788	12712
12527	12369
12400	12701
13256	13955
14669	15248
15480	15240
14689	14045
13334	12506
11724	11298
11336	11552
11497	11106
10954	11658
12950	13868
13804	12956
11902	11243
11218	11532
11717	11640
11484	11451
11598	11944
12473	13132
13758	14173
14326	14356
14439	14654
14962	15283
15564	15783
15895	15873
15784	15771
15926	16172
16370	16494
16563	16563
16515	16502
16570	16682
16823	16985
17160	17338
17547	17798
18059	18284
18442	18531
18566	18558
18517	18434
18278	18028
17737	17500
17333	17139
16774	16051
14773	13089
11745	12053
12336	12451
12424	12185
11706	11342
11399	11612
11569	11323
11251	11497
11909	12276
12506	12573
12469	12254
12136	12280
12759	13545
14463	15177
15361	14927
14104	13184
12223	11216
10335	9851
9831	9963
9880	9644
9816	10819
12210	13030
12809	11851
10808	10244
10330	10722
10977	10967
10852	10839
11070	11589
12331	13129
13754	13996
13841	13495
13217	13170
13323	13566
13837	14105
14309	14348
14253	14211
14340	14549
14686	14738
14765	14778
14796	14891
15059	15241
15437	15653
15841	16025
16287	16655
17035	17318
17486	17567
17602	17577
17468	17236
16837	16288
15720	15297
15038	14803
14411	13754
12803	11819
11500	11745
11882	11825
11706	11449
10971	10619
10741	11073
11171	11055
11050	11281
11622	11954
12239	12415
12351	12083
11867	11930
12370	13184
14166	14895
14989	14398
13412	12342
11265	10178
9231	8675
8582	8663
8620	8581
9038	10226
11611	12288
11931	10940
9947	9454
9567	9968
10266	10322
10246	10259
10577	11268
12185	13081
13679	13773
13396	12813
12348	12177
12254	12456
12710	13013
13271	13349
13253	13184
13284	13443
13492	13458
13444	13477
13550	13706
13921	14117
14335	14584
14785	14958
15226	15637
16056	16346
16487	16549
16582	16551
16387	16028
15445	14681
13929	13393
13088	12833
12434	11796
10892	9799
