3868	3709
3532	3488
3692	4104
4508	4705
4709	4651
4553	4306
3858	3332
2892	2592
2471	2619
3084	3693
4059	3907
3354	2797
2500	2503
2813	3421
4159	4804
5253	5506
5567	5461
5263	5035
4789	4553
4400	4403
4542	4707
4803	4798
4717	4628
4587	4600
4615	4552
4380	4169
3746	3610
3446	3381
3527	3876
4247	4454
4478	4416
4295	4042
3655	3250
2940	2747
2699	2892
3344	3862
4101	3860
3289	2753
2463	2426
2641	3131
3787	4422
4923	5257
5392	5346
5211	5057
4889	4706
4571	4567
4690	4847
4948	4952
4882	4802
4762	4773
4782	4696
4464	4150
3690	3599
3482	3427
3520	3765
4047	4225
4271	4230
4115	3906
3631	3382
3216	3131
3155	3361
3726	4051
4095	3776
3277	2867
2661	2610
2705	3000
3474	4017
4532	4940
5169	5223
5181	5108
5010	4881
4785	4798
4917	5058
5139	5134
5069	4996
4951	4949
4944	4835
4557	4164
3680	3654
3632	3648
3728	3869
4018	4124
4169	4157
4089	3965
3826	3725
3675	3663
3723	3886
4088	4159
3998	3667
3347	3174
3127	3100
3067	3122
3353	3763
4274	4749
5072	5222
5255	5214
5102	4955
4873	4934
5108	5276
5354	5341
5280	5212
5165	5149
5119	4984
4653	4171
3622	3671
3767	3893
4005	4067
4090	4112
4137	4147
4129	4092
4066	4068
4084	4107
4159	4241
4266	4123
3827	3549
3456	3553
3695	3714
3576	3415
3431	3740
4280	4845
5255	5468
5520	5417
5167	4871
4727	4857
5180	5491
5648	5661
5614	5562
5526	5501
5449	5265
4839	4210
3530	3627
3804	4009
4144	4146
4078	4042
4060	4090
4113	4137
4177	4228
4270	4293
4314	4323
4245	4008
3690	3509
3615	3940
4249	4326
4133	3835
3706	3958
4561	5247
5758	6015
6042	5817
5339	4790
4510	4710
5258	5807
6117	6201
6184	6156
6137	6117
6046	5800
5233	4385
3495	3592
3769	3969
4070	4015
3894	3846
3890	3964
4037	4113
4192	4272
4328	4350
4353	4339
4259	4059
3810	3734
3981	4447
4853	4971
4780	4430
4206	4391
5032	5837
6461	6773
6778	6447
5774	4995
4571	4813
5553	6316
6764	6908
6916	6904
6897	6882
6798	6494
5782	4704
3544	3606
3726	3856
3892	3793
3658	3628
3728	3882
4035	4177
4312	4439
4534	4586
4610	4628
4613	4502
4346	4349
4659	5153
5547	5662
5503	5177
4893	4974
5562	6404
7095	7443
7451	7108
6402	5561
5083	5322
6106	6911
7376	7516
7518	7496
7483	7462
7371	7032
6223	4985
3500	3533
3595	3656
3645	3539
3421	3423
3578	3814
4057	4281
4491	4685
4845	4964
5059	5155
5223	5200
5118	5157
5448	5862
6156	6232
6130	5890
5619	5602
6047	6773
7401	7723
7749	7498
6955	6283
5887	6086
6734	7376
7720	7798
7769	7728
7695	7661
7558	7197
6324	4969
3123	3144
3179	3209
3192	3121
3052	3088
3271	3547
3844	4127
4396	4649
4876	5080
5277	5470
5622	5679
5668	5734
5968	6265
6459	6513
6482	6369
6194	6149
6421	6918
7366	7604
7651	7543
7262	6885
6660	6799
7210	7602
7789	7808
7762	7710
7663	7613
7487	7085
6122	4616
2512	2537
2575	2611
2627	2618
2621	2699
2887	3157
3454	3749
4033	4308
4577	4851
5132	5403
5616	5741
5805	5908
6103	6324
6478	6551
6591	6591
6540	6530
6678	6950
7200	7339
7395	7403
7344	7221
7142	7221
7428	7625
7718	7720
7680	7623
7566	7501
7351	6903
5849	4212
2192	2233
2300	2373
2442	2505
2583	2710
2904	3151
3416	3683
3948	4214
4486	4779
5086	5374
5601	5753
5864	5992
6165	6353
6504	6603
6674	6727
6754	6783
6864	6988
7094	7154
7198	7249
7285	7277
7258	7294
7392	7502
7571	7582
7543	7476
7406	7334
7183	6739
5708	4122
2605	2675
2786	2914
3040	3163
3297	3458
3653	3865
4075	4283
4501	4728
4964	5213
5473	5720
5921	6064
6170	6272
6397	6535
6659	6751
6814	6862
6899	6929
6965	7006
7036	7053
7075	7109
7132	7121
7100	7112
7177	7265
7335	7356
7317	7237
7159	7096
6979	6620
5777	4498
3694	3789
3941	4111
4271	4418
4566	4724
4883	5020
5126	5233
5358	5500
5642	5791
5957	6140
6310	6431
6494	6516
6535	6579
6647	6715
6768	6804
6827	6830
6822	6814
6820	6847
6882	6899
6876	6825
6790	6801
6855	6930
7005	7050
7039	6978
6912	6865
6796	6564
5998	5163
4939	5046
5210	5388
5547	5678
5802	5918
6004	6025
5988	5947
5943	5958
5965	5983
6050	6182
6339	6449
6460	6381
6275	6212
6223	6289
6366	6426
6453	6440
6400	6370
6395	6476
6567	6598
6552	6482
6451	6472
6517	6575
6659	6752
6807	6798
6752	6712
6669	6529
6185	5730
5792	5893
6052	6218
6357	6461
6551	6623
6640	6559
6399	6237
6122	6026
5921	5837
5836	5944
6107	6217
6192	6039
5844	5709
5691	5769
5887	5989
6040	6028
5974	5944
5999	6136
6282	6340
6295	6226
6210	6245
6285	6330
6422	6563
6681	6721
6687	6636
6589	6455
5997	5051
