22796	22836
22901	22977
23058	23120
23134	23046
22800	22407
21957	21553
21239	20980
20710	20403
20104	19902
19839	19895
19994	20054
20053	20018
19991	19987
20005	20040
20084	20119
20129	20112
20090	20086
20109	20147
20188	20220
20243	20262
20290	20339
20412	20480
20526	20545
20558	20591
20643	20705
20759	20806
20848	20878
20892	20890
20880	20885
20907	20944
20983	21020
21045	21050
21042	21036
21031	21026
21021	21005
20979	20943
20904	20871
20853	20853
20862	20871
20878	20900
20955	21045
21162	21277
21354	21381
21360	21320
21292	21313
21386	21492
21603	21701
21774	21819
21846	21889
21953	22038
22126	22195
22230	22232
22206	22171
22133	22097
22062	22042
22041	22048
22049	22034
21995	21947
21888	21813
21734	21651
21584	21535
21499	21451
21389	21324
21260	21205
21158	21119
21073	21018
20961	20909
20868	20824
20787	20753
20733	20729
20735	20734
20715	20670
20600	20516
20417	20315
20209	20115
20030	19964
19915	19885
19875	19871
19874	19883
19909	19953
20000	20034
20046	20045
20035	20015
19981	19928
19864	19801
19759	19744
19768	19817
19876	19930
19977	20008
20022	20004
19958	19895
19830	19788
19761	19725
19660	19557
19410	19235
19042	18845
18669	18528
18413	18304
18193	18076
17957	17841
17732	17638
17550	17464
17431	17644
18537	20316
22779	22821
22890	22974
23068	23142
23168	23094
22864	22477
22024	21608
21282	21012
20733	20421
20121	19902
19815	19845
19925	19984
19985	19956
19929	19926
19945	19980
20025	20067
20093	20098
20095	20102
20130	20170
20210	20245
20270	20290
20320	20372
20441	20505
20546	20561
20566	20586
20624	20672
20721	20769
20812	20841
20857	20854
20845	20847
20872	20908
20949	20988
21022	21041
21050	21054
21054	21052
21045	21027
20992	20943
20891	20860
20855	20876
20907	20933
20959	20986
21043	21135
21252	21366
21442	21471
21465	21442
21431	21454
21515	21602
21696	21783
21855	21913
21958	22000
22044	22092
22141	22171
22176	22150
22109	22070
22042	22025
22016	22017
22030	22048
22049	22026
21974	21901
21811	21720
21640	21578
21540	21516
21492	21450
21389	21324
21260	21205
21158	21119
21073	21018
20961	20909
20868	20824
20787	20753
20733	20729
20734	20734
20714	20667
20596	20513
20423	20334
20245	20165
20102	20059
20036	20027
20025	20027
20027	20035
20059	20094
20135	20168
20188	20198
20195	20182
20155	20110
20058	20008
19983	19989
20031	20093
20145	20174
20189	20213
20237	20251
20233	20192
20134	20074
20021	19965
19888	19780
19636	19462
19274	19090
18919	18776
18653	18530
18407	18280
18145	18004
17869	17756
17659	17573
17537	17744
18615	20349
22746	22794
22875	22973
23080	23174
23219	23162
22942	22566
22110	21691
21348	21067
20786	20483
20177	19935
19810	19798
19852	19899
19906	19882
19864	19861
19880	19916
19962	20012
20053	20082
20107	20131
20166	20206
20248	20283
20309	20331
20363	20414
20481	20542
20581	20588
20589	20591
20612	20646
20690	20736
20778	20808
20821	20818
20813	20815
20837	20874
20916	20960
21003	21036
21065	21082
21090	21090
21083	21061
21015	20949
20884	20855
20868	20913
20967	21019
21055	21095
21153	21244
21360	21469
21543	21579
21586	21587
21593	21623
21675	21745
21819	21892
21964	22036
22100	22142
22163	22171
22174	22164
22129	22067
22001	21958
21944	21947
21963	21988
22018	22045
22052	22020
21948	21849
21733	21622
21542	21503
21497	21499
21488	21448
21389	21324
21260	21205
21158	21119
21073	21018
20961	20909
20868	20825
20787	20753
20733	20729
20734	20734
20708	20659
20585	20510
20435	20366
20299	20239
20203	20194
20207	20223
20232	20235
20236	20242
20256	20282
20312	20345
20371	20395
20409	20417
20404	20378
20341	20310
20305	20335
20400	20475
20524	20535
20528	20537
20564	20593
20596	20566
20510	20435
20363	20293
20206	20095
19949	19779
19596	19413
19243	19095
18963	18831
18695	18555
18403	18235
18073	17937
17826	17739
17702	17904
18738	20404
22707	22763
22855	22976
23103	23213
23269	23221
23010	22641
22193	21777
21440	21162
20892	20599
20294	20021
19842	19780
19799	19836
19850	19836
19821	19826
19846	19883
19930	19979
20031	20080
20125	20166
20207	20250
20294	20329
20358	20379
20411	20463
20529	20590
20624	20631
20621	20615
20624	20652
20692	20738
20781	20809
20822	20816
20811	20812
20836	20875
20918	20964
21009	21054
21091	21115
21128	21131
21121	21098
21047	20973
20904	20877
20903	20963
21035	21093
21143	21184
21243	21328
21441	21543
21619	21658
21674	21693
21723	21760
21812	21872
21936	22002
22081	22166
22241	22281
22282	22260
22229	22182
22118	22033
21949	21898
21886	21904
21933	21969
22010	22044
22050	22015
21934	21817
21683	21565
21484	21456
21471	21487
21481	21447
21389	21324
21260	21205
21158	21119
21073	21019
20962	20909
20868	20825
20788	20753
20733	20729
20733	20731
20703	20649
20577	20507
20448	20399
20355	20321
20315	20343
20383	20418
20436	20442
20445	20446
20450	20464
20486	20516
20550	20593
20633	20662
20675	20671
20658	20649
20657	20703
20780	20862
20919	20927
20910	20907
20920	20934
20925	20882
20817	20744
20670	20597
20514	20397
20250	20078
19894	19705
19527	19379
19244	19111
18978	18832
18671	18486
18300	18148
18035	17943
17908	18094
18884	20465
22658	22724
22837	22980
23129	23253
23314	23262
23048	22684
22254	21857
21543	21291
21048	20776
20470	20166
19934	19815
19798	19822
19842	19840
19837	19843
19866	19899
19943	19992
20047	20103
20154	20207
20250	20296
20339	20377
20403	20422
20456	20509
20577	20636
20671	20676
20670	20668
20679	20705
20748	20794
20838	20867
20879	20871
20861	20868
20893	20932
20978	21020
21060	21101
21135	21159
21171	21172
21162	21140
21093	21023
20955	20932
20961	21020
21088	21147
21190	21228
21282	21365
21469	21570
21641	21680
21706	21735
21778	21825
21883	21948
22020	22094
22177	22271
22347	22386
22382	22347
22300	22239
22166	22070
21978	21920
21903	21912
21938	21970
22006	22038
22046	22013
21935	21822
21695	21579
21499	21470
21478	21489
21484	21449
21391	21325
21264	21208
21161	21123
21076	21023
20966	20914
20873	20832
20791	20756
20736	20732
20734	20728
20699	20641
20569	20507
20462	20434
20415	20406
20424	20471
20529	20573
20595	20604
20605	20602
20600	20604
20615	20642
20689	20747
20807	20865
20905	20932
20945	20953
20972	21022
21094	21176
21228	21235
21211	21189
21175	21151
21103	21034
20959	20887
20826	20765
20686	20570
20424	20245
20052	19858
19680	19531
19412	19297
19180	19054
18897	18710
18520	18361
18241	18150
18110	18286
19035	20527
22618	22693
22825	22988
23153	23282
23342	23276
23056	22697
22289	21930
21655	21447
21240	20993
20685	20352
20069	19901
19848	19862
19885	19896
19902	19915
19936	19970
20007	20048
20094	20144
20196	20244
20290	20333
20376	20413
20441	20464
20498	20553
20622	20684
20724	20732
20734	20742
20769	20807
20857	20904
20945	20972
20978	20971
20964	20972
21003	21048
21093	21133
21164	21188
21210	21222
21224	21224
21215	21193
21153	21092
21037	21018
21035	21081
21134	21177
21209	21240
21287	21368
21463	21556
21622	21664
21694	21726
21772	21828
21895	21977
22064	22153
22243	22331
22408	22446
22445	22420
22378	22325
22253	22162
22075	22011
21981	21971
21973	21982
22003	22025
22034	22007
21945	21854
21750	21648
21569	21527
21511	21507
21489	21450
21393	21327
21267	21214
21170	21135
21089	21035
20978	20929
20886	20845
20802	20768
20746	20738
20738	20730
20695	20635
20565	20508
20479	20470
20474	20489
20523	20577
20635	20676
20698	20703
20705	20702
20694	20683
20686	20710
20760	20831
20909	20981
21044	21093
21126	21153
21176	21216
21278	21343
21382	21376
21333	21282
21232	21175
21099	21009
20925	20858
20803	20748
20669	20554
20408	20228
20032	19837
19664	19533
19437	19356
19267	19166
19036	18868
18690	18535
18413	18317
18277	18439
19150	20575
22592	22676
22820	23002
23177	23308
23354	23277
23053	22703
22324	22003
21775	21607
21443	21220
20909	20547
20227	20020
19940	19939
19968	19995
20014	20031
20050	20078
20106	20139
20174	20211
20256	20301
20342	20384
20426	20464
20493	20524
20562	20615
20682	20746
20789	20810
20824	20848
20889	20943
20995	21039
21076	21092
21095	21089
21088	21108
21147	21199
21249	21289
21313	21324
21324	21319
21312	21301
21288	21265
21228	21179
21135	21114
21129	21160
21196	21225
21245	21269
21312	21380
21465	21547
21613	21656
21686	21717
21760	21817
21891	21985
22086	22184
22275	22358
22424	22466
22479	22471
22450	22413
22357	22280
22201	22132
22082	22047
22016	21999
21996	22003
22003	21984
21939	21874
21797	21717
21647	21591
21553	21526
21496	21452
21396	21335
21280	21235
21199	21165
21124	21071
21017	20966
20922	20880
20833	20795
20769	20757
20748	20737
20698	20632
20560	20510
20495	20507
20535	20572
20614	20659
20704	20731
20746	20751
20750	20746
20732	20712
20701	20719
20769	20843
20927	21004
21071	21124
21164	21196
21219	21257
21307	21360
21382	21355
21290	21207
21128	21054
20973	20889
20805	20732
20665	20595
20507	20386
20238	20061
19875	19695
19540	19432
19359	19301
19240	19165
19060	18919
18762	18616
18495	18397
18352	18512
19207	20595
22583	22678
22839	23031
23212	23339
23378	23287
23062	22735
22384	22093
21897	21769
21642	21437
21119	20737
20395	20166
20066	20054
20083	20127
20162	20181
20200	20218
20241	20261
20289	20320
20358	20397
20436	20478
20517	20557
20595	20630
20673	20722
20785	20847
20895	20923
20946	20980
21027	21086
21137	21178
21199	21203
21197	21195
21206	21239
21289	21350
21410	21460
21484	21488
21474	21455
21436	21414
21391	21363
21327	21284
21251	21237
21247	21272
21304	21330
21349	21366
21402	21459
21524	21594
21654	21698
21729	21758
21797	21852
21927	22019
22122	22212
22294	22363
22422	22466
22498	22515
22514	22494
22452	22389
22312	22240
22175	22115
22055	22008
21980	21972
21965	21941
21908	21861
21806	21742
21681	21624
21581	21544
21507	21460
21406	21350
21304	21267
21239	21214
21179	21128
21074	21024
20981	20935
20885	20840
20804	20784
20766	20742
20696	20628
20556	20516
20518	20555
20609	20657
20701	20728
20748	20758
20762	20763
20761	20751
20732	20705
20685	20694
20738	20803
20880	20952
21011	21061
21095	21128
21163	21206
21261	21308
21324	21287
21198	21086
20982	20902
20842	20779
20702	20613
20516	20409
20295	20160
20006	19838
19668	19515
19390	19299
19233	19179
19122	19055
18964	18844
18706	18571
18452	18351
18308	18474
19177	20581
22606	22712
22887	23093
23281	23408
23439	23341
23118	22803
22474	22207
22030	21931
21829	21636
21314	20916
20562	20330
20219	20197
20233	20288
20335	20356
20371	20382
20396	20412
20437	20474
20519	20563
20604	20645
20686	20727
20764	20805
20841	20883
20936	20987
21033	21066
21092	21124
21168	21219
21266	21299
21309	21299
21283	21282
21306	21352
21412	21486
21559	21616
21650	21653
21639	21611
21583	21552
21520	21487
21450	21418
21392	21386
21402	21431
21465	21492
21512	21532
21556	21594
21646	21701
21754	21794
21827	21860
21897	21947
22015	22097
22183	22258
22323	22377
22425	22471
22514	22552
22568	22563
22529	22471
22397	22320
22247	22169
22089	22020
21971	21945
21927	21903
21869	21830
21785	21731
21679	21634
21596	21560
21522	21476
21422	21373
21334	21307
21290	21264
21232	21185
21132	21085
21039	20995
20943	20889
20844	20812
20786	20754
20699	20627
20560	20528
20545	20596
20666	20729
20765	20774
20768	20757
20749	20747
20744	20735
20713	20685
20660	20662
20695	20748
20808	20869
20918	20959
20998	21038
21090	21152
21219	21277
21297	21259
21158	21016
20888	20807
20765	20724
20653	20543
20408	20267
20121	19964
19802	19638
19488	19367
19269	19187
19112	19035
18957	18871
18778	18660
18536	18408
18287	18186
18150	18332
19069	20523
22643	22761
22960	23189
23390	23526
23550	23441
23209	22900
22587	22332
22173	22095
22011	21825
21496	21090
20739	20511
20402	20377
20418	20482
20532	20557
20568	20574
20583	20602
20630	20677
20732	20785
20830	20875
20916	20957
20993	21025
21051	21080
21114	21154
21192	21222
21243	21261
21288	21326
21373	21400
21399	21375
21351	21352
21384	21440
21515	21598
21681	21748
21790	21802
21790	21764
21730	21692
21657	21621
21587	21565
21552	21558
21575	21605
21638	21667
21689	21703
21722	21752
21793	21838
21887	21924
21958	21988
22023	22067
22126	22196
22262	22320
22363	22403
22440	22484
22537	22585
22614	22613
22586	22531
22461	22384
22303	22219
22129	22047
21986	21943
21912	21884
21851	21813
21765	21715
21668	21632
21608	21578
21544	21498
21448	21400
21364	21339
21316	21292
21259	21212
21162	21117
21074	21028
20979	20924
20872	20835
20799	20760
20706	20635
20573	20550
20572	20630
20703	20766
20794	20785
20755	20727
20712	20705
20701	20693
20676	20650
20631	20629
20651	20691
20739	20783
20827	20867
20905	20954
21017	21093
21173	21243
21278	21251
21147	20990
20843	20751
20717	20686
20610	20482
20322	20152
19985	19816
19651	19495
19367	19272
19195	19117
19021	18907
18791	18676
18560	18440
18311	18179
18059	17958
17931	18133
18917	20450
22687	22820
23042	23293
23515	23660
23679	23554
23305	22992
22689	22449
22312	22247
22179	22000
21665	21258
20910	20696
20603	20587
20631	20697
20749	20773
20781	20788
20798	20814
20846	20896
20962	21020
21069	21110
21154	21192
21226	21251
21268	21280
21297	21322
21345	21363
21374	21381
21396	21427
21464	21489
21484	21455
21428	21427
21465	21529
21611	21703
21788	21859
21909	21928
21925	21903
21870	21833
21796	21760
21731	21716
21714	21721
21734	21756
21781	21806
21821	21837
21854	21882
21920	21965
22011	22047
22073	22095
22121	22157
22207	22263
22320	22361
22398	22425
22458	22501
22559	22612
22644	22649
22628	22580
22516	22439
22358	22270
22179	22092
22024	21972
21933	21900
21865	21822
21775	21723
21676	21649
21629	21608
21577	21534
21481	21435
21391	21354
21321	21287
21251	21204
21156	21110
21071	21033
20991	20939
20886	20844
20808	20768
20718	20655
20601	20581
20603	20653
20716	20764
20775	20748
20703	20666
20644	20635
20632	20628
20617	20599
20585	20583
20600	20626
20657	20689
20718	20749
20785	20834
20897	20974
21062	21140
21187	21174
21072	20910
20754	20659
20623	20588
20505	20363
20191	20017
19855	19698
19548	19416
19314	19239
19170	19084
18965	18820
18668	18523
18390	18258
18120	17984
17857	17758
17739	17960
18786	20388
22733	22877
23109	23373
23608	23755
23769	23626
23360	23046
22751	22532
22414	22368
22310	22134
21801	21395
21062	20865
20790	20791
20843	20912
20959	20981
20987	20995
21004	21019
21047	21096
21155	21209
21258	21299
21342	21382
21415	21438
21448	21452
21454	21460
21466	21471
21474	21476
21490	21523
21563	21587
21581	21548
21520	21520
21558	21627
21709	21801
21889	21966
22019	22055
22058	22042
22012	21977
21939	21903
21879	21868
21865	21866
21871	21879
21889	21903
21909	21921
21937	21963
22000	22049
22095	22133
22153	22163
22175	22202
22242	22287
22336	22370
22401	22428
22462	22511
22574	22630
22662	22670
22653	22617
22561	22491
22412	22321
22234	22151
22078	22021
21976	21938
21901	21855
21806	21753
21707	21679
21664	21647
21617	21575
21525	21472
21418	21362
21307	21260
21214	21168
21120	21078
21045	21016
20981	20937
20890	20848
20811	20775
20732	20681
20636	20621
20632	20673
20713	20741
20734	20690
20629	20581
20556	20547
20544	20541
20535	20525
20513	20507
20512	20522
20533	20550
20565	20583
20611	20655
20715	20795
20881	20960
21005	20986
20883	20718
20562	20470
20439	20408
20321	20170
19996	19836
19699	19583
19480	19392
19316	19250
19177	19076
18941	18779
18611	18455
18312	18178
18040	17903
17773	17676
17655	17884
18731	20374
22769	22914
23142	23405
23632	23773
23776	23622
23351	23039
22762	22563
22465	22435
22386	22215
21883	21483
21162	20984
20928	20945
21008	21081
21129	21148
21157	21166
21177	21187
21210	21248
21300	21349
21392	21437
21479	21519
21553	21575
21582	21577
21566	21553
21542	21536
21532	21543
21567	21612
21659	21687
21680	21651
21621	21623
21659	21726
21811	21902
21993	22073
22139	22181
22196	22186
22162	22129
22096	22065
22040	22024
22015	22003
21993	21986
21980	21976
21974	21975
21986	22009
22045	22094
22146	22182
22200	22205
22209	22228
22263	22304
22344	22378
22405	22433
22470	22522
22584	22638
22669	22678
22664	22636
22588	22526
22450	22363
22277	22196
22122	22065
22020	21981
21944	21899
21846	21789
21746	21719
21703	21685
21657	21619
21569	21512
21445	21369
21292	21228
21174	21128
21078	21042
21014	20993
20972	20938
20892	20852
20817	20782
20746	20706
20674	20660
20667	20685
20706	20714
20687	20624
20553	20497
20467	20457
20455	20452
20442	20428
20409	20393
20381	20369
20362	20361
20365	20374
20395	20435
20498	20576
20660	20729
20759	20720
20599	20428
20282	20206
20195	20178
20097	19946
19776	19638
19540	19476
19427	19383
19334	19273
19190	19082
18944	18789
18633	18485
18356	18235
18109	17982
17856	17755
17735	17958
18796	20425
22785	22922
23141	23385
23593	23716
23707	23544
23275	22976
22719	22543
22466	22451
22404	22227
21896	21505
21193	21033
20996	21031
21104	21180
21226	21249
21265	21278
21290	21304
21323	21354
21402	21450
21497	21544
21587	21629
21657	21675
21674	21658
21635	21606
21582	21565
21565	21583
21627	21684
21738	21767
21765	21740
21716	21718
21756	21823
21905	21999
22095	22187
22264	22324
22352	22358
22345	22322
22295	22266
22240	22216
22187	22162
22134	22110
22091	22071
22058	22050
22055	22075
22108	22152
22201	22241
22265	22274
22285	22312
22349	22389
22423	22450
22470	22492
22518	22564
22619	22666
22691	22693
22674	22640
22596	22534
22463	22381
22295	22220
22151	22096
22054	22019
21979	21934
21881	21825
21783	21752
21732	21713
21685	21650
21606	21551
21479	21386
21288	21205
21145	21094
21048	21015
20994	20984
20974	20947
20909	20870
20835	20799
20768	20735
20708	20691
20691	20699
20706	20693
20654	20577
20494	20429
20397	20385
20379	20372
20354	20326
20290	20254
20219	20189
20165	20148
20143	20146
20162	20199
20261	20337
20413	20471
20478	20412
20275	20111
19983	19939
19955	19962
19895	19757
19599	19476
19406	19377
19365	19351
19319	19260
19176	19076
18959	18830
18703	18584
18483	18393
18298	18193
18074	17971
17940	18148
18951	20512
22752	22887
23102	23331
23518	23618
23587	23422
23157	22874
22639	22498
22447	22440
22388	22198
21857	21469
21170	21026
21002	21049
21122	21196
21245	21277
21307	21334
21356	21372
21396	21434
21487	21543
21596	21647
21692	21727
21743	21746
21735	21711
21680	21648
21619	21603
21602	21629
21678	21738
21792	21823
21829	21815
21801	21809
21846	21910
21996	22097
22208	22316
22417	22491
22550	22584
22600	22606
22600	22583
22551	22505
22456	22406
22365	22328
22291	22259
22242	22239
22250	22268
22304	22343
22388	22425
22454	22479
22504	22536
22576	22614
22637	22648
22647	22644
22650	22678
22714	22746
22754	22734
22694	22640
22578	22513
22441	22365
22285	22213
22151	22107
22072	22038
22002	21956
21906	21851
21803	21770
21743	21717
21692	21666
21636	21597
21526	21427
21316	21220
21148	21093
21052	21026
21015	21014
21008	20988
20953	20915
20875	20838
20804	20775
20742	20719
20710	20716
20717	20699
20642	20556
20465	20395
20359	20340
20327	20311
20281	20235
20174	20107
20052	20006
19970	19950
19940	19938
19946	19971
20019	20086
20150	20186
20169	20093
19966	19828
19737	19721
19756	19779
19736	19621
19478	19363
19300	19278
19277	19271
19241	19184
19109	19027
18941	18853
18772	18695
18632	18580
18521	18439
18336	18236
18200	18383
19127	20581
22646	22790
23011	23241
23416	23493
23448	23276
23020	22762
22564	22467
22447	22450
22375	22151
21793	21405
21117	20980
20972	21026
21094	21155
21201	21251
21303	21354
21392	21419
21448	21495
21558	21626
21689	21744
21787	21813
21818	21807
21784	21759
21732	21708
21686	21669
21671	21689
21727	21775
21821	21854
21870	21875
21877	21895
21928	21993
22084	22195
22326	22462
22591	22701
22801	22883
22949	23000
23030	23038
23012	22952
22881	22817
22764	22720
22676	22642
22630	22640
22666	22696
22731	22767
22803	22836
22865	22895
22930	22966
22999	23020
23015	22993
22956	22918
22893	22894
22909	22912
22888	22834
22753	22657
22561	22474
22397	22326
22258	22192
22143	22106
22079	22050
22015	21969
21918	21869
21825	21788
21756	21725
21702	21691
21684	21670
21622	21528
21411	21303
21223	21163
21123	21103
21099	21098
21092	21073
21039	21002
20960	20921
20884	20845
20803	20768
20751	20757
20765	20746
20682	20585
20487	20414
20370	20339
20317	20288
20246	20180
20091	20002
19919	19857
19821	19807
19807	19798
19784	19782
19809	19858
19900	19905
19867	19786
19690	19599
19547	19551
19589	19616
19589	19499
19379	19265
19192	19163
19157	19146
19104	19041
18967	18906
18856	18814
18778	18747
18724	18706
18678	18622
18538	18447
18410	18570
19245	20576
22449	22604
22841	23087
23264	23337
23291	23127
22898	22678
22532	22485
22503	22506
22398	22132
21743	21351
21069	20945
20945	20997
21055	21103
21147	21210
21288	21363
21420	21458
21494	21545
21613	21689
21761	21822
21863	21875
21869	21853
21831	21811
21795	21781
21770	21759
21755	21759
21773	21801
21835	21871
21902	21925
21943	21963
22000	22065
22159	22290
22443	22609
22770	22922
23064	23198
23316	23416
23488	23522
23513	23457
23380	23314
23264	23218
23175	23142
23137	23167
23214	23265
23311	23353
23394	23428
23465	23502
23538	23567
23582	23564
23516	23444
23357	23275
23216	23186
23171	23140
23076	22979
22852	22704
22565	22455
22375	22311
22250	22195
22156	22121
22096	22068
22034	21992
21947	21901
21863	21834
21808	21782
21766	21767
21791	21810
21788	21711
21599	21486
21396	21331
21294	21279
21272	21263
21245	21214
21179	21138
21097	21054
21012	20964
20911	20864
20842	20855
20874	20858
20783	20678
20574	20495
20441	20400
20368	20330
20275	20192
20081	19964
19856	19779
19743	19740
19745	19729
19692	19658
19657	19689
19704	19674
19605	19526
19456	19410
19388	19395
19423	19443
19425	19360
19258	19148
19063	19020
19010	18986
18933	18849
18771	18719
18692	18688
18688	18693
18697	18705
18696	18660
18596	18524
18494	18642
19255	20474
22163	22325
22574	22833
23029	23120
23099	22980
22804	22647
22561	22567
22615	22610
22459	22145
21724	21326
21053	20942
20947	20994
21035	21066
21109	21185
21280	21375
21445	21488
21526	21579
21650	21727
21804	21868
21906	21914
21903	21881
21863	21850
21843	21840
21837	21833
21824	21814
21812	21824
21852	21890
21927	21961
21990	22016
22053	22117
22218	22360
22532	22720
22910	23091
23264	23426
23572	23696
23784	23833
23830	23782
23711	23647
23604	23560
23519	23485
23486	23522
23591	23669
23745	23818
23887	23954
24012	24065
24110	24134
24122	24072
23983	23862
23732	23613
23524	23469
23424	23359
23262	23129
22962	22779
22610	22483
22398	22338
22287	22242
22204	22171
22141	22114
22081	22045
22004	21972
21954	21945
21937	21926
21919	21936
21977	22018
22021	21968
21869	21759
21665	21597
21561	21546
21527	21498
21453	21406
21367	21329
21287	21246
21198	21142
21078	21018
20992	21010
21039	21021
20941	20828
20716	20628
20569	20523
20484	20438
20377	20282
20159	20017
19888	19796
19752	19747
19747	19717
19649	19588
19565	19576
19576	19522
19424	19331
19271	19243
19240	19246
19261	19267
19255	19208
19121	19009
18913	18861
18839	18806
18736	18640
18552	18501
18485	18490
18506	18525
18542	18549
18543	18515
18471	18421
18413	18563
19139	20270
21817	21977
22228	22497
22717	22847
22884	22836
22741	22660
22639	22687
22744	22721
22533	22176
21729	21335
21079	20983
20989	21022
21045	21062
21101	21185
21293	21396
21474	21524
21559	21605
21669	21746
21820	21888
21927	21931
21915	21892
21878	21871
21871	21871
21872	21870
21862	21852
21844	21852
21879	21919
21962	22002
22035	22063
22100	22160
22263	22410
22595	22797
22995	23185
23358	23517
23653	23760
23832	23863
23844	23785
23705	23640
23597	23558
23516	23481
23474	23506
23577	23672
23781	23901
24015	24122
24219	24299
24360	24395
24383	24329
24233	24105
23968	23844
23739	23669
23604	23517
23393	23229
23041	22841
22663	22531
22444	22386
22341	22303
22269	22236
22208	22182
22159	22134
22107	22088
22087	22104
22118	22122
22124	22147
22196	22253
22279	22249
22171	22072
21979	21914
21880	21857
21831	21776
21706	21644
21597	21559
21518	21471
21419	21351
21271	21201
21174	21194
21221	21205
21120	20998
20878	20784
20722	20675
20634	20588
20523	20429
20298	20144
19998	19886
19829	19811
19793	19735
19638	19552
19514	19516
19506	19436
19320	19209
19140	19113
19105	19111
19119	19124
19114	19077
18996	18880
18769	18707
18671	18626
18541	18435
18342	18285
18261	18260
18271	18281
18284	18274
18249	18216
18185	18161
18174	18335
18898	19988
21460	21611
21853	22132
22381	22565
22675	22712
22707	22702
22731	22804
22853	22797
22570	22183
21734	21359
21133	21055
21060	21073
21071	21076
21120	21208
21322	21432
21510	21560
21593	21632
21684	21754
21829	21893
21933	21937
21919	21897
21885	21880
21881	21885
21888	21890
21883	21878
21874	21890
21919	21957
22001	22042
22078	22109
22145	22202
22306	22455
22642	22843
23042	23228
23385	23515
23616	23684
23715	23711
23666	23590
23505	23443
23398	23360
23318	23277
23256	23268
23324	23419
23541	23681
23824	23958
24076	24172
24250	24305
24326	24308
24253	24165
24060	23956
23870	23795
23718	23610
23464	23281
23080	22877
22704	22572
22487	22428
22385	22347
22318	22293
22275	22263
22254	22245
22238	22238
22250	22276
22297	22304
22312	22336
22390	22454
22495	22490
22436	22351
22267	22200
22165	22140
22106	22043
21962	21896
21848	21811
21769	21722
21657	21572
21472	21388
21355	21372
21402	21380
21291	21157
21032	20935
20870	20823
20782	20739
20681	20594
20468	20312
20150	20022
19944	19910
19871	19788
19668	19560
19511	19508
19493	19418
19288	19156
19066	19025
19013	19016
19019	19025
19024	18991
18910	18784
18663	18583
18530	18471
18376	18260
18162	18097
18062	18046
18042	18032
18005	17961
17905	17855
17824	17811
17838	18010
18578	19668
21147	21284
21515	21798
22078	22318
22495	22617
22688	22744
22811	22881
22902	22802
22538	22143
21716	21382
21196	21139
21138	21134
21109	21101
21149	21247
21366	21478
21557	21604
21631	21663
21706	21766
21838	21903
21940	21944
21924	21903
21890	21884
21886	21891
21895	21898
21898	21899
21908	21929
21963	22003
22049	22091
22128	22159
22195	22256
22352	22499
22685	22887
23081	23250
23388	23493
23567	23602
23609	23584
23533	23463
23399	23352
23320	23285
23244	23200
23171	23170
23210	23288
23399	23529
23663	23784
23888	23979
24054	24122
24176	24204
24199	24163
24099	24024
23953	23878
23788	23662
23499	23303
23099	22905
22739	22621
22536	22479
22433	22394
22369	22354
22345	22345
22352	22363
22376	22388
22403	22413
22417	22414
22414	22440
22490	22558
22616	22630
22597	22529
22450	22388
22352	22329
22301	22251
22191	22137
22095	22059
22014	21963
21891	21790
21672	21572
21531	21548
21575	21550
21456	21319
21184	21084
21018	20973
20936	20896
20844	20765
20649	20489
20319	20171
20077	20025
19971	19873
19741	19625
19566	19559
19541	19462
19326	19178
19068	19010
18987	18985
18986	18993
18991	18959
18875	18745
18609	18511
18443	18367
18262	18140
18033	17960
17913	17879
17851	17821
17772	17696
17613	17542
17500	17481
17505	17674
18258	19376
20916	21039
21257	21538
21840	22126
22363	22545
22674	22766
22847	22906
22886	22735
22443	22060
21682	21403
21258	21221
21218	21194
21154	21144
21196	21301
21425	21533
21614	21661
21687	21709
21744	21795
21859	21919
21953	21954
21934	21915
21903	21899
21901	21907
21912	21916
21920	21925
21942	21969
22009	22055
22103	22147
22184	22216
22255	22311
22406	22549
22729	22926
23110	23270
23397	23498
23573	23616
23629	23619
23589	23557
23529	23507
23490	23470
23435	23399
23374	23378
23418	23484
23574	23670
23768	23854
23923	23983
24038	24099
24158	24202
24217	24197
24142	24078
24005	23924
23822	23681
23501	23303
23107	22932
22794	22696
22627	22572
22525	22482
22456	22437
22426	22428
22440	22464
22490	22509
22514	22493
22461	22431
22421	22445
22493	22558
22620	22650
22635	22583
22514	22452
22416	22399
22388	22367
22342	22314
22286	22254
22214	22165
22090	21988
21867	21766
21723	21738
21761	21737
21642	21501
21364	21265
21204	21164
21129	21085
21030	20950
20826	20664
20489	20335
20228	20160
20093	19992
19860	19740
19677	19662
19641	19563
19419	19260
19135	19061
19029	19019
19019	19016
19009	18972
18884	18748
18607	18497
18415	18326
18210	18080
17964	17880
17822	17776
17731	17684
17619	17532
17438	17356
17298	17262
17269	17432
18023	19172
20781	20887
21084	21358
21673	21986
22264	22484
22642	22754
22840	22876
22814	22624
22317	21964
21643	21423
21320	21296
21292	21262
21221	21215
21275	21380
21501	21610
21692	21745
21776	21797
21825	21872
21927	21976
22004	21996
21973	21954
21947	21945
21950	21954
21959	21963
21965	21968
21982	22016
22064	22120
22175	22221
22261	22291
22325	22381
22471	22606
22777	22965
23145	23300
23428	23545
23646	23726
23780	23806
23810	23797
23782	23773
23769	23759
23740	23720
23716	23740
23793	23858
23923	23979
24032	24078
24112	24142
24174	24215
24256	24280
24271	24232
24166	24088
24009	23923
23813	23663
23479	23286
23113	22976
22877	22810
22759	22716
22664	22616
22581	22552
22524	22505
22503	22523
22557	22578
22562	22507
22436	22385
22370	22387
22430	22485
22539	22571
22561	22520
22462	22414
22379	22362
22360	22371
22384	22390
22377	22350
22316	22273
22215	22130
22027	21945
21915	21935
21958	21934
21840	21707
21578	21487
21436	21401
21367	21322
21251	21149
21011	20848
20677	20525
20413	20330
20252	20150
20020	19897
19826	19805
19783	19705
19564	19396
19253	19162
19119	19101
19099	19087
19061	19009
18914	18782
18642	18528
18435	18332
18206	18065
17942	17851
17785	17729
17675	17616
17548	17464
17372	17291
17222	17171
17157	17307
17899	19069
20708	20798
20970	21226
21537	21860
22153	22385
22560	22686
22772	22787
22697	22482
22179	21864
21601	21438
21369	21357
21358	21336
21309	21319
21384	21489
21607	21716
21804	21870
21912	21943
21979	22021
22070	22104
22114	22092
22061	22041
22035	22039
22042	22051
22055	22057
22053	22045
22053	22089
22152	22223
22288	22341
22375	22401
22430	22475
22555	22680
22835	23010
23181	23331
23467	23594
23717	23830
23920	23977
23993	23970
23936	23914
23907	23911
23909	23908
23924	23974
24039	24100
24142	24168
24187	24204
24221	24241
24264	24292
24312	24309
24276	24213
24134	24056
23986	23901
23792	23641
23467	23291
23147	23044
22984	22948
22923	22885
22835	22780
22730	22688
22636	22580
22546	22549
22580	22597
22568	22487
22395	22333
22316	22328
22356	22393
22424	22438
22427	22389
22347	22311
22284	22262
22254	22271
22309	22337
22339	22321
22295	22262
22221	22160
22093	22049
22045	22075
22101	22081
22002	21887
21780	21710
21670	21643
21607	21546
21460	21336
21191	21037
20891	20759
20645	20547
20452	20345
20216	20088
20009	19979
19960	19894
19759	19577
19406	19284
19220	19202
19195	19173
19126	19052
18951	18826
18697	18583
18481	18371
18240	18098
17964	17867
17791	17728
17667	17603
17533	17452
17367	17292
17224	17168
17145	17286
17869	19031
20648	20723
20870	21106
21401	21716
22008	22243
22422	22556
22637	22636
22518	22290
22009	21741
21542	21428
21390	21398
21409	21410
21407	21433
21505	21604
21718	21833
21938	22028
22098	22157
22212	22263
22305	22319
22307	22261
22215	22183
22174	22176
22181	22182
22185	22184
22173	22162
22169	22214
22292	22379
22453	22501
22532	22546
22566	22597
22662	22764
22899	23050
23202	23338
23461	23576
23690	23794
23886	23941
23946	23903
23841	23798
23790	23795
23800	23808
23834	23886
23951	24003
24038	24057
24070	24088
24112	24145
24188	24225
24247	24243
24208	24149
24083	24026
23974	23905
23802	23662
23503	23350
23229	23149
23111	23094
23084	23057
23010	22950
22893	22838
22763	22669
22594	22572
22592	22607
22571	22485
22393	22332
22308	22306
22310	22318
22326	22324
22301	22261
22225	22201
22182	22151
22125	22131
22167	22199
22207	22191
22170	22145
22115	22076
22040	22033
22061	22107
22141	22133
22079	21996
21918	21866
21838	21808
21762	21684
21580	21456
21328	21209
21103	20993
20882	20770
20661	20548
20416	20287
20197	20166
20162	20114
19985	19790
19582	19415
19321	19290
19283	19259
19198	19102
18994	18877
18760	18651
18548	18441
18315	18176
18043	17934
17854	17779
17707	17634
17553	17471
17387	17317
17256	17199
17182	17319
17884	19010
20571	20642
20784	21002
21274	21570
21847	22078
22257	22388
22453	22423
22285	22054
21796	21574
21432	21369
21367	21396
21433	21462
21486	21528
21603	21705
21823	21954
22085	22206
22317	22413
22498	22564
22601	22601
22558	22494
22427	22380
22355	22346
22341	22339
22336	22327
22314	22306
22322	22378
22469	22565
22635	22678
22695	22703
22711	22727
22769	22843
22951	23073
23192	23295
23386	23463
23536	23600
23654	23682
23674	23622
23559	23514
23499	23495
23493	23491
23506	23542
23590	23637
23672	23707
23740	23782
23835	23902
23975	24042
24091	24118
24111	24083
24053	24028
24001	23951
23859	23734
23591	23459
23352	23280
23244	23235
23235	23214
23168	23104
23044	22984
22894	22775
22669	22619
22625	22634
22602	22533
22457	22398
22364	22339
22318	22303
22292	22279
22247	22195
22153	22133
22114	22072
22026	22012
22032	22052
22053	22035
22011	21986
21958	21923
21908	21925
21975	22034
22076	22079
22044	21987
21936	21901
21875	21837
21774	21681
21579	21478
21393	21323
21250	21166
21056	20931
20806	20682
20547	20413
20323	20300
20310	20286
20171	19972
19734	19522
19387	19337
19337	19323
19263	19165
19049	18939
18837	18741
18643	18545
18435	18308
18184	18073
17977	17889
17798	17705
17610	17514
17431	17358
17298	17253
17236	17372
17913	18990
20509	20590
20740	20949
21203	21466
21717	21936
22107	22220
22255	22194
22031	21804
21570	21396
21298	21278
21306	21364
21425	21486
21540	21602
21686	21796
21930	22080
22237	22390
22532	22659
22770	22851
22884	22874
22822	22744
22667	22604
22568	22543
22529	22513
22497	22479
22460	22455
22483	22547
22640	22725
22784	22813
22824	22830
22835	22840
22861	22912
22991	23084
23169	23232
23276	23308
23332	23353
23368	23371
23354	23318
23277	23247
23229	23214
23191	23170
23161	23167
23191	23226
23271	23326
23387	23454
23534	23625
23722	23819
23907	23975
24013	24025
24030	24037
24040	24006
23930	23818
23692	23577
23481	23409
23371	23359
23358	23342
23300	23236
23172	23108
23013	22881
22754	22684
22671	22675
22656	22614
22562	22509
22460	22414
22379	22359
22348	22333
22285	22209
22141	22108
22084	22043
21989	21957
21956	21960
21946	21916
21882	21849
21815	21785
21775	21802
21858	21913
21945	21941
21904	21856
21815	21791
21770	21729
21659	21570
21481	21416
21372	21340
21297	21222
21113	20978
20843	20705
20556	20413
20319	20298
20317	20303
20207	20022
19784	19550
19386	19319
19319	19325
19286	19195
19088	18985
18900	18821
18743	18657
18565	18461
18349	18240
18131	18019
17910	17797
17683	17575
17480	17408
17351	17304
17289	17420
17945	18989
20516	20608
20770	20978
21211	21442
21658	21853
22007	22097
22097	22009
21836	21621
21422	21286
21228	21236
21284	21358
21437	21514
21592	21679
21782	21907
22055	22220
22391	22555
22712	22857
22978	23065
23106	23104
23059	22988
22911	22847
22801	22763
22730	22696
22661	22628
22604	22598
22629	22693
22776	22847
22886	22898
22900	22904
22910	22914
22926	22964
23026	23102
23161	23191
23197	23195
23196	23195
23195	23189
23178	23160
23142	23126
23112	23087
23052	23012
22976	22950
22943	22960
23002	23067
23142	23223
23309	23394
23494	23605
23720	23821
23896	23942
23976	24008
24029	24015
23956	23865
23758	23657
23568	23502
23463	23452
23447	23431
23386	23321
23257	23193
23096	22953
22808	22719
22691	22687
22681	22666
22640	22601
22549	22504
22482	22484
22489	22471
22397	22281
22171	22109
22076	22042
21995	21957
21937	21920
21893	21849
21800	21757
21723	21698
21697	21723
21765	21795
21790	21755
21696	21634
21590	21574
21562	21535
21479	21405
21333	21287
21265	21246
21211	21140
21030	20893
20753	20602
20441	20282
20173	20138
20147	20133
20050	19893
19679	19454
19284	19211
19213	19233
19210	19135
19039	18950
18878	18821
18765	18704
18627	18541
18442	18337
18222	18100
17976	17853
17732	17615
17513	17435
17376	17327
17315	17446
17972	19015
20582	20688
20862	21072
21286	21482
21661	21831
21967	22036
22017	21917
21752	21569
21415	21321
21297	21324
21380	21453
21529	21608
21697	21799
21920	22056
22205	22370
22538	22700
22850	22990
23108	23202
23266	23288
23273	23228
23166	23106
23052	23003
22955	22901
22846	22796
22758	22749
22773	22831
22896	22944
22963	22959
22948	22945
22954	22959
22975	23017
23084	23158
23207	23221
23206	23193
23193	23200
23204	23202
23192	23175
23156	23144
23131	23111
23079	23032
22978	22918
22877	22870
22900	22960
23030	23097
23163	23227
23309	23411
23532	23648
23742	23806
23859	23913
23956	23963
23925	23853
23766	23683
23605	23543
23509	23493
23485	23464
23417	23355
23290	23224
23120	22967
22808	22703
22656	22646
22643	22645
22644	22619
22585	22571
22596	22649
22686	22663
22551	22378
22213	22116
22074	22047
22010	21969
21937	21906
21858	21799
21736	21678
21638	21623
21633	21658
21679	21673
21631	21559
21470	21388
21336	21320
21323	21310
21268	21208
21145	21098
21065	21039
20998	20925
20820	20688
20544	20392
20223	20055
19931	19879
19865	19838
19759	19621
19437	19235
19079	19012
19016	19032
19006	18934
18845	18769
18718	18681
18646	18602
18542	18464
18367	18265
18155	18040
17922	17809
17693	17584
17485	17413
17352	17306
17294	17431
17975	19045
20678	20791
20971	21178
21375	21542
21691	21838
21967	22028
22008	21918
21789	21654
21556	21518
21531	21573
21625	21684
21740	21804
21885	21989
22113	22246
22387	22540
22696	22844
22978	23102
23215	23322
23418	23486
23518	23508
23467	23415
23357	23296
23230	23160
23093	23030
22984	22956
22963	22995
23033	23061
23063	23037
23016	23005
23011	23026
23062	23124
23209	23289
23336	23342
23327	23321
23336	23360
23374	23373
23348	23305
23264	23243
23238	23233
23215	23174
23109	23026
22946	22908
22910	22944
22995	23041
23081	23124
23184	23274
23386	23500
23593	23660
23724	23791
23847	23877
23859	23811
23741	23670
23600	23547
23514	23495
23479	23449
23398	23336
23273	23206
23095	22933
22760	22640
22584	22562
22559	22567
22571	22561
22553	22584
22669	22779
22855	22826
22675	22453
22247	22121
22071	22047
22009	21961
21912	21858
21793	21718
21637	21567
21521	21508
21518	21539
21544	21513
21451	21361
21258	21169
21111	21091
21092	21080
21044	20983
20913	20848
20794	20749
20698	20622
20517	20390
20253	20106
19942	19776
19649	19579
19552	19516
19428	19294
19121	18945
18814	18763
18760	18753
18703	18614
18522	18457
18417	18395
18374	18343
18287	18207
18112	18016
17923	17832
17738	17647
17558	17468
17387	17324
17274	17235
17230	17377
17944	19067
20787	20898
21071	21265
21450	21603
21737	21867
21984	22050
22046	21988
21904	21831
21794	21813
21865	21925
21976	22021
22061	22103
22166	22252
22361	22479
22608	22755
22910	23046
23166	23275
23392	23515
23653	23782
23869	23899
23877	23831
23775	23713
23642	23572
23501	23436
23375	23321
23290	23281
23282	23280
23261	23230
23197	23182
23188	23222
23285	23371
23468	23544
23582	23581
23572	23596
23643	23691
23712	23694
23636	23551
23476	23441
23439	23448
23441	23404
23330	23224
23116	23036
23002	23006
23028	23048
23068	23095
23148	23228
23326	23425
23512	23582
23642	23708
23763	23793
23790	23754
23698	23634
23575	23532
23502	23482
23455	23416
23358	23293
23231	23158
23043	22873
22696	22569
22503	22480
22470	22469
22465	22459
22464	22524
22646	22789
22883	22858
22701	22474
22260	22125
22066	22029
21981	21911
21831	21754
21676	21592
21503	21421
21364	21339
21340	21347
21342	21313
21250	21164
21073	20990
20935	20910
20894	20865
20810	20734
20648	20565
20493	20429
20364	20282
20177	20059
19930	19793
19636	19482
19360	19288
19253	19206
19113	18970
18803	18650
18549	18508
18493	18462
18380	18272
18170	18103
18066	18050
18031	18002
17944	17861
17767	17683
17614	17549
17490	17427
17362	17298
17240	17193
17153	17122
17130	17294
17901	19090
20943	21040
21191	21362
21530	21677
21801	21915
22021	22088
22108	22087
22053	22031
22051	22112
22199	22280
22338	22380
22411	22442
22488	22558
22649	22750
22880	23040
23205	23347
23455	23551
23663	23812
24004	24204
24352	24413
24405	24369
24328	24285
24238	24186
24129	24077
24012	23934
23857	23794
23748	23710
23674	23633
23600	23584
23596	23647
23729	23827
23912	23966
23980	23975
23991	24052
24141	24215
24236	24190
24084	23950
23838	23781
23775	23784
23775	23730
23646	23522
23384	23264
23181	23149
23139	23139
23139	23155
23198	23261
23340	23427
23507	23579
23643	23694
23733	23750
23746	23714
23661	23599
23548	23521
23509	23485
23440	23383
23320	23257
23191	23109
22984	22823
22660	22543
22483	22458
22445	22427
22400	22372
22364	22408
22509	22637
22728	22722
22606	22425
22247	22121
22054	22000
21927	21824
21712	21617
21535	21457
21369	21282
21213	21169
21151	21143
21128	21099
21047	20980
20905	20837
20783	20749
20713	20661
20584	20492
20394	20295
20211	20136
20060	19972
19868	19756
19637	19506
19363	19222
19102	19023
18970	18905
18808	18670
18519	18395
18318	18285
18261	18209
18113	17996
17891	17816
17777	17754
17732	17694
17635	17546
17456	17386
17344	17309
17274	17232
17180	17126
17079	17041
17014	16996
17013	17202
17866	19160
21212	21283
21389	21516
21653	21787
21898	21995
22086	22156
22190	22202
22209	22231
22281	22367
22467	22554
22621	22675
22720	22761
22813	22876
22948	23046
23182	23363
23548	23690
23785	23862
23977	24150
24393	24652
24850	24942
24950	24932
24923	24920
24910	24891
24867	24835
24780	24690
24575	24461
24368	24289
24227	24178
24148	24135
24154	24211
24300	24393
24464	24495
24501	24512
24568	24674
24799	24886
24894	24810
24660	24483
24338	24253
24227	24213
24189	24136
24045	23916
23750	23587
23462	23392
23357	23327
23299	23290
23305	23341
23394	23461
23539	23621
23694	23745
23773	23780
23768	23727
23660	23589
23541	23526
23524	23498
23438	23362
23291	23225
23160	23070
22950	22816
22696	22612
22569	22549
22531	22494
22440	22373
22325	22316
22352	22424
22487	22502
22453	22345
22221	22114
22033	21956
21857	21732
21602	21499
21425	21362
21283	21200
21119	21056
21011	20982
20956	20921
20877	20817
20759	20701
20650	20607
20554	20485
20396	20298
20199	20099
20001	19910
19825	19731
19630	19524
19413	19286
19151	19018
18902	18802
18718	18627
18522	18405
18293	18202
18144	18106
18076	18022
17935	17829
17730	17654
17604	17569
17538	17494
17428	17338
17253	17198
17177	17164
17143	17105
17052	16994
16942	16905
16884	16874
16908	17131
17878	19321
21642	21683
21736	21800
21886	21989
22071	22142
22215	22281
22329	22366
22403	22451
22515	22598
22685	22764
22835	22906
22981	23056
23131	23196
23265	23355
23499	23690
23875	24003
24070	24125
24231	24415
24669	24949
25176	25299
25336	25342
25361	25386
25400	25404
25399	25381
25330	25229
25088	24937
24804	24697
24615	24561
24532	24526
24550	24609
24698	24799
24876	24926
24967	25028
25134	25276
25411	25489
25479	25374
25203	25013
24856	24754
24700	24658
24616	24554
24461	24327
24155	23965
23811	23714
23657	23611
23557	23510
23487	23484
23502	23546
23614	23702
23780	23842
23873	23875
23850	23790
23704	23611
23548	23534
23533	23502
23430	23341
23263	23202
23140	23060
22964	22882
22825	22792
22776	22755
22722	22666
22582	22481
22384	22312
22278	22280
22306	22331
22331	22280
22196	22096
22001	21905
21795	21664
21540	21448
21391	21341
21277	21195
21102	21020
20947	20894
20852	20812
20767	20718
20664	20614
20566	20510
20449	20369
20279	20183
20082	19976
19867	19768
19672	19575
19476	19376
19264	19139
19002	18873
18748	18627
18508	18400
18301	18211
18133	18073
18029	17993
17960	17906
17838	17749
17656	17579
17519	17473
17434	17386
17316	17224
17143	17099
17093	17093
17076	17037
16975	16905
16845	16803
16781	16779
16826	17090
17942	19579
22211	22229
22242	22258
22304	22367
22413	22445
22485	22537
22598	22659
22727	22799
22868	22925
22978	23028
23091	23175
23279	23382
23475	23551
23620	23712
23862	24047
24216	24308
24338	24374
24467	24627
24834	25067
25285	25433
25493	25507
25515	25526
25526	25513
25488	25447
25375	25255
25096	24933
24787	24674
24595	24548
24524	24518
24537	24593
24691	24812
24937	25046
25155	25270
25411	25560
25694	25767
25757	25665
25523	25374
25253	25165
25104	25045
24978	24900
24801	24661
24485	24289
24130	24032
23978	23927
23862	23794
23740	23703
23691	23702
23750	23821
23897	23957
23987	23984
23942	23864
23752	23636
23555	23529
23524	23488
23406	23309
23231	23174
23124	23068
23017	22993
23002	23020
23021	23001
22950	22870
22764	22633
22497	22376
22286	22240
22236	22253
22264	22235
22166	22066
21962	21859
21751	21635
21531	21463
21421	21383
21328	21249
21150	21048
20958	20888
20836	20789
20746	20698
20646	20591
20532	20471
20402	20317
20223	20127
20024	19912
19795	19684
19583	19486
19391	19292
19182	19053
18916	18778
18650	18517
18382	18265
18173	18101
18050	18010
17972	17935
17897	17853
17789	17707
17618	17539
17472	17420
17374	17324
17255	17163
17084	17045
17047	17055
17040	16993
16924	16847
16780	16736
16716	16718
16776	17079
18050	19905
22835	22852
22864	22880
22926	22984
23005	22986
22978	23010
23078	23176
23289	23390
23462	23492
23500	23518
23563	23637
23726	23818
23902	23979
24058	24172
24335	24527
24677	24737
24726	24729
24797	24921
25056	25203
25364	25496
25545	25527
25481	25431
25375	25306
25227	25138
25026	24882
24719	24567
24442	24353
24299	24275
24262	24250
24250	24295
24397	24545
24712	24873
25019	25160
25304	25448
25577	25665
25690	25656
25587	25519
25473	25442
25403	25343
25253	25140
25010	24859
24683	24496
24344	24253
24207	24167
24112	24049
23994	23940
23900	23883
23896	23940
23994	24042
24061	24054
24002	23909
23785	23651
23553	23514
23498	23460
23374	23274
23193	23140
23102	23067
23049	23068
23111	23158
23172	23148
23086	22994
22871	22725
22572	22425
22306	22236
22210	22211
22210	22180
22115	22025
21927	21834
21741	21648
21567	21517
21489	21459
21410	21332
21232	21126
21028	20947
20886	20841
20793	20748
20688	20620
20542	20466
20386	20298
20204	20104
19999	19877
19752	19635
19530	19430
19335	19240
19134	19015
18883	18752
18622	18487
18355	18235
18139	18069
18020	17978
17941	17902
17861	17816
17752	17671
17582	17496
17427	17371
17323	17272
17206	17118
17042	17007
17012	17023
17009	16962
16886	16808
16738	16694
16674	16678
16744	17082
18164	20232
23449	23483
23520	23573
23661	23747
23761	23704
23644	23652
23739	23886
24053	24201
24288	24308
24291	24289
24320	24362
24397	24421
24452	24514
24611	24760
24956	25159
25299	25320
25255	25196
25219	25305
25389	25459
25544	25611
25606	25516
25402	25295
25189	25069
24942	24814
24681	24540
24398	24275
24185	24132
24114	24116
24111	24083
24064	24094
24201	24358
24533	24695
24834	24951
25070	25195
25319	25425
25492	25525
25538	25555
25585	25611
25604	25545
25434	25288
25127	24961
24784	24600
24451	24365
24319	24287
24243	24202
24160	24109
24047	24001
23980	23987
24012	24040
24052	24039
23993	23905
23780	23646
23544	23495
23473	23425
23336	23235
23151	23098
23060	23028
23013	23026
23067	23108
23119	23096
23039	22949
22831	22689
22537	22393
22278	22202
22162	22143
22126	22095
22040	21970
21900	21836
21767	21694
21629	21589
21564	21536
21487	21410
21311	21208
21110	21027
20964	20915
20870	20818
20748	20662
20564	20473
20383	20292
20194	20096
19986	19856
19725	19604
19497	19395
19301	19211
19118	19014
18897	18778
18652	18524
18394	18272
18165	18075
17995	17931
17883	17840
17797	17748
17689	17613
17528	17449
17381	17324
17278	17228
17163	17081
17009	16976
16983	16991
16977	16934
16859	16779
16710	16666
16646	16649
16723	17091
18283	20552
24053	24091
24140	24218
24335	24453
24482	24412
24321	24306
24403	24584
24804	25000
25119	25151
25147	25173
25220	25240
25200	25131
25093	25128
25241	25410
25620	25814
25921	25884
25732	25579
25528	25576
25635	25664
25691	25698
25635	25511
25375	25264
25158	25041
24915	24795
24682	24572
24464	24368
24299	24265
24264	24275
24270	24232
24201	24231
24342	24500
24656	24783
24878	24954
25040	25137
25241	25339
25418	25480
25536	25593
25654	25696
25692	25627
25510	25352
25184	25012
24836	24653
24501	24408
24362	24332
24302	24276
24245	24190
24117	24047
24002	23978
23971	23976
23980	23971
23935	23862
23751	23629
23531	23477
23445	23389
23299	23199
23117	23057
23010	22961
22915	22888
22885	22893
22895	22876
22835	22766
22670	22551
22418	22294
22195	22128
22081	22049
22019	21991
21959	21922
21889	21858
21818	21759
21695	21649
21620	21587
21536	21458
21363	21262
21165	21085
21022	20974
20923	20865
20786	20686
20575	20473
20383	20292
20197	20099
19989	19860
19724	19598
19486	19386
19292	19204
19118	19027
18922	18814
18695	18572
18447	18321
18193	18063
17945	17851
17783	17729
17685	17636
17585	17523
17458	17397
17336	17285
17238	17194
17133	17056
16989	16959
16964	16972
16960	16917
16849	16766
16696	16648
16624	16623
16700	17102
18399	20877
24618	24640
24664	24716
24826	24960
25029	24992
24905	24873
24946	25128
25365	25582
25716	25765
25802	25889
25986	26004
25902	25754
25657	25668
25768	25919
26081	26206
26233	26119
25889	25649
25526	25531
25572	25589
25601	25605
25562	25483
25416	25376
25335	25274
25197	25126
25057	24978
24887	24787
24705	24657
24642	24647
24631	24586
24556	24595
24716	24867
24996	25074
25124	25168
25222	25290
25360	25426
25489	25541
25585	25628
25666	25674
25644	25569
25459	25325
25173	25008
24829	24647
24508	24424
24386	24366
24348	24325
24284	24218
24137	24068
24017	23974
23936	23916
23911	23905
23879	23814
23721	23614
23519	23460
23413	23348
23262	23167
23087	23025
22962	22888
22805	22732
22683	22655
22638	22623
22599	22557
22491	22397
22290	22193
22110	22056
22011	21969
21935	21909
21899	21893
21890	21887
21864	21810
21741	21680
21634	21590
21535	21459
21367	21272
21183	21109
21049	21000
20947	20884
20801	20690
20572	20469
20383	20294
20210	20119
20021	19901
19768	19639
19524	19421
19331	19240
19145	19046
18940	18833
18720	18603
18480	18355
18209	18049
17895	17770
17684	17620
17567	17521
17474	17429
17387	17345
17298	17258
17220	17181
17129	17060
17001	16972
16974	16978
16967	16931
16864	16781
16704	16645
16615	16608
16684	17108
18500	21155
25003	25010
25010	25026
25107	25262
25398	25447
25412	25381
25434	25590
25805	25995
26097	26120
26160	26272
26390	26390
26234	26022
25882	25861
25920	25995
26054	26065
25995	25825
25575	25328
25186	25161
25185	25206
25238	25291
25332	25376
25449	25536
25595	25609
25594	25571
25539	25469
25358	25227
25105	25022
24979	24964
24933	24878
24841	24880
24994	25128
25224	25263
25278	25301
25344	25394
25443	25485
25525	25557
25579	25588
25576	25544
25482	25398
25302	25197
25072	24918
24744	24581
24465	24405
24388	24386
24378	24352
24294	24209
24133	24092
24065	24016
23949	23897
23877	23869
23844	23783
23697	23599
23512	23440
23376	23305
23225	23144
23068	23003
22935	22844
22744	22647
22573	22519
22489	22469
22453	22429
22381	22314
22232	22150
22086	22034
21990	21945
21909	21887
21884	21894
21905	21911
21891	21835
21754	21676
21609	21550
21485	21410
21330	21254
21185	21126
21073	21023
20974	20908
20818	20704
20580	20475
20393	20316
20242	20167
20085	19982
19859	19731
19614	19513
19418	19317
19202	19078
18956	18840
18730	18616
18500	18378
18233	18068
17902	17762
17664	17594
17532	17473
17423	17380
17344	17309
17276	17244
17218	17191
17151	17097
17050	17022
17019	17022
17013	16979
16920	16833
16748	16681
16637	16619
16686	17118
18544	21282
25058	25078
25093	25111
25196	25387
25616	25785
25859	25892
25969	26117
26292	26414
26427	26353
26293	26311
26347	26276
26054	25784
25590	25509
25485	25457
25407	25325
25204	25045
24859	24686
24586	24558
24570	24600
24656	24754
24887	25068
25290	25506
25663	25749
25786	25801
25787	25710
25571	25405
25248	25135
25069	25025
24969	24881
24807	24814
24898	25000
25068	25086
25094	25119
25172	25232
25287	25335
25383	25420
25445	25444
25413	25358
25277	25187
25096	25000
24884	24742
24592	24460
24378	24341
24338	24346
24341	24306
24232	24143
24086	24087
24095	24055
23967	23892
23853	23836
23804	23747
23668	23585
23503	23424
23349	23274
23205	23136
23076	23014
22942	22857
22764	22674
22599	22540
22500	22470
22445	22417
22373	22317
22249	22182
22124	22073
22032	21988
21954	21931
21924	21929
21938	21939
21917	21851
21759	21663
21580	21504
21431	21362
21298	21248
21207	21167
21124	21078
21029	20963
20871	20748
20621	20515
20434	20367
20301	20239
20172	20085
19976	19848
19729	19630
19534	19421
19275	19122
18979	18854
18743	18637
18529	18418
18290	18138
17985	17856
17756	17679
17604	17531
17463	17398
17343	17300
17267	17245
17228	17212
17186	17151
17111	17089
17084	17081
17074	17048
16994	16913
16823	16750
16697	16669
16729	17141
18534	21215
24812	24865
24925	24985
25106	25342
25655	25949
26168	26326
26484	26652
26788	26826
26726	26521
26292	26109
25959	25757
25461	25133
24871	24703
24580	24463
24347	24242
24152	24071
23988	23914
23861	23838
23837	23857
23917	24031
24220	24490
24815	25122
25355	25501
25589	25641
25644	25570
25426	25253
25095	24972
24887	24819
24721	24580
24448	24399
24438	24511
24562	24585
24604	24655
24740	24828
24914	24994
25073	25144
25197	25229
25224	25179
25091	24982
24871	24764
24644	24514
24385	24283
24226	24208
24210	24213
24198	24151
24062	23976
23946	23987
24032	24008
23919	23832
23781	23757
23727	23677
23617	23554
23488	23411
23337	23266
23211	23160
23114	23062
23008	22942
22872	22809
22746	22693
22647	22604
22558	22506
22448	22384
22323	22263
22208	22163
22125	22090
22056	22031
22015	22004
21997	21986
21955	21887
21790	21688
21594	21506
21430	21362
21312	21286
21265	21245
21213	21169
21119	21055
20963	20841
20710	20599
20518	20452
20389	20329
20266	20188
20081	19954
19830	19732
19633	19508
19342	19171
19018	18894
18785	18683
18584	18482
18371	18247
18120	18005
17910	17825
17744	17658
17566	17472
17390	17327
17290	17261
17248	17236
17221	17196
17169	17150
17143	17140
17134	17111
17066	16991
16909	16838
16786	16760
16816	17204
18526	21065
24476	24543
24625	24723
24881	25149
25516	25905
26242	26521
26752	26940
27051	27041
26897	26618
26262	25892
25554	25218
24846	24456
24122	23870
23664	23488
23350	23274
23252	23264
23265	23242
23206	23172
23152	23152
23196	23299
23489	23773
24115	24449
24722	24923
25066	25159
25190	25142
25025	24885
24751	24639
24550	24458
24327	24147
23973	23881
23884	23934
23980	24017
24059	24138
24243	24358
24471	24585
24699	24803
24898	24968
25002	24971
24881	24760
24632	24507
24384	24257
24147	24073
24033	24020
24016	24013
23983	23916
23821	23742
23737	23804
23868	23859
23790	23709
23661	23636
23614	23584
23548	23513
23467	23405
23340	23286
23244	23211
23182	23153
23117	23078
23036	22991
22942	22891
22844	22791
22730	22657
22582	22515
22456	22401
22350	22308
22271	22238
22207	22174
22144	22113
22088	22061
22020	21953
21863	21762
21666	21577
21498	21432
21388	21371
21366	21357
21327	21284
21232	21169
21082	20963
20837	20725
20641	20567
20499	20431
20361	20277
20164	20031
19905	19805
19705	19570
19400	19222
19073	18954
18854	18754
18655	18560
18462	18357
18251	18149
18057	17971
17885	17791
17689	17574
17466	17386
17332	17300
17275	17255
17242	17225
17207	17193
17184	17180
17175	17160
17123	17064
16998	16940
16901	16890
16952	17331
18583	20985
24260	24304
24372	24464
24629	24904
25281	25705
26097	26421
26667	26852
26968	26995
26912	26695
26345	25926
25508	25093
24643	24181
23766	23433
23155	22925
22767	22715
22746	22799
22821	22797
22748	22699
22662	22653
22680	22758
22911	23138
23419	23709
23980	24218
24411	24542
24599	24587
24523	24436
24345	24257
24170	24065
23929	23757
23598	23505
23491	23526
23576	23626
23689	23774
23877	23990
24111	24240
24369	24488
24593	24672
24707	24678
24597	24480
24357	24236
24123	24015
23926	23869
23842	23833
23827	23812
23773	23700
23607	23547
23561	23630
23692	23694
23642	23585
23551	23535
23525	23508
23492	23471
23442	23397
23349	23311
23290	23279
23273	23267
23256	23240
23218	23192
23152	23106
23056	23004
22937	22864
22789	22722
22663	22606
22552	22501
22460	22421
22384	22344
22298	22248
22201	22160
22111	22045
21963	21871
21781	21693
21612	21544
21501	21486
21487	21482
21456	21416
21363	21301
21220	21113
20992	20878
20784	20698
20616	20537
20450	20352
20227	20085
19957	19855
19754	19621
19453	19279
19139	19031
18939	18842
18747	18649
18554	18459
18360	18264
18171	18082
17994	17899
17794	17677
17558	17462
17396	17345
17307	17277
17255	17244
17234	17226
17221	17217
17214	17204
17177	17135
17088	17053
17039	17046
17123	17505
18726	21043
24246	24259
24289	24358
24502	24753
25102	25509
25892	26198
26414	26575
26707	26813
26862	26795
26578	26251
25870	25439
24932	24388
23883	23459
23096	22797
22605	22549
22584	22622
22610	22552
22486	22435
22406	22399
22424	22486
22592	22737
22915	23125
23365	23617
23839	23989
24065	24077
24061	24030
23985	23921
23836	23730
23614	23492
23389	23328
23314	23340
23394	23461
23533	23610
23695	23792
23905	24028
24153	24264
24349	24404
24419	24387
24317	24223
24126	24031
23934	23843
23774	23729
23708	23699
23690	23673
23633	23568
23497	23461
23480	23532
23575	23573
23540	23513
23504	23502
23494	23483
23466	23448
23423	23390
23362	23345
23346	23357
23373	23389
23406	23419
23422	23408
23379	23340
23293	23243
23184	23119
23051	22989
22924	22853
22779	22708
22649	22603
22560	22515
22459	22392
22326	22268
22210	22150
22074	21997
21912	21826
21742	21671
21625	21609
21609	21603
21579	21540
21490	21429
21353	21253
21139	21025
20921	20822
20725	20627
20527	20416
20276	20127
19995	19893
19799	19670
19505	19342
19214	19117
19028	18938
18840	18746
18651	18560
18464	18368
18278	18186
18095	18003
17899	17781
17659	17559
17474	17408
17349	17305
17280	17268
17264	17261
17259	17257
17256	17252
17241	17218
17197	17185
17191	17217
17313	17708
18924	21222
24442	24424
24416	24458
24590	24820
25132	25485
25825	26090
26266	26395
26523	26676
26821	26889
26824	26634
26350	25960
25444	24849
24271	23758
23308	22942
22716	22642
22654	22648
22576	22475
22396	22350
22339	22351
22392	22457
22532	22606
22692	22822
23023	23265
23486	23635
23702	23724
23741	23751
23744	23699
23617	23514
23417	23344
23299	23272
23262	23282
23339	23419
23507	23591
23673	23768
23880	23997
24112	24204
24268	24307
24310	24285
24238	24171
24096	24013
23924	23831
23752	23697
23667	23648
23629	23609
23576	23528
23485	23469
23486	23510
23516	23500
23485	23491
23513	23527
23521	23500
23473	23444
23416	23395
23385	23388
23408	23434
23470	23510
23552	23596
23626	23631
23616	23584
23543	23500
23448	23396
23343	23282
23209	23122
23019	22917
22830	22769
22723	22673
22606	22527
22443	22368
22309	22251
22190	22126
22045	21959
21869	21788
21737	21717
21711	21703
21674	21634
21586	21528
21452	21355
21245	21128
21015	20903
20793	20683
20571	20444
20302	20152
20024	19929
19837	19716
19565	19414
19299	19209
19131	19043
18952	18859
18772	18686
18596	18505
18412	18319
18230	18136
18030	17907
17781	17670
17576	17491
17417	17363
17331	17319
17314	17309
17302	17302
17310	17321
17330	17332
17333	17341
17361	17398
17508	17922
19167	21495
24768	24722
24678	24705
24855	25102
25391	25683
25945	26161
26305	26407
26507	26640
26795	26913
26933	26842
26654	26352
25903	25347
24769	24220
23717	23296
23028	22921
22893	22829
22699	22555
22459	22424
22432	22470
22533	22606
22663	22694
22725	22808
22971	23190
23388	23508
23545	23557
23579	23611
23631	23605
23528	23427
23340	23291
23268	23253
23238	23252
23305	23393
23501	23613
23730	23857
23995	24133
24249	24336
24400	24444
24470	24480
24464	24421
24356	24266
24148	24018
23893	23796
23729	23682
23643	23612
23581	23548
23525	23521
23524	23518
23492	23466
23461	23496
23539	23567
23559	23530
23488	23452
23424	23414
23422	23441
23467	23505
23551	23609
23670	23734
23791	23819
23819	23796
23763	23720
23681	23645
23618	23577
23517	23425
23303	23167
23049	22961
22899	22836
22754	22657
22557	22469
22403	22354
22307	22249
22178	22086
21981	21885
21823	21795
21781	21756
21717	21673
21624	21561
21476	21371
21254	21131
21014	20903
20793	20677
20558	20428
20289	20154
20039	19957
19877	19766
19632	19501
19401	19327
19256	19177
19093	19011
18932	18852
18771	18689
18599	18504
18411	18316
18208	18075
17941	17822
17723	17635
17558	17497
17459	17439
17419	17392
17369	17367
17391	17430
17467	17499
17524	17545
17575	17614
17735	18157
19424	21784
25044	24988
24931	24961
25146	25430
25706	25928
26113	26268
26394	26479
26543	26621
26724	26820
26855	26808
26693	26494
26173	25741
25246	24734
24224	23771
23447	23277
23188	23074
22900	22727
22618	22587
22607	22663
22736	22811
22860	22877
22894	22966
23119	23311
23469	23543
23541	23528
23542	23582
23613	23597
23531	23434
23343	23289
23263	23238
23215	23215
23260	23343
23459	23595
23751	23926
24113	24291
24435	24541
24622	24698
24772	24834
24867	24860
24801	24697
24547	24361
24175	24016
23892	23798
23724	23666
23620	23588
23567	23557
23544	23517
23477	23445
23447	23489
23544	23573
23569	23539
23499	23469
23450	23453
23465	23488
23514	23553
23601	23669
23748	23837
23912	23961
23979	23963
23929	23888
23853	23842
23848	23850
23824	23751
23631	23480
23334	23216
23125	23040
22936	22816
22692	22585
22512	22465
22428	22374
22307	22210
22087	21962
21881	21843
21811	21762
21700	21644
21585	21512
21411	21287
21157	21026
20911	20810
20711	20604
20485	20362
20244	20140
20052	19983
19914	19823
19715	19614
19536	19474
19416	19348
19276	19203
19127	19056
18984	18907
18821	18726
18629	18532
18419	18290
18156	18039
17943	17862
17793	17738
17696	17655
17603	17531
17473	17466
17517	17599
17681	17744
17790	17821
17849	17896
18018	18444
19683	21986
25058	25014
24968	25007
25210	25508
25763	25928
26049	26161
26269	26345
26391	26434
26483	26529
26539	26504
26434	26324
26137	25846
25471	25039
24565	24095
23718	23480
23333	23181
22987	22812
22710	22685
22714	22770
22841	22904
22946	22968
23008	23111
23279	23461
23587	23628
23602	23577
23583	23621
23651	23640
23578	23481
23386	23323
23279	23239
23203	23190
23216	23287
23385	23515
23676	23871
24084	24293
24465	24595
24700	24809
24929	25046
25140	25181
25154	25061
24906	24701
24481	24278
24102	23951
23831	23737
23668	23616
23578	23556
23533	23502
23467	23445
23452	23490
23533	23559
23558	23542
23519	23500
23489	23495
23508	23519
23536	23565
23619	23697
23804	23924
24035	24106
24137	24127
24090	24038
24001	24003
24039	24084
24106	24072
23971	23827
23672	23542
23431	23319
23189	23044
22892	22766
22680	22622
22574	22518
22449	22347
22202	22051
21943	21882
21823	21743
21654	21580
21509	21419
21296	21158
21013	20882
20770	20684
20606	20513
20402	20295
20206	20129
20069	20014
19956	19886
19810	19736
19680	19634
19584	19530
19470	19406
19341	19277
19211	19136
19054	18959
18864	18765
18655	18532
18413	18308
18224	18155
18096	18047
18005	17948
17855	17737
17645	17634
17712	17836
17955	18046
18109	18149
18185	18240
18375	18785
19927	22027
24644	24618
24586	24627
24813	25078
25295	25423
25511	25607
25704	25777
25822	25845
25860	25868
25854	25822
25788	25748
25663	25489
25222	24865
24441	23992
23601	23332
23156	22992
22818	22671
22595	22592
22628	22681
22735	22783
22823	22866
22949	23103
23312	23511
23640	23673
23653	23629
23640	23671
23695	23682
23621	23533
23447	23384
23337	23291
23248	23219
23227	23271
23344	23437
23560	23719
23905	24098
24266	24401
24514	24635
24772	24923
25057	25151
25174	25126
25011	24841
24642	24437
24242	24062
23909	23791
23704	23634
23584	23553
23537	23522
23506	23501
23515	23540
23568	23584
23587	23580
23571	23562
23557	23556
23555	23553
23557	23582
23635	23728
23855	24014
24166	24270
24313	24310
24264	24202
24161	24167
24223	24296
24348	24343
24272	24153
24020	23895
23783	23661
23517	23354
23192	23047
22946	22870
22801	22728
22651	22541
22376	22195
22055	21963
21870	21754
21640	21547
21466	21363
21226	21074
20929	20792
20688	20616
20554	20471
20368	20268
20196	20142
20097	20054
20003	19949
19897	19846
19804	19770
19728	19679
19629	19575
19525	19472
19417	19351
19270	19179
19085	18992
18892	18783
18679	18587
18513	18455
18405	18362
18321	18254
18140	17993
17883	17878
17972	18124
18261	18364
18431	18484
18535	18615
18762	19140
20109	21852
23797	23782
23759	23787
23925	24126
24284	24376
24454	24541
24634	24705
24746	24764
24770	24762
24745	24727
24735	24757
24752	24661
24467	24183
23824	23439
23103	22866
22707	22573
22444	22352
22328	22354
22399	22448
22492	22531
22574	22641
22768	22975
23225	23460
23613	23669
23664	23654
23662	23686
23701	23688
23646	23586
23532	23499
23471	23428
23378	23337
23324	23345
23389	23446
23518	23611
23726	23856
23981	24093
24193	24296
24417	24558
24704	24823
24887	24890
24833	24728
24587	24420
24245	24079
23934	23824
23739	23671
23620	23592
23590	23596
23607	23620
23637	23654
23659	23661
23657	23657
23654	23651
23644	23634
23619	23606
23603	23625
23681	23779
23919	24093
24262	24384
24446	24452
24418	24361
24316	24316
24364	24432
24489	24501
24461	24377
24276	24181
24085	23975
23843	23694
23546	23420
23321	23237
23156	23067
22971	22845
22652	22437
22261	22132
21999	21850
21714	21613
21521	21405
21258	21099
20948	20812
20706	20644
20592	20512
20406	20305
20229	20178
20135	20094
20050	20006
19965	19929
19898	19867
19829	19783
19735	19691
19656	19621
19584	19530
19455	19369
19280	19190
19102	19007
18911	18831
18768	18714
18666	18630
18591	18524
18409	18265
18161	18165
18271	18420
18556	18657
18734	18791
18853	18939
19087	19409
20159	21467
22737	22725
22707	22723
22805	22925
23019	23072
23128	23207
23294	23362
23401	23419
23423	23422
23422	23436
23486	23563
23616	23584
23452	23241
22976	22706
22477	22322
22226	22149
22084	22059
22084	22140
22201	22256
22308	22348
22399	22488
22643	22880
23164	23430
23611	23689
23698	23687
23684	23688
23694	23700
23695	23690
23692	23701
23697	23664
23606	23550
23520	23521
23542	23571
23602	23641
23687	23743
23809	23878
23948	24020
24109	24216
24336	24442
24516	24548
24530	24473
24382	24264
24139	24020
23926	23852
23791	23732
23682	23658
23659	23679
23701	23723
23740	23742
23734	23720
23713	23708
23708	23705
23699	23690
23674	23659
23656	23680
23734	23827
23956	24112
24265	24386
24461	24496
24489	24453
24411	24389
24402	24440
24481	24498
24483	24439
24376	24308
24238	24155
24063	23963
23864	23782
23719	23663
23589	23497
23391	23241
23018	22768
22549	22377
22204	22025
21873	21761
21661	21538
21379	21212
21048	20907
20802	20741
20691	20614
20502	20389
20304	20244
20196	20156
20113	20072
20037	20008
19983	19952
19912	19865
19818	19782
19755	19740
19717	19674
19604	19518
19433	19353
19271	19187
19105	19033
18976	18922
18878	18841
18804	18750
18652	18530
18450	18471
18577	18713
18832	18926
18996	19051
19096	19167
19287	19533
20072	20986
21805	21801
21796	21805
21844	21897
21931	21952
21988	22054
22131	22196
22234	22250
22258	22267
22288	22328
22411	22524
22615	22624
22544	22406
22253	22115
22015	21960
21936	21924
21925	21952
22013	22094
22177	22257
22327	22394
22464	22562
22731	22979
23275	23551
23743	23831
23845	23824
23804	23789
23793	23813
23850	23902
23954	24002
24014	23981
23916	23843
23794	23773
23770	23772
23777	23782
23791	23799
23811	23829
23857	23899
23959	24029
24102	24172
24229	24261
24262	24231
24171	24097
24023	23963
23920	23896
23862	23812
23755	23718
23711	23716
23734	23749
23757	23748
23728	23707
23694	23688
23687	23687
23689	23689
23688	23686
23692	23714
23765	23847
23947	24062
24178	24285
24371	24437
24469	24458
24416	24371
24344	24340
24357	24378
24385	24378
24350	24305
24246	24190
24137	24091
24054	24026
24014	23999
23955	23876
23772	23611
23376	23108
22861	22647
22440	22237
22071	21951
21848	21715
21552	21375
21204	21057
20953	20888
20839	20761
20641	20523
20430	20362
20314	20270
20228	20188
20155	20131
20107	20078
20037	19988
19940	19903
19881	19869
19847	19804
19733	19650
19569	19490
19414	19338
19268	19206
19155	19108
19063	19025
18996	18956
18884	18798
18746	18784
18884	18994
19088	19163
19221	19249
19263	19290
19362	19533
19924	20585
21275	21284
21296	21314
21329	21344
21346	21355
21387	21447
21518	21582
21617	21628
21630	21638
21656	21701
21795	21919
22024	22058
22017	21948
21894	21873
21883	21910
21945	21977
22021	22083
22171	22274
22383	22496
22610	22714
22815	22930
23100	23343
23629	23895
24080	24167
24181	24158
24131	24111
24103	24126
24181	24260
24338	24390
24400	24357
24277	24190
24120	24072
24041	24011
23989	23982
23981	23973
23949	23922
23907	23919
23949	23986
24022	24059
24098	24129
24144	24132
24096	24052
24012	23995
23996	24003
23988	23941
23875	23815
23782	23760
23749	23743
23733	23708
23677	23650
23635	23632
23632	23639
23651	23672
23695	23711
23724	23747
23788	23851
23921	23991
24065	24152
24253	24338
24393	24399
24362	24307
24258	24236
24236	24256
24284	24306
24302	24264
24207	24157
24123	24110
24108	24118
24136	24150
24129	24073
23982	23839
23622	23367
23124	22900
22675	22463
22291	22166
22062	21932
21769	21596
21432	21287
21178	21113
21060	20977
20860	20730
20626	20555
20503	20459
20418	20380
20350	20322
20302	20273
20231	20183
20134	20096
20064	20037
19997	19940
19862	19778
19699	19620
19545	19480
19419	19368
19321	19279
19237	19207
19186	19162
19118	19065
19050	19094
19186	19271
19330	19369
19391	19386
19363	19346
19371	19495
19830	20413
21247	21264
21296	21324
21339	21341
21341	21361
21401	21458
21522	21571
21596	21595
21581	21565
21564	21599
21681	21800
21905	21952
21946	21936
21960	22026
22109	22188
22255	22313
22379	22470
22583	22707
22846	22995
23152	23301
23437	23577
23749	23976
24236	24474
24637	24716
24736	24727
24709	24685
24666	24676
24717	24779
24829	24851
24831	24764
24670	24571
24482	24416
24355	24298
24255	24243
24245	24236
24201	24148
24099	24079
24078	24093
24108	24127
24162	24202
24234	24249
24243	24227
24216	24219
24241	24259
24251	24203
24126	24048
23981	23925
23880	23834
23795	23748
23701	23670
23655	23650
23651	23657
23678	23714
23753	23784
23807	23827
23852	23881
23907	23933
23977	24055
24160	24260
24324	24335
24306	24255
24210	24183
24182	24206
24245	24288
24304	24275
24217	24163
24130	24120
24121	24134
24155	24168
24148	24098
24024	23912
23741	23526
23315	23109
22902	22700
22538	22417
22308	22183
22039	21888
21744	21609
21505	21433
21374	21289
21164	21018
20893	20803
20746	20704
20663	20629
20598	20570
20541	20505
20464	20419
20371	20325
20278	20222
20148	20055
19962	19875
19798	19727
19655	19593
19540	19500
19465	19426
19391	19367
19359	19349
19330	19309
19314	19367
19442	19499
19523	19522
19506	19469
19414	19371
19370	19485
19843	20503
21616	21641
21680	21721
21744	21755
21770	21803
21854	21903
21945	21974
21979	21959
21927	21889
21864	21878
21945	22048
22144	22203
22235	22277
22357	22472
22602	22712
22803	22877
22962	23070
23207	23358
23518	23694
23886	24071
24242	24400
24575	24779
25000	25198
25336	25405
25430	25440
25430	25400
25368	25362
25372	25375
25362	25322
25258	25165
25058	24945
24853	24777
24707	24643
24595	24580
24585	24581
24551	24495
24433	24389
24364	24360
24365	24388
24429	24480
24530	24567
24589	24603
24618	24641
24669	24690
24682	24638
24558	24466
24372	24287
24207	24130
24055	23983
23916	23874
23853	23846
23841	23841
23855	23882
23919	23953
23976	23982
23973	23951
23923	23903
23921	24001
24123	24241
24314	24327
24300	24258
24224	24205
24204	24227
24275	24334
24368	24364
24324	24278
24244	24225
24215	24213
24213	24201
24162	24096
24025	23937
23809	23640
23461	23288
23116	22947
22801	22679
22569	22454
22334	22220
22105	21987
21880	21797
21731	21640
21507	21337
21182	21067
20999	20950
20911	20876
20842	20801
20756	20711
20666	20621
20576	20523
20461	20369
20248	20112
19992	19904
19837	19771
19703	19642
19598	19564
19533	19507
19486	19472
19472	19472
19468	19462
19476	19518
19570	19602
19600	19574
19535	19482
19419	19366
19356	19483
19917	20745
22143	22168
22209	22252
22284	22307
22337	22386
22441	22483
22508	22507
22489	22455
22412	22360
22323	22323
22379	22467
22556	22624
22686	22765
22878	23024
23175	23311
23420	23507
23599	23719
23863	24023
24198	24390
24602	24812
24999	25169
25333	25510
25692	25850
25961	26020
26053	26070
26061	26030
25992	25971
25947	25897
25810	25704
25597	25487
25373	25262
25169	25098
25045	25002
24974	24968
24973	24973
24952	24906
24852	24795
24752	24735
24742	24772
24817	24870
24921	24969
25008	25040
25073	25110
25148	25172
25168	25132
25062	24974
24879	24784
24689	24598
24506	24414
24334	24281
24252	24235
24216	24200
24189	24188
24198	24213
24219	24202
24155	24080
23993	23928
23921	24005
24149	24288
24374	24394
24372	24339
24311	24296
24293	24316
24369	24439
24496	24527
24521	24497
24466	24436
24413	24392
24371	24335
24269	24183
24097	24015
23913	23776
23619	23466
23324	23186
23051	22929
22815	22703
22600	22513
22424	22321
22214	22121
22041	21952
21817	21631
21444	21298
21202	21138
21088	21038
20990	20935
20874	20821
20771	20727
20680	20630
20556	20444
20288	20119
19975	19885
19828	19775
19709	19646
19601	19572
19552	19534
19520	19513
19513	19511
19504	19494
19491	19504
19520	19521
19505	19477
19446	19402
19348	19305
19302	19448
19979	20992
22584	22608
22647	22691
22729	22760
22804	22862
22923	22965
22973	22962
22934	22899
22854	22799
22760	22758
22805	22876
22955	23028
23101	23190
23310	23457
23618	23768
23888	23985
24074	24183
24320	24479
24661	24866
25085	25298
25487	25648
25799	25950
26099	26228
26320	26374
26408	26431
26432	26401
26364	26338
26294	26200
26062	25915
25781	25665
25557	25457
25383	25334
25311	25302
25303	25311
25320	25319
25307	25278
25230	25174
25127	25103
25113	25145
25189	25237
25278	25317
25350	25384
25424	25468
25506	25533
25539	25520
25474	25410
25335	25257
25177	25097
25015	24931
24849	24785
24739	24702
24664	24623
24582	24550
24527	24515
24494	24448
24368	24257
24136	24039
24015	24093
24242	24392
24489	24518
24501	24475
24449	24432
24429	24450
24504	24579
24652	24707
24729	24721
24697	24662
24632	24598
24568	24523
24445	24342
24241	24161
24073	23950
23804	23654
23521	23396
23263	23130
23000	22884
22786	22707
22629	22530
22422	22320
22234	22148
22018	21833
21624	21451
21326	21232
21149	21077
21010	20951
20890	20837
20788	20745
20702	20654
20589	20481
20325	20146
19994	19902
19857	19810
19748	19682
19634	19608
19593	19575
19559	19546
19533	19508
19474	19431
19391	19359
19330	19297
19267	19250
19235	19216
19193	19174
19190	19370
19978	21140
22839	22863
22900	22944
22987	23026
23076	23139
23201	23241
23248	23236
23212	23187
23149	23107
23076	23074
23109	23165
23229	23291
23354	23434
23533	23667
23825	23980
24108	24203
24280	24366
24481	24635
24827	25042
25262	25466
25638	25787
25925	26061
26192	26304
26385	26440
26482	26517
26528	26503
26471	26441
26388	26277
26116	25947
25805	25701
25611	25539
25493	25477
25484	25503
25522	25538
25548	25551
25544	25524
25483	25425
25373	25349
25358	25391
25436	25472
25507	25534
25557	25580
25610	25645
25679	25700
25709	25706
25686	25654
25611	25563
25518	25469
25415	25349
25272	25203
25143	25084
25022	24962
24906	24861
24822	24786
24741	24673
24575	24460
24334	24229
24190	24247
24377	24515
24609	24645
24638	24612
24582	24559
24549	24569
24621	24699
24777	24839
24868	24863
24837	24796
24758	24726
24697	24656
24583	24480
24380	24304
24234	24128
23981	23827
23685	23549
23405	23254
23107	22974
22869	22787
22701	22602
22488	22380
22293	22209
22091	21912
21704	21517
21370	21242
21130	21037
20963	20914
20878	20843
20804	20761
20720	20678
20631	20548
20417	20250
20101	20014
19974	19936
19873	19805
19754	19725
19705	19678
19655	19626
19584	19525
19445	19360
19277	19195
19116	19046
19001	18979
18981	18988
18994	19006
19055	19271
19936	21186
22912	22932
22970	23015
23061	23107
23156	23215
23269	23306
23319	23320
23313	23299
23278	23253
23233	23229
23252	23292
23336	23381
23429	23485
23565	23685
23837	23991
24119	24207
24269	24335
24430	24588
24795	25025
25242	25426
25580	25716
25851	25983
26106	26212
26293	26347
26393	26430
26441	26420
26389	26360
26304	26190
26026	25861
25735	25649
25590	25555
25551	25567
25598	25624
25644	25657
25665	25669
25668	25651
25609	25550
25497	25471
25478	25508
25547	25585
25614	25633
25647	25658
25671	25687
25703	25712
25714	25716
25711	25700
25684	25666
25651	25635
25605	25555
25487	25417
25346	25275
25202	25137
25085	25048
25012	24966
24904	24824
24738	24640
24533	24429
24369	24386
24479	24588
24672	24711
24712	24689
24654	24620
24605	24618
24669	24745
24826	24884
24906	24896
24863	24820
24779	24747
24723	24695
24637	24546
24458	24396
24339	24250
24107	23941
23777	23621
23458	23288
23119	22972
22853	22760
22669	22568
22452	22341
22253	22172
22062	21902
21713	21536
21386	21254
21133	21035
20973	20944
20935	20916
20885	20848
20805	20768
20732	20674
20566	20420
20280	20193
20157	20120
20058	19990
19937	19899
19869	19830
19786	19733
19670	19580
19466	19348
19228	19109
18993	18893
18822	18792
18790	18810
18844	18881
18959	19199
19884	21159
22839	22860
22896	22943
22995	23044
23093	23145
23192	23226
23246	23261
23269	23272
23270	23261
23248	23246
23258	23278
23303	23331
23366	23413
23491	23609
23760	23914
24039	24119
24168	24216
24314	24482
24713	24956
25170	25336
25467	25590
25723	25856
25982	26086
26166	26220
26258	26280
26276	26247
26207	26178
26123	26013
25862	25719
25620	25569
25549	25555
25587	25638
25684	25712
25721	25722
25726	25729
25728	25713
25671	25611
25553	25526
25533	25565
25600	25633
25657	25669
25668	25660
25648	25639
25631	25623
25618	25619
25619	25620
25620	25617
25619	25616
25602	25564
25503	25436
25369	25301
25235	25177
25142	25117
25090	25040
24974	24903
24842	24782
24702	24599
24507	24474
24510	24580
24648	24691
24708	24694
24658	24620
24602	24610
24660	24732
24810	24865
24883	24866
24833	24789
24748	24714
24695	24675
24629	24551
24479	24434
24393	24314
24174	23993
23807	23623
23440	23253
23069	22902
22773	22674
22584	22482
22365	22255
22169	22088
21986	21844
21679	21529
21410	21309
21218	21145
21103	21085
21078	21064
21034	20993
20950	20914
20879	20824
20723	20581
20447	20366
20330	20293
20235	20166
20109	20069
20024	19965
19900	19827
19747	19641
19517	19384
19248	19113
18980	18867
18786	18743
18731	18750
18785	18835
18919	19149
19809	21049
22664	22687
22725	22777
22839	22895
22946	22994
23037	23076
23106	23132
23157	23177
23188	23191
23189	23186
23186	23190
23196	23212
23242	23296
23382	23509
23662	23814
23929	24003
24045	24091
24196	24388
24646	24907
25119	25269
25376	25483
25605	25733
25854	25959
26039	26088
26111	26107
26075	26027
25981	25951
25903	25807
25679	25566
25502	25488
25506	25552
25618	25689
25743	25766
25767	25758
25756	25759
25758	25742
25706	25650
25596	25570
25580	25604
25636	25661
25675	25668
25644	25610
25575	25541
25512	25488
25475	25475
25480	25485
25483	25482
25484	25484
25476	25445
25401	25350
25296	25247
25198	25160
25140	25124
25098	25044
24979	24930
24908	24892
24840	24736
24612	24531
24516	24546
24596	24644
24671	24668
24635	24597
24576	24586
24628	24696
24768	24819
24834	24820
24789	24751
24713	24682
24664	24646
24604	24539
24481	24454
24427	24355
24212	24019
23808	23604
23402	23200
23002	22820
22676	22566
22469	22362
22247	22140
22054	21973
21871	21732
21586	21471
21398	21353
21317	21290
21269	21254
21238	21212
21174	21129
21082	21043
21008	20949
20847	20708
20581	20503
20469	20432
20372	20306
20248	20200
20142	20068
19985	19898
19801	19690
19561	19428
19294	19162
19029	18914
18824	18769
18740	18743
18767	18807
18867	19028
19561	20737
22463	22484
22530	22590
22661	22728
22786	22839
22889	22933
22974	23008
23045	23074
23095	23104
23108	23106
23098	23089
23083	23089
23117	23180
23277	23411
23570	23714
23820	23882
23917	23973
24089	24302
24581	24858
25076	25217
25312	25394
25493	25608
25720	25820
25898	25946
25955	25930
25874	25809
25761	25732
25699	25623
25522	25441
25411	25425
25474	25545
25630	25711
25765	25784
25777	25764
25757	25759
25754	25742
25713	25670
25626	25607
25611	25635
25657	25672
25668	25641
25594	25540
25486	25435
25389	25354
25338	25339
25346	25350
25343	25334
25329	25322
25315	25296
25268	25240
25208	25176
25149	25129
25115	25103
25068	25012
24952	24925
24939	24960
24939	24844
24707	24594
24540	24542
24576	24618
24650	24654
24627	24591
24566	24571
24607	24665
24724	24766
24776	24765
24740	24711
24682	24655
24637	24618
24587	24534
24490	24475
24458	24395
24250	24044
23812	23591
23379	23167
22959	22765
22602	22467
22350	22230
22112	22004
21923	21841
21726	21580
21435	21344
21321	21330
21349	21362
21363	21353
21328	21295
21253	21207
21159	21119
21079	21023
20928	20800
20681	20609
20577	20542
20486	20417
20353	20296
20228	20148
20050	19948
19838	19714
19578	19442
19310	19183
19063	18954
18862	18791
18742	18719
18720	18734
18735	18711
18899	19946
22312	22337
22386	22458
22539	22613
22680	22740
22795	22845
22891	22933
22971	23005
23030	23040
23042	23041
23033	23019
23004	23004
23033	23098
23204	23343
23497	23638
23735	23783
23821	23881
24009	24234
24526	24814
25038	25180
25268	25337
25415	25507
25611	25705
25779	25825
25829	25792
25725	25656
25610	25589
25565	25510
25430	25368
25358	25390
25454	25538
25629	25710
25762	25776
25763	25749
25740	25740
25735	25724
25703	25668
25640	25624
25632	25649
25665	25667
25650	25611
25552	25487
25417	25359
25306	25267
25249	25247
25255	25258
25247	25232
25218	25208
25201	25189
25177	25160
25142	25126
25112	25103
25092	25078
25036	24975
24923	24908
24943	24992
24990	24908
24771	24648
24579	24565
24586	24625
24655	24659
24634	24599
24573	24570
24599	24647
24695	24721
24726	24714
24700	24683
24661	24633
24616	24600
24575	24537
24505	24498
24484	24424
24278	24063
23821	23588
23374	23159
22943	22742
22562	22409
22265	22130
22002	21901
21822	21735
21608	21446
21301	21226
21228	21273
21325	21363
21377	21372
21350	21317
21276	21228
21181	21140
21099	21051
20968	20854
20745	20677
20645	20615
20557	20488
20423	20360
20287	20200
20097	19985
19862	19723
19576	19430
19300	19181
19066	18961
18865	18780
18718	18676
18659	18647
18576	18084
15787	9925
