711	642
543	459
412	394
399	431
502	599
688	738
752	755
793	936
1241	1734
2433	3377
4496	5569
6400	6973
7398	7756
8045	8222
8257	8167
7994	7796
7639	7609
7768	8070
8363	8475
8367	8190
8153	8333
8636	8961
9309	9692
10069	10391
10687	11030
11465	11991
12566	13122
13587	13893
14005	13874
13283	11799
9231	6186
3696	2271
1678	1490
1446	1455
1482	1515
1541	1554
1555	1559
1574	1599
1623	1641
1660	1685
1716	1749
1770	1785
1804	1840
1881	1912
1931	1956
1994	2037
2079	2124
2182	2252
2328	2398
2459	2502
2521	2447
2135	1537
640	583
503	430
386	368
376	414
492	594
683	733
747	752
788	920
1227	1766
2554	3550
4624	5586
6313	6818
7178	7461
7693	7857
7926	7895
7793	7668
7562	7528
7623	7842
8089	8224
8189	8081
8067	8217
8470	8761
9097	9496
9898	10236
10522	10838
11249	11770
12352	12920
13395	13712
13836	13726
13193	11825
9385	6391
3854	2349
1703	1491
1440	1444
1468	1497
1519	1529
1529	1535
1557	1591
1624	1648
1664	1681
1703	1730
1750	1763
1784	1821
1868	1901
1925	1951
1988	2028
2066	2107
2162	2231
2301	2370
2429	2471
2487	2407
2081	1460
550	511
451	391
350	334
345	390
478	586
677	727
744	757
809	978
1365	2034
2945	3968
4938	5734
6324	6744
7039	7255
7417	7529
7577	7559
7504	7454
7426	7431
7499	7643
7823	7951
7971	7927
7923	8016
8181	8398
8705	9113
9556	9937
10240	10536
10922	11432
12026	12612
13106	13442
13580	13496
13042	11832
9570	6660
4070	2456
1730	1484
1421	1421
1439	1460
1476	1483
1488	1501
1531	1574
1617	1646
1662	1671
1684	1704
1724	1741
1761	1800
1846	1886
1915	1943
1979	2018
2055	2093
2143	2205
2270	2333
2385	2425
2440	2354
2012	1371
470	445
402	352
312	296
311	366
464	579
673	724
744	773
870	1137
1679	2528
3553	4546
5356	5948
6372	6691
6940	7131
7261	7321
7307	7241
7176	7160
7198	7273
7377	7504
7631	7717
7727	7680
7623	7599
7633	7753
8007	8411
8895	9349
9714	10035
10421	10942
11561	12182
12708	13067
13216	13149
12777	11754
9736	6978
4367	2625
1779	1467
1381	1371
1381	1393
1403	1413
1429	1456
1496	1542
1587	1619
1636	1644
1653	1669
1692	1712
1736	1776
1823	1864
1893	1923
1963	2006
2047	2087
2134	2189
2245	2298
2342	2377
2388	2297
1945	1293
414	397
364	320
282	266
286	348
453	575
673	725
751	800
960	1352
2072	3082
4169	5086
5714	6084
6313	6507
6714	6917
7071	7127
7080	6968
6858	6815
6865	6992
7161	7330
7450	7488
7433	7295
7100	6905
6783	6791
6968	7325
7815	8333
8787	9183
9625	10196
10874	11562
12150	12545
12691	12620
12321	11528
9864	7406
4865	2977
1930	1477
1324	1288
1287	1293
1302	1319
1348	1389
1434	1480
1521	1552
1573	1583
1592	1609
1634	1659
1688	1729
1778	1817
1848	1881
1925	1979
2031	2079
2125	2174
2224	2271
2309	2338
2342	2241
1885	1235
383	371
343	301
264	248
270	336
448	574
674	731
761	831
1048	1551
2416	3537
4641	5464
5911	6069
6105	6164
6317	6537
6742	6852
6844	6740
6596	6492
6493	6613
6814	7024
7165	7178
7045	6785
6433	6077
5825	5732
5800	6039
6445	6955
7474	7965
8496	9147
9912	10702
11391	11845
11992	11898
11663	11133
9950	7988
5672	3662
2316	1597
1288	1187
1165	1165
1173	1195
1232	1280
1326	1365
1399	1430
1454	1471
1483	1500
1524	1553
1588	1636
1686	1728
1758	1792
1845	1912
1977	2036
2087	2137
2187	2236
2273	2298
2293	2183
1825	1188
370	359
332	293
256	242
265	333
446	574
676	734
768	852
1112	1696
2664	3855
4947	5663
5945	5930
5825	5797
5912	6132
6367	6532
6592	6539
6394	6235
6165	6229
6391	6582
6720	6717
6539	6201
5769	5355
5068	4917
4858	4912
5146	5561
6079	6638
7247	7962
8798	9685
10486	11018
11174	11059
10867	10586
9919	8590
6700	4701
3048	1946
1356	1107
1027	1009
1013	1035
1073	1119
1159	1191
1220	1249
1278	1300
1316	1332
1355	1386
1428	1478
1531	1572
1604	1643
1700	1777
1857	1927
1985	2039
2097	2156
2203	2227
2214	2098
1746	1135
359	349
325	288
253	241
264	333
446	574
676	735
771	867
1159	1806
2845	4074
5126	5730
5881	5771
5629	5597
5710	5912
6116	6276
6362	6349
6220	6045
5934	5935
6009	6105
6174	6145
5964	5639
5249	4910
4691	4533
4363	4241
4297	4582
5054	5633
6273	6996
7829	8743
9600	10179
10344	10206
10021	9896
9646	8947
7643	5903
4101	2609
1622	1111
903	836
830	846
876	910
943	970
996	1023
1053	1080
1101	1119
1141	1171
1214	1265
1316	1357
1387	1427
1488	1572
1659	1738
1804	1865
1934	2002
2055	2080
2064	1951
1624	1060
342	333
313	281
252	241
266	335
447	574
675	733
772	883
1211	1914
3005	4238
5229	5743
5831	5721
5631	5662
5796	5957
6086	6170
6214	6188
6072	5919
5823	5807
5807	5770
5705	5611
5452	5217
4961	4766
4660	4541
4326	4099
4034	4217
4636	5207
5837	6506
7256	8098
8911	9460
9589	9388
9142	9049
9050	8862
8198	6962
5296	3560
2154	1276
849	688
646	652
670	692
713	734
757	781
809	835
859	882
908	940
981	1027
1070	1102
1127	1163
1224	1310
1399	1484
1558	1627
1698	1767
1819	1844
1832	1731
1444	949
312	306
290	266
245	240
266	335
446	572
672	731
779	915
1289	2048
3171	4381
5311	5777
5877	5836
5835	5922
6053	6161
6210	6210
6174	6098
5982	5878
5857	5895
5872	5719
5494	5293
5138	5008
4901	4842
4839	4790
4608	4363
4233	4344
4723	5281
5881	6473
7102	7805
8490	8929
8947	8615
8232	8081
8203	8374
8275	7647
6382	4652
2923	1637
917	608
510	494
499	506
518	533
549	566
581	600
622	648
680	716
754	793
823	841
855	883
939	1017
1104	1189
1264	1335
1404	1467
1514	1538
1534	1458
1224	813
282	278
267	250
237	236
264	333
443	570
673	738
803	971
1400	2214
3354	4527
5399	5847
5997	6047
6116	6214
6307	6359
6357	6302
6198	6061
5942	5917
6021	6168
6175	5952
5593	5270
5079	5011
5006	5030
5083	5105
5002	4789
4625	4687
5039	5584
6156	6679
7195	7754
8285	8574
8439	7943
7411	7185
7363	7753
8044	7945
7184	5694
3832	2190
1135	633
454	408
398	395
395	401
409	414
417	423
437	462
495	534
570	599
616	618
620	635
676	739
811	885
955	1021
1083	1139
1182	1209
1216	1167
991	672
255	252
246	236
229	234
261	329
440	568
679	754
838	1045
1534	2404
3556	4679
5483	5909
6099	6216
6321	6406
6457	6472
6450	6373
6226	6045
5936	6009
6262	6530
6590	6347
5909	5491
5243	5185
5231	5289
5339	5373
5318	5144
4985	5042
5391	5924
6468	6938
7366	7807
8203	8358
8103	7507
6899	6636
6823	7278
7743	7977
7671	6555
4764	2886
1506	774
492	408
385	373
367	366
366	360
352	346
349	365
394	430
463	484
489	483
472	473
494	532
580	632
687	743
795	845
887	918
934	905
780	545
234	234
231	226
224	230
258	323
434	566
682	765
868	1119
1675	2610
3770	4824
5534	5911
6111	6255
6370	6445
6482	6488
6469	6393
6240	6054
5980	6148
6528	6893
6995	6761
6310	5854
5560	5485
5550	5622
5645	5631
5549	5386
5264	5361
5728	6245
6749	7168
7524	7870
8161	8234
7946	7367
6794	6532
6662	7042
7496	7866
7885	7174
5618	3659
2008	1030
617	489
455	441
431	421
411	401
389	377
369	373
393	423
450	464
463	450
434	424
426	438
458	487
524	566
607	651
693	728
745	726
631	455
224	224
224	222
222	230
255	318
428	562
681	770
892	1190
1822	2823
3973	4936
5537	5852
6038	6180
6283	6347
6382	6403
6411	6372
6260	6121
6106	6349
6794	7192
7309	7103
6699	6271
5971	5876
5943	6035
6057	5996
5860	5678
5577	5706
6077	6562
7011	7360
7635	7890
8098	8134
7886	7412
6933	6673
6700	6933
7282	7668
7891	7551
6329	4444
2609	1387
820	634
587	571
559	544
528	515
505	492
476	469
481	502
521	531
527	513
493	477
465	456
455	463
486	514
547	588
632	669
687	665
578	420
221	221
220	220
221	228
253	316
423	555
673	771
914	1262
1966	3008
4117	4978
5486	5757
5924	6044
6121	6167
6213	6277
6348	6381
6342	6276
6322	6599
7037	7398
7497	7336
7030	6699
6438	6330
6378	6493
6561	6524
6373	6168
6049	6151
6475	6895
7263	7519
7687	7839
7967	7985
7796	7430
7031	6763
6693	6802
7052	7415
7759	7720
6867	5180
3261	1826
1090	823
753	734
719	701
684	673
668	657
637	624
626	641
654	658
652	639
622	605
586	564
546	540
548	567
595	637
687	732
752	723
620	442
219	219
219	219
220	228
253	312
415	543
663	770
939	1327
2069	3102
4143	4924
5394	5656
5818	5917
5975	6027
6112	6249
6404	6512
6531	6513
6589	6853
7226	7509
7579	7472
7290	7095
6922	6821
6842	6958
7087	7126
7021	6818
6654	6675
6900	7218
7483	7622
7670	7709
7760	7749
7593	7285
6930	6659
6549	6601
6801	7143
7553	7744
7239	5816
3915	2308
1393	1032
929	901
882	862
849	848
852	845
826	808
805	813
820	821
815	807
796	781
760	732
704	685
680	687
711	756
816	875
903	872
739	508
217	217
217	217
218	226
249	308
407	531
654	770
958	1361
2093	3077
4058	4820
5322	5624
5797	5896
5969	6057
6201	6409
6624	6763
6793	6778
6843	7062
7359	7574
7626	7572
7505	7450
7393	7339
7340	7429
7572	7668
7622	7431
7228	7160
7273	7471
7620	7648
7592	7534
7507	7456
7298	7012
6677	6421
6321	6378
6567	6897
7336	7674
7455	6317
4508	2790
1711	1247
1104	1066
1046	1026
1017	1026
1040	1039
1024	1006
1001	1002
1005	1006
1004	1001
996	984
964	933
898	869
853	850
867	914
987	1063
1109	1079
911	606
214	214
214	214
216	223
247	304
401	526
648	771
965	1364
2060	2988
3955	4772
5362	5729
5936	6057
6153	6271
6444	6673
6895	7025
7035	6999
7039	7214
7457	7641
7707	7705
7727	7791
7855	7879
7878	7911
7999	8069
8025	7843
7626	7510
7539	7637
7688	7632
7503	7373
7275	7170
6990	6711
6400	6175
6110	6194
6395	6710
7141	7548
7533	6662
4999	3234
2022	1460
1278	1227
1204	1185
1179	1195
1215	1220
1210	1198
1192	1192
1193	1195
1196	1198
1198	1191
1173	1141
1103	1070
1045	1038
1054	1104
1185	1279
1346	1326
1124	728
207	207
207	207
208	216
242	302
402	526
649	772
969	1360
2033	2948
3954	4865
5550	5982
6219	6346
6426	6517
6663	6865
7066	7179
7181	7140
7166	7311
7526	7713
7824	7891
7987	8145
8316	8425
8445	8420
8393	8348
8235	8046
7858	7758
7761	7800
7784	7673
7489	7294
7119	6947
6736	6464
6183	5998
5970	6087
6304	6603
6998	7408
7518	6867
5374	3619
2312	1663
1442	1381
1352	1330
1327	1342
1363	1371
1366	1359
1359	1362
1364	1368
1373	1380
1385	1382
1364	1332
1296	1265
1244	1237
1255	1309
1398	1509
1603	1597
1359	863
192	192
192	192
194	204
233	298
406	533
655	779
979	1378
2063	3014
4092	5084
5822	6275
6508	6597
6607	6623
6711	6877
7059	7173
7195	7178
7212	7342
7545	7755
7932	8084
8258	8492
8747	8940
9007	8953
8812	8618
8402	8206
8077	8033
8050	8063
8008	7850
7609	7337
7075	6826
6574	6305
6053	5900
5902	6046
6280	6570
6921	7297
7462	6978
5651	3940
2573	1854
1592	1517
1483	1461
1455	1467
1480	1487
1486	1488
1495	1504
1509	1515
1524	1535
1545	1545
1526	1496
1464	1440
1428	1430
1454	1512
1610	1737
1862	1873
1600	998
181	181
181	181
183	194
228	300
412	543
664	788
1002	1426
2152	3163
4297	5309
6028	6445
6634	6659
6595	6548
6596	6737
6902	7018
7067	7089
7152	7291
7502	7754
8013	8259
8507	8793
9109	9378
9519	9496
9311	9018
8721	8515
8428	8421
8441	8429
8331	8122
7818	7477
7140	6828
6535	6252
6004	5857
5868	6027
6280	6571
6889	7222
7402	7029
5848	4199
2797	2019
1725	1634
1597	1572
1563	1568
1574	1576
1576	1583
1598	1612
1621	1629
1641	1658
1670	1671
1656	1629
1605	1593
1594	1609
1643	1706
1811	1955
2103	2132
1824	1126
168	168
168	168
172	187
226	305
422	552
671	802
1033	1493
2267	3322
4462	5421
6057	6397
6526	6507
6425	6381
6431	6547
6674	6765
6825	6890
7003	7184
7436	7751
8102	8436
8745	9064
9410	9726
9942	9999
9865	9578
9263	9047
8955	8930
8902	8825
8653	8366
8004	7624
7266	6937
6627	6316
6031	5849
5837	5993
6253	6547
6848	7151
7332	7039
5978	4399
2983	2159
1835	1735
1694	1669
1656	1656
1655	1652
1650	1660
1678	1697
1710	1718
1732	1752
1766	1771
1760	1741
1727	1729
1745	1772
1818	1888
1996	2148
2313	2348
2012	1232
160	160
159	158
164	182
228	311
429	558
675	810
1060	1555
2367	3434
4526	5384
5911	6170
6248	6220
6181	6202
6282	6374
6440	6487
6550	6663
6847	7102
7427	7820
8248	8647
8996	9333
9680	10002
10255	10396
10372	10178
9914	9709
9595	9513
9394	9198
8899	8509
8093	7713
7390	7103
6813	6485
6143	5885
5809	5927
6174	6465
6760	7052
7243	7013
6053	4542
3126	2269
1922	1813
1773	1749
1739	1735
1732	1726
1722	1730
1747	1765
1778	1786
1801	1820
1837	1845
1842	1834
1832	1848
1880	1922
1977	2053
2160	2311
2476	2511
2146	1307
151	150
148	147
154	178
229	318
435	558
672	810
1072	1592
2431	3488
4509	5266
5706	5899
5934	5912
5931	6022
6137	6209
6231	6253
6336	6514
6786	7133
7542	7996
8459	8882
9249	9592
9926	10225
10474	10668
10749	10668
10487	10320
10196	10051
9821	9477
9032	8549
8117	7785
7540	7330
7092	6765
6362	6003
5822	5859
6055	6326
6621	6921
7136	6966
6091	4636
3223	2341
1977	1865
1828	1810
1802	1799
1796	1789
1785	1788
1801	1816
1827	1835
1846	1863
1882	1896
1903	1907
1920	1950
1995	2049
2112	2191
2294	2433
2587	2610
2227	1352
146	143
139	138
147	175
230	322
437	557
664	796
1063	1597
2452	3491
4458	5155
5549	5699
5704	5686
5741	5866
5989	6049
6062	6101
6240	6505
6875	7312
7777	8245
8694	9108
9485	9838
10159	10425
10652	10862
10995	10984
10865	10731
10597	10392
10049	9576
9045	8555
8190	7962
7819	7694
7515	7204
6756	6278
5936	5818
5909	6138
6436	6766
7028	6922
6112	4697
3283	2383
2002	1891
1860	1849
1845	1843
1842	1839
1837	1840
1848	1855
1860	1865
1872	1887
1906	1926
1943	1959
1985	2027
2082	2145
2213	2291
2385	2509
2646	2654
2259	1368
139	137
134	132
142	173
233	326
439	555
657	781
1039	1571
2423	3450
4395	5076
5460	5594
5595	5597
5666	5783
5880	5925
5956	6054
6281	6646
7106	7594
8057	8490
8905	9315
9716	10082
10384	10617
10818	11011
11134	11127
11025	10898
10739	10469
10048	9531
9033	8659
8444	8348
8301	8240
8112	7838
7373	6772
6196	5814
5709	5845
6145	6541
6893	6869
6115	4723
3306	2391
2007	1898
1875	1868
1866	1866
1871	1876
1882	1888
1891	1888
1885	1882
1885	1898
1917	1942
1967	1994
2030	2080
2142	2206
2274	2348
2435	2544
2661	2654
2252	1361
136	135
130	129
142	176
239	333
445	557
655	768
1006	1515
2345	3354
4299	4999
5399	5556
5590	5623
5691	5767
5818	5854
5932	6119
6450	6905
7413	7887
8293	8672
9082	9522
9949	10306
10570	10763
10937	11094
11168	11129
11020	10884
10691	10383
9964	9525
9182	8989
8928	8930
8933	8903
8815	8606
8170	7450
6564	5794
5380	5362
5649	6143
6647	6756
6078	4715
3302	2386
2001	1896
1877	1873
1871	1876
1888	1906
1926	1937
1938	1925
1908	1897
1894	1903
1921	1948
1978	2013
2057	2113
2177	2239
2303	2373
2455	2552
2648	2621
2215	1338
136	135
130	130
145	183
248	341
451	561
654	757
969	1438
2228	3215
4172	4910
5358	5563
5648	5699
5738	5754
5762	5814
5971	6268
6691	7196
7688	8091
8428	8794
9248	9734
10156	10459
10660	10816
10969	11086
11102	11027
10913	10777
10586	10314
10003	9743
9596	9556
9568	9583
9576	9546
9500	9380
9003	8168
6928	5687
4876	4637
4886	5499
6217	6532
5976	4661
3270	2368
1993	1892
1875	1869
1869	1879
1903	1938
1974	1997
1994	1971
1938	1916
1907	1911
1928	1952
1981	2018
2067	2126
2190	2251
2312	2381
2460	2549
2623	2572
2160	1301
139	136
133	134
153	196
264	354
460	567
660	755
944	1368
2109	3073
4049	4837
5352	5620
5737	5772
5751	5707
5697	5799
6054	6442
6919	7410
7830	8152
8464	8887
9418	9924
10288	10503
10644	10786
10931	11007
10971	10865
10756	10657
10538	10394
10267	10205
10206	10222
10211	10167
10109	10069
10073	10048
9727	8773
7187	5483
4273	3790
3973	4686
5633	6195
5800	4561
3210	2341
1983	1889
1871	1867
1870	1888
1923	1973
2023	2055
2053	2019
1975	1942
1927	1928
1937	1955
1979	2012
2059	2119
2185	2248
2312	2383
2462	2540
2594	2520
2100	1261
144	144
144	151
174	220
288	372
471	575
668	765
941	1331
2030	2974
3970	4815
5397	5716
5833	5815
5731	5651
5664	5835
6166	6601
7067	7494
7826	8097
8450	8976
9574	10057
10334	10471
10586	10738
10881	10922
10829	10691
10597	10571
10586	10623
10682	10759
10818	10810
10725	10602
10495	10457
10516	10568
10267	9188
7315	5257
3742	3060
3162	3924
5040	5810
5568	4415
3122	2298
1967	1885
1874	1874
1880	1903
1946	2005
2066	2106
2104	2064
2010	1971
1953	1949
1951	1957
1970	1998
2039	2098
2165	2234
2306	2383
2460	2527
2562	2468
2043	1226
153	155
162	178
208	256
319	395
486	584
678	781
957	1330
2004	2935
3945	4836
5473	5818
5907	5831
5701	5622
5683	5921
6288	6717
7136	7486
7744	8010
8437	9058
9691	10123
10327	10427
10554	10730
10869	10868
10722	10549
10474	10529
10685	10884
11074	11214
11270	11209
11058	10879
10748	10724
10830	10926
10611	9414
7344	5079
3399	2603
2638	3398
4591	5482
5342	4258
3023	2246
1946	1881
1879	1886
1896	1923
1969	2031
2098	2141
2141	2097
2039	1996
1976	1968
1962	1958
1961	1978
2016	2072
2142	2217
2299	2383
2457	2516
2536	2426
1999	1200
159	166
179	201
236	284
345	414
498	592
686	793
971	1340
2002	2927
3949	4869
5536	5888
5949	5831
5679	5617
5725	6002
6378	6780
7154	7450
7673	7949
8438	9117
9754	10147
10312	10406
10557	10753
10885	10850
10664	10467
10403	10518
10768	11061
11312	11470
11503	11407
11220	11017
10880	10872
11006	11120
10780	9506
7330	4977
3238	2400
2397	3138
4349	5285
5191	4146
2951	2209
1930	1877
1883	1894
1908	1936
1982	2046
2113	2159
2159	2115
2055	2010
1989	1980
1971	1959
1954	1966
2001	2057
2125	2205
2296	2384
2457	2507
2518	2402
1994	1264
