5689	5736
5821	5927
6016	6032
5931	5769
5724	5927
6314	6708
6997	7143
7150	7082
7062	7170
7334	7394
7287	7127
7102	7282
7628	8035
8365	8517
8522	8421
8203	7879
7538	7280
7138	7069
6998	6882
6730	6596
6525	6504
6482	6418
6317	6206
6104	6013
5924	5832
5749	5689
5669	5707
5776	5865
5938	5948
5862	5730
5717	5947
6345	6738
7023	7166
7175	7119
7126	7252
7405	7433
7295	7142
7168	7417
7788	8151
8389	8459
8408	8275
8045	7726
7398	7149
7009	6940
6877	6775
6640	6516
6449	6427
6403	6341
6247	6146
6056	5974
5886	5798
5721	5665
5620	5649
5704	5773
5831	5838
5765	5668
5702	5973
6401	6807
7092	7232
7243	7209
7243	7376
7496	7459
7266	7101
7165	7475
7872	8198
8359	8359
8257	8092
7850	7537
7221	6983
6843	6773
6718	6633
6516	6407
6346	6325
6298	6236
6149	6061
5988	5916
5835	5750
5675	5618
5548	5570
5613	5670
5717	5721
5666	5607
5697	6028
6504	6936
7217	7337
7335	7317
7375	7502
7569	7458
7199	6998
7068	7402
7815	8122
8251	8221
8096	7911
7659	7346
7042	6813
6675	6604
6553	6479
6377	6283
6231	6210
6182	6122
6043	5971
5911	5849
5775	5693
5617	5552
5464	5483
5518	5565
5605	5616
5589	5586
5743	6136
6650	7089
7337	7404
7373	7362
7438	7557
7581	7408
7093	6854
6902	7235
7648	7952
8080	8053
7928	7736
7473	7161
6863	6638
6507	6441
6394	6328
6238	6154
6108	6086
6055	6000
5938	5884
5839	5784
5714	5632
5547	5474
5380	5397
5429	5467
5507	5534
5560	5640
5872	6297
6801	7189
7361	7350
7284	7281
7384	7506
7503	7289
6939	6677
6706	7029
7436	7735
7866	7854
7738	7548
7283	6968
6669	6452
6331	6277
6240	6180
6096	6020
5973	5945
5913	5870
5827	5795
5764	5717
5647	5559
5466	5386
5298	5319
5348	5386
5427	5487
5588	5767
6071	6496
6928	7208
7268	7177
7085	7103
7236	7375
7362	7126
6756	6478
6497	6812
7210	7497
7625	7616
7515	7333
7074	6763
6468	6257
6148	6110
6084	6029
5948	5873
5824	5793
5762	5731
5710	5699
5678	5635
5566	5474
5379	5298
5226	5249
5282	5320
5377	5477
5651	5914
6261	6651
6977	7123
7069	6915
6814	6861
7028	7187
7175	6929
6553	6269
6280	6585
6971	7243
7353	7342
7250	7086
6845	6551
6271	6071
5975	5947
5926	5875
5796	5722
5670	5636
5611	5599
5601	5604
5589	5545
5473	5384
5293	5219
5169	5193
5229	5276
5352	5492
5718	6016
6356	6675
6878	6894
6750	6566
6478	6555
6746	6913
6905	6671
6310	6036
6046	6341
6718	6973
7064	7043
6957	6817
6608	6344
6086	5901
5809	5783
5760	5708
5632	5560
5512	5483
5472	5481
5503	5516
5498	5446
5372	5289
5209	5153
5123	5146
5184	5242
5343	5516
5763	6055
6345	6567
6645	6548
6347	6169
6121	6231
6431	6586
6570	6350
6023	5775
5791	6086
6458	6702
6774	6738
6658	6539
6362	6131
5900	5726
5635	5598
5568	5515
5448	5388
5350	5336
5345	5376
5413	5429
5403	5338
5259	5184
5124	5091
5077	5097
5134	5201
5321	5510
5753	6012
6238	6364
6331	6157
5943	5806
5818	5965
6164	6293
6255	6040
5738	5516
5544	5840
6212	6448
6506	6458
6376	6270
6116	5910
5698	5532
5435	5384
5344	5295
5239	5200
5185	5192
5224	5274
5319	5333
5295	5220
5135	5067
5026	5020
5020	5036
5072	5142
5261	5437
5647	5857
6017	6063
5963	5764
5578	5506
5582	5763
5961	6065
6004	5783
5492	5285
5325	5626
5994	6224
6274	6218
6131	6029
5887	5694
5490	5324
5217	5155
5112	5069
5031	5014
5019	5050
5101	5162
5213	5225
5182	5100
5012	4946
4920	4936
4952	4966
5001	5069
5174	5307
5457	5603
5695	5680
5551	5372
5243	5236
5354	5553
5748	5845
5778	5562
5285	5095
5141	5439
5798	6022
6067	6011
5926	5827
5690	5506
5304	5131
5016	4949
4909	4879
4857	4855
4877	4919
4975	5039
5092	5105
5065	4984
4894	4827
4810	4846
4886	4900
4939	5005
5084	5162
5244	5320
5346	5283
5147	5003
4925	4952
5085	5283
5477	5586
5544	5354
5103	4929
4978	5263
5609	5824
5871	5819
5740	5649
5523	5350
5150	4974
4852	4788
4759	4745
4742	4752
4776	4815
4862	4919
4970	4988
4953	4875
4786	4720
4713	4770
4835	4852
4895	4962
5019	5051
5076	5089
5058	4957
4820	4698
4644	4679
4803	4992
5196	5332
5323	5166
4942	4782
4829	5102
5438	5652
5700	5652
5578	5499
5391	5230
5036	4860
4740	4681
4664	4671
4684	4705
4729	4752
4780	4826
4875	4897
4865	4788
4697	4636
4650	4730
4808	4828
4876	4943
4986	4989
4976	4950
4883	4762
4621	4508
4457	4486
4601	4790
5007	5164
5178	5041
4830	4679
4723	4991
5324	5537
5587	5541
5471	5401
5306	5156
4971	4797
4678	4622
4617	4636
4665	4693
4713	4725
4739	4776
4824	4848
4817	4737
4645	4599
4698	5015
