13065	13065
13065	13065
13065	13068
13078	13093
13110	13121
13126	13128
13131	13135
13144	13159
13173	13189
13202	13215
13223	13228
13230	13231
13232	13233
13232	13226
13198	13057
12613	11715
10585	9920
10253	11315
12360	12960
13179	13227
13232	13233
13234	13235
13235	13231
13228	13222
13210	13192
13175	13158
13141	13115
13085	13053
13020	12985
12946	12909
12878	12856
12837	12817
12796	12778
12761	12744
12725	12708
12689	12667
12647	12634
12628	12618
12596	12561
12522	12482
12448	12421
12402	12383
12364	12343
12316	12279
12239	12206
12187	12172
12159	12143
12126	12107
12089	12071
12051	12027
12018	12074
12279	12637
13117	13117
13117	13117
13118	13122
13133	13147
13163	13173
13179	13182
13184	13189
13198	13212
13227	13240
13250	13255
13259	13260
13260	13260
13260	13260
13260	13255
13221	13057
12572	11644
10556	10011
10452	11520
12499	13032
13216	13257
13259	13261
13262	13263
13263	13263
13263	13262
13256	13240
13223	13208
13191	13170
13141	13110
13078	13041
13003	12965
12933	12909
12888	12868
12846	12825
12807	12787
12769	12753
12736	12718
12699	12685
12675	12660
12635	12600
12562	12528
12499	12476
12456	12437
12416	12394
12366	12330
12290	12257
12237	12219
12200	12180
12160	12139
12119	12100
12080	12057
12049	12109
12319	12687
13192	13192
13192	13192
13193	13197
13205	13217
13230	13239
13244	13245
13248	13254
13264	13276
13290	13301
13306	13307
13307	13303
13302	13301
13301	13301
13300	13292
13245	13047
12504	11540
10521	10141
10713	11782
12671	13123
13269	13299
13301	13302
13304	13304
13305	13307
13308	13309
13306	13295
13281	13267
13254	13235
13211	13182
13151	13115
13077	13040
13008	12982
12959	12936
12910	12887
12867	12846
12827	12814
12800	12786
12770	12754
12738	12714
12684	12650
12618	12590
12566	12547
12529	12506
12482	12457
12427	12393
12357	12326
12303	12282
12257	12231
12207	12182
12159	12137
12115	12093
12089	12153
12371	12751
13269	13269
13269	13269
13269	13271
13276	13286
13294	13300
13303	13306
13307	13311
13321	13334
13348	13357
13361	13360
13357	13354
13352	13351
13351	13349
13346	13333
13267	13025
12416	11419
10485	10285
10990	12047
12843	13215
13329	13349
13352	13353
13354	13354
13354	13355
13356	13355
13350	13339
13329	13319
13310	13297
13278	13254
13226	13193
13158	13125
13094	13067
13039	13012
12984	12956
12932	12909
12893	12881
12872	12860
12847	12826
12802	12772
12740	12707
12679	12657
12637	12618
12600	12575
12547	12516
12484	12451
12421	12396
12373	12347
12316	12284
12254	12226
12200	12175
12153	12133
12132	12204
12428	12814
13335	13335
13335	13335
13335	13336
13339	13344
13348	13352
13354	13354
13356	13360
13369	13383
13396	13405
13410	13410
13408	13407
13405	13403
13403	13402
13396	13375
13288	12992
12302	11273
10431	10415
11243	12282
12992	13299
13386	13403
13406	13407
13408	13408
13408	13407
13404	13396
13386	13376
13368	13362
13356	13348
13336	13318
13293	13264
13232	13205
13179	13152
13122	13091
13059	13029
13001	12978
12963	12953
12945	12933
12917	12892
12860	12826
12792	12763
12740	12718
12700	12683
12663	12637
12604	12569
12535	12505
12479	12458
12436	12408
12372	12334
12301	12271
12243	12216
12191	12175
12179	12255
12482	12872
13388	13388
13388	13388
13389	13390
13391	13392
13393	13394
13396	13397
13400	13405
13415	13428
13442	13451
13457	13460
13460	13460
13459	13458
13458	13455
13449	13420
13301	12934
12147	11075
10332	10501
11444	12475
13115	13374
13444	13457
13461	13462
13463	13464
13462	13458
13449	13439
13426	13414
13405	13400
13396	13391
13383	13369
13347	13320
13295	13276
13256	13231
13200	13166
13133	13100
13071	13049
13034	13024
13014	13001
12978	12947
12911	12875
12842	12816
12795	12774
12756	12738
12717	12690
12654	12617
12583	12553
12531	12512
12492	12461
12423	12383
12349	12319
12290	12263
12237	12220
12227	12305
12535	12923
13434	13434
13434	13434
13434	13434
13434	13434
13434	13436
13439	13443
13449	13455
13466	13479
13494	13504
13510	13513
13515	13514
13514	13514
13514	13511
13501	13457
13296	12833
11927	10810
10171	10526
11588	12619
13214	13441
13501	13512
13514	13517
13518	13519
13516	13510
13500	13485
13469	13455
13445	13439
13434	13430
13424	13410
13390	13364
13345	13331
13317	13297
13264	13228
13193	13160
13133	13111
13096	13087
13074	13056
13028	12992
12953	12916
12883	12860
12839	12821
12801	12783
12764	12737
12703	12667
12633	12604
12581	12560
12540	12510
12471	12430
12397	12370
12345	12319
12291	12271
12276	12354
12583	12972
13485	13485
13485	13485
13485	13485
13484	13483
13482	13484
13490	13497
13507	13516
13526	13539
13550	13560
13566	13568
13569	13568
13568	13567
13568	13564
13548	13483
13260	12681
11641	10483
9962	10504
11681	12727
13296	13503
13557	13567
13569	13572
13574	13576
13574	13564
13551	13535
13520	13504
13490	13478
13471	13466
13461	13448
13427	13404
13385	13374
13363	13343
13309	13271
13234	13203
13178	13158
13142	13130
13118	13098
13066	13028
12988	12952
12921	12897
12878	12857
12839	12821
12802	12777
12748	12716
12686	12655
12627	12604
12582	12553
12514	12475
12444	12422
12402	12377
12347	12321
12320	12398
12630	13023
13541	13541
13541	13541
13541	13541
13541	13540
13540	13543
13550	13561
13574	13584
13593	13603
13613	13620
13624	13625
13625	13625
13624	13624
13623	13618
13591	13498
13199	12485
11308	10127
9739	10461
11743	12807
13363	13560
13611	13621
13623	13626
13629	13631
13628	13618
13602	13586
13570	13550
13531	13517
13508	13503
13494	13481
13461	13437
13418	13405
13393	13370
13337	13298
13262	13234
13211	13191
13176	13163
13151	13129
13098	13059
13021	12987
12956	12934
12914	12894
12874	12855
12838	12816
12791	12764
12737	12704
12670	12641
12618	12589
12551	12514
12485	12467
12450	12427
12392	12359
12355	12432
12671	13073
13603	13604
13605	13605
13606	13607
13606	13605
13606	13608
13616	13629
13643	13653
13659	13665
13669	13672
13675	13676
13676	13676
13677	13676
13674	13664
13626	13498
13116	12258
10954	9777
9537	10427
11795	12874
13417	13608
13656	13666
13669	13671
13676	13680
13676	13662
13645	13628
13611	13590
13570	13553
13543	13535
13528	13513
13492	13467
13446	13429
13414	13389
13356	13321
13288	13263
13242	13222
13206	13192
13180	13162
13131	13094
13058	13025
12998	12975
12957	12936
12914	12893
12874	12853
12830	12809
12782	12747
12708	12676
12648	12619
12582	12544
12514	12494
12476	12451
12417	12382
12376	12457
12705	13119
13659	13660
13662	13664
13666	13667
13668	13669
13669	13672
13680	13692
13703	13711
13715	13717
13718	13719
13719	13719
13719	13720
13720	13721
13717	13701
13650	13486
13019	12029
10619	9471
9383	10425
11859	12932
13460	13639
13684	13695
13700	13704
13709	13712
13707	13693
13673	13656
13639	13619
13596	13580
13570	13562
13551	13537
13517	13493
13471	13452
13432	13408
13378	13347
13321	13297
13277	13254
13235	13221
13209	13190
13164	13132
13100	13072
13048	13028
13008	12985
12959	12935
12910	12887
12864	12842
12816	12781
12741	12706
12675	12643
12605	12564
12531	12504
12482	12457
12424	12395
12393	12478
12731	13153
13693	13694
13698	13704
13709	13714
13717	13719
13720	13724
13729	13736
13744	13750
13751	13751
13749	13748
13747	13747
13749	13750
13753	13754
13749	13728
13664	13464
12919	11813
10328	9236
9301	10472
11941	12989
13486	13652
13696	13705
13711	13718
13725	13727
13721	13704
13682	13664
13647	13629
13612	13600
13591	13582
13567	13549
13529	13507
13488	13467
13446	13424
13403	13381
13359	13335
13309	13283
13261	13244
13231	13213
13190	13163
13139	13118
13102	13084
13065	13038
13008	12976
12945	12914
12886	12863
12838	12807
12767	12728
12695	12658
12619	12578
12541	12512
12487	12463
12436	12412
12413	12498
12749	13172
13698	13701
13709	13720
13731	13740
13744	13748
13750	13752
13755	13759
13763	13765
13765	13765
13763	13763
13763	13763
13764	13765
13769	13771
13764	13741
13667	13437
12824	11627
10106	9090
9300	10569
12044	13047
13506	13655
13692	13702
13709	13717
13724	13727
13719	13700
13676	13657
13642	13628
13618	13612
13606	13592
13572	13550
13532	13513
13497	13478
13459	13441
13427	13412
13390	13366
13336	13305
13278	13260
13245	13227
13209	13188
13173	13159
13147	13134
13114	13085
13047	13007
12968	12930
12898	12874
12851	12822
12784	12745
12708	12671
12633	12594
12557	12528
12505	12484
12461	12438
12439	12517
12759	13172
13677	13683
13695	13713
13733	13747
13755	13758
13761	13761
13762	13764
13764	13764
13764	13763
13763	13763
13763	13763
13763	13765
13767	13768
13764	13740
13661	13401
12725	11460
9937	9019
9361	10701
12156	13105
13521	13652
13684	13693
13701	13709
13715	13718
13710	13690
13666	13645
13629	13622
13621	13619
13612	13595
13569	13544
13525	13511
13497	13482
13464	13451
13441	13429
13411	13383
13351	13317
13289	13269
13253	13237
13220	13204
13193	13185
13177	13163
13143	13111
13070	13026
12981	12941
12908	12882
12861	12832
12796	12758
12720	12685
12651	12615
12581	12555
12536	12517
12494	12470
12462	12533
12764	13161
13649	13656
13671	13696
13720	13739
13748	13752
13754	13755
13755	13753
13751	13749
13747	13747
13747	13747
13747	13747
13747	13749
13749	13749
13748	13727
13640	13350
12613	11296
9790	8980
9442	10830
12257	13152
13533	13650
13676	13684
13690	13698
13704	13707
13698	13680
13655	13632
13618	13613
13617	13617
13607	13586
13556	13530
13512	13499
13488	13475
13461	13452
13444	13432
13414	13386
13355	13322
13294	13274
13259	13244
13228	13216
13207	13199
13188	13172
13149	13115
13074	13031
12988	12949
12917	12892
12869	12840
12804	12767
12733	12703
12671	12637
12606	12582
12564	12546
12520	12492
12479	12542
12763	13147
13618	13624
13641	13667
13695	13716
13726	13730
13731	13731
13730	13727
13723	13719
13718	13718
13718	13718
13719	13719
13718	13717
13716	13716
13716	13697
13603	13282
12485	11121
9643	8935
9499	10924
12328	13183
13537	13641
13663	13670
13675	13680
13685	13686
13680	13664
13643	13621
13607	13601
13603	13601
13587	13561
13531	13505
13488	13478
13470	13460
13452	13444
13436	13422
13402	13378
13350	13321
13296	13278
13263	13248
13233	13223
13214	13202
13186	13164
13135	13101
13062	13024
12987	12953
12923	12899
12876	12845
12808	12773
12743	12717
12686	12652
12620	12598
12580	12560
12533	12502
12487	12547
12760	13131
13586	13593
13608	13631
13655	13673
13683	13687
13689	13689
13688	13685
13681	13679
13677	13677
13677	13677
13677	13678
13678	13677
13675	13675
13675	13656
13553	13200
12352	10947
9491	8865
9512	10969
12358	13188
13527	13624
13644	13648
13652	13654
13657	13656
13651	13641
13624	13604
13589	13581
13578	13570
13554	13526
13495	13470
13453	13447
13442	13435
13430	13423
13413	13398
13381	13360
13337	13312
13289	13271
13256	13243
13228	13216
13205	13191
13170	13140
13108	13074
13038	13007
12976	12947
12921	12898
12874	12841
12804	12770
12743	12718
12687	12652
12620	12598
12578	12556
12527	12495
12483	12542
12748	13112
13554	13560
13569	13586
13604	13617
13625	13630
13633	13636
13636	13636
13635	13635
13635	13635
13635	13635
13637	13638
13639	13638
13635	13634
13632	13610
13499	13120
12225	10783
9339	8777
9490	10974
12359	13176
13505	13597
13617	13621
13623	13623
13622	13618
13613	13605
13593	13578
13563	13554
13544	13531
13511	13483
13453	13430
13415	13408
13406	13403
13399	13393
13384	13369
13351	13334
13314	13292
13269	13253
13238	13224
13209	13195
13184	13167
13140	13107
13071	13037
13005	12977
12951	12926
12903	12882
12857	12824
12788	12757
12733	12709
12678	12641
12608	12585
12564	12539
12505	12475
12467	12527
12733	13089
13525	13527
13532	13541
13551	13560
13567	13572
13578	13583
13586	13591
13593	13596
13596	13597
13597	13598
13601	13605
13608	13608
13605	13602
13597	13573
13454	13056
12122	10641
9202	8688
9458	10973
12357	13163
13484	13574
13593	13599
13598	13594
13586	13578
13570	13562
13553	13542
13529	13517
13505	13491
13470	13441
13412	13389
13375	13369
13366	13364
13361	13356
13347	13333
13319	13303
13286	13264
13243	13225
13210	13193
13177	13164
13150	13131
13103	13070
13037	13002
12969	12940
12916	12892
12872	12853
12830	12800
12767	12740
12719	12696
12665	12629
12595	12569
12546	12517
12483	12452
12444	12507
12711	13064
13492	13493
13496	13501
13506	13511
13517	13524
13534	13540
13547	13552
13556	13559
13561	13561
13561	13564
13569	13578
13584	13589
13587	13583
13576	13549
13426	13010
12040	10525
9083	8611
9438	10985
12370	13163
13472	13558
13576	13582
13581	13572
13557	13538
13523	13514
13508	13502
13491	13477
13464	13448
13428	13401
13374	13351
13337	13329
13326	13322
13316	13311
13305	13295
13283	13271
13255	13235
13212	13193
13177	13160
13141	13125
13111	13091
13065	13035
13006	12973
12937	12902
12875	12853
12837	12820
12800	12775
12747	12724
12706	12687
12657	12622
12588	12559
12530	12498
12462	12433
12426	12491
12695	13042
13453	13453
13454	13456
13459	13463
13471	13482
13495	13504
13510	13514
13518	13520
13521	13521
13523	13526
13533	13545
13558	13564
13565	13561
13555	13529
13402	12972
11969	10418
8969	8533
9414	10999
12390	13169
13464	13543
13561	13566
13563	13549
13525	13499
13478	13466
13461	13457
13450	13438
13423	13406
13386	13362
13335	13312
13297	13288
13280	13273
13266	13257
13252	13246
13239	13230
13215	13195
13175	13156
13139	13120
13102	13085
13069	13048
13026	13003
12976	12944
12904	12865
12834	12814
12797	12784
12767	12746
12722	12703
12690	12673
12647	12615
12580	12547
12514	12479
12443	12413
12411	12477
12677	13011
13392	13392
13394	13398
13401	13408
13417	13432
13445	13456
13461	13464
13467	13469
13469	13470
13472	13476
13487	13500
13512	13522
13525	13526
13522	13497
13367	12921
11883	10294
8833	8427
9364	10987
12386	13156
13443	13518
13536	13541
13537	13519
13490	13459
13434	13420
13414	13411
13406	13393
13376	13360
13343	13318
13291	13267
13251	13239
13228	13215
13204	13195
13190	13185
13180	13172
13160	13144
13126	13111
13094	13076
13055	13037
13021	13001
12982	12962
12940	12907
12864	12821
12788	12767
12753	12740
12726	12706
12687	12672
12660	12645
12622	12591
12556	12521
12485	12450
12415	12391
12390	12458
12649	12964
13309	13310
13315	13323
13332	13341
13352	13366
13379	13387
13392	13396
13396	13396
13396	13398
13403	13412
13424	13436
13446	13454
13459	13462
13463	13438
13303	12838
11766	10135
8662	8283
9269	10933
12345	13112
13395	13470
13488	13494
13489	13470
13441	13409
13384	13368
13360	13355
13347	13334
13319	13305
13287	13262
13234	13208
13188	13171
13156	13140
13127	13117
13112	13107
13103	13095
13083	13073
13061	13050
13036	13017
12996	12978
12962	12944
12925	12908
12887	12854
12810	12764
12729	12709
12694	12683
12668	12651
12634	12620
12606	12593
12571	12542
12508	12472
12436	12401
12372	12350
12355	12421
12602	12896
13203	13206
13215	13227
13241	13254
13265	13276
13287	13293
13296	13297
13298	13297
13299	13304
13314	13328
13341	13351
13356	13362
13365	13369
13371	13345
13203	12719
11610	9943
8451	8098
9133	10835
12263	13032
13315	13391
13409	13415
13411	13393
13368	13340
13317	13297
13284	13274
13263	13253
13239	13225
13206	13180
13150	13120
13096	13074
13056	13042
13032	13027
13022	13017
13006	12994
12982	12973
12968	12963
12951	12933
12913	12895
12879	12861
12844	12827
12806	12774
12728	12682
12648	12627
12613	12601
12588	12570
12552	12538
12524	12509
12489	12463
12431	12395
12357	12323
12298	12281
12286	12348
12519	12795
13059	13064
13074	13091
13108	13121
13132	13140
13146	13150
13153	13153
13154	13154
13157	13166
13182	13202
13217	13225
13228	13230
13231	13234
13233	13203
13053	12550
11410	9705
8196	7857
8935	10679
12129	12906
13190	13267
13286	13292
13287	13274
13252	13230
13208	13188
13167	13151
13137	13126
13116	13102
13082	13054
13022	12991
12962	12938
12917	12906
12903	12902
12900	12892
12877	12859
12843	12835
12833	12831
12820	12804
12785	12768
12752	12734
12717	12700
12679	12647
12602	12557
12524	12504
12491	12480
12465	12446
12426	12410
12395	12379
12359	12336
12307	12270
12233	12201
12176	12158
12162	12220
12382	12645
12860	12863
12872	12887
12903	12917
12925	12930
12934	12936
12937	12938
12940	12942
12947	12958
12977	13000
13015	13023
13024	13024
13025	13027
13024	12990
12832	12308
11137	9398
7867	7538
8653	10441
11920	12709
12997	13076
13095	13100
13095	13083
13065	13046
13026	13004
12979	12957
12942	12932
12922	12909
12887	12858
12825	12793
12763	12738
12720	12711
12712	12715
12716	12706
12687	12665
12643	12634
12632	12631
12622	12607
12587	12570
12553	12535
12515	12496
12477	12446
12405	12363
12333	12314
12300	12287
12270	12247
12226	12206
12192	12176
12158	12138
12110	12073
12033	12000
11974	11955
11954	12006
12160	12414
12568	12571
12576	12585
12597	12610
12618	12623
12625	12626
12627	12629
12634	12641
12648	12661
12680	12701
12717	12724
12727	12727
12729	12732
12729	12693
12520	11973
10769	8998
7454	7140
8290	10117
11624	12424
12717	12796
12813	12816
12809	12797
12780	12762
12743	12721
12693	12668
12650	12639
12631	12615
12591	12559
12526	12497
12472	12450
12434	12430
12437	12445
12447	12437
12415	12388
12362	12349
12342	12339
12329	12310
12286	12265
12248	12230
12209	12188
12166	12140
12106	12073
12046	12027
12011	11992
11967	11940
11916	11896
11881	11868
11855	11837
11810	11770
11727	11688
11657	11632
11625	11671
11821	12073
12181	12181
12181	12185
12192	12204
12214	12220
12221	12221
12221	12227
12235	12248
12262	12279
12296	12312
12323	12329
12332	12333
12336	12340
12340	12303
12120	11549
10314	8526
6993	6709
7891	9739
11255	12059
12351	12426
12438	12433
12421	12404
12388	12371
12354	12334
12309	12283
12264	12252
12241	12222
12189	12149
12112	12086
12069	12056
12047	12050
12064	12079
12084	12073
12048	12017
11987	11965
11953	11941
11922	11893
11861	11835
11818	11801
11781	11759
11739	11722
11701	11679
11658	11637
11613	11580
11545	11510
11483	11465
11454	11447
11440	11425
11395	11349
11298	11253
11216	11185
11173	11213
11362	11625
11729	11728
11725	11724
11729	11740
11752	11758
11758	11756
11756	11764
11777	11796
11817	11836
11851	11862
11867	11868
11868	11868
11871	11877
11880	11844
11655	11069
9826	8053
6563	6323
7523	9361
10856	11643
11924	11991
11995	11982
11963	11944
11924	11909
11895	11881
11859	11837
11818	11803
11787	11758
11714	11659
11613	11586
11573	11569
11570	11587
11614	11640
11652	11639
11612	11575
11538	11507
11483	11461
11432	11390
11344	11311
11295	11282
11263	11241
11228	11224
11221	11214
11199	11176
11141	11096
11047	11007
10978	10963
10956	10953
10951	10939
10908	10857
10799	10749
10710	10680
10666	10700
10847	11128
11288	11286
11282	11279
11283	11293
11304	11308
11304	11299
11300	11309
11326	11350
11374	11395
11408	11413
11414	11411
11407	11404
11406	11410
11414	11380
11193	10611
9383	7654
6230	6044
7247	9043
10484	11231
11492	11552
11552	11535
11516	11496
11478	11463
11451	11440
11422	11400
11380	11364
11340	11299
11237	11171
11116	11085
11073	11073
11086	11114
11157	11193
11209	11198
11168	11128
11085	11045
11011	10981
10942	10892
10839	10802
10786	10776
10756	10735
10729	10739
10756	10764
10756	10732
10690	10636
10581	10539
10515	10502
10497	10494
10493	10481
10452	10400
10343	10292
10258	10235
10220	10238
10372	10672
10941	10939
10935	10931
10933	10943
10953	10953
10946	10938
10939	10950
10970	10995
11020	11040
11052	11053
11051	11045
11040	11036
11037	11040
11044	11013
10832	10264
9062	7385
6025	5883
7079	8821
10195	10894
11132	11186
11190	11182
11172	11158
11143	11128
11115	11101
11080	11054
11031	11011
10981	10932
10863	10790
10732	10698
10684	10684
10700	10737
10787	10829
10848	10835
10805	10764
10719	10674
10635	10602
10566	10517
10467	10431
10413	10399
10377	10356
10355	10376
10403	10420
10419	10398
10357	10305
10255	10217
10196	10185
10178	10172
10164	10152
10123	10077
10024	9979
9950	9931
9909	9898
10015	10350
10741	10740
10737	10732
10734	10742
10750	10748
10739	10730
10731	10743
10764	10789
10815	10833
10843	10846
10843	10838
10832	10830
10831	10833
10837	10807
10633	10075
8893	7249
5927	5812
7002	8702
10028	10690
10913	10966
10978	10980
10979	10973
10962	10947
10931	10911
10882	10852
10824	10803
10770	10719
10648	10577
10523	10487
10472	10471
10487	10523
10574	10617
10634	10623
10591	10550
10504	10461
10423	10392
10360	10320
10277	10244
10224	10204
10177	10155
10154	10179
10209	10230
10232	10215
10182	10136
10091	10058
10041	10031
10021	10009
9998	9981
9951	9909
9863	9824
9798	9777
9744	9738
10107	11335
