16266	16266
16266	16266
16266	16266
16266	16266
16266	16266
16266	16266
16266	16266
16266	16266
16266	16266
16266	16266
16266	16266
16266	16266
16266	16266
16266	16266
16266	16266
16266	16266
16266	16266
16266	16266
16266	16266
16266	16266
16266	16266
16266	16266
16266	16266
16266	16266
16266	16266
16266	16266
16266	16266
16266	16266
16266	16266
16266	16266
16266	16266
16266	16266
16266	16266
16266	16266
16266	16266
16266	16266
16266	16266
16266	16266
16266	16266
16266	16266
16266	16266
16266	16266
16266	16266
16266	16266
16266	16266
16266	16266
16266	16266
16266	16266
16266	16266
16266	16266
16266	16266
16266	16266
16266	16266
16266	16266
16266	16266
16266	16266
16266	16266
16266	16266
16266	16266
16266	16266
16266	16266
16266	16266
16266	16266
16266	16266
16266	16266
16266	16266
16266	16266
16266	16266
16266	16266
16266	16266
16266	16266
16266	16266
16266	16266
16266	16266
16266	16266
16266	16266
16266	16266
16266	16266
16266	16266
16266	16266
16266	16266
16266	16266
16266	16266
16266	16266
16266	16266
16266	16266
16266	16266
16266	16266
16266	16266
16266	16266
16266	16266
16266	16266
16266	16266
16266	16266
16266	16266
16266	16266
16266	16266
16266	16266
16266	16266
16266	16266
16266	16266
16266	16266
16266	16266
16266	16266
16266	16266
16266	16266
16266	16266
16266	16266
16266	16266
16266	16266
16266	16266
16266	16266
16266	16266
16266	16266
16266	16266
16266	16266
16266	16266
16266	16266
16266	16266
16266	16266
16266	16266
16266	16266
16266	16266
16266	16266
16266	16266
16266	16266
16266	16266
16266	16266
16266	16266
16266	16266
16266	16266
16266	16266
16266	16266
16266	16266
16266	16266
16266	16266
16266	16266
16266	16266
16266	16266
16266	16266
16266	16266
16266	16266
16266	16266
16266	16266
16266	16266
16266	16266
16266	16266
16266	16266
16266	16266
16266	16266
16266	16266
16266	16266
16266	16266
16266	16266
16266	16266
16266	16266
16266	16266
16266	16266
16266	16266
16266	16266
16266	16266
16266	16266
16266	16266
16266	16266
16266	16266
16266	16266
16266	16266
16266	16266
16266	16266
16266	16266
16266	16266
16266	16266
16266	16266
16266	16266
16266	16266
16266	16266
16266	16266
16266	16266
16266	16266
16266	16266
16266	16266
16266	16266
16266	16266
16266	16266
16266	16266
16266	16266
16266	16266
16266	16266
16266	16266
16266	16266
16266	16266
16266	16266
16266	16266
16266	16266
16266	16266
16266	16266
16266	16266
16266	16266
16266	16266
16266	16266
16266	16266
16266	16266
16266	16266
16266	16266
16266	16266
16266	16266
16266	16266
16266	16266
16266	16266
16266	16266
16266	16266
16266	16266
16266	16266
16266	16266
16266	16266
16266	16266
16266	16266
16266	16266
16266	16266
16266	16266
16266	16266
16266	16266
16266	16266
16266	16266
16266	16266
16266	16266
16266	16266
16266	16266
16266	16266
16266	16266
16266	16266
16266	16266
16266	16266
16266	16266
16266	16266
16266	16266
16266	16266
16266	16266
16266	16266
16266	16266
16266	16266
16266	16266
16266	16266
16266	16266
16266	16266
16266	16266
16266	16266
16266	16266
16266	16266
16266	16266
16266	16266
16266	16266
16266	16266
16266	16266
16266	16266
16266	16266
16266	16266
16266	16266
16266	16266
16266	16266
16266	16266
16266	16266
16266	16266
16266	16266
16266	16266
16266	16266
16266	16266
16266	16266
16266	16266
16266	16266
16266	16266
16266	16266
16266	16266
16266	16266
16266	16266
16266	16266
16266	16266
16266	16266
16266	16266
16266	16266
16266	16266
16266	16266
16266	16266
16266	16266
16266	16266
16266	16266
16266	16266
16266	16266
16266	16266
16266	16266
16266	16266
16266	16266
16266	16266
16266	16266
16266	16266
16266	16266
16266	16266
16266	16266
16266	16266
16266	16266
16266	16266
16266	16266
16266	16266
16266	16266
16266	16266
16266	16266
16266	16266
16266	16266
16266	16266
16266	16266
16266	16266
16266	16266
16266	16266
16266	16266
16266	16266
16266	16266
16266	16266
16266	16266
16266	16266
16266	16266
16266	16266
16266	16266
16266	16266
16266	16266
16266	16266
16266	16266
16266	16266
16266	16266
16266	16266
16266	16266
16266	16266
16266	16266
16266	16266
16266	16266
16266	16266
16266	16266
16266	16266
16266	16266
16266	16266
16266	16266
16266	16266
16266	16266
16266	16266
16266	16266
16266	16266
16266	16266
16266	16266
16266	16266
16266	16266
16266	16266
16266	16266
16266	16266
16266	16266
16266	16266
16266	16266
16266	16266
16266	16266
16266	16266
16266	16266
16266	16266
16266	16266
16266	16266
16266	16266
16266	16266
16266	16266
16266	16266
16266	16266
16266	16266
16266	16266
16266	16266
16266	16266
16266	16266
16266	16266
16266	16266
16266	16266
16266	16266
16266	16266
16266	16266
16266	16266
16266	16266
16266	16266
16266	16266
16266	16266
16266	16266
16266	16266
16266	16266
16266	16266
16266	16266
16266	16266
16266	16266
16266	16266
16266	16266
16266	16266
16266	16266
16266	16266
16266	16266
16266	16266
16266	16266
16266	16266
16266	16266
16266	16266
16266	16266
16266	16266
16266	16266
16266	16266
16266	16266
16266	16266
16266	16266
16266	16266
16266	16266
16266	16266
16266	16266
16266	16266
16266	16266
16266	16266
16266	16266
16266	16266
16266	16266
16266	16266
16266	16266
16266	16266
16266	16266
16266	16266
16266	16266
16266	16266
16266	16266
16266	16266
16266	16266
16266	16266
16266	16266
16266	16266
16266	16266
16266	16266
16266	16266
16266	16266
16266	16266
16266	16266
16266	16266
16266	16266
16266	16266
16266	16266
16266	16266
16266	16266
16266	16266
16266	16266
16266	16266
16266	16266
16266	16266
16266	16266
16266	16266
16266	16266
16266	16266
16266	16266
16266	16266
16266	16266
16266	16266
16266	16266
16266	16266
16266	16266
16266	16266
16266	16266
16266	16266
16266	16266
16266	16266
16266	16266
16266	16266
16266	16266
16266	16266
16266	16266
16266	16266
16266	16266
16266	16266
16266	16266
16266	16266
16266	16266
16266	16266
16266	16266
16266	16266
16266	16266
16266	16266
16266	16266
16266	16266
16266	16266
16266	16266
16266	16266
16266	16266
16266	16266
16266	16266
16266	16266
16266	16266
16266	16266
16266	16266
16266	16266
16266	16266
16266	16266
16266	16266
16266	16266
16266	16266
16266	16266
16266	16266
16266	16266
16266	16266
16266	16266
16266	16266
16266	16266
16266	16266
16266	16266
16266	16266
16266	16266
16266	16266
16266	16266
16266	16266
16266	16266
16266	16266
16266	16266
16266	16266
16266	16266
16266	16266
16266	16266
16266	16266
16266	16266
16266	16266
16266	16266
16266	16266
16266	16266
16266	16266
16266	16266
16266	16266
16266	16266
16266	16266
16266	16266
16266	16266
16266	16266
16266	16266
16266	16266
16266	16266
16266	16266
16266	16266
16266	16266
16266	16266
16266	16266
16266	16266
16266	16266
16266	16266
16266	16266
16266	16266
16266	16266
16266	16266
16266	16266
16266	16266
16266	16266
16266	16266
16266	16266
16266	16266
16266	16266
16266	16266
16266	16266
16266	16266
16266	16266
16266	16266
16266	16266
16266	16266
16266	16266
16266	16266
16266	16266
16266	16266
16266	16266
16266	16266
16266	16266
16266	16266
16266	16266
16266	16266
16266	16266
16266	16266
16266	16266
16266	16266
16266	16266
16266	16266
16266	16266
16266	16266
16266	16266
16266	16266
16266	16266
16266	16266
16266	16266
16266	16266
16266	16266
16266	16266
16266	16266
16266	16266
16266	16266
16266	16266
16266	16266
16266	16266
16266	16266
16266	16266
16266	16266
16266	16266
16266	16266
16266	16266
16266	16266
16266	16266
16266	16266
16266	16266
16266	16266
16266	16266
16266	16266
16266	16266
16266	16266
16266	16266
16266	16266
16266	16266
16266	16266
16266	16266
16266	16266
16266	16266
16266	16266
16266	16266
16266	16266
16266	16266
16266	16266
16266	16266
16266	16266
16266	16266
16266	16266
16266	16266
16266	16266
16266	16266
16266	16266
16266	16266
16266	16266
16266	16266
16266	16266
16266	16266
16266	16266
16266	16266
16266	16266
16266	16266
16266	16266
16266	16266
16266	16266
16266	16266
16266	16266
16266	16266
16266	16266
16266	16266
16266	16266
16266	16266
16266	16266
16266	16265
16265	16264
16264	16264
16263	16263
16264	16264
16264	16264
16265	16265
16266	16266
16266	16266
16266	16266
16266	16266
16266	16266
16266	16266
16266	16266
16266	16266
16266	16266
16266	16266
16266	16266
16266	16266
16266	16266
16266	16266
16266	16266
16266	16266
16266	16266
16266	16266
16266	16266
16266	16266
16266	16266
16266	16266
16266	16266
16266	16266
16266	16266
16266	16266
16266	16266
16266	16266
16266	16266
16266	16266
16266	16266
16266	16266
16266	16266
16266	16266
16266	16266
16266	16266
16266	16266
16266	16266
16266	16266
16266	16266
16266	16266
16266	16266
16266	16266
16266	16266
16266	16266
16265	16264
16262	16261
16260	16258
16257	16257
16258	16260
16261	16262
16263	16264
16265	16265
16266	16266
16266	16266
16266	16266
16266	16266
16266	16266
16266	16266
16266	16266
16266	16266
16266	16266
16266	16266
16266	16266
16266	16266
16266	16266
16266	16266
16266	16266
16266	16266
16266	16266
16266	16266
16266	16266
16266	16266
16266	16266
16266	16266
16266	16266
16266	16266
16266	16266
16266	16266
16266	16266
16266	16266
16266	16266
16266	16266
16266	16266
16266	16266
16266	16266
16266	16266
16266	16266
16266	16266
16266	16266
16266	16266
16266	16266
16266	16266
16266	16266
16266	16266
16266	16266
16266	16265
16263	16260
16257	16253
16251	16249
16247	16247
16250	16251
16253	16255
16258	16260
16263	16265
16266	16266
16266	16266
16266	16266
16266	16266
16266	16266
16266	16266
16266	16266
16266	16266
16266	16266
16266	16266
16266	16266
16266	16266
16266	16266
16266	16266
16266	16266
16266	16266
16266	16266
16266	16266
16266	16266
16266	16266
16266	16266
16266	16266
16266	16266
16266	16266
16266	16266
16266	16266
16266	16266
16266	16266
16266	16266
16266	16266
16266	16266
16266	16266
16266	16266
16266	16266
16266	16266
16266	16266
16266	16266
16266	16266
16266	16266
16266	16266
16266	16266
16266	16266
16265	16265
16264	16262
16259	16255
16248	16244
16239	16236
16234	16235
16237	16240
16244	16246
16250	16254
16259	16263
16265	16266
16266	16266
16266	16266
16266	16266
16266	16266
16266	16266
16266	16266
16266	16266
16266	16266
16266	16266
16266	16266
16266	16266
16266	16266
16266	16266
16266	16266
16266	16266
16266	16266
16266	16266
16266	16266
16266	16266
16266	16266
16266	16266
16266	16266
16266	16266
16266	16266
16266	16266
16266	16266
16266	16266
16266	16266
16266	16266
16266	16266
16266	16266
16266	16266
16266	16266
16266	16266
16266	16266
16266	16266
16266	16266
16266	16266
16266	16266
16266	16266
16266	16265
16265	16264
16262	16260
16256	16249
16242	16235
16230	16226
16223	16223
16226	16230
16234	16238
16244	16250
16257	16263
16265	16266
16266	16266
16266	16266
16266	16266
16266	16266
16266	16266
16266	16266
16266	16266
16266	16266
16266	16266
16266	16266
16266	16266
16266	16266
16266	16266
16266	16266
16266	16266
16266	16266
16266	16266
16266	16266
16266	16266
16266	16266
16266	16266
16266	16266
16266	16266
16266	16266
16266	16266
16266	16266
16266	16266
16266	16266
16266	16266
16266	16266
16266	16266
16266	16266
16266	16266
16266	16266
16266	16266
16266	16266
16266	16266
16266	16266
16266	16266
16266	16266
16266	16265
16263	16260
16256	16252
16248	16240
16232	16224
16216	16211
16211	16211
16214	16221
16226	16232
16239	16246
16255	16260
16265	16265
16266	16266
16266	16266
16266	16266
16266	16266
16266	16266
16266	16266
16266	16266
16266	16266
16266	16266
16266	16266
16266	16266
16266	16266
16266	16266
16266	16266
16266	16266
16266	16266
16266	16266
16266	16266
16266	16266
16266	16266
16266	16266
16266	16266
16266	16266
16266	16266
16266	16266
16266	16266
16266	16266
16266	16266
16266	16266
16266	16266
16266	16266
16266	16266
16266	16266
16266	16266
16266	16266
16266	16266
16266	16266
16266	16266
16266	16266
16266	16266
16265	16263
16258	16252
16243	16234
16224	16211
16197	16185
16174	16169
16170	16176
16183	16192
16203	16215
16228	16239
16250	16258
16264	16265
16266	16266
16266	16266
16266	16266
16266	16266
16266	16266
16266	16266
16266	16266
16266	16266
16266	16266
16266	16266
16266	16266
16266	16266
16266	16266
16266	16266
16266	16266
16266	16266
16266	16266
16266	16266
16266	16266
16266	16266
16266	16266
16266	16266
16266	16266
16266	16266
16266	16266
16266	16266
16266	16266
16266	16266
16266	16266
16266	16266
16266	16266
16266	16266
16266	16266
16266	16266
16266	16266
16266	16266
16266	16266
16266	16266
16266	16266
16265	16265
16262	16256
16245	16227
16201	16169
16133	16094
16055	16021
15999	15997
16011	16033
16059	16087
16118	16151
16183	16210
16232	16248
16258	16263
16265	16265
16266	16266
16266	16266
16266	16266
16266	16266
16266	16266
16266	16266
16266	16266
16266	16266
16266	16266
16266	16266
16266	16266
16266	16266
16266	16266
16266	16266
16266	16266
16266	16266
16266	16266
16266	16266
16266	16266
16266	16266
16266	16266
16266	16266
16266	16266
16266	16266
16266	16266
16266	16266
16266	16266
16266	16266
16266	16266
16266	16266
16266	16266
16266	16266
16266	16266
16266	16266
16266	16266
16266	16265
16265	16264
16262	16261
16259	16253
16243	16223
16186	16129
16045	15941
15820	15693
15578	15489
15443	15449
15497	15572
15651	15733
15825	15918
16007	16084
16146	16193
16223	16241
16250	16255
16260	16261
16262	16263
16263	16263
16263	16263
16263	16263
16264	16265
16266	16266
16266	16266
16266	16266
16266	16266
16266	16266
16266	16266
16266	16266
16266	16266
16266	16266
16266	16266
16266	16266
16266	16266
16266	16266
16266	16266
16266	16266
16266	16266
16266	16266
16266	16266
16266	16266
16266	16266
16266	16266
16266	16266
16266	16266
16266	16266
16266	16266
16266	16266
16266	16266
16266	16266
16266	16265
16265	16263
16259	16254
16248	16240
16225	16198
16151	16072
15951	15775
15544	15261
14953	14652
14399	14220
14140	14170
14287	14451
14635	14825
15030	15247
15463	15663
15833	15969
16070	16139
16183	16211
16227	16238
16245	16249
16251	16253
16254	16255
16255	16258
16261	16264
16265	16266
16266	16266
16266	16266
16266	16266
16266	16266
16266	16266
16266	16266
16266	16266
16266	16266
16266	16266
16266	16266
16266	16266
16266	16266
16266	16266
16266	16266
16266	16266
16266	16266
16266	16266
16266	16266
16266	16266
16266	16266
16266	16266
16266	16266
16266	16266
16266	16266
16266	16266
16266	16266
16266	16266
16265	16264
16262	16257
16247	16232
16205	16164
16095	15984
15812	15569
15238	14823
14329	13780
13226	12728
12341	12091
12001	12070
12267	12536
12833	13143
13478	13848
14245	14640
15006	15329
15595	15796
15938	16033
16100	16152
16186	16208
16221	16228
16235	16238
16240	16246
16253	16260
16264	16265
16266	16266
16266	16266
16266	16266
16266	16266
16266	16266
16266	16266
16266	16266
16266	16266
16266	16266
16266	16266
16266	16266
16266	16266
16266	16266
16266	16266
16266	16266
16266	16266
16266	16266
16266	16266
16266	16266
16266	16266
16266	16266
16266	16266
16266	16266
16266	16266
16266	16266
16266	16266
16266	16265
16264	16262
16256	16245
16219	16168
16079	15931
15696	15358
14905	14344
13694	12977
12223	11472
10785	10226
9834	9615
9567	9679
9923	10247
10600	10955
11337	11789
12317	12885
13463	14024
14531	14949
15264	15502
15700	15868
15999	16089
16144	16179
16203	16214
16222	16231
16245	16256
16262	16265
16266	16266
16266	16266
16266	16266
16266	16266
16266	16266
16266	16266
16266	16266
16266	16266
16266	16266
16266	16266
16266	16266
16266	16266
16266	16266
16266	16266
16266	16266
16266	16266
16266	16266
16266	16266
16266	16266
16266	16266
16266	16266
16266	16266
16266	16266
16266	16266
16266	16266
16266	16266
16266	16265
16262	16257
16245	16214
16141	15995
15735	15326
14742	13996
13129	12205
11282	10405
9603	8904
8340	7944
7712	7619
7646	7783
8020	8328
8648	8944
9255	9652
10162	10760
11423	12127
12817	13418
13911	14341
14755	15155
15502	15764
15946	16066
16141	16181
16202	16219
16238	16252
16262	16265
16266	16266
16266	16266
16266	16266
16266	16266
16266	16266
16266	16266
16266	16266
16266	16266
16266	16266
16266	16266
16266	16266
16266	16266
16266	16266
16266	16266
16266	16266
16266	16266
16266	16266
16266	16266
16266	16266
16266	16266
16266	16266
16266	16266
16266	16266
16266	16266
16266	16266
16266	16266
16265	16261
16254	16237
16202	16113
15914	15534
14922	14061
12986	11787
10588	9497
8575	7830
7253	6837
6574	6452
6434	6477
6565	6703
6905	7156
7405	7615
7818	8094
8474	8947
9510	10154
10816	11411
11936	12478
13108	13806
14475	15034
15463	15771
15977	16096
16162	16201
16231	16251
16261	16265
16266	16266
16266	16266
16266	16266
16266	16266
16266	16266
16266	16266
16266	16266
16266	16266
16266	16266
16266	16266
16266	16266
16266	16266
16266	16266
16266	16266
16266	16266
16266	16266
16266	16266
16266	16266
16266	16266
16266	16266
16266	16266
16266	16266
16266	16266
16266	16266
16266	16266
16265	16265
16262	16255
16233	16184
16074	15829
15345	14533
13392	12009
10526	9113
7920	7017
6386	5967
5711	5598
5609	5709
5842	5966
6081	6213
6384	6590
6790	6958
7118	7320
7573	7877
8244	8680
9118	9493
9848	10333
11043	11939
12885	13759
14501	15098
15547	15849
16037	16146
16211	16245
16260	16265
16266	16266
16266	16266
16266	16266
16266	16266
16266	16266
16266	16266
16266	16266
16266	16266
16266	16266
16266	16266
16266	16266
16266	16266
16266	16266
16266	16266
16266	16266
16266	16266
16266	16266
16266	16266
16266	16266
16266	16266
16266	16266
16266	16266
16266	16266
16266	16266
16266	16265
16264	16262
16257	16238
16186	16057
15766	15194
14217	12823
11154	9446
7915	6699
5864	5373
5117	4994
4957	5013
5163	5370
5570	5729
5860	5998
6163	6346
6531	6712
6903	7104
7294	7470
7666	7891
8078	8185
8298	8601
9206	10076
11078	12086
13037	13903
14656	15263
15703	15987
16148	16224
16254	16263
16265	16266
16266	16266
16266	16266
16266	16266
16266	16266
16266	16266
16266	16266
16266	16266
16265	16263
16260	16261
16266	16266
16266	16266
16266	16266
16266	16266
16266	16266
16266	16266
16266	16266
16266	16266
16266	16266
16266	16266
16266	16266
16266	16266
16266	16266
16266	16266
16265	16265
16263	16259
16247	16210
16095	15798
15168	14068
12471	10551
8630	7005
5820	5079
4713	4597
4597	4625
4669	4768
4945	5173
5397	5578
5738	5899
6069	6237
6414	6626
6873	7115
7295	7407
7503	7599
7641	7595
7553	7680
8083	8741
9560	10448
11359	12300
13266	14202
15014	15618
15988	16169
16237	16258
16262	16263
16264	16265
16265	16266
16266	16266
16266	16266
16266	16266
16266	16266
16266	16264
16259	16245
16231	16236
16266	16266
16266	16266
16266	16266
16266	16266
16266	16266
16266	16266
16266	16266
16266	16266
16266	16266
16266	16266
16266	16266
16266	16266
16266	16266
16266	16266
16265	16264
16259	16254
16233	16162
15937	15368
14248	12511
10362	8207
6434	5231
4567	4296
4265	4348
4446	4514
4562	4641
4791	5004
5236	5454
5653	5839
6006	6157
6324	6555
6852	7141
7339	7434
7486	7534
7539	7470
7394	7428
7648	8057
8608	9232
9906	10673
11618	12751
13946	14982
15688	16056
16200	16243
16255	16258
16261	16263
16265	16266
16266	16266
16266	16266
16266	16266
16266	16266
16266	16260
16238	16184
16127	16146
16266	16266
16266	16266
16266	16266
16266	16266
16266	16266
16266	16266
16266	16266
16266	16266
16266	16266
16266	16266
16266	16266
16266	16266
16266	16266
16266	16266
16265	16263
16258	16245
16213	16098
15736	14846
13202	10904
8436	6360
4976	4267
4032	4053
4173	4309
4413	4470
4495	4541
4652	4843
5086	5341
5578	5778
5937	6068
6227	6474
6803	7131
7352	7452
7492	7528
7542	7506
7457	7459
7569	7801
8140	8535
8945	9433
10169	11299
12756	14209
15297	15900
16145	16221
16242	16250
16255	16259
16263	16265
16265	16266
16266	16266
16266	16266
16266	16266
16264	16252
16199	16065
15922	15970
16266	16266
16266	16266
16266	16266
16266	16266
16266	16266
16266	16266
16266	16266
16266	16266
16266	16266
16266	16266
16266	16266
16266	16266
16266	16266
16266	16266
16265	16263
16256	16241
16198	16045
15573	14438
12428	9794
7219	5323
4275	3892
3885	4026
4186	4317
4405	4441
4447	4466
4552	4729
4982	5261
5521	5727
5877	5999
6156	6413
6760	7109
7348	7455
7494	7527
7551	7545
7522	7521
7581	7725
7957	8228
8478	8758
9286	10325
11894	13616
14982	15768
16099	16202
16230	16242
16249	16256
16260	16264
16265	16266
16266	16266
16266	16266
16266	16266
16263	16245
16157	15939
15707	15785
