10631	10710
10816	10906
10939	10888
10777	10685
10679	10741
10818	10899
11002	11093
11117	11074
11027	11009
11010	11024
11057	11100
11132	11143
11156	11201
11278	11352
11400	11445
11513	11588
11624	11598
11529	11454
11402	11376
11362	11343
11312	11288
11289	11321
11362	11373
11330	11258
11230	11281
11375	11437
11447	11434
11436	11460
11498	11541
11570	11541
11404	11109
10626	9968
9220	8473
7711	6841
5873	4959
4245	3740
3380	3102
2883	2723
2624	2581
2607	2701
2820	2896
2891	2823
2728	2633
2564	2533
2524	2523
2597	2957
3830	5080
6066	6290
5944	5468
4964	4412
3964	3753
3708	3663
3552	3544
3994	5172
6967	8873
10370	11279
11731	11904
11907	11827
11729	11604
11314	10620
9347	7716
6360	5772
5826	5952
5697	5057
4370	3940
3769	3681
3545	3311
2972	2562
2176	1898
1755	1715
1809	2209
3119	4503
5957	6900
6981	6318
5387	4644
4375	4814
6105	7974
9751	10914
11454	11646
11700	11686
11634	11568
11513	11475
11440	11384
11291	11162
11030	10928
10869	10857
10892	10941
10954	10922
10881	10881
10941	11051
11187	11327
11457	11570
11655	11702
11700	11671
11644	11617
11583	11558
11552	11536
11441	11238
10969	10712
10527	10422
10385	10399
10456	10541
10610	10610
10549	10499
10599	10671
10774	10868
10912	10880
10789	10716
10722	10792
10871	10947
11028	11092
11093	11047
11006	10998
11012	11037
11076	11112
11128	11122
11128	11170
11243	11317
11375	11434
11511	11580
11601	11567
11500	11437
11399	11385
11377	11356
11323	11297
11298	11325
11356	11355
11308	11243
11220	11275
11363	11419
11415	11377
11353	11360
11398	11442
11462	11415
11254	10941
10473	9880
9209	8440
7478	6313
5119	4149
3517	3161
2956	2823
2738	2697
2681	2675
2688	2731
2783	2805
2787	2753
2716	2679
2656	2668
2709	2760
2874	3249
4092	5215
5988	6043
5687	5327
4984	4563
4165	3901
3738	3619
3606	3905
4750	6193
7964	9604
10771	11430
11747	11868
11868	11801
11711	11583
11286	10609
9420	7932
6701	6128
6030	5884
5417	4782
4272	4006
3886	3776
3621	3401
3101	2730
2349	2031
1817	1705
1720	1978
2661	3845
5303	6513
6975	6595
5726	4911
4598	5114
6520	8397
10050	11062
11518	11687
11730	11699
11626	11543
11480	11444
11422	11379
11296	11175
11046	10940
10870	10844
10871	10911
10918	10881
10838	10835
10886	10984
11110	11244
11367	11481
11580	11651
11685	11687
11672	11641
11594	11552
11528	11494
11386	11176
10906	10654
10471	10363
10313	10309
10352	10438
10530	10573
10549	10510
10571	10638
10742	10838
10887	10861
10785	10732
10754	10831
10909	10973
11029	11062
11049	11011
10992	11004
11031	11068
11111	11136
11125	11101
11103	11152
11232	11309
11374	11437
11504	11552
11554	11510
11451	11404
11384	11383
11380	11357
11323	11299
11301	11321
11335	11320
11272	11219
11212	11270
11355	11406
11388	11325
11267	11246
11268	11303
11307	11238
11047	10693
10209	9661
9017	8129
6902	5476
4188	3295
2821	2622
2552	2538
2562	2619
2676	2699
2695	2690
2694	2699
2713	2752
2807	2854
2901	2976
3077	3178
3320	3694
4472	5405
5897	5748
5371	5128
4940	4640
4277	3957
3730	3676
3943	4690
5950	7543
9125	10368
11150	11559
11748	11818
11812	11755
11673	11541
11231	10571
9474	8151
7049	6430
6073	5616
5025	4532
4272	4161
4057	3905
3729	3528
3270	2942
2577	2227
1939	1746
1669	1769
2187	3078
4414	5817
6711	6739
6062	5249
4943	5570
7090	8920
10374	11188
11545	11692
11739	11716
11644	11556
11483	11441
11415	11375
11300	11189
11067	10958
10872	10831
10843	10870
10866	10826
10785	10781
10824	10903
11008	11125
11242	11357
11472	11575
11648	11681
11673	11626
11556	11489
11441	11388
11273	11072
10823	10591
10418	10305
10240	10219
10250	10336
10449	10537
10559	10526
10536	10610
10723	10829
10874	10838
10764	10723
10756	10832
10903	10950
10982	10993
10978	10964
10976	11010
11049	11096
11140	11156
11129	11093
11101	11167
11258	11337
11398	11448
11487	11500
11478	11428
11374	11339
11334	11346
11350	11331
11301	11285
11290	11302
11301	11280
11242	11211
11218	11274
11348	11391
11371	11295
11207	11151
11138	11142
11119	11020
10773	10336
9784	9205
8488	7415
5975	4485
3331	2661
2375	2299
2306	2348
2421	2523
2619	2664
2658	2646
2662	2719
2817	2949
3088	3214
3330	3466
3614	3736
3875	4221
4899	5594
5779	5430
5033	4865
4765	4533
4196	3904
3811	4064
4773	5935
7395	8877
10102	10927
11393	11626
11735	11768
11748	11689
11608	11464
11135	10476
9451	8259
7227	6470
5821	5173
4661	4429
4402	4370
4231	4034
3844	3660
3437	3149
2807	2443
2106	1841
1679	1653
1851	2432
3507	4904
6118	6608
6285	5640
5441	6195
7759	9448
10647	11261
11529	11662
11726	11733
11688	11608
11526	11466
11424	11375
11300	11201
11087	10971
10870	10806
10795	10804
10788	10750
10722	10724
10759	10818
10899	10995
11100	11216
11342	11467
11570	11622
11610	11539
11442	11356
11291	11224
11112	10940
10732	10537
10382	10266
10190	10159
10189	10275
10399	10517
10572	10536
10491	10576
10707	10826
10870	10822
10741	10702
10732	10799
10858	10892
10905	10901
10889	10897
10932	10983
11027	11074
11122	11145
11126	11105
11130	11208
11298	11366
11412	11440
11449	11426
11374	11312
11257	11228
11230	11253
11269	11267
11258	11259
11270	11276
11270	11257
11243	11235
11246	11284
11335	11367
11345	11270
11167	11080
11024	10979
10910	10759
10422	9864
9202	8510
7633	6385
4902	3579
2717	2313
2188	2187
2229	2290
2376	2494
2614	2688
2713	2739
2818	2964
3158	3361
3546	3707
3863	4031
4188	4295
4407	4716
5276	5712
5597	5076
4653	4512
4430	4233
3992	3922
4212	4946
6073	7422
8770	9917
10733	11224
11484	11622
11694	11713
11681	11618
11526	11359
10995	10313
9318	8185
7120	6172
5335	4718
4454	4493
4598	4562
4371	4138
3943	3775
3581	3324
3005	2647
2286	1968
1736	1623
1679	2017
2779	3980
5310	6215
6369	6077
6101	6974
8488	9948
10878	11312
11508	11625
11702	11737
11717	11648
11558	11485
11428	11372
11302	11218
11113	10990
10862	10774
10733	10713
10686	10660
10657	10674
10701	10738
10791	10865
10959	11073
11201	11332
11442	11496
11469	11377
11263	11171
11101	11034
10936	10797
10640	10490
10360	10250
10174	10148
10185	10270
10393	10520
10588	10543
10467	10556
10694	10819
10860	10808
10726	10686
10707	10762
10815	10844
10846	10828
10809	10819
10862	10913
10954	10996
11049	11095
11113	11124
11168	11241
11311	11354
11378	11390
11375	11323
11246	11165
11105	11076
11079	11107
11141	11166
11189	11214
11233	11241
11239	11245
11263	11279
11289	11298
11312	11323
11301	11234
11134	11032
10938	10834
10698	10470
10037	9370
8584	7716
6638	5301
3959	2955
2416	2225
2202	2239
2300	2374
2468	2598
2743	2860
2941	3023
3163	3378
3626	3852
4033	4185
4337	4498
4632	4703
4791	5077
5524	5707
5321	4659
4209	4059
3997	3914
3949	4313
5110	6265
7570	8806
9824	10565
11041	11310
11453	11544
11612	11642
11617	11549
11429	11210
10785	10065
9065	7910
6727	5628
4798	4408
4435	4646
4776	4703
4477	4228
4033	3880
3712	3486
3188	2835
2464	2113
1830	1659
1640	1823
2314	3222
4461	5628
6285	6489
6838	7813
9200	10397
11081	11375
11510	11606
11677	11716
11702	11636
11549	11474
11419	11368
11310	11244
11153	11026
10878	10758
10687	10642
10606	10593
10611	10638
10659	10672
10701	10756
10841	10949
11067	11184
11280	11321
11277	11169
11052	10967
10908	10847
10767	10666
10557	10453
10353	10260
10196	10188
10238	10322
10430	10550
10621	10571
10498	10578
10704	10815
10846	10792
10717	10681
10700	10748
10797	10826
10824	10796
10767	10763
10793	10832
10864	10902
10967	11041
11100	11143
11193	11250
11288	11299
11298	11291
11261	11194
11104	11015
10949	10916
10921	10955
11004	11057
11108	11153
11181	11191
11199	11224
11265	11304
11317	11308
11295	11283
11254	11194
11104	11003
10878	10712
10500	10203
9721	9015
8131	7065
5790	4452
3359	2700
2421	2360
2385	2446
2524	2610
2709	2843
3003	3153
3272	3390
3557	3788
4035	4238
4384	4502
4629	4763
4865	4914
5008	5294
5629	5574
4959	4196
3736	3623
3701	3933
4431	5295
6471	7758
8924	9833
10468	10882
11132	11273
11354	11428
11506	11558
11551	11467
11284	10965
10451	9697
8694	7482
6174	5034
4379	4287
4522	4780
4878	4781
4558	4320
4128	3986
3845	3648
3369	3024
2650	2284
1968	1756
1692	1787
2086	2699
3701	4926
5997	6742
7471	8535
9775	10740
11242	11439
11530	11596
11648	11673
11654	11589
11508	11448
11408	11371
11327	11277
11204	11084
10930	10788
10692	10630
10591	10586
10611	10637
10644	10638
10649	10690
10765	10861
10957	11043
11115	11137
11079	10966
10856	10782
10733	10684
10623	10556
10490	10425
10361	10295
10257	10271
10333	10415
10509	10611
10675	10630
10571	10637
10736	10817
10828	10774
10710	10687
10709	10750
10788	10811
10815	10796
10765	10748
10753	10774
10795	10839
10922	11024
11109	11168
11208	11238
11249	11237
11209	11175
11127	11057
10970	10886
10826	10798
10806	10845
10905	10973
11041	11095
11130	11146
11159	11189
11236	11286
11311	11311
11297	11282
11252	11188
11094	10984
10829	10606
10332	10005
9553	8904
8000	6785
5354	4050
3187	2787
2667	2665
2708	2783
2874	2961
3053	3170
3316	3458
3574	3688
3845	4051
4263	4429
4538	4626
4725	4835
4922	4982
5114	5400
5614	5341
4568	3792
3429	3507
3915	4611
5584	6766
8001	9098
9924	10462
10790	10989
11111	11182
11235	11301
11387	11452
11446	11322
11042	10587
9970	9207
8246	7014
5643	4561
4136	4278
4600	4821
4871	4778
4595	4388
4211	4079
3956	3785
3534	3213
2860	2499
2167	1923
1818	1854
2020	2384
3099	4225
5547	6758
7851	9002
10130	10943
11342	11486
11545	11588
11616	11621
11595	11533
11467	11430
11416	11394
11352	11306
11247	11143
10995	10845
10738	10671
10637	10634
10652	10667
10662	10645
10642	10674
10736	10810
10870	10920
10965	10977
10923	10817
10715	10649
10604	10561
10514	10468
10427	10390
10357	10331
10331	10372
10445	10527
10610	10693
10740	10695
10634	10684
10754	10802
10798	10746
10697	10687
10710	10736
10753	10767
10785	10792
10776	10755
10741	10743
10765	10829
10937	11062
11160	11214
11231	11231
11219	11188
11131	11064
10998	10933
10864	10799
10754	10737
10752	10796
10860	10930
11001	11059
11099	11121
11136	11157
11190	11230
11265	11289
11305	11315
11296	11226
11110	10965
10772	10512
10217	9911
9548	9038
8214	6957
5441	4137
3378	3096
3040	3045
3082	3151
3236	3310
3378	3468
3583	3693
3775	3856
3979	4148
4322	4461
4554	4627
4713	4808
4886	4966
5139	5419
5509	5075
4272	3657
3586	4041
4874	5964
7169	8337
9334	10076
10546	10801
10929	11001
11042	11068
11101	11162
11240	11295
11269	11092
10701	10103
9397	8671
7821	6654
5296	4294
4023	4274
4592	4750
4763	4689
4557	4402
4257	4138
4024	3876
3669	3409
3112	2785
2456	2185
2032	2003
2064	2238
2703	3672
5102	6636
8009	9229
10282	11012
11373	11502
11550	11573
11578	11566
11537	11486
11442	11433
11447	11437
11386	11328
11271	11179
11044	10900
10788	10723
10692	10687
10697	10707
10703	10685
10675	10691
10733	10772
10794	10811
10839	10858
10826	10744
10654	10589
10541	10496
10449	10405
10366	10338
10329	10347
10389	10457
10539	10623
10704	10776
10801	10741
10652	10686
10729	10755
10744	10706
10673	10672
10688	10697
10693	10704
10735	10766
10767	10747
10726	10723
10760	10851
10987	11129
11231	11273
11266	11234
11192	11135
11053	10964
10890	10836
10790	10752
10726	10722
10743	10786
10847	10911
10975	11034
11079	11110
11126	11135
11143	11161
11189	11229
11277	11320
11324	11257
11117	10933
10701	10425
10142	9880
9637	9307
8654	7474
5934	4565
3763	3466
3401	3392
3405	3447
3500	3544
3586	3650
3737	3821
3876	3927
4014	4145
4293	4426
4526	4605
4682	4755
4810	4888
5087	5357
5360	4875
4229	3993
4394	5283
6422	7618
8721	9617
10260	10666
10882	10966
10982	10974
10956	10947
10964	11010
11063	11089
11028	10794
10308	9587
8827	8200
7554	6547
5251	4266
4001	4232
4495	4595
4580	4519
4436	4339
4241	4148
4049	3929
3784	3617
3416	3160
2857	2565
2354	2244
2198	2231
2532	3395
4876	6602
8135	9362
10331	11001
11351	11484
11532	11546
11540	11519
11491	11456
11434	11451
11481	11471
11407	11334
11268	11180
11055	10921
10814	10745
10709	10697
10710	10734
10750	10745
10731	10728
10735	10735
10720	10718
10747	10787
10789	10739
10666	10600
10542	10487
10429	10371
10318	10285
10287	10334
10411	10498
10586	10672
10757	10827
10839	10765
10640	10658
10681	10696
10693	10676
10663	10663
10668	10664
10652	10660
10696	10729
10732	10710
10692	10702
10759	10873
11028	11175
11274	11308
11284	11225
11149	11060
10962	10871
10807	10771
10750	10735
10730	10739
10761	10798
10843	10894
10947	11001
11049	11083
11101	11102
11091	11082
11090	11121
11176	11234
11259	11206
11073	10867
10603	10301
10001	9765
9638	9522
9113	8109
6602	5131
4180	3781
3666	3635
3625	3631
3642	3651
3667	3707
3774	3844
3896	3939
4010	4119
4256	4393
4509	4593
4648	4666
4661	4717
4951	5245
5227	4828
4526	4819
5708	6879
8052	9069
9864	10425
10774	10964
11040	11036
10987	10927
10879	10856
10860	10878
10890	10870
10770	10491
9921	9100
8323	7862
7516	6775
5580	4523
4099	4181
4351	4402
4359	4293
4232	4181
4138	4092
4029	3954
3888	3828
3743	3582
3331	3039
2775	2575
2418	2349
2591	3465
5028	6858
8424	9566
10405	10984
11303	11437
11490	11509
11508	11490
11467	11442
11435	11455
11481	11459
11381	11293
11219	11131
11019	10905
10811	10743
10694	10675
10696	10750
10798	10815
10800	10774
10746	10709
10669	10660
10700	10765
10803	10786
10729	10659
10589	10520
10449	10372
10305	10261
10263	10322
10413	10505
10588	10673
10762	10838
10850	10769
10626	10634
10647	10662
10675	10684
10686	10687
10680	10667
10654	10659
10685	10703
10691	10665
10653	10677
10750	10875
11027	11165
11254	11283
11257	11186
11086	10977
10882	10808
10764	10745
10741	10751
10765	10782
10804	10826
10854	10884
10918	10960
11000	11032
11046	11040
11020	10996
10982	10991
11026	11073
11096	11064
10954	10758
10457	10063
9643	9355
9341	9490
9394	8644
7235	5680
4556	4014
3830	3770
3743	3718
3695	3677
3676	3701
3752	3813
3873	3932
4006	4111
4244	4381
4495	4558
4548	4462
4368	4426
4746	5114
5159	4968
5118	5923
7130	8329
9302	10011
10497	10811
10996	11091
11107	11056
10967	10881
10830	10817
10819	10805
10761	10685
10550	10233
9588	8675
7908	7655
7677	7301
6284	5125
4415	4221
4231	4214
4132	4035
3967	3942
3947	3958
3953	3944
3957	3995
4010	3940
3758	3494
3213	2948
2704	2580
2855	3843
5530	7400
8898	9897
10571	11024
11277	11388
11443	11481
11498	11491
11470	11445
11431	11436
11438	11394
11299	11202
11121	11041
10950	10868
10800	10737
10682	10656
10684	10759
10839	10875
10862	10819
10765	10704
10657	10650
10701	10783
10846	10856
10810	10738
10661	10585
10506	10423
10344	10291
10288	10344
10428	10506
10573	10645
10733	10817
10840	10769
10641	10644
10652	10668
10691	10712
10725	10725
10712	10692
10673	10671
10688	10692
10666	10631
10622	10654
10732	10855
10992	11105
11176	11200
11183	11121
11023	10920
10841	10793
10769	10763
10771	10796
10826	10853
10872	10882
10888	10895
10909	10931
10955	10975
10978	10965
10941	10912
10888	10878
10888	10907
10910	10877
10789	10591
10210	9618
8952	8539
8650	9125
9398	8941
7679	6097
4844	4170
3909	3816
3768	3724
3686	3664
3667	3692
3732	3789
3859	3936
4017	4118
4239	4360
4439	4429
4304	4093
3947	4087
4557	5029
5190	5291
5886	7042
8323	9348
10042	10483
10763	10953
11082	11150
11143	11068
10957	10866
10828	10833
10835	10791
10694	10568
10399	10043
9314	8316
7569	7517
7912	7973
7252	6063
5030	4451
4211	4079
3940	3799
3703	3681
3718	3776
3826	3880
3960	4063
4142	4136
4018	3811
3560	3290
3022	2898
3250	4382
6170	8018
9401	10260
10793	11121
11287	11360
11413	11469
11506	11507
11484	11449
11415	11392
11364	11298
11196	11091
11013	10948
10889	10839
10796	10748
10695	10663
10686	10764
10851	10898
10889	10844
10781	10720
10676	10678
10730	10812
10883	10905
10870	10802
10731	10663
10589	10509
10430	10376
10366	10406
10465	10514
10552	10604
10683	10770
10811	10770
10686	10685
10690	10698
10714	10731
10745	10746
10731	10699
10664	10655
10673	10685
10663	10624
10608	10635
10712	10824
10942	11031
11081	11098
11087	11041
10965	10888
10838	10816
10806	10805
10822	10861
10906	10941
10959	10958
10946	10936
10931	10936
10940	10937
10925	10904
10880	10856
10831	10809
10797	10787
10760	10708
10599	10335
9784	8908
7950	7417
7682	8502
9126	8918
7792	6247
4955	4219
3906	3780
3712	3661
3624	3616
3642	3685
3733	3792
3876	3967
4050	4134
4225	4298
4296	4169
3925	3664
3598	3924
4550	5084
5361	5775
6728	8037
9208	9986
10434	10702
10885	11033
11149	11203
11176	11087
10974	10890
10864	10877
10873	10812
10689	10531
10323	9901
9073	7987
7245	7342
8049	8556
8246	7182
5908	4918
4346	4040
3825	3638
3512	3480
3525	3598
3672	3761
3881	4020
4129	4161
4096	3956
3773	3561
3333	3258
3694	4919
6723	8489
9763	10532
10973	11205
11300	11342
11396	11468
11518	11519
11484	11434
11377	11326
11272	11196
11097	11003
10937	10894
10862	10834
10808	10773
10728	10691
10696	10752
10827	10871
10867	10828
10774	10725
10697	10705
10748	10817
10883	10909
10880	10822
10766	10715
10658	10591
10522	10472
10454	10471
10496	10508
10509	10535
10599	10688
10753	10762
10738	10732
10728	10726
10725	10729
10739	10742
10721	10671
10615	10595
10627	10666
10665	10632
10610	10634
10705	10808
10907	10979
11012	11014
11000	10966
10915	10866
10841	10838
10840	10847
10878	10931
10990	11033
11049	11039
11018	10998
10983	10966
10948	10925
10900	10875
10856	10838
10812	10777
10743	10707
10651	10554
10356	9919
9103	7941
6789	6246
6682	7765
8616	8529
7477	6020
4811	4115
3807	3679
3609	3563
3539	3550
3600	3667
3736	3812
3910	4018
4102	4158
4195	4189
4082	3864
3605	3467
3637	4180
4857	5345
5708	6392
7572	8878
9862	10417
10697	10866
11007	11137
11231	11251
11196	11095
10992	10923
10902	10909
10899	10839
10725	10556
10295	9771
8815	7629
6858	7018
7928	8825
8991	8229
6898	5579
4651	4117
3795	3564
3415	3368
3399	3453
3514	3605
3742	3899
4024	4080
4059	3987
3894	3781
3659	3686
4210	5454
7170	8797
9967	10679
11068	11241
11294	11323
11385	11469
11522	11515
11464	11394
11318	11243
11168	11089
11009	10940
10896	10871
10851	10830
10809	10786
10754	10721
10709	10734
10778	10808
10807	10777
10734	10700
10685	10693
10724	10776
10835	10863
10843	10796
10753	10716
10674	10624
10567	10517
10491	10485
10477	10455
10431	10435
10487	10574
10669	10737
10770	10759
10747	10737
10729	10728
10735	10737
10706	10635
10559	10530
10571	10629
10649	10628
10615	10648
10724	10819
10905	10964
10989	10980
10952	10913
10869	10833
10823	10833
10851	10878
10928	10997
11066	11113
11128	11116
11088	11060
11032	11001
10963	10925
10893	10872
10857	10839
10804	10754
10696	10635
10539	10349
9965	9251
8145	6804
5648	5221
5797	6986
7866	7751
6729	5430
4425	3873
3636	3541
3499	3478
3475	3504
3573	3665
3761	3860
3975	4098
4191	4229
4216	4138
3987	3806
3716	3857
4292	4904
5434	5771
6198	7084
8358	9562
10356	10750
10929	11043
11150	11249
11297	11268
11175	11066
10977	10925
10910	10913
10902	10855
10761	10589
10263	9613
8511	7211
6365	6480
7452	8638
9294	8992
7838	6358
5109	4306
3842	3559
3396	3334
3335	3349
3373	3448
3586	3752
3888	3967
3990	3997
4025	4076
4141	4351
4981	6171
7687	9096
10132	10773
11109	11244
11281	11312
11382	11472
11525	11509
11441	11355
11264	11170
11071	10984
10919	10879
10858	10839
10815	10790
10772	10762
10749	10730
10716	10714
10728	10746
10748	10725
10687	10655
10641	10642
10659	10699
10754	10790
10785	10751
10710	10675
10643	10607
10561	10509
10472	10448
10420	10381
10340	10333
10374	10463
10583	10705
10770	10754
10742	10743
10747	10749
10754	10745
10705	10625
10542	10505
10535	10585
10602	10593
10608	10671
10766	10861
10938	10991
11013	10999
10954	10895
10834	10793
10787	10813
10857	10913
10982	11061
11133	11181
11195	11178
11144	11105
11065	11021
10974	10930
10897	10873
10851	10821
10773	10708
10634	10536
10357	9997
9337	8307
6986	5637
4644	4386
5004	6099
6832	6628
5685	4642
3928	3573
3435	3396
3398	3414
3444	3506
3600	3724
3861	3996
4139	4295
4433	4515
4523	4471
4406	4419
4601	4978
5451	5843
6052	6236
6751	7770
9024	10069
10700	10993
11120	11197
11271	11325
11319	11238
11115	11004
10927	10890
10887	10898
10898	10859
10764	10575
10187	9414
8173	6771
5818	5781
6658	7999
9103	9358
8589	7151
5666	4577
3941	3604
3431	3357
3325	3294
3274	3317
3442	3605
3755	3874
3977	4112
4340	4654
5011	5459
6161	7195
8399	9507
10339	10861
11127	11231
11268	11310
11388	11479
11529	11507
11431	11335
11237	11124
11001	10898
10840	10821
10809	10781
10746	10716
10699	10695
10697	10700
10695	10686
10688	10707
10723	10711
10674	10632
10604	10586
10589	10620
10675	10719
10729	10708
10669	10631
10607	10589
10556	10505
10459	10424
10386	10333
10280	10259
10292	10381
10517	10673
10747	10728
10726	10751
10781	10796
10790	10765
10715	10643
10573	10534
10538	10551
10547	10552
10604	10708
10830	10937
11009	11055
11071	11054
11001	10918
10830	10773
10769	10814
10887	10967
11048	11127
11194	11238
11248	11224
11181	11131
11084	11039
10995	10951
10909	10868
10824	10773
10711	10634
10534	10368
10040	9425
8444	7162
5782	4585
3827	3694
4216	5060
5564	5327
4592	3885
3475	3299
3241	3251
3298	3355
3430	3541
3695	3896
4126	4356
4587	4836
5098	5322
5465	5551
5654	5856
6164	6475
6635	6584
6475	6630
7292	8384
9534	10399
10895	11125
11228	11288
11340	11362
11314	11196
11054	10938
10863	10832
10845	10882
10897	10850
10727	10508
10064	9193
7857	6394
5335	5070
5706	7031
8476	9297
9032	7794
6185	4851
4044	3651
3477	3400
3348	3284
3225	3228
3317	3466
3655	3884
4165	4542
5069	5707
6347	6947
7589	8349
9179	9950
10548	10922
11110	11193
11245	11310
11400	11488
11530	11503
11425	11327
11223	11100
10963	10851
10791	10771
10752	10717
10673	10640
10621	10611
10611	10623
10631	10632
10646	10686
10730	10741
10711	10660
10611	10575
10562	10586
10636	10679
10694	10677
10639	10600
10587	10592
10585	10548
10501	10458
10409	10340
10269	10229
10246	10329
10471	10645
10724	10707
10719	10773
10828	10850
10830	10787
10732	10677
10628	10592
10568	10545
10527	10548
10634	10770
10916	11031
11100	11130
11137	11121
11068	10977
10875	10803
10800	10859
10949	11040
11119	11187
11246	11283
11285	11255
11206	11155
11112	11079
11045	10998
10937	10862
10783	10706
10626	10528
10369	10073
9518	8599
7347	5957
4691	3746
3215	3134
3479	4011
4307	4135
3691	3321
3148	3093
3083	3114
3187	3285
3416	3605
3886	4272
4724	5167
5576	5985
6407	6791
7079	7277
7450	7627
7749	7679
7349	6900
6674	6976
7819	8914
9902	10582
10963	11151
11244	11307
11361	11374
11311	11177
11027	10900
10812	10773
10798	10858
10884	10818
10659	10404
9925	9017
7670	6200
5042	4506
4799	5949
7557	8837
9066	8097
6474	4988
4064	3634
3468	3403
3354	3285
3206	3169
3217	3378
3683	4152
4758	5482
6309	7146
7847	8357
8780	9237
9757	10270
10678	10929
11062	11140
11210	11301
11406	11492
11523	11491
11409	11309
11199	11072
10942	10834
10770	10739
10707	10660
10616	10582
10559	10535
10521	10527
10544	10565
10605	10675
10751	10791
10778	10726
10664	10610
10588	10605
10644	10673
10678	10658
10620	10585
10578	10601
10616	10600
10563	10521
10464	10385
10296	10236
10234	10304
10443	10624
10712	10704
10731	10806
10875	10895
10864	10809
10759	10721
10692	10660
10619	10578
10566	10609
10715	10860
11005	11115
11174	11188
11179	11161
11120	11041
10944	10876
10870	10926
11014	11099
11168	11229
11278	11304
11299	11266
11222	11182
11158	11144
11121	11065
10976	10864
10748	10645
10542	10395
10120	9606
8755	7555
6161	4836
3804	3137
2803	2755
2938	3216
3375	3305
3116	2982
2952	2965
2975	3002
3077	3208
3410	3734
4252	4977
5788	6518
7109	7614
8073	8458
8720	8860
8910	8861
8639	8169
7506	6936
6842	7384
8360	9380
10171	10671
10951	11100
11191	11269
11342	11367
11306	11174
11022	10885
10777	10725
10750	10812
10830	10741
10555	10281
9811	8962
7710	6282
5006	4180
4102	4968
6544	8074
8659	7933
6380	4882
3947	3527
3377	3325
3291	3238
3162	3106
3152	3415
3985	4838
5839	6851
7775	8504
8942	9150
9316	9597
9992	10397
10709	10897
11006	11087
11170	11271
11384	11470
11498	11461
11375	11265
11144	11021
10908	10819
10758	10712
10665	10616
10572	10545
10521	10491
10466	10465
10485	10521
10582	10671
10765	10826
10828	10781
10711	10653
10631	10647
10677	10689
10678	10651
10615	10580
10561	10568
10587	10593
10582	10551
10502	10423
10336	10270
10256	10310
10437	10612
10724	10725
10763	10843
10908	10920
10887	10841
10808	10788
10770	10737
10685	10643
10647	10713
10827	10958
11083	11179
11228	11232
11213	11189
11153	11094
11016	10959
10950	10991
11058	11127
11187	11240
11282	11299
11287	11249
11212	11193
11194	11198
11180	11119
11010	10870
10725	10593
10456	10221
9755	8942
7777	6395
5025	3901
3140	2722
2562	2569
2675	2809
2894	2895
2846	2821
2848	2895
2916	2922
2977	3135
3442	3986
4856	5985
7125	8017
8600	8970
9227	9382
9435	9396
9271	9029
8614	8015
7369	6984
7167	7920
8919	9790
10372	10711
10904	11018
11103	11194
11282	11318
11262	11138
10996	10861
10744	10682
10699	10745
10735	10621
10425	10161
9752	9051
7976	6610
5195	4089
3689	4246
5614	7124
7847	7295
5899	4540
3712	3353
3227	3183
3157	3117
3053	3010
3133	3630
4599	5878
7149	8171
8852	9168
9179	9097
9176	9498
9953	10370
10658	10827
10937	11025
11111	11214
11323	11409
11442	11408
11321	11199
11066	10947
10858	10795
10743	10690
10632	10579
10540	10522
10510	10489
10467	10466
10489	10530
10590	10670
10754	10813
10822	10779
10712	10659
10647	10672
10702	10706
10686	10656
10620	10571
10516	10483
10485	10507
10523	10518
10486	10427
10358	10306
10297	10343
10455	10617
10749	10763
10809	10878
10925	10927
10905	10884
10879	10880
10873	10834
10769	10720
10735	10816
10929	11040
11141	11225
11274	11283
11261	11230
11193	11140
11080	11037
11029	11052
11093	11135
11179	11222
11256	11266
11248	11209
11178	11172
11189	11203
11188	11127
11019	10872
10708	10542
10337	9957
9231	8097
6692	5271
4072	3209
2689	2456
2425	2503
2609	2693
2746	2764
2758	2753
2788	2848
2877	2870
2909	3097
3544	4371
5589	6975
8155	8879
9155	9161
9052	8906
8760	8626
8478	8257
7923	7524
7209	7217
7700	8549
9448	10125
10524	10735
10856	10937
11006	11091
11178	11212
11159	11047
10928	10814
10708	10646
10653	10676
10636	10503
10311	10079
9755	9219
8328	7023
5485	4160
3526	3805
4839	6080
6725	6302
5160	4067
3428	3162
3065	3022
2988	2943
2889	2898
3178	3987
5358	6915
8159	8839
9004	8824
8534	8427
8684	9227
9816	10270
10552	10717
10831	10927
11023	11124
11231	11319
11364	11345
11261	11135
10996	10883
10816	10778
10740	10685
10623	10566
10528	10520
10526	10525
10521	10527
10551	10584
10621	10666
10715	10754
10757	10718
10657	10616
10621	10658
10696	10705
10690	10666
10627	10554
10453	10376
10359	10393
10433	10448
10433	10392
10345	10316
10330	10390
10497	10639
10772	10797
10848	10906
10935	10932
10923	10932
10958	10982
10986	10943
10865	10801
10808	10889
10995	11092
11179	11260
11321	11343
11329	11293
11242	11187
11137	11109
11106	11116
11124	11135
11153	11180
11205	11211
11191	11155
11125	11122
11140	11154
11142	11091
10996	10858
10683	10467
10146	9552
8537	7146
5647	4343
3390	2776
2436	2313
2357	2490
2625	2710
2745	2749
2736	2725
2748	2805
2847	2854
2900	3128
3706	4745
6112	7412
8252	8503
8315	7935
7553	7268
7113	7073
7085	7063
7005	7002
7185	7647
8361	9172
9880	10362
10625	10754
10824	10867
10911	10975
11043	11066
11017	10931
10850	10775
10699	10647
10638	10632
10566	10430
10258	10062
9802	9376
8597	7315
5688	4242
3487	3552
4214	5050
5493	5181
4362	3589
3150	2971
2907	2867
2819	2756
2712	2796
3260	4352
5960	7513
8422	8556
8186	7704
7457	7661
8283	9064
9728	10168
10426	10577
10684	10787
10897	11011
11122	11219
11278	11278
11210	11090
10954	10851
10798	10778
10752	10706
10644	10585
10551	10553
10572	10584
10593	10610
10635	10653
10654	10648
10654	10669
10667	10633
10579	10549
10563	10611
10660	10686
10689	10681
10645	10553
10425	10323
10297	10330
10372	10392
10380	10343
10305	10300
10342	10427
10537	10657
10773	10810
10871	10929
10956	10955
10954	10977
11019	11061
11074	11036
10954	10880
10871	10932
11028	11123
11211	11297
11368	11403
11392	11348
11283	11219
11177	11169
11178	11175
11154	11127
11114	11123
11137	11139
11124	11096
11073	11067
11075	11080
11069	11031
10954	10825
10631	10338
9846	8994
7720	6211
4794	3716
3019	2602
2374	2299
2370	2527
2684	2775
2791	2769
2737	2718
2733	2785
2841	2876
2947	3203
3822	4852
6044	6943
7249	7008
6483	5949
5578	5419
5448	5617
5846	6071
6340	6772
7430	8239
9039	9701
10186	10507
10686	10767
10797	10807
10822	10860
10903	10916
10882	10830
10787	10753
10716	10686
10669	10635
10549	10422
10277	10106
9871	9471
8692	7358
5665	4197
3438	3386
3742	4191
4412	4198
3685	3200
2908	2780
2735	2708
2657	2581
2546	2701
3302	4526
6109	7389
7839	7508
6876	6471
6624	7326
8285	9155
9763	10130
10340	10456
10535	10628
10748	10882
11008	11118
11188	11201
11148	11043
10924	10831
10786	10770
10754	10723
10675	10627
10602	10613
10637	10653
10666	10685
10706	10701
10666	10620
10593	10596
10600	10576
10531	10500
10511	10559
10619	10669
10703	10716
10690	10606
10484	10388
10357	10374
10395	10390
10355	10300
10258	10268
10337	10441
10552	10647
10742	10798
10881	10956
10992	10995
10994	11014
11054	11097
11114	11088
11023	10957
10934	10972
11052	11152
11259	11357
11430	11458
11437	11376
11296	11225
11195	11206
11225	11214
11167	11111
11076	11067
11068	11067
11058	11044
11031	11024
11019	11011
10997	10968
10903	10776
10544	10137
9432	8320
6882	5414
4222	3422
2950	2671
2503	2440
2500	2645
2787	2857
2849	2803
2762	2747
2767	2818
2880	2932
3019	3259
3781	4566
5342	5749
5639	5164
4615	4241
4146	4281
4551	4896
5285	5719
6277	7049
7992	8920
9641	10105
10403	10613
10742	10785
10775	10757
10756	10775
10802	10813
10794	10764
10742	10728
10721	10725
10722	10683
10598	10487
10364	10201
9952	9500
8610	7145
5399	3996
3329	3263
3440	3625
3683	3531
3230	2932
2723	2608
2566	2546
2498	2423
2402	2593
3214	4345
5655	6530
6632	6169
5695	5727
6440	7579
8685	9468
9932	10199
10346	10408
10436	10496
10612	10758
10903	11017
11087	11102
11062	10983
10887	10807
10758	10735
10723	10709
10684	10656
10651	10674
10704	10725
10742	10759
10758	10722
10656	10589
10556	10562
10580	10573
10534	10496
10491	10532
10603	10682
10747	10782
10769	10711
10629	10561
10531	10524
10503	10449
10363	10272
10219	10240
10327	10438
10534	10600
10696	10772
10882	10976
11025	11030
11026	11036
11065	11097
11116	11110
11079	11037
11014	11029
11091	11196
11323	11437
11504	11510
11464	11382
11290	11216
11191	11208
11233	11217
11161	11097
11053	11033
11020	11011
11007	11006
11004	10996
10979	10958
10937	10910
10846	10703
10413	9863
8926	7601
6121	4836
3948	3431
3143	2957
2819	2749
2773	2857
2929	2939
2895	2840
2810	2813
2846	2899
2957	3012
3094	3273
3616	4063
4409	4457
4191	3795
3510	3498
3768	4184
4619	5050
5526	6104
6854	7783
8764	9588
10121	10403
10580	10724
10811	10812
10766	10731
10727	10744
10765	10771
10757	10732
10700	10682
10689	10725
10762	10756
10699	10607
10488	10308
10008	9440
8368	6747
4991	3723
3209	3193
3301	3353
3319	3194
3001	2798
2624	2505
2447	2417
2373	2313
2306	2482
2992	3844
4741	5260
5256	5007
4995	5602
6810	8185
9248	9858
10169	10347
10432	10429
10399	10418
10516	10668
10818	10924
10975	10984
10966	10923
10862	10795
10736	10695
10673	10664
10657	10655
10674	10718
10766	10806
10836	10843
10803	10721
10628	10561
10538	10555
10589	10594
10559	10510
10489	10521
10605	10716
10813	10865
10868	10841
10804	10770
10746	10714
10648	10534
10384	10251
10188	10224
10326	10433
10505	10546
10669	10759
10881	10979
11029	11039
11038	11048
11070	11093
11114	11131
11139	11134
11116	11113
11155	11257
11394	11514
11571	11556
11486	11386
11284	11206
11175	11186
11203	11190
11139	11084
11045	11022
11004	10988
10981	10981
10982	10974
10953	10924
10891	10852
10774	10600
10231	9524
8377	6919
5515	4498
3930	3666
3526	3406
3289	3203
3169	3155
3109	3022
2930	2874
2863	2887
2933	2989
3047	3102
3172	3295
3474	3644
3692	3570
3367	3267
3410	3815
4390	4974
5467	5915
6418	7055
7846	8727
9548	10146
10474	10630
10746	10852
10898	10856
10782	10737
10735	10757
10775	10778
10761	10726
10679	10643
10648	10704
10778	10821
10804	10732
10603	10381
9993	9268
7998	6256
4565	3489
3140	3188
3276	3280
3213	3100
2956	2795
2638	2511
2431	2383
2336	2293
2295	2419
2751	3273
3796	4100
4173	4268
4753	5851
7373	8797
9725	10167
10368	10482
10516	10468
10398	10387
10470	10617
10759	10846
10875	10885
10896	10903
10877	10819
10747	10684
10645	10630
10629	10645
10688	10756
10830	10893
10928	10915
10835	10708
10592	10528
10521	10555
10592	10596
10556	10496
10463	10495
10597	10740
10868	10941
10962	10960
10955	10945
10921	10867
10763	10600
10405	10242
10177	10225
10333	10431
10487	10520
10686	10772
10884	10969
11007	11020
11032	11053
11075	11094
11119	11163
11210	11234
11228	11219
11249	11338
11465	11573
11617	11588
11508	11402
11298	11214
11168	11160
11162	11149
11114	11074
11048	11031
11014	10997
10980	10971
10964	10956
10935	10902
10857	10793
10683	10461
10000	9136
7825	6323
5081	4363
4094	4037
4011	3947
3844	3741
3642	3519
3345	3148
2993	2917
2908	2939
2993	3057
3123	3187
3258	3341
3411	3408
3303	3172
3198	3529
4159	4942
5705	6333
6807	7220
7684	8260
8926	9601
10165	10533
10714	10811
10907	10990
10999	10926
10830	10776
10767	10783
10799	10802
10787	10749
10696	10651
10647	10696
10775	10839
10852	10799
10661	10392
9896	8994
7549	5763
4208	3349
3143	3233
3317	3309
3239	3141
3024	2890
2752	2629
2532	2463
2409	2381
2392	2467
2643	2913
3194	3401
3579	3943
4782	6195
7858	9224
10001	10318
10446	10522
10533	10474
10402	10384
10456	10591
10719	10786
10805	10824
10874	10920
10924	10869
10781	10703
10653	10633
10633	10654
10709	10797
10892	10960
10979	10939
10835	10694
10568	10506
10514	10559
10591	10576
10518	10450
10417	10458
10580	10748
10901	10991
11025	11040
11052	11050
11017	10943
10818	10640
10440	10275
10206	10243
10334	10416
10467	10518
10725	10802
10895	10956
10977	10992
11021	11056
11082	11098
11135	11204
11280	11323
11328	11326
11358	11437
11538	11617
11644	11610
11531	11431
11329	11241
11180	11149
11136	11122
11099	11073
11056	11044
11033	11014
10988	10960
10944	10935
10920	10884
10823	10732
10585	10306
9744	8733
7301	5819
4776	4351
4345	4463
4529	4507
4418	4296
4146	3935
3652	3354
3121	2993
2955	2971
3020	3089
3171	3251
3324	3372
3360	3257
3124	3151
3552	4372
5432	6458
7275	7851
8250	8579
8931	9338
9773	10179
10505	10719
10843	10933
11033	11110
11104	11018
10915	10840
10808	10803
10810	10817
10813	10788
10744	10702
10684	10704
10746	10787
10802	10766
10636	10331
9728	8660
7079	5313
3947	3303
3210	3316
3391	3383
3321	3235
3136	3025
2911	2802
2701	2616
2559	2542
2563	2619
2708	2835
2982	3144
3385	3900
4943	6522
8206	9461
10101	10330
10419	10477
10487	10445
10391	10380
10444	10561
10673	10732
10757	10796
10871	10941
10954	10894
10796	10712
10667	10652
10654	10674
10729	10820
10917	10972
10961	10897
10796	10681
10580	10530
10545	10584
10594	10551
10475	10405
10383	10440
10581	10763
10923	11014
11049	11069
11089	11088
11047	10960
10833	10675
10503	10359
10281	10281
10329	10384
10437	10515
10760	10833
10914	10958
10967	10979
11019	11067
11098	11119
11169	11256
11346	11393
11402	11414
11460	11530
11604	11650
11652	11609
11535	11447
11356	11272
11203	11156
11130	11115
11099	11080
11062	11049
11035	11015
10981	10946
10922	10912
10899	10859
10784	10673
10494	10163
9509	8369
6843	5395
4535	4370
4607	4895
5056	5077
4997	4854
4660	4381
4013	3622
3304	3106
3011	2993
3029	3102
3194	3282
3337	3334
3253	3127
3110	3449
4296	5530
6824	7888
8627	9095
9389	9604
9808	10023
10226	10412
10584	10736
10864	10979
11091	11172
11180	11116
11015	10920
10851	10812
10804	10814
10821	10811
10779	10743
10718	10704
10692	10678
10666	10638
10522	10202
9513	8302
6624	4921
3758	3315
3323	3441
3510	3499
3437	3351
3253	3149
3055	2968
2878	2789
2730	2717
2754	2812
2869	2922
2999	3139
3415	4028
5207	6866
8502	9618
10132	10299
10370	10423
10438	10409
10369	10361
10410	10503
10598	10666
10708	10766
10848	10916
10922	10854
10753	10675
10643	10642
10652	10671
10716	10793
10874	10912
10881	10809
10732	10671
10624	10603
10607	10614
10590	10524
10442	10384
10383	10458
10608	10789
10938	11012
11031	11047
11073	11080
11039	10949
10829	10703
10578	10467
10384	10343
10341	10365
10420	10518
10814	10882
10954	10982
10978	10987
11037	11098
11137	11163
11219	11315
11403	11442
11447	11467
11520	11583
11630	11647
11627	11572
11497	11421
11347	11276
11212	11165
11136	11119
11102	11079
11053	11031
11010	10984
10952	10921
10899	10888
10870	10824
10740	10615
10418	10050
9326	8091
6489	5050
4301	4331
4797	5290
5600	5705
5649	5483
5226	4865
4401	3912
3508	3239
3094	3044
3069	3141
3222	3281
3287	3224
3122	3089
3338	4080
5317	6754
8021	8928
9505	9850
10044	10158
10245	10319
10376	10434
10528	10663
10807	10936
11055	11148
11196	11178
11100	10993
10892	10824
10796	10800
10810	10802
10772	10738
10709	10677
10624	10557
10503	10459
10345	10009
9254	7932
6192	4566
3595	3342
3462	3618
3694	3685
3613	3502
3378	3265
3182	3118
3050	2972
2916	2907
2939	2992
3031	3051
3095	3230
3556	4281
5588	7285
8823	9786
10189	10308
10364	10410
10419	10388
10344	10324
10351	10420
10506	10582
10647	10711
10782	10837
10838	10774
10679	10606
10582	10593
10613	10634
10669	10724
10783	10811
10783	10723
10677	10667
10675	10675
10653	10612
10554	10484
10419	10381
10396	10479
10627	10799
10930	10984
10987	10995
11023	11042
11012	10930
10820	10716
10632	10557
10490	10433
10399	10396
10448	10568
10912	10963
11007	11007
10985	10995
11056	11133
11179	11203
11258	11351
11432	11459
11458	11480
11532	11584
11609	11601
11560	11490
11412	11346
11291	11239
11193	11160
11141	11125
11100	11066
11029	10999
10973	10948
10920	10893
10874	10864
10845	10794
10702	10563
10350	9962
9207	7928
6277	4806
4065	4182
4838	5598
6177	6487
6527	6340
5976	5470
4864	4259
3767	3440
3262	3200
3215	3259
3286	3265
3187	3088
3065	3279
3912	5045
6496	7885
8918	9567
9961	10202
10330	10382
10405	10417
10413	10414
10464	10574
10705	10827
10934	11034
11121	11160
11125	11031
10925	10847
10809	10802
10803	10783
10738	10690
10656	10622
10557	10460
10367	10285
10141	9773
8961	7565
5796	4249
3442	3367
3619	3854
3965	3964
3872	3718
3543	3401
3319	3281
3243	3193
3151	3133
3138	3156
3165	3164
3200	3353
3757	4629
6064	7757
9162	9972
10285	10367
10402	10429
10422	10376
10317	10277
10280	10331
10413	10502
10578	10639
10692	10735
10745	10705
10627	10557
10531	10543
10567	10591
10618	10656
10696	10719
10709	10676
10652	10659
10682	10682
10640	10571
10500	10444
10404	10380
10394	10468
10603	10763
10887	10939
10935	10932
10954	10976
10960	10886
10786	10702
10650	10616
10585	10546
10500	10473
10520	10664
11029	11046
11042	11001
10961	10974
11048	11136
11180	11197
11243	11330
11408	11434
11435	11458
11505	11546
11556	11529
11468	11383
11301	11244
11208	11181
11158	11146
11141	11131
11105	11067
11027	10992
10962	10935
10906	10882
10865	10858
10839	10785
10684	10529
10298	9904
9158	7893
6234	4700
3858	3921
4679	5738
6739	7438
7709	7546
7040	6321
5524	4782
4204	3820
3606	3518
3493	3463
3370	3223
3073	3019
3218	3814
4865	6257
7691	8840
9560	9953
10191	10353
10441	10469
10473	10471
10455	10436
10452	10520
10622	10715
10792	10878
10979	11058
11069	11011
10934	10878
10847	10832
10815	10774
10707	10642
10603	10571
10509	10408
10293	10169
9966	9536
8662	7217
5446	3975
3301	3378
3778	4132
4315	4336
4227	4016
3773	3582
3487	3466
3466	3454
3429	3390
3344	3305
3279	3272
3320	3508
4009	5039
6580	8216
9454	10114
10357	10414
10433	10441
10421	10366
10292	10231
10213	10251
10334	10432
10513	10570
10612	10654
10686	10679
10628	10566
10533	10541
10561	10575
10589	10613
10643	10669
10674	10663
10641	10626
10617	10601
10560	10500
10449	10417
10399	10378
10376	10423
10535	10687
10821	10891
10895	10877
10874	10883
10868	10807
10726	10669
10651	10654
10660	10648
10607	10563
10600	10764
11110	11099
11055	10981
10928	10942
11019	11096
11126	11131
11171	11256
11337	11375
11388	11414
11455	11489
11489	11447
11368	11273
11196	11153
11137	11132
11129	11133
11142	11143
11132	11110
11081	11047
11008	10967
10931	10904
10890	10883
10865	10810
10699	10531
10290	9901
9196	7994
6374	4784
3777	3648
4354	5626
7072	8265
8892	8854
8256	7342
6364	5501
4837	4379
4092	3924
3793	3620
3377	3128
2999	3144
3706	4731
6099	7539
8766	9594
10028	10224
10343	10441
10504	10525
10527	10527
10513	10490
10488	10531
10608	10674
10715	10759
10833	10918
10955	10938
10905	10884
10871	10850
10813	10755
10678	10614
10581	10558
10502	10408
10294	10142
9874	9361
8409	6925
5165	3748
3159	3354
3907	4414
4709	4785
4670	4405
4082	3823
3690	3669
3699	3725
3712	3644
3539	3443
3392	3393
3460	3695
4308	5484
7080	8605
9644	10155
10338	10389
10412	10427
10413	10358
10274	10195
10159	10188
10272	10373
10455	10510
10551	10602
10656	10682
10659	10613
10591	10598
10607	10595
10578	10582
10610	10643
10662	10655
10621	10559
10500	10466
10446	10423
10402	10399
10400	10381
10358	10379
10471	10620
10769	10861
10874	10837
10796	10773
10751	10706
10659	10641
10657	10684
10709	10712
10676	10634
10670	10841
11160	11141
11087	11005
10944	10948
11001	11046
11050	11045
11081	11164
11250	11304
11335	11362
11394	11417
11407	11356
11271	11188
11133	11112
11109	11110
11114	11127
11144	11156
11164	11168
11163	11135
11087	11032
10986	10955
10941	10933
10912	10855
10745	10576
10340	9977
9335	8239
6706	5102
3928	3526
3998	5240
6884	8404
9347	9521
9006	8075
7049	6141
5416	4873
4478	4173
3886	3562
3228	3016
3098	3612
4601	5953
7409	8681
9600	10141
10384	10461
10496	10538
10572	10582
10582	10576
10562	10546
10548	10589
10657	10706
10713	10708
10736	10795
10838	10847
10845	10851
10846	10815
10761	10693
10630	10595
10593	10586
10536	10451
10349	10190
9878	9290
8267	6741
4975	3571
3007	3263
3939	4615
5070	5257
5185	4892
4502	4171
3990	3948
3981	4018
4004	3905
3748	3601
3524	3524
3611	3908
4646	5939
7520	8886
9725	10102
10237	10298
10349	10394
10403	10360
10272	10181
10131	10148
10223	10317
10398	10456
10506	10568
10640	10685
10684	10662
10661	10679
10676	10631
10572	10551
10579	10621
10642	10633
10580	10480
10385	10346
10352	10360
10362	10378
10395	10383
10354	10361
10446	10595
10751	10850
10862	10809
10741	10693
10660	10631
10619	10640
10682	10715
10731	10726
10696	10667
10720	10892
11201	11197
11165	11096
11032	11013
11025	11025
10999	10990
11023	11095
11174	11240
11283	11309
11324	11327
11307	11256
11192	11146
11134	11136
11135	11124
11119	11132
11153	11168
11181	11200
11212	11197
11151	11092
11044	11014
10998	10984
10956	10898
10795	10641
10426	10105
9553	8601
7221	5671
4375	3686
3795	4708
6127	7538
8515	8866
8601	7910
7062	6247
5540	4951
4460	4037
3645	3283
3037	3088
3582	4549
5866	7293
8568	9519
10137	10495
10659	10691
10676	10668
10669	10663
10647	10627
10609	10601
10613	10653
10706	10737
10720	10682
10678	10716
10758	10774
10783	10793
10781	10736
10669	10599
10557	10566
10605	10618
10574	10493
10403	10255
9936	9319
8262	6709
4925	3485
2867	3097
3826	4646
5299	5679
5734	5489
5093	4741
4533	4454
4444	4444
4388	4241
4030	3828
3698	3661
3756	4138
5017	6386
7889	9063
9724	10002
10115	10192
10275	10353
10395	10379
10302	10203
10137	10135
10189	10266
10337	10398
10462	10542
10627	10682
10693	10690
10710	10740
10733	10666
10580	10537
10559	10600
10614	10593
10529	10423
10327	10294
10310	10326
10331	10348
10371	10367
10347	10360
10447	10592
10741	10832
10843	10793
10729	10680
10646	10625
10629	10668
10714	10736
10730	10708
10680	10674
10748	10923
11234	11253
11250	11205
11144	11101
11073	11036
10996	10986
11010	11055
11113	11176
11229	11255
11257	11241
11211	11172
11145	11147
11175	11200
11192	11164
11148	11160
11183	11193
11191	11198
11210	11203
11171	11130
11093	11069
11050	11025
10988	10928
10835	10700
10514	10246
9801	9034
7872	6460
5117	4180
3888	4286
5130	6025
6693	7037
7027	6706
6191	5601
5015	4469
3984	3570
3248	3071
3152	3647
4611	5918
7311	8537
9451	10049
10442	10717
10873	10906
10867	10820
10792	10769
10737	10698
10673	10676
10690	10709
10728	10732
10703	10662
10651	10683
10717	10729
10729	10727
10705	10652
10583	10520
10495	10526
10588	10617
10581	10508
10430	10299
10006	9416
8390	6864
5067	3554
2802	2890
3560	4465
5332	5981
6273	6197
5918	5641
5454	5322
5210	5093
4929	4685
4389	4101
3879	3775
3890	4402
5436	6838
8203	9178
9699	9922
10034	10126
10225	10323
10400	10418
10366	10268
10183	10153
10175	10224
10280	10342
10424	10531
10633	10691
10697	10693
10719	10753
10746	10677
10589	10541
10547	10569
10564	10534
10474	10394
10324	10298
10307	10309
10303	10309
10323	10324
10321	10347
10437	10570
10699	10777
10794	10771
10741	10713
10685	10661
10659	10687
10718	10725
10705	10675
10653	10672
10770	10943
11236	11268
11284	11257
11202	11149
11101	11049
11011	11005
11016	11026
11051	11104
11161	11192
11189	11165
11137	11120
11132	11173
11223	11256
11248	11216
11198	11211
11235	11237
11217	11198
11189	11185
11175	11162
11148	11136
11114	11078
11026	10960
10874	10757
10600	10385
10052	9492
8600	7408
6120	5023
4366	4219
4407	4671
4895	5065
5149	5089
4873	4535
4138	3745
3409	3185
3144	3359
3914	4857
6113	7463
8654	9521
10063	10394
10653	10883
11036	11071
11020	10953
10909	10880
10843	10797
10769	10768
10774	10766
10751	10738
10712	10682
10671	10689
10703	10692
10673	10649
10617	10570
10518	10475
10460	10486
10537	10564
10540	10489
10434	10330
10078	9557
8628	7195
5435	3837
2879	2721
3213	4103
5143	6087
6709	6939
6914	6804
6659	6448
6180	5883
5541	5141
4711	4303
3980	3843
4055	4770
5963	7342
8527	9306
9713	9906
10020	10117
10213	10314
10413	10470
10447	10357
10256	10193
10178	10194
10229	10293
10402	10541
10663	10717
10703	10681
10689	10711
10697	10641
10576	10535
10522	10510
10486	10451
10417	10381
10348	10324
10307	10292
10278	10274
10274	10276
10283	10322
10403	10512
10610	10670
10699	10714
10720	10716
10695	10666
10649	10654
10666	10667
10654	10639
10640	10689
10805	10965
11200	11228
11244	11226
11183	11133
11077	11029
11008	11015
11011	10990
10988	11029
11084	11113
11109	11089
11079	11092
11135	11195
11250	11278
11272	11250
11241	11259
11282	11283
11255	11216
11189	11180
11188	11203
11214	11214
11192	11144
11077	11000
10918	10822
10701	10542
10315	9947
9334	8427
7308	6186
5277	4686
4346	4137
4013	3980
4004	4013
3943	3779
3569	3390
3310	3401
3748	4406
5368	6544
7769	8856
9676	10195
10481	10669
10852	11031
11144	11156
11097	11028
10989	10972
10948	10907
10869	10850
10833	10808
10787	10782
10778	10763
10743	10725
10701	10662
10612	10561
10512	10475
10455	10446
10443	10447
10461	10469
10459	10444
10427	10360
10157	9726
8935	7667
6006	4349
3166	2694
2905	3643
4710	5854
6804	7414
7732	7841
7739	7430
6985	6479
5937	5364
4797	4295
3945	3898
4337	5317
6634	7927
8906	9497
9802	9959
10068	10161
10244	10334
10436	10513
10511	10430
10320	10235
10187	10173
10189	10257
10393	10562
10696	10734
10693	10642
10626	10623
10605	10571
10543	10518
10485	10441
10396	10366
10364	10379
10380	10348
10300	10269
10258	10249
10242	10244
10262	10302
10365	10439
10500	10541
10577	10617
10648	10656
10635	10599
10572	10564
10570	10582
10598	10621
10665	10748
10871	11003
11153	11164
11169	11154
11120	11070
11008	10964
10966	10990
10988	10955
10943	10979
11028	11047
11035	11022
11032	11071
11130	11194
11242	11261
11254	11242
11245	11268
11293	11298
11275	11236
11201	11192
11208	11238
11268	11281
11264	11206
11118	11028
10950	10889
10819	10722
10583	10363
9985	9375
8531	7546
6565	5719
5062	4588
4273	4096
4015	3982
3943	3874
3815	3843
4031	4439
5115	6057
7171	8279
9212	9898
10353	10623
10775	10894
11022	11136
11186	11162
11097	11039
11017	11018
11017	10989
10938	10875
10820	10786
10779	10800
10831	10841
10814	10763
10707	10645
10564	10471
10394	10364
10380	10412
10424	10408
10382	10366
10367	10388
10409	10375
10220	9882
9254	8204
6723	5086
3722	2932
2782	3197
4049	5151
6254	7168
7817	8148
8103	7714
7126	6465
5783	5109
4505	4043
3841	4062
4828	6050
7402	8541
9306	9735
9946	10056
10145	10230
10300	10371
10453	10523
10526	10456
10354	10264
10202	10165
10164	10229
10378	10563
10691	10704
10636	10566
10533	10520
10508	10506
10516	10510
10467	10400
10338	10315
10340	10394
10419	10381
10313	10266
10253	10244
10232	10239
10265	10297
10338	10381
10409	10432
10465	10512
10548	10555
10529	10490
10461	10454
10469	10506
10563	10634
10724	10840
10961	11049
11100	11101
11097	11086
11058	10998
10923	10882
10905	10954
10967	10944
10939	10974
11009	11007
10982	10973
10998	11052
11118	11179
11218	11229
11222	11216
11221	11240
11260	11269
11256	11225
11196	11186
11206	11245
11290	11319
11310	11246
11141	11035
10966	10942
10931	10899
10823	10695
10478	10117
9573	8845
7989	7127
6379	5804
5401	5135
4972	4890
4855	4850
4907	5099
5489	6099
6912	7866
8833	9649
10220	10568
10777	10904
10980	11044
11114	11166
11167	11122
11061	11016
10999	11007
11019	11002
10936	10834
10741	10694
10693	10728
10784	10823
10812	10760
10702	10632
10524	10389
10284	10262
10312	10378
10405	10379
10326	10291
10291	10325
10363	10351
10240	9992
9533	8732
7510	6014
4579	3527
2995	2964
3371	4128
5081	6055
6884	7374
7384	6969
6337	5654
4988	4391
3944	3740
3891	4505
5581	6910
8158	9084
9656	9956
10089	10149
10213	10285
10344	10389
10438	10479
10478	10424
10348	10279
10224	10179
10162	10215
10353	10524
10627	10614
10532	10459
10429	10419
10425	10455
10500	10517
10483	10412
10347	10325
10363	10433
10469	10433
10359	10306
10285	10268
10256	10271
10294	10310
10329	10348
10353	10353
10376	10413
10445	10446
10417	10378
10352	10352
10384	10453
10550	10667
10797	10929
11032	11070
11028	11026
11025	11022
11002	10944
10866	10831
10871	10939
10971	10968
10974	10999
11007	10976
10932	10923
10969	11048
11127	11185
11214	11223
11222	11220
11218	11219
11222	11224
11215	11192
11167	11156
11173	11214
11267	11310
11313	11258
11154	11047
10988	10990
11019	11027
10991	10911
10785	10590
10289	9836
9234	8554
7912	7383
6977	6678
6477	6373
6352	6401
6540	6821
7284	7909
8630	9361
10005	10484
10774	10929
11022	11076
11101	11108
11114	11114
11101	11071
11030	10983
10945	10926
10929	10923
10859	10745
10638	10582
10570	10591
10643	10698
10713	10689
10655	10596
10481	10325
10212	10199
10269	10348
10380	10353
10298	10253
10239	10257
10279	10271
10203	10048
9750	9193
8277	7042
5694	4507
3657	3183
3062	3291
3833	4583
5349	5846
5872	5492
4950	4414
3957	3634
3542	3765
4363	5329
6548	7784
8797	9491
9901	10104
10176	10200
10244	10304
10349	10367
10380	10391
10380	10346
10305	10273
10246	10209
10185	10216
10324	10455
10522	10490
10412	10356
10334	10331
10346	10390
10453	10498
10494	10449
10400	10387
10424	10485
10512	10481
10420	10372
10344	10325
10320	10335
10343	10333
10326	10323
10308	10291
10295	10317
10340	10346
10327	10293
10267	10271
10319	10412
10540	10689
10841	10972
11041	11034
10928	10927
10930	10942
10947	10920
10869	10851
10895	10963
11001	11013
11019	11022
10992	10925
10861	10861
10938	11054
11154	11209
11229	11243
11262	11274
11265	11238
11213	11196
11185	11167
11143	11124
11128	11157
11200	11244
11263	11237
11168	11094
11055	11068
11100	11113
11086	11024
10943	10837
10680	10435
10088	9670
9251	8876
8560	8305
8127	8038
8041	8122
8285	8549
8932	9400
9880	10306
10642	10871
11004	11082
11133	11158
11148	11111
11056	11016
11003	11000
10980	10927
10854	10797
10784	10785
10744	10647
10549	10492
10465	10462
10489	10530
10552	10556
10558	10532
10438	10300
10200	10193
10259	10328
10355	10337
10294	10250
10216	10195
10184	10166
10134	10064
9901	9554
8938	8032
6918	5773
4765	3972
3413	3136
3190	3551
4056	4419
4424	4146
3803	3541
3411	3470
3799	4439
5353	6447
7565	8541
9271	9755
10038	10166
10194	10199
10236	10292
10324	10321
10308	10292
10272	10249
10240	10245
10249	10233
10216	10237
10310	10392
10418	10377
10320	10283
10268	10256
10254	10286
10352	10425
10469	10473
10462	10468
10502	10534
10537	10511
10470	10433
10409	10401
10412	10423
10402	10351
10315	10293
10260	10225
10211	10222
10250	10274
10279	10257
10226	10224
10275	10381
10528	10694
10852	10965
11003	10959
10832	10827
10827	10850
10890	10917
10922	10926
10958	11000
11032	11044
11041	11019
10958	10864
10793	10811
10921	11065
11168	11202
11202	11220
11270	11314
11314	11273
11223	11190
11178	11169
11144	11116
11095	11092
11103	11130
11158	11172
11168	11155
11156	11173
11189	11178
11134	11074
11010	10941
10846	10714
10543	10348
10151	9965
9789	9633
9518	9465
9484	9568
9699	9874
10092	10337
10570	10769
10922	11025
11083	11120
11147	11158
11140	11076
10983	10906
10877	10879
10866	10812
10729	10664
10649	10662
10642	10574
10493	10437
10404	10385
10387	10399
10405	10419
10450	10461
10409	10309
10234	10230
10277	10323
10342	10340
10318	10285
10236	10182
10133	10098
10082	10069
10004	9814
9442	8856
8060	7127
6167	5255
4446	3821
3476	3451
3644	3832
3845	3727
3634	3661
3847	4243
4884	5729
6674	7603
8430	9090
9572	9903
10099	10172
10171	10171
10217	10277
10304	10290
10264	10235
10202	10176
10176	10199
10229	10241
10244	10268
10319	10361
10352	10305
10264	10252
10240	10210
10178	10179
10234	10324
10412	10472
10509	10545
10575	10583
10568	10546
10527	10503
10487	10491
10512	10511
10453	10367
10309	10275
10229	10178
10152	10161
10199	10248
10275	10263
10230	10220
10270	10382
10535	10699
10846	10944
10964	10907
10787	10768
10751	10769
10831	10909
10964	10989
10999	11006
11016	11026
11025	10993
10923	10833
10780	10822
10952	11088
11153	11130
11085	11098
11176	11263
11298	11272
11221	11188
11184	11186
11172	11134
11087	11047
11023	11023
11048	11094
11148	11200
11242	11268
11262	11220
11151	11084
11029	10977
10910	10831
10752	10690
10638	10588
10533	10471
10415	10389
10409	10476
10565	10650
10725	10798
10879	10970
11056	11107
11113	11099
11093	11088
11066	11002
10901	10805
10748	10723
10699	10655
10596	10557
10558	10580
10576	10532
10471	10417
10377	10350
10336	10326
10321	10338
10382	10416
10388	10319
10269	10273
10309	10340
10358	10369
10370	10349
10297	10225
10151	10098
10077	10086
10080	9997
9796	9463
8980	8347
7592	6760
5913	5149
4587	4306
4267	4334
4395	4454
4573	4798
5170	5728
6449	7230
7951	8555
9045	9434
9741	9971
10114	10160
10147	10154
10214	10281
10303	10287
10262	10234
10195	10152
10137	10156
10197	10232
10259	10297
10342	10357
10321	10263
10234	10244
10249	10214
10162	10137
10170	10256
10361	10458
10538	10603
10640	10641
10627	10621
10620	10606
10584	10582
10594	10568
10481	10378
10321	10295
10253	10197
10163	10166
10201	10250
10277	10271
10246	10246
10305	10423
10570	10717
10842	10930
10954	10898
10776	10744
10707	10706
10768	10865
10946	10981
10971	10948
10944	10960
10970	10951
10903	10842
10827	10900
11033	11131
11121	11017
10915	10903
10996	11123
11206	11219
11193	11179
11193	11214
11208	11170
11111	11050
11005	10984
10998	11051
11131	11214
11278	11305
11284	11220
11137	11065
11023	10996
10961	10911
10871	10857
10862	10873
10880	10875
10859	10849
10869	10922
10982	11019
11023	11018
11033	11080
11135	11147
11101	11035
10990	10967
10941	10889
10809	10722
10648	10594
10557	10527
10501	10492
10504	10525
10527	10504
10466	10423
10377	10338
10307	10279
10271	10300
10357	10394
10374	10322
10295	10317
10360	10395
10417	10431
10437	10416
10360	10280
10198	10134
10102	10107
10127	10118
10038	9876
9623	9254
8745	8111
7405	6709
6135	5777
5643	5665
5773	5939
6157	6440
6822	7325
7903	8450
8875	9178
9415	9628
9828	10002
10118	10155
10147	10168
10237	10303
10320	10304
10288	10271
10230	10169
10123	10123
10159	10207
10258	10311
10354	10355
10297	10227
10205	10239
10274	10266
10223	10185
10192	10245
10334	10435
10541	10633
10690	10711
10716	10731
10736	10713
10672	10643
10623	10572
10477	10392
10364	10361
10333	10280
10239	10226
10231	10241
10252	10254
10258	10288
10367	10492
10626	10744
10845	10928
10959	10902
10757	10721
10676	10660
10704	10796
10877	10905
10880	10839
10830	10852
10875	10879
10871	10860
10889	10991
11120	11172
11092	10917
10763	10727
10817	10963
11082	11140
11159	11181
11220	11253
11256	11221
11162	11103
11053	11023
11020	11059
11130	11210
11269	11284
11251	11179
11092	11024
11000	11008
11011	10990
10961	10942
10937	10947
10973	11003
11029	11051
11083	11128
11170	11184
11171	11147
11135	11139
11142	11104
11020	10928
10867	10834
10809	10772
10721	10656
10590	10532
10493	10473
10466	10474
10489	10498
10493	10481
10465	10442
10408	10361
10299	10241
10225	10269
10345	10394
10387	10355
10351	10393
10451	10494
10509	10508
10493	10452
10386	10304
10229	10169
10132	10125
10154	10192
10196	10137
10010	9797
9469	9040
8554	8064
7638	7346
7219	7233
7341	7508
7703	7923
8193	8520
8866	9163
9367	9493
9599	9731
9886	10033
10135	10169
10172	10199
10266	10321
10333	10321
10316	10311
10270	10190
10118	10098
10128	10183
10239	10294
10332	10321
10254	10178
10162	10218
10294	10328
10311	10277
10260	10274
10321	10400
10511	10628
10718	10767
10794	10814
10807	10758
10687	10629
10583	10524
10452	10408
10415	10433
10412	10364
10323	10293
10256	10221
10211	10232
10278	10345
10448	10577
10700	10797
10881	10957
10981	10904
10742	10712
10666	10643
10669	10736
10800	10810
10765	10715
10704	10723
10746	10766
10794	10829
10896	11016
11142	11171
11054	10845
10670	10618
10693	10832
10969	11073
11149	11215
11275	11314
11313	11278
11225	11172
11125	11084
11063	11078
11129	11189
11230	11232
11190	11119
11036	10974
10966	11004
11045	11051
11021	10973
10926	10904
10924	10981
11056	11127
11182	11218
11235	11233
11219	11199
11171	11129
11066	10980
10882	10801
10753	10732
10716	10695
10660	10614
10567	10530
10505	10492
10491	10508
10524	10523
10502	10481
10471	10467
10454	10407
10322	10235
10207	10264
10362	10436
10456	10452
10468	10517
10572	10600
10589	10550
10498	10436
10366	10299
10245	10203
10168	10155
10184	10250
10301	10293
10214	10065
9838	9559
9268	8994
8755	8576
8487	8488
8551	8643
8750	8873
9021	9188
9349	9481
9571	9626
9686	9793
9934	10072
10162	10194
10200	10225
10271	10311
10324	10329
10341	10341
10293	10200
10117	10092
10123	10174
10219	10253
10271	10250
10184	10116
10110	10184
10287	10353
10359	10334
10307	10293
10301	10351
10454	10587
10704	10779
10820	10831
10797	10714
10617	10539
10488	10444
10412	10412
10442	10456
10432	10394
10367	10339
10283	10219
10201	10243
10320	10413
10528	10659
10782	10882
10965	11030
11027	10914
10755	10731
10693	10664
10674	10717
10754	10736
10667	10603
10588	10600
10611	10633
10680	10738
10815	10941
11069	11103
10991	10793
10626	10572
10622	10737
10880	11028
11157	11260
11329	11361
11351	11312
11264	11216
11168	11115
11076	11069
11101	11144
11172	11167
11127	11061
10986	10930
10928	10981
11049	11077
11045	10968
10878	10815
10813	10878
10985	11097
11170	11197
11187	11173
11170	11167
11134	11055
10944	10829
10737	10687
10670	10670
10668	10652
10619	10586
10569	10570
10566	10553
10552	10573
10594	10585
10547	10507
10486	10484
10474	10428
10341	10257
10240	10310
10424	10520
10571	10596
10620	10650
10666	10650
10593	10513
10435	10374
10328	10294
10272	10250
10227	10219
10253	10326
10388	10391
10323	10195
10021	9834
9666	9530
9414	9320
9262	9247
9252	9263
9285	9335
9410	9493
9568	9636
9690	9728
9777	9864
9985	10101
10177	10213
10222	10229
10244	10266
10289	10323
10357	10359
10303	10206
10128	10112
10146	10188
10205	10203
10193	10163
10111	10064
10069	10145
10247	10314
10327	10308
10291	10278
10272	10299
10388	10525
10653	10736
10779	10786
10742	10642
10521	10430
10379	10351
10355	10387
10423	10423
10393	10372
10377	10376
10335	10277
10262	10309
10390	10483
10596	10727
10868	10991
11086	11130
11084	10934
10773	10756
10724	10696
10695	10718
10727	10680
10587	10515
10503	10516
10521	10534
10573	10617
10677	10794
10931	10987
10910	10754
10620	10569
10593	10675
10815	10991
11155	11269
11330	11351
11339	11306
11263	11217
11166	11104
11051	11032
11050	11082
11104	11100
11068	11015
10949	10899
10897	10954
11033	11076
11047	10954
10836	10740
10710	10759
10865	10978
11049	11056
11029	11021
11048	11076
11053	10957
10817	10691
10617	10600
10615	10634
10638	10619
10586	10567
10585	10620
10638	10629
10620	10637
10657	10644
10593	10537
10505	10492
10458	10389
10310	10266
10293	10386
10503	10609
10684	10732
10750	10736
10692	10615
10512	10403
10326	10296
10297	10306
10308	10298
10285	10293
10344	10420
10474	10464
10389	10268
10129	9990
9874	9795
9737	9692
9655	9628
9599	9564
9539	9546
9583	9636
9698	9764
9827	9872
9906	9957
10032	10111
10177	10220
10237	10233
10219	10220
10250	10304
10356	10363
10306	10217
10155	10152
10188	10213
10201	10167
10134	10105
10074	10048
10058	10115
10186	10228
10230	10223
10233	10248
10253	10273
10347	10469
10587	10660
10699	10720
10695	10602
10472	10363
10301	10279
10301	10353
10392	10386
10360	10360
10398	10440
10443	10420
10413	10445
10503	10576
10673	10802
10954	11096
11189	11201
11111	10937
10759	10740
10714	10698
10704	10713
10692	10619
10520	10463
10473	10502
10512	10511
10521	10525
10555	10661
10804	10878
10840	10739
10649	10606
10606	10654
10772	10946
11116	11228
11279	11297
11297	11281
11249	11203
11146	11080
11023	11000
11009	11032
11047	11046
11026	10990
10937	10892
10886	10937
11014	11059
11034	10943
10822	10720
10673	10693
10765	10841
10876	10855
10819	10827
10888	10951
10949	10859
10718	10594
10532	10534
10572	10608
10616	10594
10564	10561
10596	10647
10672	10668
10657	10664
10680	10667
10612	10551
10522	10497
10431	10328
10250	10251
10328	10444
10562	10668
10752	10802
10801	10743
10645	10525
10392	10274
10215	10226
10274	10310
10320	10307
10298	10326
10398	10486
10536	10514
10427	10306
10173	10046
9949	9901
9886	9877
9857	9825
9785	9735
9691	9671
9683	9726
9797	9882
9961	10008
10029	10045
10075	10123
10181	10236
10269	10261
10231	10213
10237	10294
10348	10359
10313	10245
10201	10208
10238	10247
10216	10164
10124	10105
10093	10080
10079	10103
10135	10146
10144	10155
10196	10241
10266	10286
10340	10433
10524	10580
10618	10657
10667	10604
10486	10371
10303	10285
10315	10377
10423	10425
10404	10416
10471	10546
10603	10628
10635	10641
10665	10709
10777	10880
11010	11131
11198	11173
11057	10890
10711	10683
10661	10672
10701	10704
10656	10565
10480	10459
10506	10563
10580	10563
10533	10497
10503	10597
10733	10809
10799	10751
10706	10675
10659	10672
10752	10896
11055	11167
11221	11245
11264	11270
11251	11208
11146	11079
11027	11004
11006	11016
11022	11022
11014	10994
10955	10910
10892	10926
10991	11031
11010	10932
10832	10750
10705	10703
10727	10749
10733	10677
10627	10643
10725	10815
10842	10781
10663	10546
10482	10489
10538	10589
10608	10592
10568	10565
10586	10611
10626	10626
10625	10635
10653	10645
10595	10540
10519	10499
10418	10291
10205	10226
10331	10461
10584	10689
10769	10801
10767	10677
10556	10422
10284	10173
10134	10177
10250	10297
10303	10282
10273	10307
10393	10488
10543	10522
10435	10309
10166	10034
9950	9938
9974	10002
9998	9963
9912	9857
9802	9763
9757	9790
9861	9950
10030	10076
10092	10098
10116	10154
10210	10272
10313	10311
10281	10257
10269	10316
10359	10368
10336	10292
10270	10279
10299	10293
10250	10194
10159	10152
10152	10141
10123	10116
10119	10120
10129	10162
10220	10277
10309	10324
10353	10408
10474	10524
10563	10611
10648	10629
10551	10467
10418	10409
10442	10505
10557	10567
10545	10541
10581	10657
10744	10810
10829	10814
10803	10808
10832	10881
10951	11020
11044	10998
10900	10792
10658	10619
10602	10642
10701	10706
10637	10540
10480	10499
10576	10649
10670	10640
10581	10521
10511	10584
10692	10758
10776	10779
10774	10753
10720	10703
10743	10856
11003	11120
11179	11207
11238	11267
11269	11235
11178	11118
11073	11049
11038	11032
11027	11027
11029	11022
10992	10941
10905	10916
10962	10995
10978	10918
10849	10796
10767	10751
10738	10715
10659	10577
10514	10523
10607	10707
10757	10732
10642	10536
10466	10465
10519	10578
10608	10603
10585	10567
10543	10515
10502	10508
10529	10559
10584	10581
10539	10496
10487	10476
10403	10275
10183	10199
10308	10452
10588	10700
10769	10772
10707	10597
10471	10344
10218	10123
10103	10159
10236	10286
10296	10285
10279	10304
10368	10448
10499	10488
10410	10286
10138	10008
9944	9971
10049	10110
10115	10074
10009	9940
9873	9826
9812	9834
9889	9961
10027	10069
10089	10108
10138	10185
10246	10307
10348	10351
10331	10316
10329	10365
10398	10404
10384	10360
10355	10366
10375	10356
10306	10245
10207	10201
10204	10192
10165	10147
10142	10151
10175	10220
10276	10327
10357	10367
10375	10403
10455	10511
10554	10599
10647	10669
10653	10629
10621	10625
10646	10692
10744	10754
10720	10674
10659	10694
10773	10846
10864	10831
10786	10752
10728	10716
10726	10746
10747	10714
10674	10666
10622	10576
10562	10618
10698	10707
10634	10548
10515	10556
10636	10704
10724	10690
10622	10553
10531	10570
10636	10691
10747	10800
10823	10796
10741	10696
10717	10821
10968	11080
11128	11146
11181	11233
11270	11268
11233	11186
11147	11114
11085	11058
11040	11035
11041	11040
11008	10947
10896	10891
10923	10949
10939	10901
10863	10838
10823	10801
10770	10724
10654	10563
10494	10496
10567	10656
10711	10702
10634	10541
10475	10469
10512	10561
10587	10588
10579	10549
10485	10411
10370	10379
10424	10470
10497	10495
10467	10440
10434	10424
10369	10262
10173	10174
10277	10437
10595	10717
10779	10759
10669	10540
10405	10282
10175	10111
10114	10176
10251	10310
10349	10375
10383	10383
10393	10420
10442	10428
10359	10241
10103	9991
9954	10000
10088	10158
10172	10134
10065	9983
9908	9862
9848	9861
9893	9940
9992	10031
10059	10084
10123	10184
10258	10324
10365	10371
10356	10349
10370	10412
10447	10454
10441	10433
10439	10453
10456	10426
10365	10289
10231	10212
10211	10205
10190	10180
10185	10200
10231	10274
10315	10348
10373	10388
10392	10414
10470	10537
10588	10628
10679	10731
10765	10793
10817	10822
10821	10840
10874	10878
10822	10728
10651	10630
10666	10713
10715	10665
10593	10526
10469	10424
10404	10408
10418	10424
10455	10543
10587	10535
10515	10573
10654	10668
10610	10548
10542	10590
10651	10697
10709	10679
10613	10543
10514	10526
10557	10609
10698	10791
10828	10787
10703	10643
10669	10788
10934	11027
11046	11041
11072	11147
11232	11282
11286	11256
11213	11165
11115	11070
11039	11024
11021	11008
10960	10885
10827	10823
10854	10878
10877	10865
10858	10861
10857	10834
10801	10756
10691	10607
10542	10538
10591	10658
10699	10689
10637	10563
10508	10495
10513	10531
10535	10535
10539	10515
10446	10361
10307	10313
10356	10396
10414	10412
10404	10394
10384	10364
10317	10236
10158	10154
10252	10424
10600	10729
10781	10747
10635	10483
10328	10204
10121	10096
10132	10206
10286	10367
10452	10529
10559	10529
10474	10429
10404	10370
10297	10184
10061	9975
9953	9992
10060	10116
10140	10121
10067	9993
9924	9886
9876	9881
9895	9922
9963	10005
10035	10053
10085	10152
10245	10330
10380	10387
10368	10358
10382	10432
10476	10485
10476	10471
10483	10499
10505	10477
10407	10312
10228	10187
10179	10185
10193	10205
10220	10238
10261	10285
10303	10318
10339	10359
10375	10408
10479	10566
10634	10683
10738	10797
10845	10881
10907	10907
10884	10871
10876	10858
10779	10661
10559	10507
10504	10515
10495	10430
10344	10261
10195	10150
10134	10147
10175	10216
10296	10444
10538	10478
10442	10481
10552	10574
10541	10510
10526	10575
10621	10647
10651	10615
10543	10475
10455	10476
10505	10557
10655	10755
10787	10733
10640	10588
10634	10767
10905	10971
10956	10925
10944	11033
11160	11263
11303	11287
11238	11177
11116	11061
11017	10984
10958	10919
10839	10742
10682	10689
10731	10762
10776	10792
10821	10847
10851	10828
10801	10771
10721	10653
10600	10594
10629	10671
10693	10688
10659	10611
10565	10538
10525	10504
10480	10476
10493	10496
10455	10387
10334	10324
10342	10355
10349	10342
10350	10357
10338	10296
10242	10180
10122	10119
10216	10393
10577	10706
10746	10693
10559	10380
10210	10087
10031	10048
10117	10211
10306	10414
10542	10657
10702	10655
10553	10457
10390	10331
10247	10133
10023	9953
9934	9951
9983	10017
10043	10048
10025	9979
9933	9907
9900	9902
9908	9926
9965	10010
10038	10048
10069	10133
10232	10332
10396	10411
10390	10373
10395	10448
10491	10495
10474	10458
10461	10480
10498	10489
10426	10324
10222	10157
10136	10148
10179	10213
10239	10254
10262	10266
10263	10264
10278	10301
10328	10378
10466	10573
10662	10727
10783	10832
10860	10873
10879	10865
10826	10786
10757	10708
10617	10509
10426	10389
10378	10368
10333	10264
10176	10093
10031	9995
9991	10014
10049	10100
10196	10365
10473	10407
10354	10370
10428	10461
10454	10447
10471	10518
10561	10588
10586	10533
10440	10369
10377	10443
10510	10576
10653	10715
10718	10661
10588	10572
10644	10779
10896	10935
10899	10850
10851	10931
11066	11194
11256	11244
11193	11133
11075	11020
10969	10916
10864	10793
10685	10567
10504	10517
10568	10611
10645	10687
10741	10780
10781	10755
10733	10721
10693	10648
10615	10615
10636	10655
10668	10680
10683	10660
10621	10581
10539	10490
10446	10440
10475	10513
10509	10461
10411	10383
10373	10354
10322	10302
10310	10320
10292	10222
10150	10091
10045	10051
10149	10328
10515	10641
10668	10594
10436	10243
10068	9955
9924	9971
10065	10174
10284	10410
10555	10681
10731	10685
10578	10471
10388	10312
10216	10101
9999	9939
9919	9918
9920	9929
9947	9965
9966	9949
9927	9918
9920	9924
9931	9951
9994	10042
10072	10084
10100	10146
10224	10313
10384	10420
10418	10412
10438	10490
10525	10510
10462	10418
10399	10411
10445	10458
10420	10332
10227	10139
10092	10095
10136	10189
10226	10240
10238	10232
10227	10236
10255	10280
10308	10359
10449	10563
10663	10731
10775	10799
10802	10793
10782	10758
10710	10650
10595	10531
10444	10359
10314	10312
10318	10306
10264	10198
10120	10045
9985	9956
9958	9978
10003	10038
10123	10285
10402	10342
10291	10301
10357	10399
10410	10414
10436	10477
10522	10556
10546	10470
10351	10277
10312	10432
10561	10651
10692	10686
10638	10579
10549	10583
10683	10812
10907	10929
10888	10834
10818	10866
10970	11080
11133	11121
11076	11032
10990	10942
10885	10817
10746	10661
10542	10420
10349	10357
10409	10467
10522	10577
10631	10660
10646	10609
10591	10593
10594	10579
10570	10575
10584	10587
10599	10632
10665	10672
10648	10610
10558	10489
10430	10427
10482	10546
10568	10534
10484	10453
10432	10393
10338	10299
10295	10297
10254	10162
10071	10006
9967	9974
10071	10247
10434	10563
10588	10501
10333	10134
9960	9856
9839	9899
10003	10118
10233	10356
10489	10603
10652	10621
10541	10454
10375	10289
10182	10071
9986	9944
9933	9928
9914	9901
9901	9910
9916	9912
9907	9913
9926	9937
9952	9982
10029	10074
10104	10118
10131	10155
10198	10260
10337	10402
10439	10461
10502	10556
10578	10541
10464	10388
10342	10337
10368	10396
10381	10317
10218	10114
10040	10021
10059	10123
10174	10194
10195	10199
10224	10271
10318	10345
10357	10383
10454	10555
10643	10690
10702	10698
10690	10684
10677	10655
10605	10540
10479	10416
10340	10271
10249	10272
10299	10292
10250	10190
10125	10055
9994	9968
9975	9993
10000	10008
10066	10206
10346	10306
10281	10312
10378	10427
10446	10458
10479	10511
10552	10579
10552	10455
10325	10254
10300	10448
10618	10728
10735	10660
10562	10503
10514	10591
10711	10833
10910	10923
10890	10848
10823	10837
10892	10956
10978	10954
10912	10882
10855	10817
10762	10690
10615	10536
10437	10331
10259	10253
10306	10382
10449	10499
10527	10523
10480	10428
10409	10428
10455	10472
10484	10489
10480	10466
10473	10518
10578	10621
10635	10625
10581	10498
10429	10424
10489	10565
10596	10567
10527	10506
10493	10450
10383	10322
10298	10284
10230	10131
10039	9982
9946	9950
10034	10194
10377	10513
10550	10473
10307	10107
9937	9840
9823	9879
9975	10079
10179	10281
10383	10470
10515	10506
10461	10403
10330	10235
10120	10017
9960	9952
9970	9974
9956	9931
9916	9914
9914	9911
9912	9923
9940	9959
9986	10028
10070	10092
10093	10092
10097	10108
10132	10185
10275	10375
10451	10501
10554	10607
10620	10566
10470	10373
10302	10272
10281	10302
10299	10255
10172	10069
9981	9946
9973	10040
10100	10136
10155	10191
10262	10355
10428	10451
10433	10425
10465	10543
10605	10618
10595	10573
10571	10583
10595	10589
10550	10495
10443	10391
10318	10246
10218	10245
10281	10283
10248	10198
10141	10074
10014	9996
10013	10031
10029	10013
10046	10167
10355	10326
10320	10370
10452	10504
10525	10549
10582	10613
10641	10645
10599	10499
10383	10321
10355	10483
10647	10750
10737	10629
10516	10468
10503	10597
10718	10823
10882	10892
10873	10848
10825	10817
10835	10857
10843	10792
10739	10707
10686	10659
10620	10559
10495	10435
10371	10294
10232	10225
10286	10380
10452	10475
10458	10408
10334	10266
10247	10281
10330	10366
10385	10379
10347	10313
10313	10363
10445	10528
10591	10621
10597	10518
10442	10433
10493	10563
10585	10560
10532	10532
10533	10498
10423	10345
10294	10256
10193	10109
10045	10014
9994	9996
10061	10202
10374	10511
10560	10501
10349	10164
10011	9924
9905	9938
9999	10071
10142	10210
10272	10321
10349	10351
10335	10303
10242	10142
10024	9934
9909	9945
9995	10018
10010	9992
9984	9986
9992	9996
10000	10006
10018	10037
10069	10110
10130	10107
10061	10022
10005	10004
10026	10091
10209	10339
10437	10502
10560	10612
10620	10565
10467	10365
10283	10228
10202	10194
10190	10166
10111	10027
9946	9904
9926	9996
10073	10132
10177	10238
10328	10430
10502	10513
10480	10455
10480	10538
10576	10560
10515	10485
10491	10517
10546	10559
10544	10507
10467	10417
10338	10253
10208	10223
10262	10279
10261	10221
10166	10100
10047	10037
10064	10088
10080	10056
10086	10217
10454	10408
10384	10425
10503	10554
10575	10607
10655	10693
10710	10701
10658	10582
10494	10434
10439	10516
10634	10712
10695	10605
10519	10491
10526	10607
10703	10781
10823	10833
10830	10818
10796	10777
10776	10775
10736	10659
10584	10537
10515	10504
10491	10459
10414	10375
10339	10290
10242	10248
10330	10438
10499	10482
10418	10330
10233	10159
10143	10179
10231	10265
10275	10256
10216	10182
10183	10236
10324	10427
10519	10581
10582	10524
10463	10457
10504	10555
10566	10540
10527	10543
10562	10534
10459	10364
10286	10217
10140	10072
10047	10057
10063	10068
10127	10254
10412	10538
10583	10530
10404	10259
10146	10085
10061	10053
10059	10079
10109	10141
10161	10170
10170	10169
10172	10165
10122	10034
9925	9851
9854	9919
9997	10043
10058	10071
10091	10119
10143	10161
10170	10170
10168	10177
10201	10222
10210	10153
10072	9998
9942	9910
9918	9992
10127	10268
10371	10435
10496	10553
10576	10539
10460	10375
10298	10226
10158	10111
10094	10090
10070	10021
9961	9929
9954	10034
10135	10223
10285	10336
10392	10447
10484	10489
10477	10478
10514	10562
10581	10552
10504	10478
10485	10510
10539	10560
10562	10542
10511	10456
10372	10276
10221	10230
10273	10306
10307	10280
10226	10160
10109	10103
10130	10152
10143	10122
10164	10325
10581	10511
10451	10453
10502	10540
10559	10591
10641	10683
10703	10708
10700	10665
10597	10523
10490	10521
10592	10645
10642	10606
10569	10553
10562	10602
10662	10714
10746	10764
10772	10764
10734	10704
10692	10680
10632	10546
10458	10400
10375	10381
10404	10411
10394	10372
10349	10306
10264	10281
10381	10499
10541	10486
10387	10284
10186	10118
10100	10128
10156	10164
10155	10139
10122	10120
10142	10194
10265	10347
10427	10491
10516	10497
10473	10481
10522	10558
10562	10539
10532	10562
10592	10575
10500	10398
10296	10198
10101	10033
10030	10071
10103	10124
10189	10314
10459	10559
10585	10533
10437	10342
10283	10255
10226	10172
10112	10073
10063	10063
10056	10034
10013	10008
10020	10033
10015	9948
9858	9800
9816	9896
9987	10050
10093	10144
10206	10259
10298	10323
10335	10331
10321	10319
10323	10317
10290	10236
10164	10079
9989	9915
9890	9939
10048	10163
10242	10296
10361	10440
10494	10494
10454	10404
10348	10269
10167	10077
10040	10047
10064	10059
10037	10024
10059	10148
10267	10367
10423	10440
10427	10405
10394	10411
10450	10501
10555	10594
10602	10581
10549	10536
10540	10551
10563	10578
10583	10574
10547	10496
10411	10319
10268	10281
10329	10368
10381	10361
10316	10255
10205	10190
10205	10218
10202	10165
10177	10342
10654	10580
10499	10467
10481	10502
10512	10534
10573	10610
10641	10682
10722	10722
10654	10555
10494	10500
10546	10586
10610	10627
10635	10615
10582	10577
10605	10640
10667	10688
10705	10698
10662	10619
10594	10575
10529	10450
10368	10310
10287	10307
10359	10402
10414	10407
10382	10332
10282	10300
10409	10526
10550	10471
10359	10262
10181	10122
10103	10109
10102	10074
10049	10049
10078	10127
10183	10231
10266	10295
10333	10380
10419	10444
10463	10496
10541	10574
10577	10556
10550	10581
10614	10606
10541	10442
10331	10213
10097	10018
10014	10065
10113	10153
10230	10353
10478	10553
10562	10514
10442	10385
10365	10363
10332	10241
10128	10042
9998	9981
9965	9938
9911	9904
9923	9951
9950	9904
9830	9785
9804	9881
9968	10038
10103	10187
10277	10344
10381	10401
10410	10410
10401	10390
10375	10356
10337	10320
10289	10223
10124	10025
9966	9966
10013	10065
10097	10131
10202	10305
10395	10439
10448	10438
10409	10334
10211	10089
10025	10034
10079	10119
10143	10162
10204	10289
10398	10487
10526	10504
10432	10347
10304	10332
10417	10508
10571	10600
10605	10600
10599	10607
10611	10603
10593	10593
10596	10592
10576	10534
10458	10374
10333	10352
10400	10436
10444	10430
10400	10351
10302	10277
10274	10269
10233	10123
9980	10078
10666	10604
10525	10477
10470	10473
10477	10489
10516	10545
10586	10653
10728	10747
10671	10552
10475	10476
10516	10556
10599	10650
10679	10650
10585	10547
10557	10586
10609	10630
10648	10642
10602	10553
10518	10492
10451	10383
10316	10264
10244	10271
10338	10404
10437	10441
10415	10353
10293	10306
10411	10524
10537	10448
10337	10254
10189	10141
10119	10107
10074	10021
9984	10001
10068	10161
10243	10288
10291	10273
10268	10294
10343	10395
10445	10500
10552	10588
10593	10574
10565	10590
10622	10619
10565	10473
10363	10240
10112	10022
10009	10056
10112	10166
10250	10368
10475	10534
10536	10494
10436	10393
10390	10403
10369	10261
10119	10007
9947	9924
9908	9887
9866	9863
9885	9919
9928	9892
9827	9786
9805	9872
9950	10018
10095	10195
10297	10364
10393	10404
10412	10416
10411	10396
10371	10349
10348	10369
10378	10339
10249	10145
10065	10026
10014	10007
9995	10009
10082	10201
10320	10397
10439	10460
10449	10382
10251	10112
10031	10033
10092	10167
10228	10274
10322	10394
10483	10552
10572	10528
10428	10310
10249	10284
10392	10499
10562	10583
10588	10601
10624	10648
10654	10634
10609	10597
10599	10603
10598	10566
10497	10419
10383	10405
10450	10476
10474	10465
10447	10412
10366	10333
10319	10300
10233	9909
8573	5332
