9107	9060
8986	8905
8835	8796
8794	8792
8679	8327
7683	6878
6171	5745
5579	5532
5524	5559
5644	5755
5863	5931
5899	5761
5588	5496
5589	5930
6480	7075
7550	7844
7953	7824
7408	6776
6098	5532
5167	5056
5251	5792
6652	7645
8480	8990
9209	9260
9241	9215
9227	9276
9461	9396
9283	9135
8983	8872
8832	8794
8600	8103
7311	6441
5779	5450
5349	5316
5289	5307
5397	5529
5646	5694
5636	5501
5359	5307
5440	5803
6318	6829
7220	7482
7631	7587
7250	6657
5986	5403
5003	4856
5007	5479
6264	7248
8185	8849
9199	9332
9367	9391
9456	9563
9712	9607
9405	9105
8766	8505
8391	8333
8112	7563
6730	5893
5338	5126
5092	5080
5059	5082
5184	5326
5425	5419
5312	5174
5067	5050
5207	5566
6031	6449
6726	6906
7043	7074
6855	6370
5771	5220
4816	4636
4726	5083
5715	6609
7598	8431
8961	9232
9372	9481
9604	9738
9774	9604
9255	8720
8112	7641
7439	7400
7267	6841
6152	5462
5040	4914
4926	4937
4941	4993
5097	5198
5220	5130
4980	4854
4780	4775
4895	5190
5589	5938
6137	6215
6273	6315
6213	5897
5457	5019
4665	4474
4488	4688
5098	5786
6701	7611
8307	8762
9073	9335
9571	9762
9758	9511
8998	8232
7395	6769
6514	6532
6562	6370
5921	5411
5083	4989
5000	5014
5042	5110
5172	5152
5024	4835
4677	4600
4570	4549
4582	4751
5052	5367
5550	5568
5527	5513
5474	5335
5110	4845
4588	4411
4352	4391
4554	4961
5655	6491
7262	7891
8426	8919
9359	9696
9791	9495
8898	8051
7176	6551
6319	6394
6550	6553
6301	5926
5644	5530
5501	5483
5491	5521
5473	5265
4946	4659
4522	4519
4540	4508
4453	4484
4669	4943
5141	5156
5057	4975
4947	4927
4885	4795
4647	4499
4401	4333
4305	4444
4856	5495
6222	6955
7683	8408
9079	9616
9913	9639
9106	8385
7678	7201
7038	7127
7303	7373
7231	6954
6712	6576
6492	6418
6366	6307
6112	5714
5232	4871
4755	4814
4886	4869
4779	4721
4799	5000
5187	5222
5119	5013
4984	5015
5061	5067
4989	4877
4791	4706
4604	4579
4766	5193
5809	6540
7335	8151
8942	9615
10126	9925
9550	9065
8609	8309
8208	8265
8380	8428
8339	8159
7987	7867
7767	7662
7558	7417
7123	6638
6102	5733
5626	5703
5804	5822
5753	5678
5686	5796
5924	5955
5876	5794
5779	5820
5872	5886
5824	5737
5691	5652
5576	5515
5588	5863
6338	6960
7654	8372
9098	9774
10415	10283
10050	9760
9497	9321
9250	9264
9312	9330
9284	9195
9112	9044
8975	8891
8791	8637
8353	7930
7486	7183
7092	7150
7240	7279
7249	7194
7172	7205
7261	7265
7211	7164
7168	7201
7227	7215
7146	7074
7053	7059
7036	7007
7048	7220
7540	7970
8451	8954
9509	10090
10759	10660
10494	10301
10130	10011
9953	9946
9967	9983
9978	9962
9948	9937
9918	9881
9822	9716
9525	9256
8977	8782
8715	8742
8796	8823
8807	8770
8739	8732
8737	8722
8683	8657
8665	8685
8689	8659
8594	8533
8516	8525
8523	8519
8551	8650
8824	9054
9313	9611
10006	10496
11152	11057
10905	10737
10594	10492
10438	10432
10459	10496
10526	10552
10578	10601
10612	10608
10583	10529
10433	10300
10160	10059
10018	10023
10040	10041
10018	9983
9950	9929
9914	9893
9861	9840
9835	9837
9827	9794
9738	9686
9656	9642
9633	9630
9650	9698
9770	9854
9958	10129
10448	10914
11593	11495
11344	11182
11043	10944
10890	10885
10919	10971
11020	11060
11094	11120
11136	11136
11124	11100
11055	10995
10931	10883
10864	10861
10858	10841
10808	10770
10734	10705
10681	10658
10630	10602
10579	10560
10538	10502
10450	10394
10347	10316
10293	10284
10290	10306
10318	10317
10334	10449
10768	11286
12026	11941
11810	11663
11535	11435
11374	11356
11377	11419
11462	11493
11515	11533
11542	11538
11525	11507
11481	11450
11421	11405
11404	11403
11393	11371
11335	11291
11244	11204
11169	11140
11111	11078
11041	11004
10969	10926
10867	10797
10737	10699
10678	10666
10657	10646
10619	10568
10535	10626
10972	11561
12360	12309
12222	12118
12010	11911
11839	11798
11791	11808
11830	11842
11849	11862
11867	11858
11842	11826
11808	11788
11779	11785
11796	11801
11796	11776
11740	11682
11611	11544
11492	11461
11439	11411
11369	11321
11277	11229
11160	11079
11010	10975
10960	10948
10924	10891
10837	10755
10689	10750
11084	11705
12545	12535
12508	12452
12368	12275
12193	12138
12110	12107
12111	12108
12109	12120
12125	12113
12096	12082
12067	12055
12054	12070
12087	12098
12100	12091
12052	11970
11864	11761
11693	11665
11660	11648
11612	11559
11509	11459
11392	11308
11237	11207
11200	11185
11149	11102
11036	10945
10856	10867
11124	11707
12612	12634
12650	12630
12564	12475
12393	12331
12295	12287
12284	12273
12270	12283
12288	12275
12257	12245
12232	12221
12223	12240
12258	12272
12283	12282
12239	12138
11998	11867
11787	11766
11780	11787
11758	11703
11650	11600
11537	11456
11391	11365
11362	11343
11300	11248
11184	11093
10992	10922
10841	10566
