5438	5217
4863	4648
4890	5532
6152	6377
6123	5588
5154	5113
5409	5771
6061	6373
6842	7500
8254	8969
9400	9119
7917	6278
4991	4386
4280	4406
4612	4850
5110	5399
5725	6125
6670	7399
8199	8833
9148	9148
8909	8511
8093	7807
7691	7668
7695	7802
7941	7893
7425	6590
5536	5323
4993	4813
5077	5739
6386	6625
6345	5755
5273	5211
5502	5852
6129	6450
6997	7793
8677	9416
9736	9273
7953	6341
5187	4714
4653	4716
4801	4934
5155	5446
5778	6167
6692	7393
8142	8713
8978	8975
8787	8466
8095	7799
7648	7612
7652	7764
7904	7887
7483	6708
5662	5468
5175	5026
5306	5988
6674	6939
6633	5977
5430	5338
5616	5953
6210	6542
7172	8129
9164	9931
10118	9465
8050	6515
5541	5219
5185	5127
5022	5009
5180	5486
5840	6226
6728	7385
8060	8546
8766	8778
8663	8443
8143	7849
7656	7585
7613	7710
7832	7829
7485	6778
5775	5609
5353	5222
5497	6183
6902	7198
6885	6178
5587	5480
5750	6067
6297	6628
7322	8406
9556	10337
10416	9637
8217	6816
6021	5815
5767	5570
5286	5153
5298	5636
6018	6407
6884	7472
8042	8433
8608	8634
8576	8442
8221	7959
7744	7632
7618	7669
7741	7721
7410	6774
5857	5715
5483	5354
5604	6263
6988	7309
7004	6294
5708	5615
5896	6196
6398	6717
7438	8579
9770	10518
10515	9708
8392	7174
6522	6363
6276	6005
5665	5535
5722	6096
6479	6833
7240	7716
8150	8430
8552	8571
8540	8463
8315	8108
7903	7757
7688	7678
7695	7640
7344	6760
5918	5788
5565	5422
5630	6242
6942	7263
6977	6304
5767	5720
6028	6334
6528	6834
7544	8656
9779	10420
10328	9563
8447	7458
6924	6751
6618	6380
6171	6203
6510	6925
7261	7505
7762	8073
8350	8515
8574	8579
8562	8520
8430	8282
8102	7936
7820	7763
7741	7662
7370	6800
5969	5843
5614	5444
5604	6173
6840	7146
6877	6251
5777	5786
6137	6479
6698	7004
7666	8664
9611	10061
9850	9153
8290	7582
7170	6953
6784	6664
6704	6985
7444	7898
8172	8271
8344	8469
8592	8652
8657	8650
8646	8625
8569	8464
8311	8135
7989	7905
7871	7792
7488	6886
5995	5874
5638	5433
5550	6087
6736	7033
6771	6187
5773	5836
6238	6638
6909	7223
7806	8626
9337	9559
9218	8578
7971	7566
7305	7075
6901	6920
7196	7674
8235	8716
8953	8950
8876	8856
8860	8836
8795	8777
8780	8771
8729	8652
8524	8351
8188	8090
8052	7961
7618	6947
5980	5878
5643	5407
5478	5985
6620	6912
6660	6110
5750	5873
6339	6803
7126	7433
7915	8550
9054	9102
8659	8061
7672	7552
7473	7288
7139	7256
7654	8197
8764	9229
9452	9416
9284	9191
9130	9048
8967	8933
8934	8932
8907	8858
8765	8612
8439	8320
8256	8128
7710	6941
5915	5846
5633	5377
5397	5855
6461	6737
6487	5962
5646	5827
6352	6872
7222	7509
7904	8418
8812	8777
8291	7747
7550	7674
7766	7651
7531	7664
8053	8548
9048	9462
9670	9651
9534	9441
9355	9241
9129	9071
9064	9074
9082	9085
9042	8915
8737	8585
8477	8282
7758	6870
5820	5789
5611	5348
5317	5700
6244	6491
6233	5714
5412	5614
6167	6711
7070	7346
7712	8188
8545	8486
8026	7606
7613	7926
8128	8052
7928	8011
8310	8711
9135	9498
9694	9704
9638	9577
9499	9373
9237	9152
9133	9161
9221	9289
9303	9208
9027	8847
8691	8414
7775	6769
5700	5706
5570	5322
5252	5560
6036	6247
5978	5449
5130	5311
5844	6369
6716	6998
7378	7843
8159	8090
7741	7545
7773	8197
8412	8323
8171	8182
8380	8699
9077	9422
9621	9660
9636	9608
9548	9427
9279	9165
9125	9171
9290	9425
9490	9420
9243	9051
8857	8504
7760	6660
5559	5591
5501	5298
5236	5516
5960	6152
5865	5311
4968	5125
5622	6090
6388	6665
7050	7465
7690	7619
7462	7560
7978	8406
8539	8394
8213	8171
8297	8563
8933	9300
9523	9581
9573	9558
9514	9407
9256	9114
9051	9112
9279	9466
9561	9505
9339	9157
8948	8543
7725	6563
5418	5467
5424	5291
5300	5630
6098	6279
5945	5343
4985	5149
5624	6021
6250	6505
6873	7191
7287	7230
7308	7697
8225	8559
8549	8333
8133	8066
8144	8381
8763	9171
9432	9502
9482	9454
9409	9320
9175	9017
8937	9006
9206	9420
9521	9466
9318	9161
8965	8543
7694	6504
5315	5379
5377	5320
5424	5846
6365	6516
6102	5437
5080	5276
5743	6079
6253	6499
6849	7070
7048	7020
7311	7921
8479	8676
8522	8245
8036	7952
8000	8217
8614	9062
9355	9431
9388	9328
9275	9195
9062	8906
8822	8898
9110	9327
9419	9358
9224	9100
8934	8526
7685	6496
5263	5337
5368	5364
5537	6028
6579	6695
6204	5493
5144	5369
5836	6136
6285	6536
6879	7039
6950	6947
7377	8109
8662	8755
8505	8193
7979	7885
7913	8119
8524	8994
9307	9382
9319	9233
9167	9094
8972	8823
8745	8824
9037	9249
9329	9262
9140	9039
8898	8523
7787	6883
