5367	5346
5323	5315
5332	5355
5355	5316
5254	5209
5192	5199
5216	5233
5254	5285
5334	5404
5488	5567
5613	5606
5547	5456
5367	5307
5275	5268
5258	5244
5216	5176
5146	5152
5201	5284
5381	5476
5550	5591
5602	5596
5597	5626
5707	5878
6203	6760
7520	8317
8942	9268
9283	9009
8471	7745
6984	6359
5966	5801
5811	5915
6031	6128
6211	6328
6483	6654
6790	6870
6867	6779
6624	6430
6236	6085
6018	6069
6268	6641
7164	7784
8439	9068
9602	9994
10241	10367
10399	10393
10413	10501
10631	10720
10699	10515
10162	9666
9094	8517
7970	7473
7031	6675
6398	6182
6011	5903
5871	5919
6023	6144
6238	6282
6278	6248
6211	6177
6152	6136
6122	6094
6059	6038
6045	6072
6097	6106
6115	6137
6169	6194
6193	6167
6130	6099
6080	6071
6070	6073
6077	6082
6083	6077
6054	5993
5891	5757
5617	5492
5398	5350
5355	5394
5442	5469
5464	5423
5347	5243
5133	5035
4962	4922
4917	4937
4950	4930
4866	4779
4711	4694
4743	4820
4855	4802
4678	4556
4469	4418
4384	4360
4341	4321
4294	4273
4309	4494
4902	5532
6307	7142
7962	8686
9240	9569
9641	9426
8915	8174
7308	6420
5615	4979
4569	4403
4516	4895
5461	5428
5388	5361
5355	5362
5351	5309
5252	5207
5192	5199
5216	5233
5254	5285
5334	5404
5488	5567
5614	5607
5554	5472
5390	5334
5307	5298
5292	5281
5257	5227
5204	5211
5256	5329
5415	5498
5566	5607
5622	5618
5622	5652
5733	5891
6197	6716
7433	8182
8769	9072
9080	8814
8303	7617
6901	6324
5964	5820
5840	5939
6047	6136
6226	6354
6522	6703
6858	6949
6959	6876
6726	6537
6351	6208
6150	6198
6381	6717
7191	7761
8372	8960
9450	9808
10032	10147
10177	10175
10197	10283
10408	10487
10452	10255
9890	9403
8858	8319
7811	7352
6951	6628
6380	6183
6023	5920
5892	5939
6038	6152
6243	6285
6278	6248
6211	6177
6152	6136
6122	6094
6059	6038
6045	6075
6101	6116
6128	6151
6183	6206
6205	6182
6148	6115
6094	6081
6074	6073
6075	6077
6080	6077
6053	5996
5899	5774
5644	5527
5443	5400
5400	5433
5472	5491
5480	5428
5345	5242
5134	5041
4974	4942
4948	4976
5004	4994
4941	4862
4798	4785
4834	4912
4956	4915
4808	4691
4603	4547
4507	4471
4433	4394
4355	4337
4390	4591
5007	5629
6384	7183
7950	8618
9113	9387
9416	9173
8657	7929
7092	6252
5496	4907
4530	4395
4541	4966
5604	5558
5494	5436
5397	5373
5348	5301
5246	5203
5190	5199
5216	5233
5254	5285
5334	5404
5488	5567
5614	5611
5562	5488
5417	5368
5345	5337
5334	5327
5314	5299
5292	5304
5342	5400
5469	5539
5596	5637
5653	5651
5655	5685
5763	5912
6186	6650
7293	7973
8505	8771
8765	8518
8046	7420
6780	6264
5958	5848
5878	5968
6064	6147
6245	6385
6565	6759
6926	7030
7052	6984
6846	6670
6496	6371
6319	6368
6529	6814
7222	7726
8270	8788
9217	9521
9712	9814
9847	9848
9875	9962
10082	10153
10097	9876
9502	9027
8520	8034
7596	7195
6849	6577
6368	6193
6048	5953
5928	5973
6066	6169
6252	6289
6279	6248
6211	6177
6152	6136
6122	6094
6059	6038
6045	6075
6108	6131
6150	6178
6209	6231
6232	6210
6175	6139
6111	6094
6081	6076
6075	6075
6077	6075
6054	6001
5912	5803
5690	5588
5513	5471
5472	5499
5526	5530
5498	5433
5344	5238
5133	5048
4992	4973
4992	5039
5084	5094
5056	4992
4932	4920
4971	5053
5104	5078
4986	4876
4786	4717
4664	4610
4550	4488
4437	4424
4497	4719
5136	5739
6459	7205
7910	8501
8917	9120
9091	8818
8295	7586
6793	6015
5338	4822
4506	4413
4600	5076
5780	5719
5625	5526
5448	5393
5345	5291
5237	5201
5188	5199
5216	5233
5254	5285
5334	5404
5488	5568
5614	5614
5570	5506
5445	5403
5383	5377
5375	5374
5374	5378
5393	5414
5450	5492
5542	5594
5639	5676
5693	5695
5701	5729
5801	5932
6170	6567
7119	7713
8176	8401
8385	8153
7732	7179
6624	6194
5948	5879
5921	6000
6083	6161
6265	6414
6599	6789
6952	7058
7088	7041
6929	6777
6629	6522
6488	6538
6670	6906
7244	7667
8132	8574
8924	9166
9312	9398
9435	9445
9479	9567
9682	9745
9674	9439
9059	8605
8150	7732
7368	7042
6758	6538
6368	6218
6089	6000
5976	6022
6106	6199
6267	6295
6282	6248
6211	6175
6152	6135
6122	6094
6059	6038
6046	6078
6117	6150
6180	6212
6248	6272
6271	6246
6207	6164
6131	6108
6092	6082
6075	6074
6074	6071
6052	6004
5927	5837
5742	5658
5593	5560
5559	5574
5586	5573
5522	5441
5341	5232
5132	5054
5013	5010
5052	5119
5183	5215
5198	5147
5095	5086
5137	5222
5276	5260
5175	5066
4967	4885
4810	4741
4657	4577
4518	4516
4607	4836
5237	5807
6478	7165
7800	8317
8651	8781
8703	8407
7889	7211
6471	5772
5187	4761
4513	4471
4702	5222
5962	5885
5760	5623
5504	5413
5344	5285
5228	5194
5184	5194
5215	5233
5254	5287
5335	5406
5489	5567
5614	5615
5578	5520
5470	5439
5423	5418
5417	5421
5435	5462
5500	5534
5561	5590
5619	5653
5688	5716
5735	5739
5744	5774
5839	5952
6150	6473
6932	7436
7829	8017
7990	7780
7406	6932
6462	6117
5940	5907
5961	6038
6106	6180
6286	6434
6604	6774
6914	7003
7038	7017
6945	6831
6712	6631
6613	6664
6783	6969
7241	7592
7981	8339
8609	8777
8875	8936
8964	8977
9011	9102
9218	9280
9210	8977
8615	8202
7806	7467
7181	6927
6705	6529
6390	6261
6138	6053
6028	6070
6148	6229
6286	6301
6284	6249
6210	6171
6146	6131
6117	6089
6056	6037
6045	6079
6124	6167
6211	6252
6292	6316
6308	6278
6234	6186
6145	6118
6101	6091
6081	6074
6073	6068
6050	6012
5948	5877
5802	5737
5687	5655
5650	5658
5656	5621
5549	5450
5337	5223
5129	5062
5034	5053
5113	5198
5288	5344
5347	5311
5263	5259
5310	5392
5447	5426
5339	5223
5107	5008
4917	4824
4729	4641
4584	4594
4694	4911
5280	5797
6400	7021
7588	8034
8299	8370
8262	7965
7478	6848
6179	5566
5080	4752
4584	4588
4846	5390
6128	6034
5880	5707
5555	5433
5344	5269
5216	5183
5177	5191
5212	5233
5257	5291
5340	5410
5492	5566
5611	5611
5580	5533
5492	5467
5455	5448
5449	5458
5484	5535
5597	5642
5672	5684
5697	5711
5731	5755
5770	5776
5782	5809
5865	5964
6122	6379
6755	7175
7506	7657
7627	7436
7110	6705
6318	6050
5931	5936
6000	6071
6130	6202
6305	6438
6580	6711
6811	6872
6903	6909
6880	6817
6735	6680
6684	6741
6850	7000
7220	7506
7822	8103
8298	8399
8439	8457
8462	8464
8495	8589
8704	8765
8704	8505
8198	7848
7526	7261
7044	6855
6686	6548
6430	6312
6197	6111
6085	6118
6192	6262
6304	6311
6286	6245
6198	6156
6128	6117
6104	6079
6045	6026
6036	6078
6130	6185
6236	6286
6324	6346
6336	6302
6250	6195
6150	6120
6105	6092
6081	6072
6066	6057
6041	6012
5970	5922
5870	5819
5775	5748
5735	5728
5710	5658
5572	5450
5321	5204
5116	5060
5055	5090
5166	5271
5377	5453
5479	5457
5421	5415
5466	5542
5588	5557
5452	5317
5188	5075
4971	4870
4770	4683
4635	4649
4745	4941
5263	5709
6239	6783
7276	7651
7855	7889
7774	7503
7069	6513
5934	5425
5046	4809
4707	4750
5023	5567
6259	6148
5972	5772
5589	5448
5336	5250
5191	5160
5161	5181
5207	5232
5260	5299
5349	5418
5496	5565
5600	5599
5569	5534
5502	5483
5470	5463
5460	5472
5514	5585
5670	5733
5767	5777
5776	5773
5779	5791
5799	5803
5806	5829
5880	5957
6080	6280
6580	6928
7211	7344
7312	7140
6856	6515
6205	6004
5936	5968
6037	6105
6164	6225
6316	6422
6525	6608
6657	6685
6708	6733
6745	6725
6691	6673
6697	6764
6859	6986
7164	7396
7656	7873
8000	8040
8023	7989
7961	7948
7979	8066
8175	8235
8197	8048
7816	7549
7304	7106
6950	6814
6687	6579
6478	6370
6256	6169
6140	6169
6236	6297
6330	6323
6287	6230
6171	6120
6089	6080
6074	6053
6020	6003
6021	6072
6134	6196
6251	6300
6336	6351
6340	6304
6250	6194
6147	6116
6099	6086
6073	6058
6045	6038
6030	6015
5996	5975
5947	5907
5867	5830
5804	5779
5742	5671
5562	5425
5279	5154
5073	5039
5053	5111
5205	5326
5446	5538
5580	5569
5543	5539
5584	5653
5682	5631
5505	5350
5206	5089
4992	4894
4800	4715
4674	4689
4770	4933
5203	5580
6026	6487
6901	7203
7357	7368
7256	7027
6667	6209
5742	5353
5082	4935
4887	4955
5223	5739
6347	6225
6031	5813
5612	5450
5323	5226
5160	5129
5137	5166
5200	5234
5272	5313
5368	5434
5504	5556
5582	5572
5546	5513
5490	5477
5469	5458
5454	5465
5516	5608
5715	5802
5849	5864
5858	5842
5826	5820
5815	5813
5816	5834
5870	5926
6014	6164
6397	6683
6926	7051
7028	6878
6637	6359
6120	5981
5954	6002
6077	6142
6195	6245
6307	6377
6437	6472
6484	6478
6484	6516
6557	6579
6594	6613
6661	6731
6816	6920
7063	7250
7460	7628
7708	7701
7640	7570
7513	7495
7530	7612
7703	7753
7728	7632
7479	7299
7128	6990
6880	6783
6689	6606
6522	6423
6315	6227
6197	6224
6284	6337
6360	6340
6289	6211
6129	6058
6022	6019
6023	6011
5985	5975
6002	6064
6138	6205
6255	6292
6318	6329
6314	6282
6237	6184
6139	6107
6086	6069
6050	6030
6015	6006
6008	6018
6033	6042
6034	6006
5963	5911
5858	5807
5746	5652
5516	5359
5200	5070
4994	4983
5028	5115
5234	5368
5498	5601
5653	5650
5625	5625
5658	5711
5723	5648
5498	5322
5174	5070
4996	4919
4835	4754
4707	4711
4774	4912
5141	5457
5827	6206
6535	6768
6879	6880
6784	6598
6315	5969
5626	5362
5202	5134
5131	5206
5448	5898
6386	6259
6059	5831
5619	5449
5314	5206
5132	5107
5118	5156
5203	5245
5285	5331
5387	5448
5504	5543
5554	5537
5505	5477
5459	5448
5442	5436
5433	5451
5505	5610
5742	5849
5914	5938
5933	5906
5873	5846
5826	5819
5819	5830
5852	5884
5937	6032
6203	6428
6638	6754
6745	6618
6420	6205
6041	5963
5974	6035
6109	6175
6218	6248
6272	6302
6323	6327
6308	6276
6263	6291
6347	6405
6455	6513
6581	6652
6727	6808
6918	7071
7238	7365
7414	7384
7305	7225
7171	7162
7202	7275
7344	7374
7357	7294
7201	7092
6988	6895
6822	6750
6684	6627
6560	6472
6372	6294
6262	6284
6335	6376
6389	6357
6287	6189
6082	5991
5947	5951
5970	5970
5959	5965
6006	6080
6160	6218
6252	6271
6285	6289
6280	6255
6219	6174
6137	6104
6078	6053
6027	6002
5982	5978
5995	6033
6074	6112
6122	6104
6054	5980
5897	5813
5717	5592
5433	5256
5088	4956
4887	4901
4983	5110
5261	5418
5559	5658
5704	5699
5670	5659
5677	5708
5698	5604
5436	5251
5106	5028
4985	4935
4865	4785
4726	4713
4763	4889
5099	5377
5692	5999
6257	6432
6512	6503
6429	6287
6082	5837
5613	5469
5412	5414
5447	5525
5716	6061
6375	6250
6050	5824
5617	5446
5309	5202
5127	5101
5119	5162
5217	5263
5305	5347
5391	5444
5493	5524
5524	5496
5457	5425
5410	5404
5406	5408
5416	5442
5506	5620
5761	5881
5957	5990
5983	5951
5905	5862
5833	5816
5816	5821
5833	5846
5863	5915
6022	6188
6359	6462
6459	6356
6199	6049
5956	5934
5975	6047
6123	6186
6220	6222
6211	6208
6206	6190
6151	6100
6071	6091
6154	6233
6314	6391
6471	6542
6609	6674
6761	6884
7020	7120
7153	7121
7053	6989
6957	6966
7015	7077
7121	7130
7104	7057
7000	6940
6877	6823
6773	6729
6686	6645
6593	6522
6438	6370
6339	6351
6382	6411
6414	6372
6288	6172
6048	5943
5893	5902
5937	5960
5973	5999
6056	6135
6208	6247
6256	6256
6255	6256
6249	6234
6209	6179
6145	6110
6079	6048
6015	5986
5967	5970
5999	6052
6117	6173
6198	6185
6129	6037
5924	5801
5666	5506
5327	5141
4968	4837
4777	4812
4933	5109
5306	5491
5639	5732
5757	5730
5684	5649
5641	5646
5613	5509
5337	5151
5019	4964
4951	4931
4873	4788
4719	4698
4749	4882
5095	5359
5643	5905
6114	6251
6314	6312
6256	6154
6013	5855
5735	5688
5716	5776
5844	5917
6037	6232
6311	6189
6000	5785
5588	5427
5301	5202
5139	5117
5139	5185
5240	5287
5325	5354
5387	5426
5470	5493
5490	5454
5409	5376
5357	5358
5370	5392
5416	5456
5527	5643
5776	5895
5975	6011
6006	5969
5920	5872
5835	5816
5815	5818
5824	5824
5821	5832
5889	6003
6129	6211
6205	6118
6000	5900
5858	5874
5936	6016
6093	6156
6180	6165
6132	6109
6101	6076
6029	5967
5927	5941
6003	6091
6185	6278
6363	6437
6501	6563
6638	6741
6849	6931
6960	6943
6898	6860
6848	6873
6921	6967
6989	6976
6941	6897
6855	6821
6788	6761
6737	6715
6689	6661
6625	6569
6505	6451
6421	6415
6428	6436
6427	6377
6287	6166
6030	5918
5866	5877
5929	5982
6027	6082
6152	6227
6279	6292
6271	6247
6236	6234
6232	6226
6214	6193
6165	6135
6103	6068
6032	5998
5980	5988
6025	6090
6164	6228
6260	6247
6188	6081
5939	5774
5592	5398
5202	5016
4853	4732
4684	4743
4904	5129
5368	5583
5741	5818
5810	5750
5670	5601
5559	5532
5479	5371
5204	5029
4913	4880
4897	4898
4852	4772
4702	4687
4754	4910
5148	5422
5701	5940
6130	6250
6311	6320
6287	6219
6127	6040
5999	6029
6118	6224
6319	6380
6407	6397
6171	6060
5882	5684
5510	5366
5264	5191
5151	5146
5176	5223
5280	5325
5352	5361
5373	5399
5436	5456
5449	5407
5359	5323
5307	5314
5341	5380
5427	5482
5557	5666
5792	5908
5983	6018
6014	5978
5923	5873
5836	5816
5814	5816
5821	5818
5807	5801
5830	5898
5984	6032
6015	5937
5843	5771
5751	5782
5845	5925
6006	6068
6098	6083
6052	6032
6021	5998
5946	5879
5835	5844
5907	5999
6097	6192
6282	6363
6434	6502
6581	6666
6754	6820
6856	6857
6835	6816
6814	6839
6876	6901
6901	6870
6824	6777
6740	6718
6706	6700
6701	6701
6693	6678
6654	6618
6574	6533
6499	6476
6462	6451
6430	6379
6288	6164
6025	5910
5853	5870
5940	6023
6110	6197
6281	6344
6370	6343
6294	6251
6228	6223
6224	6224
6221	6212
6196	6170
6139	6102
6065	6031
6012	6024
6066	6136
6213	6274
6307	6295
6234	6116
5948	5739
5513	5282
5069	4889
4747	4644
4619	4706
4900	5155
5430	5669
5834	5894
5855	5754
5636	5525
5448	5388
5319	5206
5048	4892
4794	4786
4828	4850
4823	4752
4698	4705
4799	4992
5262	5567
5858	6102
6290	6417
6486	6512
6501	6460
6410	6382
6403	6483
6607	6737
6842	6876
6781	6538
5969	5869
5709	5533
5374	5260
5187	5155
5151	5171
5213	5268
5324	5364
5375	5364
5353	5366
5392	5411
5400	5361
5313	5275
5262	5276
5316	5373
5438	5511
5588	5693
5811	5915
5987	6021
6017	5981
5925	5873
5837	5818
5815	5817
5822	5820
5810	5807
5818	5856
5901	5916
5885	5811
5724	5653
5625	5643
5700	5776
5859	5931
5977	5990
5985	5985
5986	5964
5909	5840
5795	5807
5871	5962
6062	6159
6251	6337
6417	6497
6579	6652
6723	6779
6820	6838
6835	6822
6817	6829
6850	6854
6831	6784
6724	6671
6636	6625
6630	6644
6663	6683
6692	6691
6680	6663
6643	6613
6571	6525
6484	6457
6429	6378
6288	6163
6024	5908
5850	5871
5959	6077
6199	6316
6412	6462
6457	6399
6319	6256
6227	6218
6221	6225
6229	6232
6231	6213
6182	6145
6105	6071
6053	6065
6113	6181
6260	6321
6350	6338
6274	6147
5951	5705
5431	5166
4938	4772
4657	4589
4596	4707
4920	5198
5489	5741
5899	5940
5875	5744
5586	5439
5322	5234
5151	5037
4891	4751
4676	4692
4758	4804
4797	4756
4728	4769
4900	5130
5441	5782
6100	6368
6571	6709
6794	6841
6848	6833
6817	6828
6892	7000
7135	7265
7357	7344
7117	6629
5730	5641
5501	5346
5214	5126
5091	5100
5143	5202
5261	5323
5375	5403
5398	5367
5340	5334
5352	5363
5354	5319
5276	5242
5231	5254
5307	5378
5457	5538
5618	5716
5825	5924
5995	6029
6024	5982
5927	5877
5839	5823
5818	5818
5825	5826
5821	5819
5825	5836
5844	5830
5785	5711
5621	5537
5480	5476
5515	5586
5672	5760
5838	5900
5947	5979
5992	5972
5918	5845
5802	5813
5878	5970
6068	6165
6259	6351
6438	6519
6596	6661
6714	6760
6803	6832
6846	6840
6833	6832
6834	6819
6776	6711
6639	6578
6544	6536
6555	6584
6619	6653
6677	6688
6694	6698
6694	6671
6620	6556
6494	6455
6425	6377
6289	6168
6030	5910
5855	5881
5983	6125
6279	6417
6516	6555
6525	6439
6335	6258
6219	6210
6212	6219
6234	6249
6255	6246
6217	6180
6143	6109
6094	6107
6153	6224
6301	6363
6392	6378
6309	6170
5953	5677
5364	5070
4837	4685
4605	4577
4620	4751
4977	5255
5542	5779
5925	5946
5855	5698
5511	5336
5193	5086
4993	4885
4753	4629
4578	4615
4705	4776
4800	4793
4807	4884
5052	5319
5664	6037
6390	6681
6909	7069
7174	7238
7262	7265
7272	7310
7394	7509
7636	7743
7803	7733
7378	6664
5478	5406
5293	5169
5069	5010
5005	5057
5146	5243
5330	5396
5436	5443
5412	5365
5325	5308
5314	5318
5310	5283
5250	5227
5225	5257
5316	5396
5478	5562
5642	5732
5835	5932
6008	6050
6041	5995
5936	5884
5850	5834
5833	5831
5831	5831
5830	5826
5818	5808
5791	5755
5698	5618
5518	5416
5337	5301
5314	5377
5470	5584
5704	5826
5925	5992
6019	6000
5944	5873
5828	5839
5904	5997
6096	6191
6288	6377
6463	6541
6610	6664
6705	6743
6781	6817
6838	6841
6837	6838
6827	6795
6732	6647
6561	6491
6451	6449
6472	6515
6558	6601
6635	6658
6678	6696
6707	6691
6639	6561
6492	6446
6419	6375
6292	6177
6041	5922
5865	5894
6005	6161
6325	6469
6566	6595
6549	6451
6336	6249
6201	6188
6190	6204
6225	6250
6265	6263
6238	6207
6175	6147
6135	6145
6190	6259
6336	6397
6426	6413
6337	6188
5954	5651
5316	5007
4782	4655
4610	4625
4702	4852
5082	5344
5604	5805
5913	5898
5780	5596
5395	5206
5050	4939
4851	4760
4649	4550
4516	4574
4683	4781
4836	4871
4927	5042
5242	5536
5902	6294
6662	6979
7227	7407
7529	7609
7649	7667
7687	7742
7836	7947
8050	8127
8148	8021
7549	6643
5237	5188
5116	5037
4972	4941
4962	5044
5167	5298
5411	5482
5503	5477
5418	5354
5309	5288
5284	5280
5270	5253
5238	5234
5248	5290
5350	5425
5504	5582
5657	5738
5835	5937
6022	6071
6063	6018
5960	5908
5882	5867
5861	5857
5851	5844
5836	5820
5801	5776
5746	5697
5625	5535
5423	5301
5195	5128
5117	5164
5266	5411
5582	5756
5902	5996
6035	6017
5961	5893
5850	5860
5924	6015
6114	6211
6304	6393
6474	6547
6609	6661
6701	6732
6760	6784
6803	6814
6826	6829
6818	6775
6699	6596
6492	6407
6360	6353
6379	6420
6468	6515
6553	6583
6613	6646
6669	6661
6612	6539
6469	6427
6404	6371
6299	6192
6065	5952
5893	5920
6022	6165
6318	6452
6542	6563
6520	6424
6314	6227
6176	6156
6161	6179
6204	6235
6258	6261
6248	6226
6205	6187
6176	6186
6227	6292
6366	6429
6454	6440
6358	6200
5953	5636
5297	4995
4785	4687
4679	4736
4843	5006
5221	5456
5670	5816
5862	5797
5640	5434
5223	5035
4892	4798
4735	4672
4590	4522
4513	4593
4721	4839
4920	4983
5072	5221
5446	5753
6122	6513
6882	7203
7461	7649
7786	7878
7937	7971
8008	8077
8176	8279
8365	8412
8396	8216
7646	6582
4999	4981
4953	4928
4913	4920
4961	5059
5196	5352
5480	5557
5560	5500
5412	5334
5289	5266
5257	5251
5247	5244
5251	5267
5298	5342
5398	5463
5529	5594
5656	5730
5816	5918
6014	6076
6087	6056
6012	5973
5951	5934
5917	5898
5877	5856
5836	5812
5788	5759
5720	5664
5582	5477
5350	5209
5074	4971
4927	4955
5066	5240
5455	5672
5854	5973
6020	6011
5963	5903
5865	5871
5930	6017
6113	6209
6301	6388
6468	6535
6601	6658
6702	6729
6741	6747
6753	6771
6794	6808
6803	6756
6672	6558
6439	6337
6274	6257
6276	6312
6356	6398
6434	6469
6508	6550
6586	6590
6557	6495
6436	6400
6383	6356
6299	6204
6093	5994
5940	5954
6028	6138
6264	6376
6456	6474
6437	6360
6271	6198
6148	6123
6126	6149
6183	6216
6242	6252
6247	6238
6231	6220
6216	6226
6262	6323
6398	6457
6484	6464
6377	6207
5949	5632
5302	5017
4833	4766
4794	4882
5011	5179
5375	5568
5713	5790
5767	5644
5449	5230
5019	4848
4733	4671
4646	4622
4583	4554
4582	4690
4838	4963
5047	5119
5218	5378
5615	5926
6287	6662
7015	7325
7574	7765
7911	8020
8101	8163
8228	8320
8430	8535
8609	8640
8598	8372
7710	6502
4772	4781
4798	4830
4868	4916
4979	5078
5219	5378
5518	5595
5583	5499
5390	5304
5257	5241
5235	5236
5243	5255
5277	5311
5354	5397
5446	5494
5542	5592
5639	5701
5782	5882
5981	6059
6105	6119
6112	6094
6072	6043
6004	5960
5912	5870
5833	5799
5772	5748
5712	5653
5565	5447
5305	5141
4976	4837
4759	4769
4876	5069
5308	5556
5765	5907
5974	5984
5956	5911
5876	5880
5928	6003
6091	6184
6277	6366
6448	6523
6595	6657
6704	6724
6717	6700
6691	6705
6739	6767
6767	6731
6647	6532
6404	6291
6210	6176
6180	6206
6240	6271
6298	6331
6380	6439
6494	6521
6508	6470
6427	6392
6373	6344
6291	6212
6125	6047
6001	6000
6046	6116
6207	6301
6363	6372
6337	6278
6220	6165
6124	6100
6101	6127
6164	6203
6229	6241
6244	6246
6245	6245
6245	6259
6295	6357
6431	6491
6517	6492
6398	6218
5953	5641
5326	5066
4910	4873
4928	5045
5190	5351
5510	5639
5712	5708
5616	5450
5239	5018
4827	4685
4601	4583
4599	4618
4630	4657
4742	4889
5052	5167
5222	5262
5343	5491
5719	6019
6363	6718
7049	7338
7572	7755
7911	8049
8172	8283
8395	8516
8642	8754
8828	8851
8785	8514
7764	6424
4574	4605
4664	4743
4829	4915
4998	5097
5226	5376
5514	5587
5570	5473
5353	5260
5218	5207
5215	5230
5254	5285
5320	5364
5409	5451
5484	5517
5544	5572
5608	5662
5741	5836
5941	6051
6150	6229
6271	6274
6243	6189
6118	6036
5955	5883
5828	5786
5764	5743
5712	5653
5561	5434
5278	5090
4896	4726
4618	4609
4705	4895
5146	5409
5638	5804
5900	5942
5946	5922
5896	5895
5924	5978
6058	6147
6240	6331
6417	6501
6581	6647
6690	6697
6675	6637
6612	6621
6660	6704
6718	6690
6618	6511
6388	6268
6174	6126
6117	6128
6144	6158
6177	6210
6265	6343
6426	6484
6509	6496
6466	6427
6392	6346
6282	6214
6151	6103
6076	6073
6098	6150
6223	6289
6319	6301
6256	6214
6178	6142
6111	6087
6090	6118
6158	6195
6222	6238
6241	6248
6253	6257
6263	6281
6324	6389
6465	6527
6552	6530
6432	6246
5983	5681
5384	5149
5021	5007
5085	5217
5363	5500
5609	5667
5658	5574
5429	5234
5024	4826
4664	4558
4516	4536
4594	4664
4741	4845
5003	5197
5370	5457
5461	5438
5462	5570
5764	6038
6356	6682
6983	7241
7450	7634
7810	7998
8194	8380
8558	8722
8867	8987
9062	9070
8971	8644
7811	6361
4446	4493
4580	4691
4812	4921
5017	5108
5219	5355
5484	5555
5534	5431
5305	5214
5171	5173
5194	5233
5275	5321
5368	5416
5463	5494
5514	5526
5534	5544
5569	5622
5704	5815
5948	6102
6264	6402
6485	6499
6451	6364
6253	6129
6006	5902
5824	5776
5757	5740
5711	5654
5562	5432
5266	5061
4846	4654
4524	4494
4574	4747
4988	5254
5496	5684
5813	5892
5929	5933
5917	5906
5914	5951
6016	6099
6194	6287
6380	6477
6562	6628
6661	6653
6611	6554
6515	6520
6568	6623
6655	6642
6586	6493
6383	6268
6174	6118
6092	6088
6085	6085
6091	6124
6190	6290
6405	6505
6569	6591
6571	6526
6461	6381
6294	6219
6176	6163
6174	6203
6245	6295
6340	6363
6341	6290
6232	6192
6164	6137
6106	6084
6087	6114
6154	6191
6219	6237
6241	6249
6256	6265
6278	6302
6351	6422
6501	6568
6598	6574
6482	6306
6056	5769
5495	5287
5182	5185
5269	5392
5519	5619
5669	5657
5571	5426
5232	5019
4817	4644
4518	4451
4453	4517
4622	4756
4912	5113
5357	5610
5790	5837
5768	5663
5608	5648
5793	6016
6289	6573
6830	7047
7234	7418
7638	7904
8203	8502
8767	8984
9148	9274
9337	9313
9165	8769
7863	6341
4421	4476
4575	4698
4829	4947
5039	5118
5205	5324
5443	5510
5484	5384
5256	5164
5127	5137
5177	5236
5298	5359
5415	5469
5512	5535
5541	5530
5518	5513
5529	5584
5691	5842
6030	6244
6462	6643
6745	6749
6672	6546
6394	6230
6068	5929
5830	5775
5755	5745
5718	5661
5569	5436
5267	5055
4831	4626
4484	4431
4489	4644
4868	5124
5367	5570
5727	5842
5913	5942
5938	5917
5908	5925
5977	6056
6146	6243
6342	6444
6539	6601
6623	6600
6540	6467
6415	6419
6472	6541
6589	6592
6553	6479
6383	6288
6205	6150
6116	6094
6076	6060
6058	6093
6173	6294
6441	6586
6694	6750
6743	6688
6590	6462
6338	6244
6209	6244
6349	6484
6596	6628
6588	6506
6416	6326
6255	6208
6174	6139
6105	6084
6089	6117
6157	6196
6227	6241
6248	6256
6263	6270
6289	6320
6376	6453
6537	6608
6642	6625
6545	6390
6171	5913
5663	5475
5385	5395
5472	5569
5652	5700
5695	5629
5487	5291
5064	4834
4634	4477
4382	4358
4402	4514
4678	4884
5133	5434
5775	6085
6277	6283
6140	5946
5798	5758
5829	5985
6192	6414
6615	6786
6950	7148
7424	7790
8221	8656
9037	9320
9515	9635
9678	9609
9386	8911
7938	6378
4491	4544
4640	4762
4886	4996
5075	5133
5204	5304
5410	5470
5443	5343
5217	5124
5089	5110
5169	5244
5320	5393
5458	5517
5556	5572
5561	5535
5503	5483
5493	5560
5700	5914
6182	6470
6733	6928
7021	7000
6889	6725
6532	6327
6130	5963
5845	5789
5771	5764
5744	5690
5594	5461
5288	5081
4855	4649
4493	4427
4465	4598
4800	5033
5267	5477
5654	5799
5900	5950
5958	5933
5909	5913
5952	6019
6102	6193
6294	6404
6507	6573
6590	6554
6482	6396
6336	6334
6391	6474
6534	6553
6527	6470
6396	6321
6258	6211
6177	6146
6113	6087
6080	6112
6200	6349
6532	6714
6863	6950
6958	6893
6759	6590
6423	6300
6275	6398
6689	7068
7317	7281
7021	6728
6521	6388
6297	6231
6181	6140
6106	6090
6097	6128
6173	6214
6246	6262
6272	6274
6280	6288
6307	6344
6406	6487
6574	6646
6683	6677
6615	6497
6315	6089
5864	5694
5611	5620
5670	5718
5742	5735
5689	5584
5416	5186
4934	4686
4475	4328
4257	4264
4360	4523
4745	5026
5364	5765
6190	6558
6759	6730
6521	6242
6011	5887
5873	5950
6079	6232
6374	6500
6644	6861
7201	7677
8249	8834
9342	9710
9941	10062
10075	9949
9646	9087
8051	6473
4617	4666
4755	4862
4973	5068
5130	5174
5227	5310
5401	5445
5414	5316
5196	5108
5077	5109
5179	5270
5356	5434
5500	5556
5595	5602
5582	5542
5496	5467
5476	5557
5738	6019
6362	6714
7013	7210
7283	7230
7083	6879
6649	6409
6184	6000
5879	5825
5818	5824
5806	5754
5656	5517
5346	5138
4918	4710
4549	4472
4489	4598
4776	4984
5206	5417
5611	5777
5897	5963
5977	5953
5921	5915
5943	5994
6062	6143
6244	6359
6470	6545
6568	6536
6462	6370
6297	6286
6345	6437
6510	6539
6532	6489
6429	6369
6317	6281
6253	6222
6185	6150
6135	6164
6263	6432
6644	6863
7046	7161
7183	7110
6952	6752
6558	6417
6418	6679
7286	8054
8523	8347
7704	7050
6639	6434
6317	6237
6175	6132
6106	6099
6121	6160
6209	6261
6301	6319
6322	6322
6321	6324
6338	6372
6435	6517
6609	6685
6729	6732
6693	6611
6471	6280
6072	5904
5818	5809
5823	5820
5782	5726
5644	5526
5343	5106
4833	4565
4342	4197
4143	4191
4329	4542
4816	5156
5569	6052
6549	6954
7157	7102
6846	6506
6199	5993
5900	5898
5956	6045
6135	6226
6361	6598
6999	7572
8277	9006
9639	10095
10369	10490
10470	10287
9910	9280
8195	6600
4749	4792
4868	4966
5063	5146
5200	5239
5282	5347
5410	5436
5397	5305
5195	5116
5095	5135
5219	5316
5406	5479
5538	5590
5623	5629
5598	5553
5504	5473
5485	5585
5807	6139
6539	6937
7253	7447
7496	7416
7239	7000
6730	6459
6220	6036
5925	5887
5902	5923
5918	5865
5764	5617
5436	5231
5012	4809
4648	4558
4557	4645
4796	4983
5194	5408
5613	5792
5919	5988
6004	5983
5952	5937
5945	5976
6025	6094
6191	6311
6432	6520
6557	6539
6477	6389
6307	6281
6339	6445
6528	6569
6572	6542
6480	6412
6363	6333
6316	6294
6263	6224
6205	6234
6339	6527
6769	7022
7236	7371
7401	7316
7147	6937
6738	6603
6661	7129
8148	9426
10162	9793
8636	7478
6773	6450
6304	6216
6160	6125
6115	6131
6168	6220
6282	6344
6394	6415
6418	6406
6396	6387
6390	6417
6477	6565
6664	6751
6803	6814
6797	6744
6635	6465
6261	6088
5986	5948
5923	5864
5769	5664
5564	5439
5261	5023
4740	4458
4229	4089
4056	4136
4314	4570
4888	5270
5732	6268
6809	7235
7427	7348
7064	6686
6323	6047
5879	5813
5822	5870
5925	5990
6119	6376
6829	7488
8300	9148
9888	10422
10733	10848
10796	10562
10131	9449
8331	6721
4850	4890
4961	5051
5144	5222
5276	5314
5352	5394
5431	5436
5390	5303
5207	5143
5129	5174
5265	5368
5456	5519
5567	5611
5641	5645
5620	5571
5524	5497
5522	5642
5889	6252
6681	7095
7419	7604
7642	7543
7340	7071
6775	6483
6238	6062
5974	5959
5993	6032
6042	5997
5895	5740
5551	5339
5126	4927
4768	4672
4661	4730
4862	5036
5239	5453
5665	5846
5975	6034
6043	6019
5987	5962
5953	5963
5994	6053
6148	6269
6397	6495
6549	6555
6517	6440
6358	6326
6389	6517
6623	6669
6663	6622
6544	6460
6397	6372
6366	6359
6336	6306
6287	6324
6437	6638
6902	7187
7430	7576
7597	7495
7315	7116
6931	6822
6977	7718
9231	11044
12036	11440
9728	8011
6940	6460
6281	6197
6156	6134
6146	6185
6241	6307
6377	6449
6503	6527
6522	6505
6483	6467
6464	6487
6551	6650
6766	6870
6932	6954
6944	6901
6800	6637
6429	6238
6108	6035
5969	5863
5718	5572
5444	5320
5153	4921
4641	4357
4135	4008
4000	4107
4318	4607
4956	5370
5869	6432
6986	7404
7575	7479
7177	6779
6377	6043
5812	5703
5686	5716
5752	5803
5921	6193
6685	7410
8311	9256
10080	10673
11005	11112
11023	10748
10279	9568
8432	6811
4921	4963
5029	5116
5204	5283
5340	5380
5409	5434
5453	5442
5389	5304
5223	5166
5157	5209
5301	5406
5490	5545
5585	5622
5652	5660
5637	5599
5560	5542
5580	5714
5973	6347
6777	7189
7506	7677
7703	7593
7372	7085
6770	6476
6237	6079
6013	6017
6063	6116
6141	6109
6012	5857
5663	5450
5241	5050
4902	4813
4801	4860
4980	5145
5340	5552
5762	5941
6057	6105
6098	6064
6022	5984
5959	5952
5973	6027
6116	6237
6366	6473
6543	6572
6555	6500
6433	6420
6523	6712
6869	6901
6834	6726
6617	6515
6444	6417
6422	6428
6413	6386
6385	6439
6563	6766
7042	7354
7623	7768
7757	7627
7439	7250
7091	7042
7357	8447
10480	12768
13916	13062
10835	8592
7163	6513
6284	6205
6170	6168
6198	6252
6325	6399
6476	6547
6595	6616
6610	6588
6569	6551
6554	6590
6673	6801
6948	7074
7149	7172
7147	7084
6964	6779
6555	6346
6187	6082
5979	5835
5646	5461
5310	5178
5024	4807
4539	4273
4067	3968
3989	4120
4352	4657
5022	5457
5978	6551
7093	7483
7624	7510
7207	6806
6388	6013
5738	5597
5569	5598
5631	5667
5773	6047
6564	7341
8305	9316
10198	10828
11170	11265
11153	10843
10346	9618
8479	6867
4974	5013
5080	5164
5252	5332
5389	5424
5445	5459
5467	5446
5389	5307
5229	5178
5171	5226
5322	5427
5508	5559
5595	5628
5657	5669
5659	5633
5604	5600
5644	5783
6041	6403
6822	7219
7518	7680
7689	7564
7336	7043
6732	6443
6219	6082
6032	6047
6100	6160
6200	6189
6105	5959
5768	5562
5361	5185
5048	4974
4970	5034
5155	5309
5493	5695
5894	6061
6163	6191
6165	6112
6052	5999
5960	5941
5960	6012
6097	6212
6338	6450
6532	6580
6586	6559
6529	6580
6795	7134
7393	7388
7157	6889
6699	6583
6514	6486
6494	6503
6496	6480
6500	6574
6711	6908
7181	7512
7796	7930
7884	7719
7528	7358
7241	7293
7838	9348
11882	14500
15625	14452
11777	9129
7417	6623
6336	6244
6211	6213
6253	6320
6399	6479
6552	6615
6659	6674
6667	6655
6641	6638
6659	6722
6845	7022
7212	7368
7456	7462
7404	7288
7112	6879
6624	6390
6212	6081
5957	5785
5569	5352
5176	5033
4885	4690
4453	4213
4042	3976
4031	4183
4422	4724
5082	5516
6033	6593
7109	7465
7589	7472
7186	6795
6377	5985
5685	5528
5496	5525
5553	5576
5666	5931
6461	7263
8261	9306
10211	10851
11196	11279
11147	10820
10311	9581
8454	6876
5023	5060
5128	5209
5300	5372
5425	5453
5464	5471
5470	5448
5391	5308
5234	5182
5176	5232
5327	5433
5513	5562
5595	5628
5661	5676
5678	5670
5660	5662
5710	5835
6071	6411
6807	7181
7463	7607
7607	7477
7251	6964
6664	6395
6194	6075
6036	6053
6109	6181
6237	6242
6178	6049
5873	5680
5490	5327
5211	5152
5164	5242
5359	5508
5679	5865
6046	6195
6278	6287
6238	6165
6083	6013
5960	5938
5952	6002
6084	6190
6313	6426
6519	6585
6614	6621
6647	6808
7227	7836
8285	8236
7747	7198
6851	6687
6610	6580
6583	6596
6590	6584
6615	6708
6853	7044
7311	7637
7921	8042
7976	7811
7645	7514
7453	7636
8476	10439
13404	16154
17043	15466
12425	9515
7634	6743
6409	6291
6249	6246
6286	6357
6438	6518
6588	6641
6680	6699
6703	6702
6707	6726
6774	6883
7058	7294
7535	7725
7824	7813
7700	7500
7240	6944
6644	6379
6179	6033
5900	5724
5504	5272
5069	4914
4776	4606
4405	4206
4072	4045
4132	4308
4544	4822
5145	5537
6012	6524
6998	7331
7449	7354
7093	6734
6332	5949
5659	5500
5463	5481
5492	5499
5576	5833
6354	7143
8130	9166
10064	10690
11019	11094
10957	10632
10131	9420
8336	6827
5071	5108
5173	5256
5339	5412
5459	5477
5480	5478
5473	5450
5391	5310
5237	5183
5177	5233
5328	5434
5512	5562
5594	5626
5657	5682
5696	5707
5714	5731
5772	5871
6066	6367
6731	7082
7341	7470
7462	7341
7128	6863
6585	6336
6158	6058
6027	6049
6110	6190
6262	6284
6241	6128
5974	5797
5624	5477
5374	5333
5362	5454
5576	5719
5876	6042
6203	6331
6392	6378
6311	6213
6112	6026
5962	5937
5949	5994
6069	6169
6283	6402
6506	6589
6643	6682
6772	7074
7753	8713
9430	9377
8603	7700
7109	6841
6722	6677
6675	6685
6680	6679
6716	6813
6961	7154
7409	7718
7978	8092
8044	7928
7828	7766
7781	8116
9265	11670
14953	17630
18100	16056
12727	9701
7770	6835
6458	6315
6255	6242
6272	6340
6424	6503
6575	6632
6678	6708
6730	6746
6772	6813
6897	7052
7288	7581
7878	8107
8215	8182
8012	7723
7367	6995
6651	6351
6128	5972
5841	5681
5473	5237
5019	4852
4719	4577
4413	4254
4162	4175
4293	4486
4713	4954
5219	5536
5926	6365
6782	7086
7204	7131
6904	6574
6207	5863
5606	5473
5429	5422
5406	5399
5467	5710
6193	6936
7869	8851
9701	10294
10607	10680
10560	10258
9788	9123
8117	6728
5121	5157
5220	5299
5378	5442
5480	5492
5487	5480
5474	5450
5391	5310
5237	5184
5179	5233
5324	5431
5510	5559
5591	5621
5651	5683
5709	5734
5760	5787
5816	5885
6036	6288
6611	6928
7161	7280
7275	7168
6982	6749
6501	6279
6122	6038
6014	6043
6108	6197
6279	6316
6285	6193
6059	5905
5748	5618
5530	5507
5551	5652
5780	5921
6064	6212
6352	6452
6488	6460
6374	6260
6140	6043
5978	5950
5960	5999
6066	6153
6263	6383
6497	6591
6664	6730
6877	7296
8203	9479
10478	10494
9537	8316
7452	7022
6836	6763
6752	6762
6758	6756
6785	6877
7024	7223
7472	7751
7985	8102
8101	8062
8054	8078
8196	8714
10189	12980
16439	18869
18797	16278
12745	9730
7848	6910
6497	6323
6233	6197
6217	6278
6361	6445
6524	6598
6661	6708
6746	6781
6822	6891
7007	7209
7503	7858
8205	8470
8590	8541
8313	7945
7506	7067
6676	6347
6099	5932
5807	5669
5480	5248
5024	4851
4724	4605
4476	4357
4303	4343
4484	4686
4899	5105
5304	5531
5819	6168
6513	6774
6872	6806
6593	6294
5970	5688
5494	5395
5348	5309
5261	5239
5301	5521
5954	6616
7456	8349
9130	9678
9979	10067
9978	9722
9306	8711
7815	6588
5188	5221
5277	5345
5410	5463
5491	5497
5486	5479
5473	5450
5392	5310
5238	5185
5181	5229
5320	5422
5503	5556
5591	5617
5646	5676
5707	5745
5782	5813
5842	5889
6000	6204
6473	6745
6949	7053
7053	6969
6810	6613
6403	6216
6084	6015
6004	6039
6111	6202
6285	6327
6309	6234
6124	5993
5859	5747
5679	5670
5721	5827
5960	6099
6236	6363
6473	6548
6564	6521
6423	6299
6176	6080
6021	6000
6006	6034
6088	6165
6267	6386
6499	6595
6673	6761
6944	7427
8434	9851
11013	11165
10227	8879
7814	7219
6944	6830
6807	6816
6819	6815
6836	6918
7058	7254
7495	7754
7982	8119
8171	8199
8268	8390
8656	9416
11244	14359
17846	19884
19214	16244
12587	9672
7914	7014
6575	6343
6210	6136
6130	6183
6268	6367
6465	6564
6654	6722
6769	6810
6860	6945
7093	7337
7685	8088
8481	8781
8918	8851
8581	8153
7645	7154
6718	6357
6092	5915
5800	5676
5507	5292
5077	4909
4788	4684
4580	4497
4467	4522
4664	4857
5060	5233
5376	5524
5718	5970
6233	6429
6493	6405
6196	5916
5640	5429
5306	5242
5197	5132
5063	5032
5090	5283
5652	6216
6942	7719
8409	8908
9196	9304
9257	9061
8718	8213
7456	6429
5272	5295
5338	5387
5434	5471
5487	5486
5480	5477
5473	5449
5392	5310
5238	5185
5179	5222
5304	5403
5490	5551
5591	5618
5643	5669
5699	5736
5777	5815
5846	5887
5972	6127
6335	6549
6714	6802
6808	6740
6615	6459
6297	6153
6052	5999
5997	6039
6114	6198
6268	6304
6296	6246
6163	6062
5955	5866
5813	5815
5869	5974
6106	6246
6376	6487
6567	6613
6613	6562
6471	6349
6234	6150
6112	6097
6100	6114
6150	6214
6311	6425
6528	6613
6684	6785
6989	7471
8420	9724
10848	11145
10467	9275
8182	7471
7089	6915
6863	6872
6886	6894
6921	6990
7103	7274
7499	7756
7995	8173
8277	8353
8483	8733
9228	10317
12519	15860
19209	20737
19450	16073
12340	9564
7975	7149
6684	6393
6189	6066
6029	6073
6168	6290
6424	6561
6681	6764
6812	6844
6889	6972
7137	7416
7799	8239
8667	9000
9157	9081
8777	8301
7747	7210
6733	6342
6060	5885
5778	5671
5523	5340
5153	5002
4889	4795
4713	4653
4631	4674
4788	4958
5141	5289
5397	5485
5603	5769
5951	6086
6107	5990
5767	5507
5280	5136
5070	5042
5002	4932
4851	4817
4866	5027
5331	5794
6392	7034
7613	8046
8315	8441
8437	8301
8042	7643
7047	6245
5359	5373
5394	5422
5449	5468
5476	5476
5472	5473
5471	5449
5392	5310
5239	5188
5179	5215
5289	5384
5474	5545
5595	5621
5638	5658
5685	5719
5758	5799
5834	5877
5939	6050
6196	6349
6471	6544
6555	6509
6419	6310
6201	6106
6035	6002
6007	6053
6118	6187
6238	6263
6260	6229
6176	6108
6030	5964
5925	5932
5988	6083
6210	6348
6475	6566
6622	6645
6634	6592
6518	6416
6321	6263
6246	6244
6243	6243
6259	6310
6397	6496
6581	6653
6721	6823
7032	7480
8262	9271
10166	10578
10337	9580
8655	7878
7359	7076
6971	6964
6987	7017
7061	7120
7202	7328
7518	7767
8031	8259
8422	8569
8820	9299
10142	11636
14159	17546
20541	21443
19546	15808
12024	9390
7977	7242
6775	6425
6165	6002
5941	5972
6080	6237
6421	6609
6762	6860
6899	6909
6921	6978
7125	7402
7795	8256
8709	9074
9250	9168
8834	8323
7736	7166
6663	6256
5973	5810
5719	5634
5519	5375
5229	5102
5000	4913
4844	4790
4759	4766
4836	4971
5127	5257
5337	5388
5450	5545
5660	5746
5735	5601
5378	5137
4956	4864
4840	4836
4806	4743
4670	4627
4656	4780
5022	5390
5859	6360
6816	7167
7400	7525
7555	7481
7308	7029
6611	6046
5424	5428
5437	5448
5459	5468
5470	5467
5468	5471
5471	5449
5392	5311
5241	5190
5177	5207
5277	5368
5464	5544
5596	5626
5638	5651
5675	5704
5737	5774
5809	5839
5881	5947
6043	6145
6234	6293
6318	6302
6256	6196
6139	6087
6046	6027
6035	6072
6124	6171
6204	6218
6215	6199
6169	6126
6074	6023
5997	6006
6059	6146
6264	6394
6510	6589
6630	6645
6642	6618
6567	6495
6433	6405
6409	6418
6414	6401
6403	6435
6503	6582
6654	6721
6785	6880
7085	7492
8104	8782
9383	9853
10105	9958
9381	8583
7863	7397
7188	7129
7130	7169
7228	7289
7354	7451
7614	7850
8124	8387
8628	8932
9459	10357
11697	13616
16294	19428
21810	21967
19463	15411
11588	9095
7862	7244
6799	6423
6140	5959
5880	5902
6021	6219
6458	6702
6898	7012
7043	7019
6981	6972
7057	7285
7655	8115
8590	8978
9163	9069
8710	8173
7572	6997
6490	6093
5830	5692
5634	5579
5500	5402
5296	5197
5107	5031
4965	4907
4850	4813
4835	4930
5060	5168
5225	5246
5264	5307
5372	5424
5402	5272
5063	4854
4710	4657
4659	4665
4646	4592
4519	4469
4474	4567
4753	5034
5387	5756
6085	6342
6520	6633
6685	6671
6582	6422
6174	5840
5470	5472
5475	5479
5481	5482
5479	5473
5470	5471
5471	5449
5392	5311
5241	5190
5175	5203
5266	5360
5458	5542
5598	5626
5637	5649
5671	5697
5726	5757
5781	5789
5798	5829
5882	5947
6010	6066
6109	6132
6139	6130
6117	6100
6085	6079
6085	6104
6130	6152
6164	6171
6170	6164
6149	6121
6085	6049
6028	6039
6088	6169
6274	6390
6489	6559
6601	6624
6635	6633
6611	6575
6549	6547
6569	6584
6579	6558
6548	6566
6610	6666
6731	6802
6866	6956
7151	7543
8050	8480
8808	9273
9967	10524
10464	9741
8766	7998
7580	7397
7340	7360
7429	7519
7622	7761
7956	8193
8455	8727
9072	9627
10601	12099
14032	16302
18880	21438
22949	22250
19155	14838
11023	8690
7650	7169
6780	6414
6132	5956
5870	5884
6008	6247
6553	6862
7105	7241
7265	7202
7087	6978
6961	7105
7419	7857
8328	8718
8899	8790
8412	7864
7266	6702
6227	5869
5645	5550
5530	5519
5484	5427
5357	5281
5211	5146
5084	5018
4935	4860
4839	4893
4992	5071
5107	5103
5093	5096
5123	5153
5133	5020
4844	4665
4555	4524
4538	4548
4536	4488
4421	4363
4353	4417
4559	4766
5014	5263
5479	5643
5761	5849
5914	5948
5939	5888
5792	5654
5515	5516
5515	5515
5515	5513
5505	5490
5479	5475
5471	5449
5393	5313
5241	5190
5174	5199
5263	5354
5453	5537
5598	5628
5639	5649
5670	5696
5724	5748
5757	5740
5720	5719
5744	5783
5828	5877
5936	6000
6058	6097
6120	6132
6138	6142
6143	6139
6134	6130
6128	6128
6128	6125
6118	6103
6079	6051
6038	6049
6097	6172
6263	6357
6437	6501
6550	6588
6621	6640
6646	6641
6644	6663
6693	6712
6708	6683
6663	6665
6694	6733
6793	6869
6939	7024
7232	7636
8114	8398
8504	8882
9909	11201
11866	11413
10214	9003
8214	7825
7690	7710
7832	8015
8253	8541
8856	9155
9417	9698
10128	10938
12371	14464
16920	19361
21595	23345
23856	22287
18651	14152
10406	8268
7426	7090
6773	6438
6177	6012
5923	5924
6057	6338
6718	7096
7390	7552
7574	7466
7265	7035
6892	6927
7164	7546
7975	8336
8489	8366
7983	7445
6864	6339
5909	5602
5435	5395
5425	5465
5477	5462
5422	5373
5321	5267
5211	5137
5035	4932
4873	4889
4950	5002
5018	5001
4972	4948
4946	4961
4945	4860
4715	4572
4488	4468
4483	4498
4487	4443
4379	4322
4310	4359
4471	4620
4781	4931
5048	5129
5186	5246
5313	5382
5437	5480
5507	5525
5569	5569
5568	5567
5562	5557
5542	5517
5493	5483
5475	5450
5393	5314
5243	5190
5174	5199
5263	5355
5454	5538
5599	5630
5640	5650
5670	5694
5719	5738
5740	5708
5666	5644
5652	5675
5704	5746
5813	5906
6004	6081
6133	6165
6188	6200
6192	6165
6128	6099
6085	6079
6079	6080
6080	6077
6063	6043
6033	6047
6093	6161
6238	6312
6377	6433
6494	6551
6602	6643
6668	6681
6699	6732
6770	6792
6785	6757
6729	6725
6744	6781
6835	6908
6980	7081
7319	7758
8246	8457
8374	8595
9798	11772
13329	13439
12186	10522
9261	8603
8398	8486
8768	9169
9639	10146
10641	11057
11373	11669
12127	13037
14690	17085
19769	22159
23930	24860
24434	22096
18041	13463
9860	7928
7274	7057
6813	6516
6279	6125
6036	6030
6169	6492
6940	7388
7738	7929
7945	7792
7495	7141
6869	6789
6925	7212
7556	7845
7957	7826
7460	6956
6423	5947
5574	5325
5219	5236
5322	5414
5476	5495
5484	5459
5426	5388
5337	5256
5138	5009
4917	4892
4916	4938
4939	4925
4895	4859
4835	4837
4827	4773
4662	4548
4481	4475
4494	4510
4498	4459
4396	4342
4330	4379
4473	4584
4685	4757
4797	4814
4827	4855
4911	4996
5100	5211
5331	5459
5625	5624
5621	5617
5610	5598
5578	5545
5512	5494
5481	5455
5400	5321
5248	5195
5177	5200
5263	5355
5457	5543
5604	5636
5648	5655
5673	5696
5718	5735
5735	5700
5651	5621
5616	5625
5642	5676
5746	5853
5972	6072
6142	6189
6217	6229
6210	6162
6101	6051
6027	6019
6021	6028
6037	6041
6039	6027
6020	6036
6080	6143
6210	6270
6323	6379
6446	6523
6591	6645
6679	6699
6721	6757
6798	6823
6819	6788
6756	6750
6777	6815
6867	6926
7001	7128
7401	7872
8378	8562
8337	8350
9549	12012
14475	15420
14497	12651
11024	10093
9803	9998
10540	11258
11994	12676
13290	13805
14195	14498
14879	15642
17125	19359
21888	24045
25399	25703
24569	21665
17345	12799
9393	7680
7181	7070
6888	6627
6411	6270
6184	6176
6328	6690
7196	7706
8100	8315
8328	8130
7750	7283
6885	6687
6703	6869
7094	7284
7344	7211
6892	6451
5990	5576
5259	5074
5024	5093
5227	5365
5467	5525
5544	5542
5525	5495
5441	5346
5207	5049
4926	4864
4850	4850
4849	4845
4831	4797
4765	4759
4757	4724
4648	4565
4520	4524
4554	4574
4565	4523
4461	4405
4393	4439
4525	4615
4675	4698
4688	4662
4642	4643
4682	4766
4895	5052
5234	5438
5681	5675
5668	5657
5644	5624
5599	5563
5529	5509
5496	5468
5412	5334
5257	5203
5183	5202
5262	5354
5457	5549
5616	5651
5663	5669
5684	5701
5720	5732
5731	5703
5664	5635
5626	5628
5635	5661
5725	5832
5957	6065
6141	6189
6214	6215
6179	6111
6031	5967
5937	5932
5938	5956
5971	5982
5987	5980
5981	6003
6048	6105
6170	6228
6286	6354
6439	6523
6599	6652
6681	6696
6717	6754
6801	6835
6836	6808
6775	6771
6803	6850
6899	6949
7025	7172
7458	7928
8433	8615
8315	8130
9168	11832
15016	16951
16804	15276
13604	12498
12082	12309
13059	14047
14945	15643
16203	16690
17082	17349
17570	18007
19022	20735
22808	24639
25722	25697
24174	20951
16525	12101
8930	7437
7087	7068
6946	6724
6525	6400
6328	6336
6510	6902
7448	8001
8426	8660
8666	8426
7965	7409
6911	6605
6498	6533
6634	6729
6741	6616
6349	5992
5612	5277
5021	4883
4875	4977
5146	5322
5463	5550
5594	5612
5606	5576
5510	5391
5224	5039
4888	4795
4757	4748
4756	4772
4780	4760
4730	4722
4726	4712
4662	4608
4585	4603
4640	4668
4665	4627
4562	4498
4473	4508
4582	4656
4694	4685
4649	4601
4562	4545
4566	4640
4775	4956
5180	5434
5729	5720
5704	5683
5658	5633
5603	5574
5545	5528
5518	5493
5437	5360
5282	5219
5190	5202
5257	5347
5457	5562
5638	5679
5691	5693
5700	5709
5719	5730
5730	5711
5685	5668
5659	5655
5657	5674
5732	5832
5952	6056
6129	6166
6173	6150
6094	6006
5915	5845
5810	5808
5826	5853
5881	5900
5905	5905
5913	5939
5984	6041
6110	6186
6268	6366
6468	6558
6628	6665
6680	6687
6709	6751
6804	6848
6859	6838
6810	6806
6837	6889
6938	6990
7070	7216
7484	7907
8368	8552
8246	7938
8742	11323
14920	17781
18692	17909
16527	15397
14841	14972
15726	16751
17618	18165
18509	18809
19085	19274
19341	19456
19942	21019
22521	23997
24933	24830
23205	19918
15553	11343
8440	7164
6940	6998
6931	6754
6582	6481
6442	6487
6695	7107
7667	8235
8682	8927
8915	8628
8110	7486
6927	6536
6326	6249
6249	6271
6248	6131
5911	5629
5337	5075
4880	4782
4801	4916
5099	5294
5461	5577
5643	5672
5669	5631
5545	5401
5209	5003
4840	4733
4685	4681
4706	4743
4772	4769
4754	4746
4752	4745
4714	4677
4662	4688
4736	4773
4779	4745
4679	4606
4564	4582
4638	4695
4712	4691
4639	4581
4528	4494
4495	4558
4691	4882
5131	5428
5757	5743
5720	5691
5661	5630
5602	5580
5566	5559
5556	5531
5479	5403
5318	5248
5205	5206
5250	5340
5458	5577
5668	5715
5730	5728
5725	5725
5726	5729
5729	5723
5711	5704
5701	5697
5694	5707
5757	5846
5956	6049
6111	6132
6116	6063
5982	5878
5774	5700
5664	5665
5693	5737
5777	5800
5806	5811
5825	5856
5902	5962
6040	6139
6265	6397
6520	6613
6666	6683
6679	6679
6703	6757
6819	6869
6896	6884
6862	6855
6881	6930
6985	7045
7128	7259
7489	7833
8217	8384
8123	7786
8357	10651
14311	17815
19716	19788
18851	17824
17202	17185
17759	18601
19295	19642
19730	19747
19817	19904
19903	19836
19940	20467
21421	22531
23337	23247
21702	18551
14433	10560
7976	6896
6762	6863
6844	6717
6596	6536
6536	6621
6858	7275
7829	8394
8848	9094
9065	8738
8177	7524
6931	6494
6214	6055
5989	5963
5921	5811
5628	5411
5195	5000
4851	4781
4809	4924
5097	5295
5476	5607
5690	5726
5718	5668
5566	5402
5196	4988
4821	4715
4670	4682
4725	4781
4827	4840
4838	4834
4839	4831
4806	4775
4762	4787
4835	4879
4897	4869
4804	4723
4662	4656
4694	4730
4734	4704
4643	4575
4508	4455
4441	4490
4615	4806
5073	5401
5753	5740
5719	5691
5661	5633
5610	5600
5601	5607
5610	5594
5548	5476
5387	5302
5240	5223
5257	5344
5472	5601
5703	5758
5772	5764
5758	5750
5744	5741
5744	5743
5743	5745
5745	5739
5735	5747
5785	5862
5959	6046
6096	6104
6070	5996
5891	5766
5651	5568
5529	5530
5569	5626
5677	5701
5710	5718
5742	5777
5824	5887
5973	6101
6258	6423
6564	6656
6700	6698
6677	6672
6703	6763
6831	6893
6926	6924
6908	6899
6920	6965
7023	7088
7168	7289
7476	7752
8043	8173
7982	7683
8053	9940
13342	17085
19642	20386
19864	19011
18433	18350
18735	19350
19878	20094
19984	19711
19508	19477
19489	19417
19350	19524
20053	20800
21396	21251
19787	16876
13158	9765
7573	6697
6614	6728
6750	6687
6630	6619
6649	6753
6992	7395
7925	8475
8924	9164
9120	8768
8191	7535
6947	6498
6182	5980
5873	5819
5769	5668
5522	5359
5200	5055
4938	4881
4906	5007
5159	5341
5515	5646
5731	5765
5755	5701
5587	5419
5211	5015
4853	4754
4723	4751
4813	4880
4932	4955
4959	4960
4960	4951
4927	4898
4882	4901
4949	4994
5013	4984
4915	4824
4753	4729
4746	4768
4761	4724
4656	4572
4486	4415
4384	4422
4532	4719
4993	5346
5722	5717
5705	5690
5668	5648
5637	5643
5660	5686
5704	5699
5668	5602
5509	5409
5327	5286
5307	5387
5505	5637
5742	5801
5815	5807
5794	5784
5774	5770
5773	5776
5779	5786
5786	5782
5776	5783
5818	5883
5969	6046
6090	6090
6044	5956
5834	5694
5567	5473
5427	5434
5480	5546
5603	5633
5645	5661
5688	5728
5776	5841
5936	6076
6255	6435
6585	6680
6714	6703
6675	6669
6702	6765
6839	6903
6946	6949
6937	6930
6954	6996
7051	7109
7186	7296
7465	7689
7900	7989
7868	7633
7827	9247
12190	15804
18620	19775
19584	18952
18528	18500
18818	19309
19749	19899
19643	19118
18654	18488
18529	18541
18481	18521
18808	19259
19570	19228
17746	15062
11809	8976
7225	6564
6526	6655
6726	6731
6734	6753
6789	6873
7083	7451
7944	8469
8899	9129
9070	8717
8156	7534
6985	6557
6244	6025
5889	5819
5768	5688
5576	5455
5337	5219
5117	5060
5073	5149
5276	5430
5576	5696
5772	5805
5792	5734
5622	5457
5262	5075
4930	4846
4832	4876
4950	5018
5066	5086
5092	5092
5089	5083
5063	5038
5026	5045
5086	5124
5131	5093
5015	4912
4827	4792
4801	4816
4805	4759
4682	4585
4480	4392
4346	4365
4462	4635
4908	5276
5679	5681
5686	5686
5684	5681
5691	5719
5767	5816
5857	5872
5856	5802
5715	5603
5499	5434
5433	5487
5583	5694
5787	5838
5852	5847
5837	5824
5813	5808
5809	5814
5821	5827
5827	5824
5820	5823
5850	5906
5979	6049
6090	6086
6036	5942
5812	5666
5528	5429
5381	5389
5439	5511
5574	5613
5632	5654
5684	5730
5779	5841
5935	6077
6258	6443
6595	6687
6721	6705
6675	6668
6702	6767
6842	6909
6951	6959
6953	6958
6983	7025
7073	7121
7187	7288
7449	7653
7816	7878
7807	7621
7654	8630
11025	14280
17062	18428
18538	18193
18001	18129
18505	18976
19351	19415
19051	18368
17732	17454
17481	17552
17546	17582
17774	18034
18079	17502
15945	13438
10593	8252
6907	6456
6491	6660
6787	6860
6903	6923
6928	6972
7128	7442
7884	8366
8767	8974
8916	8587
8072	7517
7034	6660
6373	6150
5999	5918
5871	5816
5743	5656
5564	5461
5357	5288
5279	5332
5428	5545
5658	5752
5819	5848
5835	5778
5669	5515
5333	5161
5031	4965
4973	5033
5112	5174
5210	5222
5225	5224
5223	5217
5204	5189
5189	5211
5247	5268
5256	5199
5104	4989
4895	4852
4856	4868
4854	4803
4722	4619
4506	4404
4344	4344
4421	4577
4841	5211
5630	5643
5660	5683
5699	5724
5767	5835
5919	6002
6072	6107
6112	6074
5993	5882
5767	5679
5639	5649
5700	5773
5839	5879
5892	5888
5877	5868
5859	5855
5856	5861
5865	5869
5872	5866
5862	5864
5885	5930
5993	6053
6089	6086
6035	5943
5816	5672
5535	5437
5393	5401
5449	5523
5591	5640
5672	5699
5738	5786
5839	5896
5985	6114
6280	6454
6598	6689
6721	6706
6677	6669
6703	6766
6841	6909
6951	6964
6966	6981
7013	7056
7094	7131
7179	7274
7439	7643
7800	7855
7817	7654
7543	8121
9960	12736
15307	16781
17209	17242
17379	17742
18230	18683
18931	18855
18415	17726
17092	16777
16753	16774
16732	16733
16858	16997
16880	16186
14638	12307
9754	7739
6659	6371
6489	6714
6907	7032
7086	7082
7036	7024
7120	7371
7754	8178
8533	8718
8669	8385
7946	7478
7079	6771
6519	6301
6134	6042
6002	5976
5938	5887
5818	5719
5610	5523
5491	5519
5583	5664
5746	5816
5870	5896
5884	5830
5728	5583
5413	5259
5147	5103
5127	5196
5278	5332
5353	5355
5354	5354
5352	5349
5342	5339
5349	5373
5403	5408
5375	5301
5190	5063
4961	4911
4911	4920
4906	4859
4782	4683
4569	4465
4395	4380
4436	4570
4816	5171
5583	5600
5636	5674
5722	5781
5869	5985
6114	6234
6327	6388
6406	6384
6316	6213
6093	5978
5893	5844
5835	5860
5895	5924
5931	5929
5922	5915
5906	5900
5902	5903
5908	5911
5911	5908
5902	5903
5920	5955
6007	6059
6094	6089
6045	5960
5843	5707
5581	5493
5453	5458
5509	5581
5653	5710
5751	5793
5836	5889
5944	6005
6078	6185
6325	6478
6610	6693
6720	6707
6678	6673
6706	6766
6837	6898
6940	6954
6966	6990
7032	7077
7111	7139
7181	7273
7450	7688
7877	7954
7930	7754
7512	7729
9010	11233
13502	15042
15845	16361
16917	17547
18117	18474
18520	18278
17834	17292
16823	16579
16500	16394
16197	16041
16023	16037
15855	15198
13816	11718
9386	7526
6553	6337
6508	6779
7023	7185
7238	7197
7107	7044
7083	7271
7584	7941
8244	8403
8367	8141
7789	7418
7105	6855
6628	6409
6230	6128
6099	6096
6096	6082
6034	5946
5833	5737
5687	5691
5730	5779
5830	5878
5920	5945
5938	5889
5795	5659
5510	5370
5275	5245
5283	5360
5435	5479
5488	5482
5476	5475
5474	5471
5471	5478
5498	5524
5542	5535
5485	5394
5271	5134
5026	4973
4968	4971
4955	4914
4844	4758
4658	4561
4486	4461
4493	4605
4825	5147
5528	5555
5600	5668
5755	5865
6002	6166
6333	6482
6597	6676
6712	6702
6646	6553
6425	6282
6141	6031
5965	5947
5958	5971
5978	5980
5976	5971
5966	5961
5960	5955
5950	5947
5946	5944
5941	5943
5955	5980
6021	6068
6099	6101
6068	5999
5894	5769
5656	5574
5540	5551
5596	5662
5735	5798
5850	5900
5958	6018
6077	6136
6204	6290
6400	6522
6628	6700
6723	6711
6688	6683
6710	6764
6822	6878
6915	6933
6954	6992
7040	7085
7122	7159
7208	7315
7531	7849
8139	8271
8232	8000
7606	7462
8167	9802
11742	13366
14585	15633
16620	17456
18014	18191
18016	17656
17293	16990
16763	16638
16533	16308
15936	15587
15371	15220
14971	14413
13280	11488
9386	7627
6655	6419
6572	6840
7104	7284
7336	7275
7163	7070
7068	7196
7434	7712
7953	8086
8063	7891
7622	7339
7094	6881
6669	6454
6271	6166
6139	6157
6187	6203
6185	6118
6013	5914
5853	5842
5860	5885
5910	5933
5965	5995
6001	5966
5882	5764
5626	5505
5424	5402
5440	5507
5564	5593
5594	5588
5582	5579
5579	5580
5585	5599
5620	5647
5656	5633
5571	5468
5337	5201
5091	5037
5025	5023
5004	4964
4901	4826
4746	4665
4597	4565
4583	4672
4858	5138
5474	5505
5566	5663
5799	5968
6161	6364
6559	6726
6856	6951
7003	7008
6965	6877
6732	6549
6352	6180
6067	6019
6011	6021
6027	6029
6027	6027
6024	6020
6014	6001
5991	5984
5981	5978
5979	5978
5987	6005
6035	6073
6104	6119
6106	6058
5973	5857
5742	5665
5640	5652
5695	5757
5825	5890
5954	6015
6082	6157
6227	6290
6353	6423
6500	6589
6663	6712
6730	6721
6704	6703
6724	6761
6804	6846
6874	6895
6926	6977
7036	7087
7137	7198
7281	7444
7774	8285
8766	8973
8849	8468
7877	7364
7512	8576
10215	11947
13587	15104
16369	17239
17653	17640
17332	16971
16747	16676
16663	16636
16532	16254
15816	15369
15004	14673
14307	13769
12837	11367
9576	7976
6997	6664
6722	6930
7166	7345
7399	7339
7233	7140
7116	7185
7343	7539
7715	7816
7800	7671
7468	7249
7048	6858
6658	6455
6288	6190
6165	6189
6232	6272
6276	6229
6141	6050
5989	5973
5981	5988
5987	5988
6011	6051
6079	6064
6002	5903
5783	5674
5601	5581
5608	5647
5670	5673
5667	5662
5659	5658
5658	5663
5673	5690
5712	5734
5736	5701
5629	5521
5391	5265
5166	5112
5093	5078
5054	5010
4954	4890
4822	4755
4698	4670
4678	4746
4896	5136
5437	5470
5544	5671
5850	6071
6309	6540
6747	6923
7072	7187
7265	7290
7259	7163
6999	6769
6516	6294
6142	6071
6054	6061
6068	6069
6072	6073
6073	6070
6059	6043
6028	6016
6013	6013
6013	6017
6022	6034
6056	6085
6120	6149
6158	6136
6065	5954
5840	5764
5742	5762
5803	5858
5926	5992
6066	6138
6219	6302
6380	6451
6511	6563
6612	6661
6703	6730
6740	6735
6729	6733
6748	6774
6798	6821
6840	6861
6901	6966
7040	7105
7174	7265
7407	7701
8293	9168
9945	10178
9834	9175
8337	7498
7165	7749
9153	11002
12978	14763
16064	16762
16971	16842
16546	16284
16200	16279
16391	16425
16329	16078
15701	15292
14882	14418
13889	13265
12416	11223
9792	8440
7494	7051
6973	7076
7246	7394
7446	7408
7329	7257
7217	7239
7321	7443
7561	7627
7612	7512
7352	7172
6994	6816
6639	6467
6322	6233
6203	6219
6260	6307
6323	6294
6222	6144
6096	6078
6084	6082
6061	6047
6060	6112
6165	6176
6137	6059
5960	5865
5797	5778
5785	5790
5771	5741
5721	5716
5713	5714
5716	5720
5731	5754
5780	5793
5785	5740
5661	5555
5437	5327
5241	5193
5167	5144
5109	5061
5004	4940
4877	4824
4787	4765
4770	4817
4941	5149
5437	5469
5547	5686
5887	6136
6398	6646
6861	7049
7218	7366
7478	7535
7518	7412
7212	6940
6642	6376
6194	6105
6083	6087
6093	6099
6101	6105
6106	6104
6093	6078
6064	6053
6053	6054
6055	6057
6061	6070
6083	6110
6146	6181
6210	6209
6160	6060
5951	5882
5866	5888
5930	5981
6045	6121
6204	6285
6368	6455
6533	6604
6658	6694
6716	6734
6747	6758
6761	6762
6764	6773
6788	6804
6814	6827
6838	6857
6901	6980
7073	7162
7243	7359
7585	8104
9131	10545
11663	11828
11110	10060
8959	7879
7200	7417
8641	10560
12696	14509
15624	16075
16125	16009
15840	15703
15681	15798
15966	16052
15999	15819
15554	15242
14862	14346
13686	12924
12052	11041
9936	8859
8000	7483
7286	7279
7370	7470
7514	7497
7441	7383
7336	7319
7344	7412
7484	7526
7511	7423
7286	7125
6960	6803
6654	6511
6388	6301
6260	6262
6294	6330
6343	6317
6262	6201
6165	6159
6171	6166
6140	6113
6126	6185
6255	6288
6269	6208
6129	6044
5983	5958
5955	5929
5873	5814
5776	5760
5758	5756
5759	5761
5774	5795
5815	5825
5811	5762
5677	5573
5467	5379
5316	5278
5246	5214
5171	5123
5061	4994
4930	4883
4855	4842
4847	4883
4991	5183
5452	5480
5552	5685
5888	6141
6407	6656
6877	7079
7278	7464
7619	7705
7700	7578
7348	7045
6719	6431
6230	6128
6098	6098
6106	6108
6113	6118
6122	6123
6116	6106
6098	6094
6096	6100
6102	6105
6105	6111
6124	6148
6182	6223
6260	6274
6241	6164
6073	6018
6012	6036
6076	6127
6193	6278
6366	6451
6528	6604
6673	6734
6776	6795
6796	6794
6792	6793
6795	6799
6806	6821
6839	6854
6862	6868
6873	6890
6936	7027
7146	7250
7332	7469
7807	8638
10204	12202
13609	13611
12466	11042
9733	8492
7564	7505
8570	10476
12581	14220
15064	15300
15307	15300
15292	15247
15212	15284
15461	15620
15654	15555
15371	15119
14774	14272
13575	12731
11817	10896
9988	9109
8340	7823
7572	7499
7516	7567
7600	7587
7540	7478
7419	7377
7369	7397
7447	7478
7461	7386
7264	7118
6968	6836
6716	6597
6482	6392
6332	6313
6323	6340
6343	6313
6264	6219
6202	6214
6233	6237
6214	6190
6203	6269
6348	6388
6381	6336
6267	6192
6133	6108
6094	6052
5975	5891
5832	5804
5796	5793
5794	5797
5808	5823
5837	5840
5820	5768
5685	5583
5491	5425
5386	5358
5329	5291
5245	5193
5128	5054
4984	4934
4909	4902
4905	4936
5032	5211
5444	5466
5524	5642
5829	6072
6331	6574
6796	7016
7239	7460
7644	7757
7759	7626
7379	7056
6726	6433
6235	6132
6103	6105
6108	6115
6117	6123
6128	6131
6130	6125
6126	6132
6138	6142
6144	6144
6147	6152
6166	6192
6227	6268
6308	6333
6320	6269
6210	6175
6177	6206
6249	6297
6363	6446
6532	6610
6671	6727
6779	6826
6855	6864
6854	6841
6835	6833
6835	6842
6859	6882
6909	6927
6938	6944
6949	6966
7014	7116
7251	7358
7439	7607
8101	9295
11385	13815
15336	15139
13700	12070
10665	9318
8173	7855
8760	10581
12538	13911
14484	14574
14585	14682
14797	14818
14762	14771
14929	15141
15259	15224
15061	14810
14492	14065
13457	12667
11778	10891
10043	9222
8504	8019
7774	7674
7645	7659
7676	7656
7600	7526
7446	7381
7348	7353
7391	7422
7419	7368
7271	7147
7025	6916
6816	6707
6595	6488
6412	6372
6357	6349
6329	6289
6244	6217
6222	6251
6290	6307
6293	6273
6292	6358
6442	6486
6478	6432
6364	6287
6230	6204
6185	6138
6048	5955
5885	5850
5839	5836
5834	5837
5841	5848
5855	5850
5823	5770
5688	5592
5515	5469
5452	5439
5414	5374
5328	5272
5202	5123
5042	4986
4956	4949
4954	4978
5059	5216
5394	5405
5446	5543
5710	5934
6177	6415
6639	6864
7104	7339
7542	7663
7669	7536
7281	6967
6650	6381
6203	6118
6101	6106
6112	6113
6115	6121
6128	6134
6138	6142
6152	6164
6175	6183
6188	6189
6192	6196
6213	6239
6277	6316
6360	6387
6394	6376
6346	6335
6347	6380
6421	6467
6527	6599
6670	6728
6771	6807
6842	6875
6894	6899
6893	6887
6884	6886
6885	6893
6915	6951
6989	7016
7030	7040
7049	7070
7129	7238
7369	7468
7560	7804
8522	10113
12611	15212
16615	16222
14698	13090
11714	10290
8934	8361
9101	10808
12576	13675
14024	13988
13951	14052
14224	14317
14295	14280
14384	14564
14685	14659
14493	14254
13996	13711
13319	12729
11969	11127
10255	9385
8628	8124
7879	7768
7721	7716
7719	7684
7612	7512
7413	7324
7266	7254
7285	7331
7358	7351
7300	7218
7128	7039
6944	6833
6711	6593
6496	6434
6393	6358
6314	6266
6225	6215
6240	6287
6341	6372
6369	6358
6379	6450
6532	6576
6561	6499
6417	6330
6265	6237
6218	6169
6082	5987
5923	5889
5877	5875
5872	5872
5870	5871
5866	5857
5829	5773
5693	5602
5536	5510
5514	5515
5495	5456
5411	5355
5283	5190
5100	5033
5001	4991
4992	5010
5076	5198
5311	5311
5333	5406
5541	5741
5966	6189
6409	6634
6874	7112
7312	7438
7449	7327
7088	6798
6512	6281
6142	6086
6088	6102
6109	6108
6109	6114
6121	6127
6136	6148
6167	6188
6205	6222
6231	6236
6236	6239
6253	6281
6318	6363
6406	6445
6465	6468
6464	6471
6492	6528
6568	6608
6659	6712
6761	6795
6818	6834
6853	6874
6895	6910
6919	6927
6930	6935
6940	6955
6982	7022
7064	7099
7125	7145
7165	7200
7266	7377
7495	7593
7721	8098
9120	11130
13908	16422
17508	16912
15443	14008
12747	11305
9798	9025
9603	11159
12705	13557
13722	13559
13405	13420
13594	13764
13803	13765
13767	13823
13858	13800
13663	13497
13355	13269
13165	12874
12334	11594
10725	9784
8911	8282
7951	7804
7745	7726
7710	7661
7570	7455
7331	7223
7148	7125
7155	7219
7288	7336
7343	7314
7258	7177
7079	6962
6831	6699
6585	6500
6436	6374
6311	6252
6219	6220
6260	6323
6390	6433
6442	6439
6465	6534
6615	6651
6621	6539
6430	6322
6247	6216
6195	6147
6066	5987
5938	5918
5911	5909
5905	5899
5895	5885
5876	5863
5835	5782
5704	5619
5564	5555
5573	5583
5568	5534
5488	5433
5356	5254
5151	5074
5033	5016
5016	5028
5073	5157
5215	5206
5210	5252
5352	5508
5698	5902
6108	6324
6556	6788
6992	7124
7152	7053
6848	6598
6358	6173
6070	6044
6057	6079
6088	6089
6091	6096
6102	6109
6120	6136
6159	6188
6219	6252
6276	6285
6282	6276
6285	6312
6356	6407
6458	6503
6532	6546
6554	6570
6595	6629
6663	6700
6732	6766
6791	6808
6816	6823
6835	6855
6878	6905
6929	6950
6961	6973
6986	7004
7036	7079
7118	7154
7197	7249
7297	7348
7428	7545
7659	7761
7952	8517
9902	12339
15288	17546
18198	17378
15983	14743
13643	12284
10762	9895
10321	11652
12912	13510
13519	13254
12976	12884
13035	13254
13324	13231
13097	12998
12925	12838
12752	12680
12662	12769
12943	12964
12685	12127
11364	10432
9441	8611
8093	7843
7739	7698
7661	7598
7494	7364
7227	7106
7022	6994
7027	7109
7220	7329
7401	7419
7388	7314
7209	7091
6959	6823
6697	6592
6500	6416
6336	6272
6240	6249
6296	6366
6440	6492
6514	6522
6554	6618
6688	6710
6662	6557
6422	6290
6197	6153
6130	6083
6016	5960
5934	5931
5931	5927
5918	5909
5899	5888
5879	5870
5848	5801
5728	5651
5603	5602
5629	5644
5630	5595
5551	5497
5415	5306
5192	5101
5047	5023
5015	5021
5054	5107
5108	5094
5083	5089
5142	5238
5380	5544
5729	5933
6159	6391
6603	6759
6817	6756
6600	6404
6214	6074
6000	5985
6007	6028
6043	6046
6051	6059
6066	6075
6083	6096
6122	6156
6206	6267
6318	6336
6324	6307
6309	6338
6389	6450
6512	6562
6590	6608
6613	6623
6641	6667
6701	6727
6749	6763
6774	6781
6787	6795
6811	6833
6860	6892
6926	6953
6980	7000
7022	7047
7083	7117
7144	7179
7250	7353
7455	7536
7641	7776
7902	8025
8296	9080
10848	13661
16684	18614
18823	17767
16397	15292
14346	13163
11800	10989
11291	12324
13213	13521
13387	13047
12688	12510
12621	12852
12931	12784
12542	12330
12187	12098
12042	12010
12044	12249
12586	12834
12807	12506
11975	11189
10172	9146
8378	7944
7744	7650
7584	7504
7390	7254
7110	6989
6911	6889
6924	7023
7166	7326
7456	7518
7506	7435
7341	7235
7124	7002
6866	6733
6610	6502
6409	6340
6303	6307
6348	6413
6485	6545
6582	6607
6644	6696
6745	6748
6685	6565
6408	6253
6140	6083
6051	6006
5951	5916
5911	5923
5927	5921
5909	5892
5879	5876
5878	5880
5870	5833
5768	5701
5655	5655
5676	5691
5677	5641
5597	5542
5460	5348
5224	5120
5048	5007
4989	4990
5004	5028
4964	4947
4923	4905
4905	4943
5016	5133
5286	5473
5692	5934
6165	6348
6445	6437
6343	6203
6066	5963
5909	5902
5925	5954
5978	5991
6002	6008
6016	6024
6031	6041
6062	6105
6178	6271
6349	6376
6361	6332
6321	6351
6409	6481
6553	6611
6642	6652
6651	6645
6649	6663
6684	6699
6707	6712
6715	6724
6736	6757
6782	6813
6846	6881
6915	6944
6976	7007
7038	7073
7110	7138
7153	7195
7309	7484
7653	7794
7944	8112
8265	8421
8790	9795
11905	14997
17996	19595
19410	18132
16727	15665
14833	13887
12848	12253
12500	13208
13688	13691
13401	12995
12574	12311
12338	12536
12641	12521
12258	12003
11823	11726
11666	11622
11643	11824
12152	12463
12615	12593
12397	11899
10996	9847
8825	8145
7779	7600
7489	7387
7264	7126
6988	6876
6808	6796
6841	6952
7122	7327
7511	7616
7623	7567
7497	7433
7364	7265
7120	6951
6784	6644
6535	6458
6408	6398
6424	6478
6540	6595
6640	6680
6722	6762
6783	6767
6696	6568
6401	6231
6097	6026
5986	5943
5891	5864
5869	5889
5901	5897
5887	5874
5865	5863
5875	5892
5893	5867
5813	5751
5706	5701
5715	5722
5706	5671
5627	5571
5491	5380
5251	5136
5049	4991
4962	4949
4939	4915
4742	4727
4699	4663
4631	4619
4641	4705
4815	4982
5195	5441
5692	5903
6037	6080
6045	5965
5879	5816
5787	5792
5824	5866
5900	5926
5943	5954
5962	5968
5974	5981
6000	6047
6135	6252
6352	6391
6370	6330
6316	6345
6406	6487
6566	6630
6670	6683
6676	6658
6646	6639
6636	6632
6625	6620
6623	6639
6667	6703
6745	6788
6830	6870
6903	6937
6968	7009
7048	7087
7127	7155
7176	7245
7412	7659
7907	8122
8339	8560
8753	8957
9434	10660
13037	16274
19150	20410
19874	18390
16913	15850
15098	14437
13837	13588
13859	14287
14387	14100
13648	13159
12669	12286
12158	12262
12387	12349
12139	11876
11669	11550
11494	11473
11496	11610
11798	12008
12216	12435
12606	12475
11788	10615
9373	8425
7853	7551
7382	7250
7124	6991
6864	6765
6711	6709
6766	6889
7086	7335
7569	7720
7766	7746
7722	7718
7705	7632
7473	7254
7027	6839
6704	6615
6551	6519
6520	6552
6596	6641
6681	6723
6763	6793
6796	6764
6688	6560
6393	6216
6074	5989
5943	5895
5842	5812
5819	5842
5865	5874
5874	5872
5869	5871
5885	5904
5912	5892
5845	5789
5747	5734
5743	5742
5720	5687
5643	5587
5510	5406
5280	5158
5059	4987
4946	4919
4868	4764
4455	4441
4415	4372
4327	4290
4272	4293
4364	4505
4707	4956
5211	5442
5607	5699
5723	5697
5657	5633
5638	5669
5724	5783
5835	5870
5890	5901
5910	5915
5919	5925
5942	5992
6087	6219
6331	6375
6352	6307
6290	6317
6381	6465
6550	6623
6674	6700
6699	6678
6644	6609
6572	6540
6514	6501
6504	6534
6580	6636
6695	6752
6808	6852
6891	6927
6963	7006
7048	7092
7139	7179
7222	7332
7555	7867
8187	8487
8779	9070
9312	9588
10204	11654
14256	17526
20154	21002
20101	18425
16901	15834
15160	14786
14666	14814
15162	15382
15200	14694
14096	13511
12938	12430
12111	12042
12102	12093
11933	11683
11456	11315
11278	11342
11468	11578
11632	11682
11848	12208
12668	12866
12417	11299
9925	8751
7962	7513
7270	7115
6986	6866
6755	6671
6626	6635
6700	6839
7063	7350
7634	7833
7926	7973
8024	8099
8145	8098
7916	7633
7330	7074
6898	6777
6694	6639
6618	6623
6645	6669
6695	6731
6765	6786
6783	6745
6666	6549
6386	6208
6063	5974
5923	5872
5813	5774
5777	5802
5835	5861
5877	5885
5889	5891
5899	5916
5923	5906
5862	5807
5764	5750
5754	5751
5728	5693
5646	5596
5525	5427
5309	5188
5084	5009
4963	4919
4813	4603
4162	4148
4120	4080
4033	3987
3949	3935
3972	4090
4283	4528
4789	5026
5214	5343
5409	5436
5440	5458
5499	5564
5642	5721
5783	5824
5844	5856
5866	5871
5875	5877
5892	5940
6039	6175
6291	6338
6313	6269
6253	6279
6343	6427
6515	6597
6663	6708
6724	6703
6649	6578
6502	6433
6384	6359
6367	6408
6473	6551
6630	6705
6775	6834
6881	6919
6960	7001
7046	7095
7151	7209
7289	7441
7712	8071
8453	8825
9194	9544
9858	10240
11040	12760
15579	18803
21051	21384
20085	18246
16699	15621
14987	14848
15150	15679
16146	16261
15941	15328
14615	13917
13264	12671
12205	11940
11835	11759
11601	11372
11148	10983
10944	11088
11346	11548
11587	11557
11679	12087
12674	13047
12774	11775
10403	9104
8130	7521
7191	7008
6886	6781
6688	6618
6584	6598
6671	6822
7066	7383
7700	7942
8095	8224
8377	8548
8665	8637
8426	8070
7673	7327
7085	6923
6811	6732
6686	6667
6667	6673
6683	6706
6736	6755
6747	6709
6636	6526
6374	6203
6059	5971
5917	5863
5800	5756
5755	5782
5819	5853
5879	5896
5905	5904
5909	5920
5926	5910
5867	5813
5771	5754
5758	5753
5731	5694
5651	5600
5535	5445
5336	5221
5120	5046
4995	4936
4777	4467
3910	3895
3869	3833
3789	3744
3699	3671
3689	3788
3973	4217
4473	4713
4913	5063
5162	5223
5264	5322
5402	5500
5601	5688
5750	5786
5805	5816
5824	5829
5831	5833
5849	5894
5994	6127
6245	6289
6264	6218
6201	6230
6297	6383
6478	6564
6648	6713
6742	6722
6648	6543
6426	6322
6248	6213
6222	6277
6361	6459
6559	6656
6742	6812
6867	6912
6954	6998
7042	7092
7156	7236
7348	7539
7839	8229
8649	9079
9512	9925
10316	10844
11889	13918
16941	20023
21785	21560
19899	17931
16343	15196
14527	14534
15175	16052
16689	16843
16540	15929
15122	14272
13500	12862
12333	11922
11638	11441
11272	11090
10877	10667
10571	10709
11041	11359
11497	11534
11689	12097
12653	13007
12810	11980
10760	9474
8374	7603
7171	6961
6844	6755
6678	6624
6602	6620
6691	6844
7098	7425
7759	8031
8238	8458
8726	9004
9196	9195
8951	8515
8012	7563
7236	7018
6874	6771
6702	6668
6655	6651
6651	6667
6693	6712
6703	6663
6596	6497
6359	6197
6061	5975
5926	5873
5812	5769
5768	5794
5829	5856
5879	5892
5898	5898
5905	5919
5925	5911
5867	5815
5771	5755
5758	5753
5730	5694
5651	5602
5543	5463
5363	5256
5158	5085
5035	4959
4757	4364
3744	3730
3703	3667
3627	3585
3541	3507
3522	3615
3793	4031
4284	4521
4725	4883
5001	5083
5153	5242
5353	5479
5594	5683
5734	5759
5774	5783
5788	5791
5791	5794
5809	5853
5949	6082
6194	6238
6213	6168
6154	6187
6256	6345
6443	6539
6630	6710
6751	6728
6636	6503
6354	6219
6122	6079
6091	6154
6252	6370
6490	6605
6708	6793
6856	6906
6947	6987
7031	7082
7155	7250
7388	7606
7922	8320
8764	9236
9724	10186
10661	11352
12671	15009
18147	20975
22206	21487
19580	17535
15866	14593
13858	13965
14881	16071
16943	17257
17105	16564
15661	14584
13619	12894
12342	11858
11442	11147
10978	10857
10678	10435
10254	10323
10647	11029
11292	11476
11748	12164
12596	12805
12600	11960
10999	9843
8683	7768
7227	6972
6851	6776
6721	6681
6667	6687
6755	6902
7144	7465
7795	8078
8332	8639
9017	9401
9665	9688
9419	8909
8306	7752
7334	7057
6875	6750
6673	6629
6612	6609
6606	6625
6652	6668
6660	6623
6561	6472
6346	6197
6067	5989
5946	5905
5853	5822
5823	5845
5865	5873
5877	5873
5869	5871
5887	5908
5921	5909
5866	5813
5770	5754
5757	5752
5730	5695
5651	5603
5545	5474
5382	5283
5192	5119
5066	4978
4731	4286
3665	3650
3623	3588
3548	3508
3468	3438
3453	3546
3720	3952
4201	4436
4637	4801
4924	5016
5103	5207
5339	5480
5604	5685
5723	5741
5754	5759
5765	5765
5763	5762
5776	5821
5913	6037
6146	6186
6164	6122
6114	6148
6221	6316
6416	6516
6614	6697
6745	6716
6609	6454
6284	6131
6024	5972
5986	6057
6163	6290
6423	6557
6677	6777
6849	6898
6942	6977
7018	7069
7142	7247
7403	7633
7957	8352
8808	9313
9842	10352
10895	11732
13299	15871
19017	21520
22269	21211
19198	17129
15373	13989
13221	13439
14572	16017
17121	17646
17684	17240
16245	14919
13679	12794
12193	11680
11194	10832
10667	10612
10498	10258
10033	10038
10312	10699
11035	11347
11738	12176
12491	12539
12295	11829
11135	10149
8979	7958
7319	7021
6890	6821
6781	6758
6752	6770
6836	6969
7198	7494
7806	8089
8371	8743
9209	9680
10009	10055
9765	9200
8515	7876
7382	7051
6841	6701
6619	6575
6564	6563
6571	6593
6618	6633
6623	6587
6528	6448
6332	6198
6084	6020
5990	5960
5923	5903
5903	5915
5918	5906
5879	5854
5839	5841
5863	5893
5912	5904
5863	5812
5768	5751
5752	5747
5728	5698
5653	5602
5543	5476
5391	5296
5209	5137
5078	4964
4655	4168
3639	3625
3601	3564
3525	3487
3448	3422
3441	3537
3709	3937
4183	4412
4613	4774
4898	4993
5084	5198
5336	5484
5610	5686
5722	5734
5743	5749
5750	5746
5740	5736
5748	5792
5883	6004
6107	6145
6126	6091
6083	6123
6198	6295
6400	6501
6601	6689
6735	6701
6587	6420
6238	6073
5959	5908
5924	5996
6104	6238
6381	6524
6654	6763
6841	6894
6933	6968
7004	7050
7125	7236
7401	7637
7954	8351
8816	9345
9906	10442
11024	11956
13677	16383
19488	21733
22172	20941
18907	16848
15041	13597
12846	13158
14426	16018
17273	17955
18136	17767
16714	15196
13731	12678
12015	11486
10974	10579
10415	10406
10347	10138
9913	9891
10132	10495
10845	11217
11683	12142
12391	12342
12073	11709
11195	10335
9176	8095
7400	7064
6922	6858
6829	6816
6815	6835
6895	7022
7233	7511
7804	8076
8374	8780
9301	9827
10194	10257
9959	9361
8631	7939
7397	7033
6804	6660
6575	6536
6530	6539
6556	6575
6599	6611
6596	6562
6508	6432
6325	6203
6102	6051
6029	6010
5985	5970
5975	5975
5963	5930
5886	5845
5821	5823
5848	5883
5907	5900
5861	5808
5763	5746
5747	5744
5727	5697
5652	5599
5540	5472
5391	5300
5214	5140
5076	4888
4174	2544
