21452	21506
21540	21559
21628	21757
21874	21946
21994	22062
22147	22257
22403	22578
22736	22818
22806	22725
22643	22585
22557	22548
22539	22544
22575	22612
22603	22511
22241	21557
20160	17895
14888	11641
8841	6952
5960	5572
5502	5584
5733	5892
6077	6398
7073	8186
9386	10015
9833	9265
9033	9764
11805	14973
18418	21106
22500	22620
21547	19320
16355	13495
11312	9773
8629	7674
6738	5761
4951	4750
5609	7480
9570	11056
12221	14150
17111	20095
22059	22874
23003	22853
22600	22299
22005	21788
21677	21655
21733	21935
22249	22588
22846	22958
22907	22714
22378	21902
21375	20970
20801	20840
20965	21104
21409	21466
21508	21532
21595	21695
21789	21855
21921	22013
22127	22250
22389	22533
22636	22660
22608	22526
22471	22458
22467	22482
22493	22512
22536	22538
22456	22250
21813	20913
19250	16703
13512	10309
7797	6303
5673	5548
5661	5884
6170	6496
6842	7274
7916	8777
9552	9842
9678	9545
9992	11390
13781	16769
19609	21624
22553	22429
21253	18994
16024	13149
11008	9644
8718	7927
7084	6145
5262	4808
5238	6710
8762	10727
12601	14983
17933	20608
22269	22931
23015	22863
22618	22322
22013	21757
21595	21538
21582	21745
22009	22313
22565	22675
22610	22401
22073	21648
21203	20868
20742	20809
20955	21089
21372	21425
21464	21488
21531	21599
21665	21721
21807	21935
22089	22238
22359	22440
22460	22404
22307	22227
22211	22252
22316	22373
22417	22454
22479	22443
22282	21931
21290	20129
18175	15349
12050	9044
6978	5959
5688	5799
6074	6429
6855	7314
7776	8259
8813	9372
9716	9763
9845	10427
11759	13810
16302	18781
20773	22006
22423	22006
20652	18320
15352	12537
10560	9458
8801	8198
7484	6632
5733	5060
5030	5982
7859	10274
12971	15935
18880	21182
22483	22965
23002	22861
22638	22360
22040	21743
21531	21435
21448	21553
21747	21983
22189	22269
22191	21977
21681	21339
21011	20790
20746	20851
21009	21129
21354	21393
21421	21433
21458	21499
21539	21588
21686	21852
22052	22216
22301	22302
22228	22107
21990	21925
21951	22039
22146	22239
22306	22359
22380	22316
22080	21593
20769	19450
17380	14483
11236	8499
6838	6177
6114	6331
6666	7073
7539	8029
8490	8933
9383	9761
9962	10171
10843	12259
14279	16541
18656	20343
21473	22047
22029	21315
19766	17397
14543	11909
10136	9250
8782	8335
7778	7093
6306	5574
5232	5702
7283	9938
13277	16732
19665	21634
22622	22953
22960	22836
22646	22388
22074	21761
21524	21405
21391	21452
21563	21708
21837	21882
21796	21601
21347	21090
20877	20775
20816	20968
21125	21213
21344	21367
21383	21382
21392	21409
21435	21481
21592	21788
22016	22180
22215	22135
21997	21858
21764	21740
21788	21889
22004	22098
22160	22198
22199	22099
21772	21119
20134	18807
16922	14275
11245	8716
7251	6717
6692	6892
7200	7576
7997	8411
8779	9139
9563	10029
10548	11382
12841	14868
17048	18957
20362	21243
21706	21806
21449	20458
18772	16538
14026	11680
10001	9085
8608	8242
7859	7418
6881	6286
5853	6023
7334	10037
13712	17396
20229	21913
22676	22904
22888	22777
22602	22359
22065	21769
21540	21424
21409	21441
21487	21541
21600	21618
21552	21392
21176	20967
20826	20800
20902	21075
21224	21287
21340	21356
21364	21356
21342	21337
21348	21396
21519	21733
21965	22104
22092	21975
21832	21730
21696	21713
21771	21847
21919	21968
21990	21976
21918	21715
21201	20265
19038	17757
16285	14177
11523	9157
7728	7176
7115	7278
7555	7896
8247	8554
8805	9112
9642	10467
11643	13292
15378	17546
19376	20641
21343	21641
21691	21489
20846	19593
17848	15951
14034	12090
10353	9114
8371	7951
7709	7530
7315	7008
6724	6873
8101	10799
14510	18103
20677	22092
22683	22846
22805	22671
22479	22240
21975	21726
21534	21445
21437	21460
21467	21462
21476	21497
21466	21350
21166	20979
20856	20844
20939	21096
21240	21310
21367	21378
21380	21358
21317	21283
21284	21337
21477	21691
21903	22007
21971	21859
21760	21730
21769	21829
21880	21905
21906	21885
21833	21736
21547	21115
20222	18801
17184	15889
14866	13411
11283	9192
7861	7339
7317	7549
7905	8299
8647	8896
9087	9408
10113	11358
13174	15430
17734	19636
20905	21569
21794	21777
21624	21231
20336	18807
16991	15488
14306	12914
11139	9433
8241	7625
7414	7431
7530	7610
7710	8159
9541	12212
15704	18921
21096	22223
22681	22784
22701	22516
22286	22047
21820	21627
21488	21425
21431	21453
21447	21419
21413	21437
21437	21360
21215	21049
20924	20876
20914	21026
21167	21286
21410	21423
21420	21383
21316	21257
21249	21322
21482	21701
21883	21952
21899	21808
21768	21818
21921	22010
22046	22019
21954	21853
21712	21483
21052	20207
18728	16668
14605	13251
12563	11693
10194	8599
7583	7287
7497	8003
8638	9247
9719	10011
10206	10538
11318	12781
14920	17352
19491	20951
21717	21977
21941	21784
21546	21036
19918	18084
16080	14779
14243	13526
11935	9908
8270	7383
7114	7244
7646	8225
8927	9913
11564	14106
17119	19751
21454	22318
22663	22719
22584	22340
22071	21828
21633	21486
21389	21351
21370	21402
21403	21375
21355	21372
21383	21336
21228	21093
20971	20884
20850	20902
21045	21228
21460	21483
21491	21449
21368	21293
21284	21376
21571	21801
21964	22000
21929	21848
21848	21943
22078	22179
22197	22138
22024	21856
21599	21156
20339	18894
16701	14062
11726	10379
9899	9452
8577	7620
7108	7221
7887	8909
10010	10947
11595	11956
12139	12387
13064	14490
16595	18833
20595	21632
22059	22088
21921	21710
21435	20849
19566	17459
15141	13709
13463	13321
12145	10118
8260	7194
6874	7136
7922	9124
10531	12053
13856	16079
18452	20419
21675	22328
22605	22631
22456	22175
21879	21636
21457	21334
21261	21248
21284	21335
21359	21337
21309	21310
21317	21283
21195	21088
20980	20873
20796	20804
20945	21179
21519	21560
21587	21566
21495	21424
21415	21526
21743	21980
22129	22138
22052	21970
21975	22070
22192	22271
22274	22205
22073	21844
21430	20667
19302	17145
14328	11406
9141	7974
7642	7466
7086	6708
6699	7282
8491	10075
11591	12709
13393	13748
13909	14116
14752	16104
17996	19850
21177	21873
22100	22025
21815	21584
21290	20670
19316	17043
14390	12536
12089	12161
11406	9681
7937	6896
6642	7141
8411	10243
12180	13963
15695	17543
19349	20785
21705	22223
22472	22490
22307	22018
21727	21496
21330	21222
21172	21172
21219	21284
21321	21307
21275	21269
21272	21240
21156	21054
20953	20853
20764	20760
20900	21160
21589	21647
21702	21711
21677	21630
21630	21744
21965	22195
22325	22315
22217	22128
22107	22156
22223	22264
22248	22181
22044	21751
21134	19945
17947	15160
12016	9222
7338	6480
6283	6247
6162	6150
6475	7378
8921	10740
12285	13276
13842	14224
14580	15100
16025	17452
19102	20509
21409	21844
21955	21861
21670	21456
21166	20544
19196	16860
13928	11542
10553	10422
9897	8612
7239	6418
6339	7107
8771	10963
13062	14834
16491	18175
19697	20827
21547	21994
22243	22284
22131	21873
21613	21413
21278	21202
21179	21185
21215	21251
21268	21250
21226	21233
21262	21244
21166	21054
20943	20836
20746	20747
20899	21173
21655	21729
21812	21861
21875	21865
21885	21997
22203	22412
22517	22479
22364	22256
22200	22186
22187	22178
22145	22077
21923	21541
20670	19008
16443	13304
10263	7938
6566	5986
5838	5814
5825	5959
6390	7325
8764	10340
11589	12395
13005	13683
14557	15698
17104	18635
20001	20957
21484	21709
21753	21675
21537	21373
21113	20501
19147	16736
13574	10753
9219	8720
8254	7369
6435	5890
5963	6849
8575	10714
12738	14578
16460	18300
19770	20728
21306	21696
21954	22038
21942	21742
21534	21381
21293	21269
21276	21279
21258	21231
21202	21172
21159	21200
21282	21323
21280	21169
21026	20874
20751	20742
20898	21183
21705	21787
21891	21975
22035	22080
22132	22249
22437	22614
22681	22605
22459	22328
22238	22174
22119	22074
22019	21934
21736	21223
20057	17948
15022	11933
9398	7730
6806	6336
6075	5919
5873	5998
6375	7100
8170	9378
10500	11507
12531	13707
15093	16681
18309	19730
20742	21307
21543	21614
21604	21541
21450	21337
21105	20476
19024	16446
13093	10070
8277	7550
7099	6497
5888	5540
5648	6408
7847	9692
11707	13943
16338	18452
19884	20665
21096	21415
21667	21794
21768	21631
21475	21364
21334	21363
21400	21386
21310	21216
21145	21097
21093	21178
21330	21455
21480	21391
21215	20996
20808	20761
20905	21195
21749	21829
21942	22051
22157	22257
22358	22489
22651	22781
22792	22672
22495	22344
22235	22143
22064	21991
21915	21801
21535	20858
19390	16924
13887	11184
9425	8484
7894	7344
6793	6352
6139	6165
6416	6933
7783	8996
10494	12109
13682	15173
16661	18168
19560	20637
21297	21586
21641	21606
21549	21481
21405	21305
21060	20349
18710	15900
12443	9494
7795	7086
6687	6244
5814	5550
5593	6090
7124	8701
10889	13665
16546	18795
20087	20666
20945	21181
21416	21575
21610	21537
21419	21343
21348	21414
21466	21438
21328	21203
21102	21037
21037	21153
21372	21579
21666	21609
21421	21153
20917	20828
20951	21245
21823	21884
21980	22102
22240	22386
22530	22669
22799	22869
22821	22669
22486	22332
22218	22123
22033	21946
21849	21701
21362	20530
18808	16109
13124	10951
10040	9846
9565	8855
7901	7068
6575	6436
6592	7105
8159	9856
12013	14188
16010	17411
18564	19602
20515	21200
21607	21752
21727	21640
21549	21459
21361	21225
20907	20053
18188	15173
11745	9090
7739	7238
6930	6559
6195	5949
5905	6160
6892	8356
10784	13959
17037	19192
20269	20662
20818	20983
21189	21371
21456	21434
21354	21298
21317	21388
21434	21402
21292	21163
21052	20980
20981	21122
21372	21616
21737	21706
21532	21280
21053	20960
21069	21366
21930	21957
22020	22123
22267	22430
22593	22729
22818	22828
22740	22586
22431	22306
22216	22134
22043	21944
21832	21656
21267	20339
18481	15679
12776	11018
10805	11299
11362	10555
9227	7976
7163	6850
7033	7846
9455	11792
14407	16688
18305	19320
19990	20531
21010	21403
21664	21768
21741	21647
21536	21422
21293	21105
20689	19675
17593	14443
11134	8880
8007	7840
7675	7342
6976	6699
6547	6630
7212	8703
11329	14638
17620	19523
20377	20633
20700	20798
20973	21163
21295	21324
21286	21250
21259	21301
21327	21288
21193	21077
20971	20900
20912	21060
21315	21556
21679	21657
21521	21339
21181	21123
21243	21546
22057	22045
22057	22113
22223	22372
22523	22644
22702	22677
22587	22468
22367	22294
22240	22180
22099	22001
21882	21693
21288	20361
18536	15792
12950	11294
11324	12175
12520	11761
10280	8800
7811	7497
7962	9336
11576	14302
16878	18789
19922	20494
20789	20997
21204	21411
21574	21653
21644	21566
21458	21337
21200	20990
20518	19389
17163	13930
10734	8832
8432	8698
8803	8563
8173	7783
7464	7375
7892	9482
12227	15459
18151	19751
20421	20593
20604	20645
20783	20974
21141	21231
21242	21222
21207	21206
21198	21145
21049	20938
20848	20796
20826	20969
21209	21432
21540	21524
21435	21335
21263	21268
21415	21726
22175	22131
22089	22083
22136	22241
22365	22464
22505	22490
22440	22384
22340	22311
22290	22253
22192	22110
21999	21817
21436	20614
19018	16547
13816	11958
11604	12172
12480	11871
10582	9286
8528	8608
9660	11650
14242	16861
18954	20268
20907	21146
21215	21251
21311	21392
21467	21503
21483	21409
21304	21190
21077	20894
20438	19312
17074	13845
10687	8917
8822	9533
10073	10079
9682	9098
8512	8235
8762	10494
13283	16292
18601	19897
20439	20579
20569	20558
20647	20826
21025	21164
21214	21205
21166	21124
21076	21006
20906	20803
20729	20693
20732	20864
21074	21268
21366	21364
21315	21274
21275	21344
21531	21847
22213	22157
22085	22036
22039	22102
22185	22258
22297	22322
22339	22352
22355	22356
22345	22319
22278	22224
22139	21976
21659	21023
19805	17837
15420	13349
12267	12027
11919	11416
10588	9893
9807	10598
12280	14577
16997	19050
20454	21201
21479	21518
21472	21415
21386	21388
21394	21375
21312	21209
21096	21004
20929	20798
20421	19429
17386	14323
11176	9257
9077	9991
10946	11301
10972	10209
9406	9081
9778	11720
14479	17148
19023	20033
20466	20597
20577	20531
20570	20723
20928	21084
21141	21126
21080	21027
20967	20894
20812	20727
20658	20629
20657	20761
20922	21075
21164	21173
21155	21159
21220	21357
21583	21883
22130	22084
22017	21963
21956	21986
22034	22077
22127	22196
22275	22342
22377	22388
22379	22352
22321	22294
22244	22125
21894	21469
20684	19342
17490	15537
13988	13021
12433	11965
11613	11603
12227	13581
15482	17529
19314	20595
21346	21672
21735	21674
21568	21459
21375	21326
21300	21248
21144	21008
20895	20827
20780	20689
20412	19649
18000	15351
12349	10130
9428	10004
10980	11535
11341	10618
9935	9927
11036	13214
15822	18042
19457	20183
20505	20606
20580	20519
20526	20649
20826	20954
20988	20971
20939	20914
20884	20848
20805	20747
20684	20644
20643	20689
20776	20864
20923	20945
20949	20994
21123	21333
21593	21841
21939	21920
21895	21878
21887	21908
21925	21946
22000	22098
22211	22299
22356	22381
22374	22348
22317	22299
22274	22209
22079	21851
21421	20645
19461	18007
16584	15456
14705	14305
14257	14646
15554	16915
18454	19832
20840	21433
21706	21765
21712	21609
21490	21357
21239	21170
21132	21075
20977	20847
20747	20704
20676	20603
20400	19881
18726	16725
14158	11812
10431	10198
10641	11055
11017	10654
10519	11138
12713	14950
17195	18873
19845	20314
20518	20572
20538	20485
20492	20583
20708	20784
20788	20769
20771	20800
20841	20875
20890	20865
20805	20743
20699	20677
20674	20685
20702	20719
20752	20843
21041	21317
21583	21753
21722	21732
21754	21777
21802	21823
21827	21845
21909	22009
22106	22182
22258	22318
22343	22331
22299	22265
22246	22226
22188	22095
21889	21492
20857	20014
19095	18288
17731	17484
17562	17974
18699	19606
20484	21155
21542	21694
21695	21617
21515	21409
21302	21177
21056	20968
20920	20891
20839	20765
20708	20688
20663	20581
20420	20090
19399	18124
16265	14187
12466	11475
11197	11262
11344	11464
11958	13082
14791	16719
18387	19513
20116	20395
20507	20514
20470	20431
20445	20515
20586	20614
20602	20596
20627	20708
20824	20939
21017	21027
20974	20888
20799	20714
20644	20594
20574	20583
20637	20774
21025	21333
21574	21663
21541	21566
21607	21647
21668	21679
21693	21733
21819	21903
21947	21987
22080	22207
22303	22338
22308	22249
22209	22207
22220	22193
22086	21883
21586	21199
20756	20354
20093	20016
20120	20380
20746	21133
21438	21614
21662	21614
21510	21393
21293	21210
21132	21034
20917	20816
20764	20768
20788	20791
20781	20767
20717	20618
20473	20272
19926	19268
18161	16683
15144	13927
13251	13058
13177	13575
14337	15484
16857	18188
19244	19916
20270	20440
20499	20485
20427	20387
20403	20448
20477	20477
20474	20491
20541	20648
20810	20989
21125	21166
21108	20996
20874	20767
20678	20614
20576	20580
20655	20831
21111	21416
21610	21618
21423	21441
21464	21476
21472	21473
21501	21578
21686	21757
21755	21759
21866	22063
22250	22348
22343	22272
22201	22178
22189	22176
22095	21976
21848	21695
21512	21348
21269	21290
21384	21503
21614	21667
21653	21590
21512	21419
21318	21227
21161	21111
21054	20972
20857	20748
20701	20750
20844	20912
20916	20862
20766	20647
20529	20420
20288	20026
19490	18624
17573	16611
15973	15723
15803	16163
16779	17577
18423	19178
19760	20145
20358	20470
20516	20496
20433	20390
20385	20394
20386	20375
20384	20428
20495	20603
20776	20981
21153	21215
21158	21033
20908	20818
20758	20717
20691	20708
20797	20981
21257	21526
21657	21599
21341	21345
21337	21313
21281	21274
21309	21394
21506	21583
21579	21577
21694	21930
22176	22330
22359	22299
22212	22153
22129	22097
22024	21940
21876	21816
21724	21627
21591	21617
21669	21712
21719	21651
21523	21398
21309	21245
21184	21131
21098	21076
21033	20950
20830	20722
20696	20797
20950	21043
21014	20885
20733	20617
20553	20529
20515	20448
20214	19748
19137	18557
18154	17966
17965	18141
18472	18896
19335	19728
20049	20283
20429	20511
20556	20551
20499	20450
20413	20378
20335	20307
20324	20380
20457	20566
20726	20927
21108	21193
21159	21053
20959	20908
20886	20872
20875	20907
20983	21133
21344	21542
21614	21526
21246	21248
21230	21194
21164	21161
21180	21239
21334	21420
21451	21473
21585	21808
22066	22252
22322	22298
22225	22142
22076	22012
21930	21850
21804	21767
21703	21625
21569	21546
21538	21541
21527	21455
21331	21219
21156	21121
21083	21049
21029	21016
20977	20895
20774	20672
20679	20829
21017	21094
20999	20795
20619	20542
20562	20613
20658	20644
20506	20217
19858	19551
19351	19234
19178	19202
19332	19539
19772	19997
20207	20382
20501	20576
20625	20635
20607	20556
20496	20420
20342	20297
20307	20360
20442	20549
20692	20873
21051	21172
21195	21150
21098	21070
21054	21033
21023	21038
21067	21125
21228	21332
21378	21322
21105	21119
21122	21110
21107	21112
21112	21128
21194	21293
21364	21409
21507	21699
21931	22112
22219	22250
22207	22119
22018	21914
21796	21694
21636	21615
21589	21535
21467	21403
21351	21329
21324	21286
21202	21118
21070	21039
21003	20963
20930	20905
20861	20780
20663	20573
20608	20792
20994	21032
20869	20626
20468	20467
20578	20697
20754	20716
20567	20321
20071	19900
19815	19750
19681	19645
19684	19796
19943	20107
20278	20443
20571	20662
20718	20738
20717	20666
20587	20475
20364	20304
20307	20363
20446	20550
20682	20848
21030	21184
21265	21279
21259	21221
21159	21087
21027	20989
20940	20895
20885	20923
20981	21021
20945	20973
21009	21040
21069	21079
21055	21040
21090	21196
21283	21337
21429	21593
21781	21938
22050	22114
22101	22015
21886	21737
21577	21439
21368	21369
21384	21366
21312	21240
21178	21153
21162	21159
21124	21069
21020	20990
20956	20912
20861	20809
20742	20641
20515	20436
20493	20695
20889	20891
20687	20434
20322	20394
20572	20731
20782	20701
20509	20270
20068	19961
19926	19900
19856	19823
19840	19915
20020	20142
20288	20453
20611	20729
20800	20815
20781	20712
20613	20478
20351	20279
20292	20365
20460	20568
20693	20849
21029	21191
21295	21329
21308	21237
21118	20987
20878	20790
20684	20572
20497	20503
20594	20736
20829	20870
20932	20997
21051	21062
21020	20987
21034	21139
21217	21265
21348	21496
21648	21757
21833	21879
21861	21769
21627	21460
21280	21132
21069	21090
21123	21116
21064	21002
20962	20949
20972	21010
21031	21023
20993	20968
20954	20927
20870	20787
20673	20530
20386	20310
20383	20590
20774	20759
20547	20308
20219	20305
20488	20644
20681	20575
20376	20159
20007	19950
19954	19966
19960	19958
19981	20030
20085	20152
20252	20401
20580	20739
20834	20841
20776	20669
20547	20407
20281	20225
20265	20368
20486	20603
20726	20868
21023	21157
21239	21265
21231	21134
20985	20833
20713	20614
20498	20368
20271	20259
20357	20561
20819	20855
20924	21009
21077	21089
21043	21001
21031	21113
21172	21208
21283	21407
21522	21580
21601	21586
21521	21414
21286	21149
21003	20882
20844	20875
20898	20850
20771	20708
20680	20687
20732	20806
20888	20937
20953	20962
20979	20976
20932	20828
20668	20474
20305	20241
20329	20539
20716	20709
20520	20304
20196	20223
20329	20425
20435	20341
20174	20017
19941	19962
20025	20089
20130	20157
20179	20194
20193	20179
20202	20304
20477	20661
20787	20810
20732	20593
20444	20309
20214	20202
20284	20421
20554	20665
20772	20892
21016	21111
21158	21167
21130	21036
20892	20747
20640	20563
20472	20355
20245	20179
20229	20472
20886	20908
20958	21038
21115	21145
21109	21056
21057	21110
21152	21178
21232	21323
21399	21418
21385	21306
21192	21073
20978	20900
20818	20751
20741	20774
20758	20659
20534	20447
20415	20432
20499	20608
20728	20828
20893	20952
21001	21023
20994	20887
20695	20464
20278	20226
20337	20550
20727	20736
20593	20400
20251	20174
20160	20168
20151	20085
19973	19888
19893	19993
20136	20263
20347	20388
20401	20383
20323	20240
20177	20206
20335	20516
20673	20741
20684	20537
20371	20247
20204	20253
20384	20536
20648	20724
20803	20910
21016	21093
21124	21124
21092	21015
20889	20758
20672	20622
20559	20453
20314	20142
20076	20355
20953	20954
20980	21048
21132	21182
21162	21104
21079	21109
21144	21167
21200	21256
21303	21299
21236	21121
20980	20857
20789	20765
20735	20708
20719	20747
20704	20568
20410	20299
20254	20277
20362	20485
20620	20742
20847	20939
21014	21052
21034	20929
20722	20468
20276	20237
20362	20580
20754	20781
20668	20491
20306	20149
20043	19989
19955	19903
19837	19800
19862	20023
20221	20397
20508	20557
20558	20519
20432	20307
20188	20149
20226	20388
20564	20674
20656	20518
20342	20231
20231	20332
20493	20645
20729	20757
20810	20914
21025	21097
21126	21126
21100	21034
20923	20805
20731	20699
20654	20555
20375	20093
19940	20368
