11189	11169
11034	10479
9193	7353
5716	5009
5331	6276
7405	8511
9565	10539
11344	11919
12278	12457
12460	12291
11921	11211
10070	8737
7702	7288
7480	8052
8692	9085
9150	9165
9395	9739
9974	10091
10285	10682
11189	11636
11965	12098
11869	11296
10775	10716
11170	11866
12561	13138
13539	13727
13739	13668
13616	13582
13500	13316
13045	12734
12413	12071
11726	11398
11102	10853
10681	10614
10688	10967
11497	12244
13046	13560
13460	12909
12500	12591
13069	13689
14260	14669
14892	15016
15145	15325
15521	15702
15877	16068
16235	16311
16282	16217
16247	16516
17126	18051
19131	20165
21046	21752
22271	22551
22581	22400
22070	21620
21066	20432
19771	19139
18546	17956
17348	16762
16279	15982
15913	16007
16005	15557
14557	13324
12338	11820
11607	11454
11335	11326
11333	11040
10190	8889
7510	6340
5361	4467
3733	3349
3368	3622
3852	4005
4461	5850
8449	11704
14593	16444
17270	17417
17229	16978
16788	16688
16654	16670
16721	16785
16859	16952
17061	17174
17268	17331
17347	17318
17258	17190
17127	17066
17007	16960
16939	16938
16919	16852
16745	16626
16445	16065
15471	14920
14783	15136
15693	16143
16397	16464
16351	16115
15861	15662
15517	15389
15234	15030
14798	14592
14433	14314
14223	14157
14089	13927
13427	12468
11113	11120
11052	10624
9514	7824
6228	5433
5621	6460
7539	8616
9637	10571
11346	11914
12274	12452
12477	12360
12036	11327
10157	8798
7751	7331
7542	8199
8971	9442
9485	9433
9642	9997
10201	10225
10254	10400
10605	10780
10923	10990
10829	10439
10140	10290
10890	11688
12442	13051
13471	13680
13713	13654
13569	13474
13320	13093
12816	12536
12250	11954
11646	11352
11087	10868
10717	10645
10686	10907
11381	12117
12979	13587
13526	12922
12420	12477
13010	13703
14298	14665
14837	14929
15055	15242
15450	15637
15821	16031
16230	16335
16336	16305
16376	16692
17344	18294
19373	20389
21232	21884
22340	22581
22610	22469
22178	21727
21123	20401
19659	18969
18332	17696
17037	16438
16022	15819
15762	15681
15346	14573
13441	12292
11485	11119
11017	10965
10941	11022
11129	10990
10372	9305
8074	6966
6072	5325
4704	4278
4116	4157
4236	4275
4553	5629
7873	10953
14004	16251
17409	17641
17378	17049
16852	16776
16756	16764
16793	16839
16897	16979
17079	17182
17274	17340
17372	17360
17320	17268
17215	17161
17110	17066
17036	17015
16973	16888
16773	16645
16473	16139
15634	15167
15035	15305
15750	16133
16371	16441
16332	16102
15857	15661
15520	15399
15254	15057
14829	14628
14476	14362
14275	14208
14141	13969
13442	12435
10989	11034
11048	10782
9917	8473
6985	6113
6100	6729
7649	8631
9596	10511
11305	11905
12272	12430
12462	12399
12141	11468
10307	8962
7916	7466
7653	8369
9273	9866
9961	9945
10215	10620
10820	10775
10644	10505
10307	10060
9858	9738
9595	9403
9381	9778
10550	11449
12266	12912
13362	13601
13668	13619
13509	13338
13100	12821
12542	12290
12047	11794
11524	11259
11027	10849
10730	10670
10685	10858
11284	12012
12933	13623
13594	12926
12297	12251
12771	13512
14152	14546
14733	14838
14970	15154
15364	15565
15769	15993
16204	16333
16371	16400
16546	16945
17653	18625
19702	20696
21493	22077
22453	22629
22641	22526
22280	21853
21217	20416
19568	18780
18055	17328
16596	15993
15642	15505
15380	15037
14326	13276
12137	11234
10740	10618
10671	10733
10792	10904
11030	10981
10587	9819
8824	7859
7093	6534
6088	5701
5400	5186
5005	4819
4849	5577
7405	10226
13397	16073
17619	17954
17594	17166
16952	16897
16893	16893
16895	16910
16952	17023
17109	17206
17295	17367
17413	17421
17402	17363
17318	17272
17223	17179
17143	17102
17043	16943
16812	16676
16516	16248
15857	15495
15368	15524
15823	16113
16325	16400
16300	16086
15854	15668
15535	15425
15293	15105
14884	14680
14530	14416
14330	14264
14195	14011
13449	12372
10831	10918
11022	10929
10347	9213
7905	6986
6747	7086
7750	8559
9440	10347
11198	11876
12272	12409
12417	12382
12181	11573
10484	9216
8198	7703
7824	8554
9566	10291
10514	10618
10975	11418
11616	11566
11406	11116
10619	9959
9334	8916
8697	8639
8850	9440
10320	11264
12103	12767
13236	13505
13600	13566
13435	13209
12910	12591
12312	12082
11873	11647
11400	11150
10939	10784
10695	10650
10671	10827
11233	11959
12899	13613
13578	12850
12113	11950
12414	13166
13847	14294
14547	14720
14892	15088
15297	15505
15731	15970
16180	16320
16396	16494
16729	17215
17988	18989
20068	21047
21808	22321
22610	22713
22676	22546
22320	21939
21326	20492
19559	18660
17818	16984
16193	15589
15248	15050
14731	14100
13133	12023
11091	10571
10466	10612
10800	10916
10977	11048
11112	11078
10845	10349
9624	8841
8200	7782
7511	7260
6961	6604
6191	5778
5583	6012
7434	9905
13008	15922
17759	18205
17790	17292
17055	17009
17013	17008
16988	16981
17007	17069
17153	17245
17332	17410
17457	17477
17467	17437
17396	17352
17306	17264
17218	17174
17113	17005
16868	16720
16571	16368
16091	15826
15699	15741
15888	16077
16252	16328
16246	16054
15844	15677
15557	15464
15347	15173
14954	14750
14590	14472
14382	14315
14243	14051
13450	12297
10665	10793
10985	11066
10766	9963
8868	7938
7494	7544
7928	8526
9277	10141
11035	11803
12267	12412
12402	12358
12182	11628
10637	9482
8528	8010
8093	8836
9927	10776
11143	11356
11727	12101
12263	12269
12209	11967
11369	10444
9465	8742
8397	8400
8742	9418
10300	11205
12007	12657
13127	13408
13514	13490
13354	13113
12793	12469
12198	11982
11786	11576
11335	11086
10871	10716
10629	10596
10626	10798
11210	11926
12831	13476
13370	12604
11838	11654
12114	12885
13568	14007
14275	14502
14748	14998
15237	15465
15705	15955
16178	16333
16441	16588
16893	17455
18292	19327
20422	21406
22147	22607
22817	22838
22724	22532
22292	21950
21400	20587
19610	18605
17644	16742
15949	15358
14939	14515
13893	13021
11999	11081
10529	10451
10710	11050
11273	11341
11322	11299
11281	11227
11082	10784
10299	9704
9160	8811
8650	8551
8365	8008
7518	7025
6760	7025
8105	10122
12882	15708
17646	18223
17875	17386
17144	17091
17091	17082
17058	17048
17067	17119
17201	17290
17379	17453
17497	17511
17501	17474
17433	17389
17346	17299
17257	17217
17164	17070
16923	16766
16626	16479
16287	16091
15951	15899
15927	16026
16155	16225
16168	16012
15834	15682
15578	15504
15406	15246
15036	14824
14654	14529
14431	14361
14290	14086
13447	12220
10513	10678
10945	11181
11141	10640
9758	8850
8251	8061
8200	8589
9181	9954
10843	11693
12260	12473
12476	12410
12200	11652
10733	9698
8839	8371
8486	9280
10436	11371
11845	12101
12378	12590
12673	12737
12814	12690
12125	11094
9910	8992
8561	8590
8983	9639
10435	11237
11970	12588
13046	13323
13428	13403
13274	13053
12762	12462
12208	12002
11813	11603
11363	11112
10885	10701
10577	10522
10560	10752
11175	11864
12678	13175
12951	12177
11498	11431
11989	12793
13444	13810
14015	14223
14493	14794
15082	15349
15618	15908
16167	16357
16493	16674
17029	17652
18550	19631
20755	21762
22502	22922
23063	23000
22801	22531
22241	21901
21401	20634
19639	18549
17498	16586
15869	15298
14712	13957
13004	11989
11092	10527
10434	10778
11306	11723
11874	11806
11650	11502
11385	11282
11173	11011
10738	10338
9897	9573
9453	9448
9359	9044
8568	8142
7990	8281
9151	10715
12947	15416
17297	18027
17857	17454
17211	17139
17130	17123
17109	17103
17118	17169
17247	17340
17429	17498
17530	17531
17510	17473
17431	17388
17340	17297
17258	17230
17194	17109
16965	16802
16675	16566
16431	16267
16106	15983
15935	15970
16052	16108
16080	15969
15823	15691
15605	15547
15469	15323
15117	14901
14719	14578
14478	14405
14327	14111
13444	12150
10390	10583
10911	11265
11425	11173
10485	9625
8926	8549
8487	8690
9128	9793
10660	11566
12256	12581
12633	12539
12256	11654
10765	9838
9116	8774
9000	9871
11053	12017
12537	12787
12923	12950
12945	13035
13186	13135
12605	11573
10335	9365
8923	8979
9369	9954
10621	11302
11956	12538
12980	13250
13345	13314
13199	13015
12780	12532
12313	12121
11934	11724
11489	11244
10996	10764
10578	10477
10501	10706
11138	11785
12475	12784
12430	11698
11206	11342
12027	12864
13479	13772
13902	14026
14202	14423
14669	14943
15283	15679
16053	16325
16518	16742
17151	17838
18793	19924
21088	22128
22875	23262
23338	23200
22928	22586
22227	21843
21338	20597
19598	18452
17361	16488
15845	15246
14445	13360
12175	11170
10532	10368
10698	11358
12014	12372
12373	12147
11851	11565
11329	11161
11072	11042
10990	10805
10475	10166
10039	10058
9987	9657
9178	8850
8879	9294
10087	11315
13066	15150
16930	17809
17831	17510
17255	17161
17145	17146
17145	17148
17165	17214
17300	17401
17494	17550
17563	17544
17512	17471
17425	17372
17321	17274
17237	17211
17183	17104
16966	16814
16705	16629
16527	16367
16177	16009
15914	15902
15949	15998
15999	15929
15817	15707
15635	15595
15532	15403
15203	14980
14782	14629
14521	14440
14357	14132
13442	12105
10324	10528
10883	11309
11601	11528
11004	10212
9465	8957
8736	8792
9106	9684
10518	11466
12261	12700
12808	12681
12311	11635
10760	9950
9402	9236
9608	10545
11706	12633
13153	13366
13369	13242
13153	13237
13404	13369
12870	11872
10675	9732
9313	9387
9758	10252
10797	11363
11940	12484
12917	13179
13266	13230
13125	12981
12808	12625
12453	12283
12108	11903
11677	11434
11168	10889
10638	10486
10487	10689
11111	11716
12288	12424
11963	11296
11021	11385
12192	13039
13612	13880
13988	14033
14024	13968
13949	14079
14464	15071
15701	16177
16500	16808
17289	18045
19058	20232
21444	22515
23269	23620
23633	23431
23114	22727
22300	21839
21266	20498
19490	18330
17229	16362
15680	14951
13947	12693
11513	10722
10444	10641
11232	11990
12574	12750
12568	12223
11841	11465
11145	10945
10919	11046
11198	11197
10965	10658
10497	10481
10362	9973
9478	9220
9377	9876
10606	11626
13077	14911
16639	17657
17828	17550
17270	17153
17143	17155
17165	17175
17196	17252
17358	17482
17580	17621
17606	17565
17522	17477
17428	17371
17306	17249
17202	17172
17130	17052
16928	16804
16726	16682
16598	16431
16217	16016
15887	15843
15865	15914
15940	15908
15823	15734
15678	15653
15609	15489
15296	15064
14849	14670
14550	14472
14388	14164
13461	12103
10338	10525
10874	11316
11666	11705
11321	10628
9877	9288
8965	8921
9151	9672
10473	11434
12289	12799
12938	12791
12354	11619
10764	10083
9722	9737
10250	11225
12332	13184
13661	13827
13732	13493
13341	13403
13564	13541
13080	12138
11000	10095
9682	9738
10063	10484
10934	11407
11915	12422
12840	13102
13188	13151
13058	12939
12814	12688
12560	12420
12253	12054
11835	11593
11318	11007
10719	10534
10516	10706
11109	11675
12155	12163
11613	11007
10926	11503
12425	13273
13806	14063
14195	14231
14070	13680
13219	12994
13288	14099
15087	15889
16427	16867
17439	18271
19343	20561
21803	22892
23636	23954
23918	23681
23343	22939
22468	21915
21242	20395
19344	18165
17029	16058
15198	14271
13159	11982
11084	10715
10828	11252
11870	12490
12842	12785
12442	12038
11654	11275
10948	10790
10874	11146
11437	11523
11334	11027
10831	10752
10568	10145
9676	9493
9708	10183
10812	11666
12932	14612
16323	17466
17782	17560
17269	17147
17143	17167
17181	17190
17212	17283
17418	17575
17692	17719
17672	17603
17545	17494
17436	17367
17293	17222
17162	17109
17048	16964
16862	16781
16749	16742
16681	16517
16280	16050
15891	15815
15816	15860
15900	15894
15836	15765
15722	15709
15675	15571
15387	15155
14913	14712
14579	14508
14443	14229
13537	12180
10444	10597
10895	11300
11649	11747
11484	10905
10199	9587
9212	9113
9295	9776
10557	11513
12375	12901
13052	12892
12415	11650
10827	10249
10041	10213
10836	11831
12876	13646
14053	14153
13985	13693
13512	13558
13721	13732
13328	12450
11357	10460
10018	10023
10287	10649
11030	11434
11881	12349
12759	13022
13112	13078
12991	12892
12791	12698
12594	12464
12300	12107
11894	11656
11378	11068
10782	10591
10566	10736
11124	11667
12086	11996
11385	10818
10887	11646
12684	13546
14040	14278
14435	14517
14347	13796
12986	12352
12399	13242
14461	15539
16297	16892
17576	18492
19622	20875
22130	23214
23932	24211
24145	23898
23572	23180
22692	22074
21291	20322
19177	17917
16660	15493
14406	13324
12243	11333
10883	10978
11400	11892
12363	12733
12839	12604
12182	11768
11419	11086
10819	10754
10953	11318
11631	11712
11530	11242
11034	10914
10701	10322
9957	9871
10103	10494
10982	11688
12772	14275
15923	17166
17651	17538
17282	17165
17167	17189
17200	17205
17230	17320
17487	17681
17818	17843
17770	17667
17581	17507
17436	17355
17271	17192
17116	17041
16962	16877
16801	16769
16790	16826
16796	16641
16395	16142
15948	15834
15807	15835
15878	15890
15854	15794
15755	15744
15724	15642
15477	15253
15003	14782
14639	14578
14536	14361
13699	12357
10616	10726
10954	11279
11581	11701
11533	11081
10458	9862
9471	9349
9499	9956
10727	11676
12520	13032
13179	13019
12531	11748
10943	10430
10319	10600
11296	12300
13287	13965
14282	14307
14104	13818
13657	13728
13927	14007
13679	12855
11782	10870
10373	10289
10475	10772
11100	11447
11840	12273
12670	12935
13030	13001
12921	12830
12738	12640
12528	12389
12222	12033
11828	11603
11346	11068
10812	10641
10614	10774
11159	11696
12079	11911
11255	10731
10924	11836
12976	13851
14303	14494
14642	14782
14743	14309
13488	12675
12469	13109
14248	15352
16201	16908
17704	18705
19885	21156
22403	23453
24126	24369
24289	24048
23749	23389
22914	22259
21373	20256
18948	17527
16077	14700
13456	12358
11439	10862
10816	11237
11802	12245
12538	12709
12677	12391
11966	11557
11225	10940
10764	10803
11073	11431
11685	11726
11570	11341
11170	11059
10888	10616
10394	10400
10611	10898
11256	11821
12705	13979
15505	16822
17484	17521
17335	17231
17223	17237
17239	17240
17271	17378
17570	17799
17960	17988
17894	17752
17624	17525
17432	17341
17252	17166
17082	16992
16897	16813
16767	16780
16852	16934
16936	16799
16551	16278
16054	15901
15837	15840
15877	15901
15881	15823
15775	15761
15751	15693
15561	15364
15128	14905
14745	14683
14677	14579
13988	12642
10817	10890
11049	11283
11505	11605
11500	11156
10632	10086
9705	9569
9697	10135
10898	11839
12664	13158
13309	13164
12676	11885
11080	10599
10541	10889
11633	12629
13546	14123
14350	14302
14085	13842
13756	13904
14211	14420
14193	13412
12333	11373
10788	10592
10674	10894
11161	11450
11793	12195
12576	12840
12939	12915
12834	12744
12638	12517
12372	12208
12028	11847
11660	11459
11243	11021
10821	10685
10657	10806
11201	11761
12120	11904
11232	10768
11074	12107
13322	14190
14575	14696
14815	15002
15130	14975
14456	13801
13502	13834
14619	15482
16251	16992
17858	18914
20120	21392
22617	23617
24236	24441
24351	24128
23860	23541
23096	22420
21436	20134
18607	16968
15326	13815
12541	11546
10866	10596
10812	11352
11903	12265
12449	12523
12455	12202
11816	11410
11065	10819
10732	10856
11123	11395
11557	11578
11497	11380
11297	11250
11176	11041
10937	10972
11115	11286
11539	11977
12678	13735
15139	16511
17346	17546
17444	17349
17332	17333
17326	17321
17355	17472
17684	17925
18100	18126
18022	17848
17684	17555
17449	17354
17260	17172
17076	16972
16868	16787
16761	16809
16920	17036
17064	16948
16701	16421
16172	15992
15895	15879
15910	15942
15924	15859
15795	15770
15766	15735
15640	15476
15266	15049
14887	14830
14911	14975
14493	13078
10999	11056
11169	11317
11446	11492
11401	11137
10711	10233
9874	9729
9838	10254
10990	11899
12702	13196
13375	13267
12800	12016
11224	10760
10735	11122
11885	12848
13680	14158
14289	14187
13971	13783
13786	14065
14539	14924
14823	14080
12974	11949
11262	10930
10887	11019
11216	11443
11740	12118
12490	12747
12845	12817
12736	12631
12502	12341
12157	11960
11771	11597
11435	11270
11109	10954
10818	10720
10698	10838
11243	11829
12191	11945
11290	10901
11311	12434
13691	14516
14818	14878
14982	15200
15435	15527
15378	15059
14831	14918
15310	15853
16453	17148
18025	19103
20313	21574
22766	23711
24273	24441
24355	24156
23923	23636
23211	22502
21394	19886
18120	16279
14528	12995
11775	10918
10471	10466
10831	11351
11804	12086
12218	12243
12157	11934
11594	11213
10873	10665
10651	10810
11026	11190
11283	11336
11366	11380
11408	11471
11523	11505
11442	11412
11426	11488
11670	12041
12627	13539
14852	16264
17250	17615
17604	17527
17494	17481
17464	17452
17487	17609
17820	18060
18227	18247
18128	17939
17756	17618
17505	17408
17319	17224
17117	17005
16890	16809
16789	16847
16972	17105
17151	17048
16812	16533
16276	16083
15973	15949
15978	16012
15989	15904
15816	15776
15779	15767
15699	15565
15377	15181
15041	15073
15355	15691
15333	13709
11136	11196
11286	11372
11415	11385
11274	11055
10711	10308
9970	9818
9908	10287
10956	11798
12558	13063
13301	13268
12858	12116
11353	10911
10908	11318
12078	12987
13724	14099
14153	14017
13807	13657
13729	14126
14774	15336
15359	14670
13563	12493
11709	11248
11082	11119
11242	11416
11678	12039
12405	12656
12745	12715
12626	12506
12352	12156
11934	11714
11519	11355
11212	11084
10973	10879
10803	10741
10721	10855
11269	11874
12235	11981
11357	11054
11551	12729
13983	14759
14991	15021
15140	15382
15652	15860
15947	15897
15792	15774
15921	16231
16687	17321
18183	19255
20458	21702
22857	23749
24251	24394
24317	24151
23952	23681
23237	22445
21172	19436
17450	15484
13738	12287
11145	10375
10094	10303
10782	11271
11635	11852
11924	11865
11706	11473
11182	10864
10594	10450
10473	10617
10773	10873
10953	11060
11193	11321
11466	11649
11819	11873
11781	11615
11468	11440
11618	12014
12595	13462
14714	16120
17201	17707
17794	17741
17699	17673
17647	17629
17660	17772
17961	18176
18319	18325
18198	18011
17836	17695
17590	17496
17406	17312
17204	17082
16966	16879
16851	16900
17012	17136
17183	17082
16858	16591
16348	16165
16066	16045
16080	16108
16073	15962
15846	15786
15786	15791
15743	15626
15455	15293
15253	15503
16139	16827
16533	14515
11211	11281
11371	11423
11399	11308
11166	10970
10685	10337
10021	9862
9930	10256
10832	11561
12256	12771
13091	13160
12842	12164
11444	11031
11050	11474
12217	13054
13689	13969
13969	13823
13622	13492
13594	14049
14788	15455
15567	14953
13908	12849
12007	11455
11186	11143
11206	11336
11582	11943
12315	12568
12659	12622
12522	12394
12228	12016
11775	11543
11348	11191
11064	10951
10862	10803
10765	10734
10726	10858
11271	11888
12238	11972
11381	11150
11710	12911
14150	14886
15095	15127
15266	15526
15796	16016
16172	16233
16214	16194
16259	16467
16858	17468
18331	19407
20596	21806
22907	23732
24180	24303
24249	24121
23944	23657
23135	22189
20693	18717
16547	14540
12883	11559
10486	9754
9557	9905
10505	11046
11413	11599
11583	11396
11130	10866
10633	10438
10291	10218
10240	10330
10442	10543
10652	10816
11013	11215
11441	11714
11968	12052
11900	11603
11332	11257
11476	11953
12609	13493
14702	16059
17174	17787
17972	17962
17921	17887
17855	17833
17849	17936
18088	18259
18368	18356
18227	18056
17897	17770
17671	17583
17494	17405
17307	17194
17078	16990
16947	16970
17050	17147
17168	17062
16848	16609
16398	16244
16163	16158
16200	16228
16175	16039
15891	15809
15798	15810
15776	15678
15541	15470
15634	16240
17316	18306
17924	15365
11236	11313
11404	11442
11389	11266
11112	10932
10682	10359
10057	9893
9943	10211
10683	11290
11896	12415
12811	12985
12760	12159
11492	11116
11161	11601
12313	13068
13598	13806
13771	13626
13459	13357
13454	13875
14571	15208
15344	14825
13900	12921
12086	11487
11167	11071
11091	11199
11448	11828
12221	12505
12624	12592
12475	12333
12161	11949
11716	11500
11315	11167
11032	10905
10799	10732
10699	10689
10704	10853
11282	11896
12215	11926
11354	11173
11768	12973
14199	14938
15171	15235
15390	15644
15895	16090
16223	16292
16301	16299
16354	16545
16938	17587
18491	19582
20744	21897
22927	23676
24070	24186
24159	24072
23906	23577
22918	21744
19968	17748
15462	13478
11934	10711
9698	9004
8857	9277
9977	10644
11116	11326
11254	10967
10624	10355
10202	10127
10085	10042
10019	10046
10132	10254
10416	10626
10860	11095
11355	11667
11941	12022
11837	11483
11171	11094
11344	11871
12588	13509
14688	15990
17111	17815
18110	18163
18140	18102
18063	18037
18036	18084
18183	18302
18378	18354
18243	18091
17950	17829
17729	17637
17556	17476
17397	17307
17211	17123
17068	17055
17095	17146
17135	17016
16815	16607
16438	16316
16255	16267
16319	16344
16281	16129
15957	15845
15816	15821
15801	15733
15683	15796
16290	17332
18778	19847
19144	16014
11235	11313
11400	11433
11375	11250
11105	10937
10694	10372
10068	9908
9950	10181
10581	11089
11618	12112
12548	12786
12629	12087
11490	11165
11260	11722
12407	13082
13516	13650
13587	13456
13338	13288
13370	13683
14210	14701
14803	14378
13602	12740
11958	11372
11043	10919
10913	11019
11284	11694
12141	12510
12708	12694
12537	12345
12157	11953
11744	11558
11406	11268
11122	10959
10795	10677
10618	10614
10667	10860
11328	11940
12213	11880
11303	11152
11769	12974
14200	14967
15255	15369
15534	15766
15983	16135
16224	16259
16263	16267
16326	16521
16953	17671
18639	19741
20864	21945
22895	23579
23940	24064
24076	24023
23864	23473
22646	21177
19079	16649
14334	12442
11000	9845
8899	8300
8239	8695
9434	10196
10786	11067
11013	10729
10396	10170
10079	10058
10021	9926
9817	9777
9847	10007
10230	10495
10767	11011
11264	11539
11767	11819
11646	11337
11070	11020
11265	11769
12479	13407
14568	15833
16972	17772
18191	18330
18335	18301
18256	18220
18199	18207
18254	18326
18379	18359
18264	18129
17992	17870
17759	17661
17580	17518
17463	17403
17331	17256
17188	17145
17144	17151
17105	16968
16779	16604
16468	16373
16327	16345
16405	16432
16365	16208
16022	15891
15840	15838
15832	15816
15905	16313
17244	18708
20297	21084
19842	16269
11248	11315
11396	11426
11381	11273
11142	10971
10706	10354
10031	9867
9907	10145
10539	11019
11496	11950
12367	12603
12459	11971
11449	11212
11366	11859
12525	13130
13474	13534
13431	13309
13252	13274
13352	13537
13850	14149
14179	13825
13182	12440
11734	11189
10868	10732
10711	10816
11103	11546
12073	12576
12901	12925
12703	12421
12184	11981
11799	11659
11545	11433
11278	11072
10844	10652
10544	10533
10628	10898
11424	12035
12241	11834
11242	11116
11769	12986
14213	15005
15341	15497
15670	15884
16068	16184
16230	16235
16220	16217
16273	16481
16953	17736
18749	19850
20927	21937
22821	23464
23824	23974
24021	23988
23826	23360
22322	20523
18108	15533
13270	11516
10174	9077
8234	7828
7938	8447
9169	9927
10552	10895
10912	10707
10453	10284
10215	10165
10039	9834
9633	9541
9610	9809
10097	10425
10739	11004
11222	11415
11547	11551
11413	11198
11036	11030
11252	11694
12343	13238
14363	15608
16776	17676
18221	18454
18499	18473
18425	18375
18332	18301
18309	18355
18401	18393
18311	18186
18049	17915
17790	17680
17594	17537
17503	17473
17429	17361
17287	17222
17185	17160
17085	16939
16759	16601
16484	16396
16354	16374
16434	16462
16404	16253
16070	15931
15875	15876
15893	15952
16235	17008
18395	20135
21534	21697
19831	16073
11291	11346
11418	11459
11436	11357
11236	11043
10726	10312
9938	9738
9770	10046
10515	11053
11536	11946
12296	12458
12277	11821
11393	11254
11485	12008
12660	13210
13478	13467
13321	13200
13198	13279
13373	13471
13614	13740
13689	13361
12808	12150
11511	11007
10695	10541
10497	10598
10899	11385
11998	12635
13082	13144
12875	12510
12215	11999
11841	11740
11668	11585
11437	11206
10925	10665
10500	10474
10607	10960
11558	12141
12246	11752
11138	11061
11779	13028
14252	15042
15406	15596
15787	15989
16154	16243
16263	16243
16210	16198
16253	16474
16978	17797
18830	19918
20951	21904
22735	23364
23752	23945
24016	23985
23790	23204
21907	19768
17097	14467
12313	10691
9429	8411
7754	7631
7997	8616
9293	9958
10512	10836
10895	10771
10607	10486
10400	10275
10049	9759
9509	9399
9470	9698
10028	10397
10753	11049
11260	11376
11392	11319
11198	11078
11019	11082
11299	11688
12271	13094
14164	15371
16555	17542
18203	18525
18617	18604
18551	18490
18427	18376
18369	18412
18463	18467
18402	18281
18139	17994
17852	17726
17631	17568
17540	17528
17504	17447
17366	17280
17218	17163
17078	16927
16753	16602
16486	16393
16338	16349
16412	16448
16397	16258
16085	15956
15906	15927
15991	16163
16688	17836
19560	21293
22173	21535
19162	15526
11355	11406
11481	11540
11560	11525
11413	11171
10763	10247
9789	9521
9529	9864
10468	11136
11681	12066
12318	12354
12094	11652
11316	11286
11592	12146
12791	13303
13516	13444
13266	13157
13186	13310
13425	13493
13547	13560
13430	13088
12557	11938
11323	10828
10510	10333
10263	10350
10670	11203
11888	12599
13103	13200
12934	12546
12221	11995
11851	11779
11738	11686
11556	11322
11014	10712
10508	10456
10611	11030
11672	12200
12174	11586
10988	11000
11814	13101
14304	15071
15449	15670
15882	16087
16245	16320
16323	16279
16227	16207
16265	16498
17023	17867
18910	19986
20986	21889
22676	23297
23719	23958
24047	24001
23735	22964
21350	18897
16076	13495
11466	9944
8756	7867
7470	7701
8383	9144
9786	10306
10695	10886
10880	10774
10662	10575
10461	10270
9995	9704
9483	9401
9476	9699
10015	10375
10753	11098
11345	11427
11353	11192
11047	10976
10999	11124
11363	11726
12255	13009
13995	15138
16310	17363
18131	18542
18681	18680
18633	18563
18489	18434
18428	18483
18554	18579
18528	18420
18277	18123
17970	17823
17707	17634
17602	17598
17581	17528
17435	17334
17248	17174
17076	16926
16757	16605
16479	16365
16293	16292
16349	16389
16353	16230
16074	15960
15934	15990
16125	16459
17264	18732
20574	21966
22091	20702
18065	14812
11424	11481
11573	11676
11756	11777
11666	11348
10805	10159
9590	9242
9217	9613
10376	11217
11861	12233
12370	12257
11891	11443
11185	11258
11644	12241
12897	13391
13565	13461
13275	13184
13241	13379
13509	13586
13614	13568
13374	12988
12435	11790
11153	10630
10291	10097
10009	10096
10443	11033
11749	12445
12929	13044
12832	12499
12195	11966
11821	11757
11737	11707
11599	11389
11094	10793
10568	10490
10637	11083
11724	12172
12025	11388
10854	10985
11893	13207
14377	15113
15493	15735
15964	16179
16334	16401
16388	16321
16253	16223
16288	16538
17081	17940
18995	20066
21044	21902
22634	23233
23678	23953
24054	23981
23605	22595
20651	17941
15084	12630
10740	9300
8210	7536
7478	8104
9096	9975
10541	10869
11019	10984
10819	10643
10530	10449
10323	10117
9871	9658
9532	9502
9580	9765
10024	10330
10691	11075
11381	11490
11383	11160
10966	10890
10944	11110
11373	11731
12228	12919
13826	14890
16034	17135
17999	18498
18683	18704
18662	18602
18532	18481
18491	18564
18657	18704
18676	18586
18457	18303
18135	17975
17841	17750
17708	17693
17672	17611
17505	17389
17280	17191
17078	16929
16763	16611
16471	16339
16243	16224
16271	16319
16296	16187
16049	15954
15950	16050
16285	16826
17937	19639
21353	22155
21478	19533
16905	14144
11494	11565
11685	11842
11995	12066
11942	11522
10824	10038
9357	8927
8878	9344
10254	11258
11994	12349
12375	12105
11621	11156
10964	11138
11611	12266
12949	13442
13598	13490
13321	13269
13351	13492
13620	13704
13719	13635
13404	12985
12389	11686
10981	10405
10036	9834
9758	9872
10269	10901
11612	12239
12649	12762
12629	12380
12122	11902
11752	11686
11669	11653
11578	11417
11171	10897
10670	10562
10684	11119
11729	12089
11859	11244
10829	11086
12049	13349
14477	15180
15555	15805
16041	16263
16420	16481
16449	16360
16272	16238
16310	16573
17126	17989
19049	20126
21089	21896
22565	23122
23572	23866
23972	23857
23343	22069
19818	16937
14124	11840
10104	8783
7875	7535
7926	8951
10150	11008
11384	11439
11309	11027
10675	10383
10212	10111
9995	9830
9672	9576
9554	9584
9668	9813
10003	10235
10548	10935
11297	11472
11405	11179
10952	10837
10871	11034
11300	11654
12125	12772
13611	14602
15718	16856
17807	18390
18624	18667
18645	18599
18546	18515
18543	18634
18747	18820
18820	18755
18648	18502
18331	18155
18007	17899
17841	17811
17772	17696
17578	17444
17324	17216
17093	16937
16772	16621
16471	16321
16200	16160
16202	16251
16239	16146
16018	15941
15964	16119
16483	17269
18670	20471
21866	21983
20642	18431
16004	13694
11580	11662
11810	12011
12216	12325
12174	11649
10808	9893
9121	8618
8546	9067
10096	11217
12006	12334
12255	11847
11257	10768
10625	10891
11466	12206
12928	13424
13585	13498
13376	13373
13487	13634
13750	13808
13791	13679
13432	13005
12373	11597
10810	10179
9792	9598
9554	9721
10168	10830
11511	12061
12385	12478
12395	12217
12001	11795
11644	11572
11558	11558
11528	11435
11259	11029
10800	10664
10758	11185
11771	12058
11783	11234
10968	11329
12295	13524
14580	15250
15615	15866
16107	16335
16498	16550
16497	16384
16279	16242
16324	16592
17139	17992
19047	20126
21077	21840
22441	22943
23368	23663
23763	23588
22911	21369
18876	15918
13207	11104
9549	8437
7843	7968
8857	10214
11439	12076
12118	11839
11433	10944
10436	10020
9765	9634
9545	9462
9409	9413
9462	9531
9625	9750
9897	10065
10316	10684
11082	11346
11380	11230
11012	10861
10834	10949
11179	11502
11937	12546
13337	14281
15368	16530
17555	18220
18512	18592
18592	18567
18531	18521
18570	18677
18803	18891
18917	18881
18794	18661
18494	18319
18168	18056
17983	17934
17874	17776
17649	17509
17380	17257
17110	16944
16777	16634
16487	16321
16178	16120
16149	16196
16191	16109
15992	15920
15969	16197
16722	17758
19379	21117
22056	21538
19800	17613
15494	13524
11701	11784
11936	12150
12372	12482
12295	11681
10739	9731
8875	8304
8202	8766
9875	11062
11868	12155
11982	11454
10786	10282
10189	10534
11213	12046
12817	13318
13493	13461
13414	13465
13605	13761
13867	13889
13828	13687
13438	13015
12355	11514
10659	9993
9610	9446
9446	9657
10136	10802
11457	11941
12196	12248
12169	12022
11835	11642
11494	11429
11426	11455
11486	11475
11378	11190
10954	10782
10864	11326
11942	12197
11874	11368
11216	11654
12582	13694
14646	15275
15641	15901
16150	16391
16555	16595
16514	16375
16260	16225
16312	16580
17107	17928
18971	20054
21003	21732
22273	22720
23108	23376
23448	23189
22314	20512
17835	14887
12339	10445
9135	8344
8188	8817
10130	11639
12695	12968
12618	12022
11395	10762
10139	9625
9293	9142
9102	9104
9126	9174
9236	9313
9419	9551
9688	9830
10041	10382
10808	11164
11330	11299
11148	10983
10889	10924
11079	11335
11716	12282
13038	13949
15002	16170
17256	18008
18376	18500
18527	18513
18493	18501
18570	18691
18820	18913
18956	18939
18869	18748
18592	18430
18290	18186
18114	18049
17967	17853
17715	17576
17445	17304
17133	16944
16773	16640
16501	16331
16166	16093
16112	16158
16156	16077
15959	15887
15965	16281
16979	18227
19936	21440
21856	20860
19001	17058
15290	13556
11846	11917
12051	12236
12426	12499
12262	11583
10568	9485
8546	7905
7789	8402
9585	10810
11614	11847
11584	10958
10239	9748
9701	10120
10886	11804
12619	13135
13347	13399
13444	13549
13704	13859
13948	13943
13855	13703
13461	13036
12340	11435
10536	9871
9520	9406
9441	9669
10142	10791
11424	11864
12057	12059
11963	11822
11643	11457
11323	11275
11297	11374
11481	11563
11545	11390
11134	10921
11010	11564
12280	12535
12136	11584
11462	11930
12810	13809
14655	15241
15628	15915
16184	16428
16585	16604
16495	16333
16207	16172
16263	16525
17024	17812
18838	19929
20886	21600
22111	22518
22863	23085
23094	22708
21601	19526
16722	13869
11553	9931
8944	8580
8908	9945
11451	12868
13626	13528
12868	12056
11291	10561
9864	9284
8919	8780
8790	8850
8893	8912
8936	8999
9118	9273
9430	9580
9791	10122
10554	10979
11270	11370
11300	11143
11002	10959
11033	11212
11526	12041
12764	13641
14663	15822
16949	17793
18245	18423
18468	18462
18446	18466
18551	18671
18798	18891
18940	18934
18873	18764
18625	18485
18368	18281
18218	18151
18054	17923
17776	17635
17500	17340
17136	16919
16743	16618
16490	16319
16151	16065
16075	16122
16122	16042
15918	15847
15954	16367
17228	18615
20236	21349
21261	20001
18268	16685
15243	13673
11998	12048
12143	12276
12400	12403
12098	11354
10269	9096
8064	7362
7266	7959
9222	10500
11312	11515
11170	10456
9693	9222
9230	9710
10546	11523
12373	12925
13208	13368
13506	13654
13801	13923
13983	13968
13885	13755
13528	13081
12329	11360
10428	9787
9498	9446
9518	9735
10174	10790
11398	11799
11938	11900
11792	11648
11466	11281
11161	11137
11206	11349
11543	11713
11762	11631
11342	11090
11200	11861
12686	12939
12431	11767
11603	12062
12913	13840
14619	15192
15612	15943
16225	16459
16585	16568
16433	16259
16122	16085
16172	16424
16904	17672
18687	19783
20750	21474
21983	22383
22695	22860
22769	22193
20792	18438
15559	12895
10903	9636
9044	9131
9883	11146
12578	13707
14130	13775
12949	12044
11224	10446
9707	9106
8745	8632
8675	8741
8744	8689
8649	8694
8836	9015
9199	9386
9621	9955
10386	10841
11215	11409
11403	11266
11103	11008
11021	11143
11407	11874
12555	13397
14389	15531
16696	17615
18143	18372
18438	18428
18410	18435
18521	18641
18759	18845
18892	18887
18833	18736
18613	18496
18406	18344
18298	18238
18136	17992
17829	17678
17529	17343
17111	16867
16676	16549
16434	16276
16117	16030
16035	16082
16091	16014
15879	15806
15953	16480
17502	18939
20305	20911
20397	19082
17639	16438
15262	13801
12121	12158
12226	12308
12361	12284
11898	11078
9906	8625
7486	6740
6688	7469
8823	10172
11043	11262
10860	10050
9219	8747
8804	9350
10241	11256
12137	12745
13124	13399
13625	13793
13902	13965
13989	13977
13934	13856
13649	13170
12344	11300
10338	9722
9501	9525
9636	9835
10225	10804
11389	11758
11855	11791
11680	11536
11347	11157
11046	11057
11181	11403
11686	11936
12027	11894
11576	11293
11416	12131
12971	13144
12512	11772
11595	12074
12929	13837
14601	15187
15647	16022
16318	16508
16575	16518
16363	16180
16041	15996
16077	16314
16778	17529
18533	19623
20599	21348
21888	22298
22584	22680
22460	21652
19913	17281
14402	12020
10443	9590
9403	9885
10933	12238
13417	14165
14293	13805
12949	12046
11219	10434
9698	9119
8771	8658
8678	8702
8638	8517
8446	8500
8665	8860
9052	9267
9545	9897
10331	10799
11208	11446
11474	11339
11156	11030
11015	11115
11347	11773
12411	13216
14178	15312
16504	17479
18072	18336
18414	18405
18382	18410
18496	18603
18705	18782
18820	18819
18773	18689
18585	18492
18426	18388
18359	18308
18204	18050
17872	17702
17535	17328
17069	16802
16591	16456
16350	16216
16080	16010
16019	16070
16087	16010
15865	15800
16007	16678
17869	19297
20311	20365
19504	18260
17154	16290
15302	13900
12186	12228
12291	12351
12358	12213
11753	10851
9581	8189
6957	6190
6199	7076
8514	9946
10900	11150
10692	9764
8838	8345
8443	9060
10007	11049
11948	12611
13091	13479
13776	13947
14004	14000
13989	13993
14013	13991
13805	13288
12390	11271
10264	9655
9489	9585
9738	9932
10285	10832
11396	11742
11817	11741
11626	11477
11279	11081
10982	11031
11218	11522
11892	12207
12318	12166
11817	11518
11640	12290
12952	12917
12184	11498
11451	12039
12943	13867
14643	15247
15751	16173
16469	16603
16595	16483
16316	16135
16004	15961
16033	16250
16684	17398
18366	19434
20410	21180
21753	22180
22452	22479
22118	21053
18985	16152
13374	11363
10227	9770
9904	10620
11779	12996
13882	14289
14212	13693
12895	12043
11235	10468
9774	9236
8886	8712
8655	8611
8515	8398
8363	8461
8644	8829
9002	9223
9537	9928
10377	10854
11272	11519
11548	11398
11185	11034
11006	11101
11322	11711
12304	13073
14020	15154
16356	17371
18006	18295
18375	18364
18349	18387
18470	18567
18649	18709
18737	18740
18702	18634
18552	18481
18442	18421
18403	18354
18245	18079
17894	17711
17530	17313
17041	16755
16522	16378
16277	16176
16083	16036
16058	16115
16142	16063
15908	15856
16148	16995
18374	19767
20398	19942
18811	17658
16832	16211
15345	13957
12186	12242
12324	12387
12368	12174
11653	10682
9326	7837
6544	5813
5953	6992
8561	10085
11071	11264
10649	9546
8515	8014
8172	8857
9848	10890
11794	12498
13063	13543
13892	14061
14074	14026
14003	14040
14115	14139
13959	13411
12447	11254
10183	9549
9405	9548
9752	9966
10307	10833
11383	11728
11806	11728
11599	11433
11219	11019
10930	11015
11267	11648
12096	12458
12587	12419
12053	11750
11820	12273
12585	12237
11445	10951
11182	11985
12997	13953
14739	15361
15904	16370
16666	16742
16655	16496
16312	16141
16029	16006
16084	16283
16662	17297
18188	19199
20152	20925
21511	21950
22206	22181
21689	20391
18090	15214
12670	11049
10283	10095
10363	11092
12147	13174
13839	14070
13941	13488
12796	12002
11207	10456
9816	9321
8947	8685
8536	8458
8397	8360
8401	8550
8735	8887
9023	9241
9582	10010
10478	10942
11335	11575
11610	11456
11216	11036
10997	11095
11308	11665
12222	12970
13910	15039
16247	17280
17934	18230
18307	18299
18306	18359
18447	18534
18599	18637
18656	18657
18634	18585
18523	18477
18453	18446
18432	18376
18254	18081
17890	17710
17534	17319
17044	16742
16491	16334
16245	16181
16131	16119
16164	16241
16271	16182
16018	15989
16382	17435
18991	20323
20598	19721
18394	17319
16677	16204
15398	13986
12128	12197
12295	12361
12330	12108
11545	10526
9106	7561
6275	5693
6136	7520
9355	10982
11870	11762
10769	9377
8231	7751
7976	8724
9736	10765
11647	12364
12986	13532
13923	14095
14093	14038
14034	14109
14226	14268
14078	13491
12468	11196
10054	9373
9219	9388
9634	9886
10250	10776
11325	11687
11786	11711
11564	11375
11141	10933
10855	10968
11272	11722
12228	12632
12785	12635
12285	11976
11951	12120
12000	11319
10511	10266
10831	11900
13056	14060
14852	15479
16051	16557
16852	16878
16732	16532
16342	16190
16105	16119
16219	16400
16708	17232
18001	18921
19820	20571
21153	21584
21829	21764
21165	19710
17325	14589
12376	11092
10549	10447
10675	11232
12028	12818
13363	13610
13583	13258
12658	11889
11075	10337
9751	9308
8928	8615
8425	8366
8386	8440
8545	8697
8851	8968
9088	9309
9665	10105
10556	10969
11315	11550
11618	11495
11256	11053
10997	11091
11295	11630
12158	12899
13846	14976
16183	17209
17863	18152
18219	18221
18257	18347
18446	18520
18566	18590
18597	18593
18577	18542
18499	18465
18453	18450
18432	18364
18229	18051
17869	17707
17550	17345
17067	16748
16476	16307
16237	16215
16212	16238
16313	16415
16445	16340
16169	16170
16680	17930
19624	20849
20794	19608
18181	17183
16666	16276
15478	14006
12034	12097
12188	12254
12222	11992
11412	10372
8941	7411
6251	6016
7020	9010
11253	12945
13503	12768
11118	9296
8007	7554
7849	8638
9654	10651
11496	12209
12860	13442
13855	14042
14062	14039
14072	14180
14311	14346
14130	13500
12417	11076
9869	9143
8965	9136
9414	9719
10125	10672
11234	11620
11745	11677
11517	11308
11063	10846
10763	10892
11230	11724
12274	12712
12903	12803
12498	12190
12060	11946
11433	10491
9695	9663
10493	11793
13090	14147
14935	15558
16135	16648
16942	16944
16765	16547
16363	16232
16183	16234
16370	16553
16793	17187
17814	18621
19449	20167
20726	21140
21370	21279
20612	19083
16749	14260
12380	11321
10853	10724
10851	11216
11759	12343
12844	13187
13295	13064
12481	11670
10824	10118
9608	9228
8887	8599
8441	8431
8506	8608
8712	8822
8933	9029
9156	9387
9753	10175
10569	10913
11214	11454
11580	11522
11312	11096
11013	11089
11280	11602
12117	12866
13829	14968
16163	17173
17803	18072
18135	18157
18247	18384
18493	18551
18578	18585
18579	18561
18541	18509
18476	18447
18433	18423
18392	18312
18173	18002
17835	17698
17564	17364
17062	16705
16398	16224
16188	16223
16276	16344
16456	16585
16621	16498
16322	16368
17004	18418
20164	21204
20851	19477
18051	17170
16770	16429
15602	14040
11927	11969
12040	12101
12082	11862
11285	10258
8876	7482
6643	7007
8822	11552
14164	15701
15613	13964
11501	9231
7834	7427
7783	8598
9600	10555
11357	12046
12701	13295
13713	13919
13986	14021
14098	14225
14346	14357
14113	13455
12329	10931
9676	8921
8723	8885
9176	9527
9994	10582
11163	11561
11694	11631
11473	11270
11022	10797
10701	10828
11185	11712
12288	12751
12980	12936
12686	12391
12180	11855
11079	9985
9217	9311
10286	11715
13098	14182
14965	15576
16130	16617
16892	16893
16717	16506
16340	16236
16214	16296
16469	16670
16865	17149
17639	18330
19089	19765
20299	20689
20896	20781
20080	18549
16331	14090
12443	11498
11028	10849
10912	11195
11630	12138
12637	13032
13174	12910
12229	11334
10486	9863
9454	9147
8864	8649
8554	8579
8660	8751
8826	8894
8973	9067
9203	9450
9807	10193
10534	10829
11110	11369
11550	11564
11399	11177
11054	11094
11268	11582
12100	12859
13844	14997
16186	17168
17762	17998
18065	18142
18317	18521
18636	18657
18649	18640
18614	18574
18532	18494
18457	18426
18391	18359
18308	18225
18100	17950
17807	17693
17563	17340
16982	16552
16198	16033
16055	16163
16275	16385
16539	16705
16743	16614
16455	16577
17355	18891
20566	21333
20712	19270
17968	17255
16967	16624
15713	14060
11855	11870
11913	11968
11966	11764
11201	10202
8940	7846
7556	8697
11332	14606
17247	18265
17284	14680
11542	9018
7648	7348
7774	8600
9574	10484
11241	11901
12548	13128
13537	13757
13871	13971
14093	14225
14324	14312
14056	13399
12261	10834
9552	8778
8559	8702
8993	9386
9912	10545
11139	11521
11642	11578
11438	11254
11022	10800
10702	10829
11196	11744
12343	12826
13077	13068
12852	12580
12324	11867
10954	9819
9101	9260
10264	11705
13095	14171
14944	15537
16058	16493
16744	16761
16615	16425
16275	16194
16187	16279
16474	16695
16883	17106
17498	18087
18759	19384
19885	20245
20424	20282
19560	18044
15937	13866
12350	11449
10958	10749
10805	11116
11633	12233
12791	13159
13181	12754
11929	10972
10177	9671
9357	9097
8849	8676
8616	8638
8694	8772
8840	8905
8992	9104
9250	9489
9825	10176
10480	10761
11053	11341
11564	11636
11511	11283
11122	11121
11277	11588
12098	12860
13856	15023
16215	17177
17731	17935
18018	18178
18462	18735
18842	18812
18761	18737
18696	18632
18564	18505
18460	18407
18347	18278
18201	18116
18018	17905
17793	17692
17551	17273
16820	16299
15903	15767
15867	16054
16213	16355
16543	16731
16784	16670
16563	16817
17771	19369
20848	21255
20409	19045
17982	17467
17212	16753
15690	13985
11846	11841
11863	11910
11919	11730
11182	10232
9147	8477
8853	10706
13825	17147
19367	19625
17779	14495
11059	8594
7424	7288
7794	8639
9579	10439
11148	11778
12397	12950
13343	13572
13726	13879
14035	14173
14253	14226
13983	13362
12253	10830
9527	8728
8489	8610
8905	9329
9903	10563
11145	11498
11591	11524
11400	11248
11050	10849
10770	10911
11295	11861
12478	12975
13236	13234
13027	12760
12472	11935
10960	9849
9202	9396
10370	11745
13071	14110
14866	15454
15948	16346
16584	16626
16511	16343
16208	16134
16127	16211
16402	16642
16860	17094
17443	17931
18489	19022
19471	19801
19949	19753
18965	17436
15407	13451
12020	11147
10644	10416
10494	10912
11616	12435
13104	13396
13210	12578
11650	10716
10017	9607
9337	9064
8791	8609
8537	8538
8581	8667
8764	8871
9006	9154
9312	9533
9839	10157
10436	10718
11030	11349
11614	11734
11636	11406
11211	11180
11320	11621
12118	12846
13821	14988
16191	17157
17696	17881
17980	18214
18583	18888
18973	18909
18849	18826
18793	18725
18636	18553
18481	18409
18318	18217
18116	18032
17957	17881
17798	17699
17525	17185
16646	16054
15640	15553
15719	15949
16125	16271
16463	16659
16726	16649
16642	17070
18207	19810
21002	21027
20040	18868
18107	17732
17368	16655
15410	13771
11910	11892
11897	11934
11945	11770
11250	10372
9491	9229
10137	12366
15456	18361
19946	19528
17139	13612
10268	8086
7194	7228
7816	8685
9606	10415
11075	11660
12237	12747
13112	13351
13542	13735
13921	14068
14142	14110
13896	13337
12288	10890
9572	8747
8489	8601
8904	9358
9953	10614
11171	11482
11550	11479
11374	11252
11089	10927
10887	11062
11472	12050
12680	13186
13444	13433
13226	12954
12633	12017
10991	9911
9337	9559
10479	11759
13004	14003
14752	15342
15831	16220
16463	16527
16439	16285
16155	16083
16072	16138
16311	16569
16858	17167
17514	17893
18287	18682
19052	19348
19456	19157
18227	16630
14665	12846
11517	10676
10168	9938
10060	10594
11488	12505
13263	13475
13123	12377
11473	10645
10048	9658
9334	8994
8675	8470
8376	8353
8397	8509
8654	8820
9016	9209
9378	9580
9859	10146
10404	10684
11013	11371
11681	11841
11770	11535
11324	11275
11408	11693
12146	12808
13714	14846
16060	17065
17625	17786
17862	18113
18513	18815
18891	18852
18841	18868
18875	18824
18728	18623
18529	18431
18316	18187
18074	17992
17938	17890
17820	17709
17509	17131
16557	15949
15554	15506
15701	15920
16063	16180
16345	16516
16589	16565
16662	17249
18518	20066
20975	20698
19672	18718
18172	17790
17201	16236
14932	13497
12025	11998
11985	12010
12012	11856
11386	10608
9867	9793
10864	13048
15763	18103
19162	18397
15898	12529
9528	7694
7034	7190
7852	8756
9662	10415
11016	11545
12055	12505
12842	13091
13317	13555
13774	13937
14008	13976
13789	13292
12316	10953
9638	8804
8548	8679
9012	9486
10088	10722
11235	11505
11544	11471
11379	11277
11142	11022
11034	11258
11697	12286
12908	13402
13655	13643
13447	13194
12829	12114
11008	9937
9421	9667
10540	11732
12913	13891
14644	15240
15732	16123
16377	16459
16390	16251
16124	16057
16044	16100
16257	16545
16942	17373
17732	17980
18168	18382
18648	18894
18931	18466
17337	15658
13803	12168
10959	10156
9655	9454
9629	10241
11227	12313
13084	13254
12875	12185
11422	10742
10191	9720
9274	8855
8533	8338
8234	8191
8237	8371
8556	8768
9005	9232
9412	9605
9861	10131
10373	10644
10990	11384
11751	11956
11903	11668
11449	11393
11516	11785
12188	12757
13562	14632
15848	16898
17456	17516
17455	17647
18070	18430
18583	18646
18740	18847
18903	18881
18797	18691
18585	18469
18331	18186
18068	17989
17947	17912
17840	17714
17505	17144
16613	16052
15701	15666
15824	15976
16051	16117
16231	16358
16419	16442
16621	17297
18599	20036
20719	20286
19272	18411
17857	17321
16575	15623
14527	13370
12157	12120
12094	12102
12096	11959
11553	10848
10120	9934
10770	12592
14851	16754
17545	16762
14500	11547
8994	7481
6986	7222
7935	8871
9757	10450
10979	11432
11857	12232
12537	12805
13078	13363
13622	13801
13871	13833
13667	13224
12313	10999
9714	8905
8689	8872
9250	9749
10335	10929
11375	11582
11580	11489
11400	11309
11198	11124
11192	11463
11928	12520
13119	13585
13820	13823
13675	13464
13071	12248
11039	9949
9476	9748
10590	11715
12846	13817
14580	15175
15659	16045
16303	16401
16351	16224
16102	16035
16024	16076
16228	16562
17087	17661
18045	18148
18101	18110
18252	18418
18323	17654
16342	14661
12988	11562
10464	9689
9208	9052
9281	9920
10886	11902
12604	12791
12536	12041
11465	10892
10311	9701
9123	8676
8400	8243
8133	8075
8131	8290
8499	8728
8981	9212
9397	9590
9845	10108
10337	10598
10951	11385
11809	12060
12030	11796
11572	11516
11637	11886
12239	12726
13433	14440
15638	16674
17099	16865
16491	16558
17092	17699
18105	18371
18601	18786
18884	18893
18836	18748
18640	18514
18360	18202
18067	17983
17945	17911
17838	17706
17515	17209
16767	16297
15998	15943
16019	16073
16078	16093
16154	16229
16275	16315
16537	17238
18460	19686
20151	19623
18604	17662
16936	16296
15691	15133
14465	13516
12276	12233
12194	12182
12164	12037
11682	11018
10205	9718
10075	11378
13189	14789
15514	14926
13078	10650
8556	7332
6980	7291
8055	9007
9864	10492
10944	11317
11657	11965
12252	12545
12867	13203
13493	13689
13756	13711
13556	13155
12308	11056
9826	9073
8921	9174
9615	10143
10717	11249
11606	11716
11638	11509
11404	11323
11248	11226
11350	11662
12142	12714
13276	13699
13919	13949
13877	13738
13345	12426
11113	9988
9544	9844
10669	11738
12828	13786
14548	15136
15597	15969
16230	16340
16306	16193
16075	16005
15997	16038
16190	16572
17223	17925
18334	18297
18024	17834
17846	17879
17595	16729
15355	13808
12369	11123
10105	9360
8914	8798
9057	9691
10567	11437
12035	12265
12201	11943
11532	10988
10319	9586
8944	8525
8304	8163
8039	7991
8085	8279
8493	8715
8957	9177
9355	9552
9809	10067
10280	10524
10884	11363
11843	12134
12119	11888
11668	11618
11746	11989
12302	12722
13359	14323
15495	16416
16529	15793
14958	14886
15670	16727
17559	18106
18471	18716
18846	18881
18854	18789
18691	18560
18396	18220
18063	17956
17899	17865
17798	17686
17519	17271
16913	16535
16280	16194
16183	16156
16118	16107
16121	16150
16177	16232
16482	17128
18103	18921
19041	18384
17353	16368
15613	15147
15000	15037
14783	13874
12369	12320
12272	12240
12198	12069
11742	11114
10229	9456
9305	10012
11305	12616
13344	13042
11658	9736
8063	7113
6923	7337
8160	9126
9946	10508
10887	11187
11465	11735
12023	12351
12723	13100
13418	13619
13679	13635
13487	13119
12321	11139
9979	9287
9191	9509
10018	10594
11170	11651
11907	11897
11734	11552
11430	11356
11312	11334
11500	11837
12310	12850
13357	13737
13943	14010
14025	13983
13625	12648
11242	10068
9632	9957
10778	11802
12836	13756
14503	15081
15530	15891
16146	16266
16253	16160
16053	15979
15955	15977
16116	16523
17249	18030
18440	18295
17848	17510
17400	17276
16776	15764
14467	13189
12011	10908
9948	9249
8839	8749
9011	9604
10354	11042
11521	11781
11886	11826
11530	10970
10217	9436
8814	8436
8223	8052
7918	7924
8095	8326
8540	8750
8980	9186
9349	9537
9783	10008
10184	10404
10780	11304
11829	12149
12143	11918
11710	11684
11837	12080
12369	12743
13347	14290
15424	16175
15896	14630
13396	13279
14365	15880
17120	17908
18380	18658
18811	18868
18866	18819
18733	18607
18441	18250
18066	17921
17835	17788
17736	17643
17505	17289
16973	16640
16409	16305
16245	16183
16140	16120
16107	16113
16140	16222
16474	16964
17497	17671
17270	16453
15565	14858
14462	14459
14853	15349
15296	14277
12443	12394
12333	12273
12200	12052
11748	11176
10308	9382
8829	8944
9665	10635
11354	11319
10339	8829
7508	6815
6806	7347
8248	9220
9989	10477
10787	11036
11292	11568
11886	12252
12659	13063
13398	13601
13661	13620
13484	13139
12389	11276
10180	9523
9440	9792
10365	11009
11624	12085
12258	12155
11930	11721
11584	11497
11446	11477
11653	11984
12432	12927
13385	13722
13909	14007
14109	14181
13893	12901
11425	10198
9748	10089
10917	11904
12856	13704
14425	15002
15452	15798
16044	16169
16185	16125
16039	15965
15923	15913
16019	16404
17125	17898
18262	18042
17515	17101
16894	16600
15904	14839
13736	12783
11862	10886
9991	9344
8975	8892
9132	9633
10216	10723
11097	11372
11581	11641
11411	10838
10051	9289
8733	8392
8141	7913
7791	7884
8143	8407
8616	8828
9069	9270
9420	9582
9779	9940
10049	10246
10646	11220
11778	12103
12097	11878
11693	11705
11898	12160
12439	12792
13389	14336
15435	16022
15465	13945
12638	12635
13908	15599
16970	17829
18324	18612
18771	18845
18860	18829
18756	18642
18482	18294
18094	17923
17805	17734
17679	17601
17471	17250
16915	16559
16315	16221
16180	16147
16137	16123
16107	16118
16179	16292
16493	16712
16663	16110
15178	14292
13778	13691
13940	14465
15202	15839
15757	14574
12516	12468
12391	12297
12176	12006
11724	11226
10434	9471
8655	8297
8525	9184
9857	9981
9270	8062
7014	6546
6702	7374
8352	9319
10019	10424
10675	10899
11156	11464
11814	12212
12636	13056
13400	13614
13686	13651
13533	13218
12531	11496
10449	9784
9662	10004
10624	11355
12059	12558
12716	12588
12368	12174
12014	11857
11721	11686
11816	12111
12520	12975
13391	13691
13855	13965
14145	14341
14143	13161
11645	10372
9916	10284
11122	12048
12888	13643
14330	14918
15380	15716
15946	16076
16118	16096
16030	15962
15899	15859
15918	16240
16870	17538
17812	17549
17025	16605
16310	15843
15007	13992
13145	12503
11809	10952
10124	9521
9177	9103
9295	9655
10046	10401
10728	11032
11284	11395
11210	10654
9880	9154
8658	8345
8059	7791
7692	7867
8195	8480
8685	8922
9195	9406
9533	9649
9773	9854
9914	10104
10542	11160
11730	12038
12019	11814
11661	11706
11930	12214
12502	12865
13471	14418
15462	15946
15336	13989
13027	13263
14495	15961
17112	17849
18291	18565
18732	18814
18839	18813
18750	18643
18491	18306
18113	17937
17800	17708
17645	17566
17432	17168
16757	16307
16011	15944
15990	16054
16109	16128
16134	16190
16302	16413
16463	16291
15660	14543
13333	12591
12598	13198
14050	14922
15722	16261
16035	14732
12609	12561
12468	12332
12157	11955
11688	11252
10538	9586
8629	7998
7924	8371
8953	9100
8516	7502
6666	6374
6669	7453
8492	9445
10075	10408
10613	10822
11091	11411
11778	12180
12606	13022
13376	13613
13702	13672
13564	13309
12725	11793
10780	10070
9867	10171
10832	11677
12523	13125
13333	13241
13070	12903
12688	12398
12108	11946
11990	12234
12606	13031
13412	13666
13798	13915
14170	14478
14354	13382
11849	10575
10148	10550
11384	12230
12940	13588
14248	14855
15333	15669
15886	16012
16069	16066
16020	15953
15877	15810
15831	16068
16554	17048
17207	16929
16457	16055
15665	15032
14121	13239
12664	12274
11746	10989
10212	9630
9311	9239
9360	9553
9759	10025
10370	10728
11011	11147
11000	10494
9754	9061
8588	8275
7980	7708
7636	7854
8209	8492
8707	8982
9293	9512
9611	9670
9728	9763
9825	10051
10534	11171
11731	12004
11968	11773
11646	11712
11951	12254
12558	12941
13548	14457
15410	15821
15367	14515
14140	14631
15637	16634
17383	17894
18260	18519
18692	18778
18804	18781
18715	18601
18444	18256
18069	17899
17762	17666
17600	17530
17384	17074
16558	15971
15590	15560
15745	15945
16093	16169
16229	16359
16502	16516
16257	15605
14518	13200
12122	11761
12259	13324
14485	15439
16130	16482
16114	14773
12708	12660
12552	12376
12154	11924
11664	11270
10606	9670
8671	7935
7725	8015
8443	8496
7949	7087
6425	6270
6677	7550
8639	9578
10160	10456
10639	10839
11099	11412
11762	12143
12542	12945
13306	13560
13657	13614
13519	13338
12883	12063
11075	10280
9961	10204
10919	11914
12936	13663
13913	13815
13637	13452
13171	12768
12361	12114
12109	12332
12695	13095
13438	13649
13744	13875
14206	14600
14505	13513
11979	10748
10377	10816
11633	12398
12994	13561
14194	14819
15321	15657
15864	15981
16034	16039
15997	15927
15846	15772
15761	15910
16235	16547
16600	16334
15934	15536
15036	14265
13346	12638
12289	12053
11611	10917
10180	9625
9332	9259
9283	9319
9398	9636
10038	10469
10806	10968
10854	10394
9709	9036
8546	8206
7908	7664
7628	7854
8185	8447
8676	8988
9335	9555
9624	9631
9647	9687
9806	10106
10625	11251
11768	11998
11944	11763
11661	11742
11978	12287
12614	13015
13604	14426
15234	15584
15379	15109
15307	15954
16680	17228
17614	17939
18236	18483
18653	18741
18766	18737
18655	18516
18333	18130
17935	17770
17640	17551
17495	17442
17308	16971
16370	15651
15185	15205
15535	15887
16126	16278
16425	16609
16698	16462
15767	14673
13401	12300
11710	11833
12640	13828
14972	15813
16332	16517
16053	14728
12781	12743
12631	12427
12174	11927
11688	11337
10717	9804
8799	8025
7706	7803
8001	7908
7397	6702
6217	6180
6672	7628
8761	9708
10280	10567
10753	10950
11189	11466
11777	12118
12482	12855
13201	13448
13536	13482
13393	13272
12924	12178
11161	10228
9738	9887
10637	11758
12908	13691
13897	13692
13392	13131
12852	12528
12219	12050
12101	12367
12754	13147
13452	13621
13698	13862
14264	14699
14560	13502
11973	10810
10510	10979
11777	12491
13020	13537
14152	14792
15320	15670
15867	15970
16013	16010
15968	15898
15818	15745
15715	15797
15981	16144
16125	15905
15571	15147
14521	13654
12790	12244
12021	11823
11387	10717
10031	9537
9290	9200
9129	9046
9071	9337
9819	10335
10727	10907
10793	10356
9718	9070
8553	8172
7875	7680
7674	7874
8146	8374
8617	8969
9343	9570
9612	9582
9580	9658
9863	10240
10770	11350
11803	11995
11927	11760
11687	11788
12027	12338
12688	13106
13668	14370
15005	15303
15362	15595
16173	16848
17329	17592
17774	17989
18236	18458
18614	18696
18718	18680
18574	18402
18181	17949
17744	17582
17456	17366
17311	17270
17156	16831
16189	15383
14855	14920
15387	15880
16226	16481
16719	16877
16737	16098
14992	13712
12651	12094
12104	12604
13462	14478
15385	16022
16388	16452
15923	14626
12801	12778
12676	12466
12201	11965
11765	11478
10929	10065
9058	8205
7710	7539
7465	7240
6796	6309
6012	6096
6673	7705
8895	9859
10441	10748
10952	11145
11355	11583
11834	12119
12444	12784
13100	13325
13397	13341
13269	13178
12843	12061
10924	9788
9072	9060
9735	10838
11963	12698
12852	12564
12140	11815
11673	11671
11714	11797
11994	12340
12766	13158
13433	13578
13672	13886
14348	14772
14521	13350
11812	10737
10517	11019
11804	12481
12973	13463
14078	14741
15304	15672
15873	15965
15993	15981
15937	15878
15806	15738
15708	15746
15840	15907
15872	15720
15435	14942
14171	13243
12467	12041
11844	11580
11087	10434
9824	9414
9215	9093
8949	8831
8888	9236
9805	10385
10800	10955
10796	10354
9747	9130
8606	8204
7920	7767
7780	7933
8136	8331
8588	8979
9385	9616
9640	9588
9586	9707
9983	10408
10910	11409
11792	11957
11892	11743
11700	11837
12097	12414
12783	13216
13737	14315
14795	15098
15430	16024
16772	17367
17672	17793
17896	18057
18261	18448
18584	18660
18676	18624
18487	18276
18017	17758
17537	17371
17246	17150
17087	17046
16945	16643
15999	15155
14587	14686
15279	15921
16420	16801
17052	17003
16443	15367
14075	13018
12517	12593
13047	13668
14364	15073
15683	16122
16379	16370
15792	14503
12741	12742
12666	12470
12216	12007
11861	11654
11199	10401
9382	8402
7669	7207
6887	6567
6228	5946
5839	6045
6721	7838
9083	10064
10660	10996
11222	11411
11581	11745
11928	12155
12431	12739
13031	13232
13303	13274
13222	13099
12663	11720
10388	9030
8086	7841
8289	9178
10136	10846
11130	10992
10607	10282
10310	10680
11148	11532
11877	12278
12723	13113
13376	13523
13654	13941
14453	14823
14423	13119
11574	10580
10450	10997
11772	12403
12842	13304
13930	14640
15251	15656
15867	15953
15974	15955
15916	15861
15799	15744
15730	15761
15817	15852
15842	15764
15504	14905
13971	12992
12297	11945
11704	11330
10765	10142
9627	9298
9105	8933
8763	8695
8868	9322
9954	10555
10943	11044
10835	10386
9811	9232
8717	8312
8050	7931
7950	8058
8196	8364
8642	9070
9501	9739
9751	9684
9686	9842
10164	10592
11037	11439
11751	11900
11850	11721
11709	11890
12181	12499
12861	13289
13754	14209
14608	15037
15666	16477
17216	17674
17869	17946
18023	18146
18298	18452
18576	18650
18660	18585
18416	18169
17877	17587
17347	17169
17039	16940
16873	16836
16745	16460
15830	14983
14404	14537
15255	16081
16732	17166
17267	16832
15799	14459
13330	12812
12948	13470
14066	14587
15045	15481
15869	16182
16385	16338
15715	14386
12585	12611
12568	12407
12189	12019
11919	11781
11413	10686
9662	8557
7592	6877
6378	6016
5770	5654
5703	6034
6815	8017
9306	10308
10930	11319
11591	11765
11862	11937
12045	12209
12437	12710
12976	13169
13258	13264
13209	12986
12359	11199
9680	8186
7092	6622
6764	7350
8156	8989
9642	9901
9721	9425
9485	10034
10761	11352
11790	12197
12630	13020
13287	13454
13637	14009
14570	14885
14341	12922
11372	10453
10415	11008
11769	12321
12675	13090
13728	14485
15151	15598
15826	15926
15956	15944
15903	15843
15786	15752
15770	15828
15886	15928
15964	15952
15680	14944
13852	12824
12184	11856
11540	11066
10471	9905
9483	9198
8961	8728
8561	8598
8920	9482
10124	10676
11016	11078
10855	10425
9910	9377
8882	8482
8238	8154
8178	8247
8333	8482
8778	9232
9683	9919
9923	9849
9859	10045
10390	10800
11167	11471
11720	11858
11827	11721
11735	11947
12254	12559
12894	13279
13666	14030
14469	15153
16073	16955
17556	17859
17988	18061
18131	18222
18335	18465
18586	18665
18663	18568
18374	18106
17789	17476
17207	16999
16850	16753
16704	16686
16617	16359
15776	14961
14397	14566
15399	16372
17073	17355
17112	16273
14997	13759
13079	13136
13687	14323
14815	15145
15412	15688
15974	16238
16440	16393
15729	14309
12351	12391
12386	12277
12107	11975
11910	11806
11489	10822
9824	8661
7554	6662
6030	5637
5453	5443
5601	6022
6881	8140
9465	10509
11222	11737
12093	12233
12202	12143
12159	12266
12449	12676
12906	13090
13198	13224
13130	12767
11932	10597
9006	7526
6430	5826
5707	6042
6795	7851
8929	9614
9688	9424
9389	9859
10608	11270
11733	12108
12503	12882
13162	13353
13597	14058
14678	14961
14320	12831
11290	10432
10464	11102
11829	12285
12532	12882
13506	14289
15000	15487
15751	15878
15935	15936
15891	15813
15753	15748
15815	15920
16009	16081
16169	16188
15857	14967
13735	12682
12071	11712
11308	10770
10204	9735
9395	9104
8788	8497
8356	8495
8936	9560
10170	10653
10952	11003
10788	10408
9969	9512
9064	8700
8485	8424
8443	8475
8518	8651
8961	9427
9871	10096
10090	10019
10059	10280
10639	11014
11313	11538
11733	11858
11848	11760
11782	12000
12300	12578
12859	13184
13507	13870
14484	15473
16586	17401
17797	17947
18034	18112
18185	18265
18365	18485
18604	18678
18670	18564
18362	18083
17756	17431
17139	16906
16733	16626
16593	16603
16571	16373
15868	15131
14593	14765
15621	16576
17097	17011
16381	15385
14312	13556
13414	13826
14442	14939
15232	15406
15568	15770
16017	16297
16546	16534
15833	14286
12115	12157
12174	12120
12011	11911
11846	11739
11433	10815
9888	8766
7629	6629
5888	5445
5269	5291
5488	5950
6826	8088
9437	10590
11507	12247
12726	12806
12580	12330
12244	12316
12471	12654
12831	12980
13082	13104
12949	12446
11446	10022
8490	7178
6226	5614
5346	5534
6281	7498
8822	9768
10052	9879
9771	10075
10695	11298
11714	12018
12343	12694
12977	13193
13502	14054
14745	15014
14309	12798
11294	10497
10586	11239
11924	12285
12440	12721
13302	14075
14807	15335
15643	15809
15902	15930
15884	15793
15731	15751
15862	16011
16141	16272
16422	16437
15980	14905
13566	12518
11916	11488
10987	10433
9957	9612
9328	8994
8603	8284
8174	8355
8828	9460
10055	10512
10789	10822
10607	10265
9912	9563
9220	8937
8773	8724
8718	8711
8722	8846
9162	9614
10024	10220
10209	10160
10240	10501
10865	11209
11456	11628
11784	11895
11894	11813
11821	12016
12302	12556
12788	13047
13354	13850
14739	15976
17119	17767
17956	17984
18029	18105
18196	18291
18393	18506
18609	18669
18654	18546
18348	18071
17747	17426
17142	16902
16709	16582
16545	16581
16594	16458
16040	15359
14800	14863
15543	16239
16373	15886
15099	14383
13939	13854
14126	14603
15044	15319
15452	15541
15650	15809
16042	16358
16677	16721
15999	14339
12002	12018
12029	12007
11941	11857
11776	11636
11320	10742
9911	8890
7787	6729
5886	5370
5158	5148
5319	5766
6618	7848
9236	10555
11741	12752
13356	13348
12901	12451
12281	12352
12513	12664
12775	12861
12927	12920
12713	12101
10985	9534
8125	7057
6336	5822
5526	5652
6380	7596
8929	9933
10377	10384
10338	10545
10997	11449
11736	11923
12156	12456
12733	12979
13350	14003
14749	14991
14226	12712
11271	10561
10706	11367
12004	12302
12387	12602
13124	13865
14607	15173
15523	15729
15860	15919
15890	15810
15758	15793
15926	16099
16285	16501
16717	16676
16028	14748
13324	12287
11673	11161
10589	10064
9709	9484
9229	8854
8431	8120
8019	8162
8573	9190
9826	10332
10605	10595
10358	10039
9751	9511
9303	9136
9035	8996
8973	8935
8925	9044
9349	9760
10113	10265
10254	10246
10382	10678
11040	11356
11569	11714
11842	11939
11937	11852
11835	12001
12271	12525
12735	12966
13339	14073
15255	16601
17610	18030
18061	18010
18025	18100
18204	18321
18425	18518
18590	18623
18596	18487
18295	18028
17718	17411
17146	16928
16744	16610
16569	16615
16659	16551
16135	15402
14680	14452
14752	15028
14807	14189
13668	13599
13935	14431
14902	15255
15453	15537
15582	15638
15716	15845
16073	16431
16818	16911
16192	14486
12078	12041
11994	11943
11884	11807
11710	11542
11211	10668
9910	8964
7885	6782
5863	5282
5021	4952
5055	5471
6316	7561
9020	10494
11896	13093
13759	13664
13047	12466
12263	12375
12574	12710
12759	12763
12768	12728
12483	11810
10616	9143
7833	6965
6471	6122
5907	6064
6753	7855
9036	9973
10521	10743
10858	11062
11374	11645
11767	11814
11945	12185
12447	12721
13165	13907
14697	14883
14033	12514
11166	10577
10803	11473
12076	12329
12378	12534
12982	13671
14411	15010
15402	15640
15802	15896
15912	15870
15848	15904
16044	16235
16477	16784
17035	16876
15991	14506
13018	11983
11329	10755
10169	9714
9478	9329
9072	8681
8284	8009
7878	7923
8227	8824
9556	10153
10429	10377
10128	9830
9585	9419
9314	9245
9209	9200
9185	9140
9115	9220
9494	9856
10130	10236
10239	10291
10488	10813
11165	11455
11647	11775
11895	11984
11980	11896
11862	11998
12256	12520
12751	13028
13563	14569
15955	17256
18018	18212
18129	18040
18050	18132
18250	18374
18469	18527
18554	18546
18492	18379
18189	17935
17642	17356
17116	16931
16786	16680
16661	16732
16800	16660
16113	15144
14081	13416
13251	13198
12915	12588
12664	13312
14242	15047
15534	15722
15722	15681
15677	15712
15770	15880
16120	16523
16963	17080
16352	14623
12112	12039
11920	11796
11714	11665
11596	11439
11133	10622
9880	8921
7798	6654
5697	5090
4799	4679
4725	5123
6029	7379
8950	10514
11967	13167
13799	13649
12990	12407
12240	12398
12630	12765
12769	12702
12635	12558
12297	11594
10353	8836
7544	6776
6427	6250
6204	6470
7149	8115
9101	9927
10532	10938
11221	11467
11685	11798
11769	11707
11750	11932
12169	12461
12966	13792
14609	14714
13757	12229
10992	10557
10881	11572
12151	12389
12416	12525
12896	13518
14236	14858
15285	15546
15732	15869
15948	15978
16013	16102
16261	16482
16782	17138
17338	16979
15829	14183
12659	11610
10907	10312
9794	9453
9293	9147
8860	8488
8167	7933
7745	7675
7897	8521
9356	10027
10291	10202
9949	9683
9469	9339
9279	9259
9268	9305
9331	9305
9271	9348
9593	9898
10102	10165
10191	10312
10577	10925
11263	11522
11699	11829
11948	12037
12037	11964
11936	12059
12295	12560
12841	13261
14032	15279
16723	17835
18321	18329
18179	18082
18096	18196
18334	18452
18524	18538
18510	18452
18363	18235
18051	17809
17533	17266
17053	16903
16816	16787
16849	17000
17086	16831
16017	14684
13222	12150
11675	11554
11533	11719
12387	13507
14691	15552
15975	16045
15937	15816
15761	15766
15803	15910
16176	16632
17110	17208
16383	14517
11726	11698
11577	11410
11334	11370
11399	11326
11084	10592
9804	8748
7535	6359
5416	4827
4528	4392
4424	4844
5854	7369
9070	10642
11966	12989
13504	13358
12804	12335
12232	12415
12656	12793
12782	12674
12551	12435
12161	11447
10168	8597
7255	6473
6181	6149
6296	6715
7426	8290
9123	9848
10482	11015
11422	11700
11851	11854
11737	11614
11612	11742
11944	12234
12783	13677
14511	14528
13464	11929
10812	10535
10966	11679
12249	12488
12521	12592
12880	13419
14096	14725
15173	15456
15664	15852
16007	16128
16240	16384
16591	16862
17205	17532
17577	16933
15510	13745
12220	11166
10441	9889
9499	9285
9156	8951
8624	8290
8054	7850
7606	7465
7698	8404
9310	9991
10211	10076
9817	9581
9404	9295
9241	9217
9240	9323
9407	9410
9374	9435
9657	9921
10077	10112
10168	10359
10676	11034
11347	11577
11740	11872
12008	12107
12117	12054
12039	12164
12386	12636
12977	13573
14611	16033
17425	18294
18534	18415
18236	18142
18163	18274
18422	18538
18580	18554
18469	18357
18230	18084
17903	17675
17418	17170
16981	16883
16886	16999
17224	17484
17519	16997
15794	14124
12458	11281
10793	10818
11090	11625
12577	13853
15060	15877
16243	16283
16144	15975
15861	15812
15824	15940
16242	16745
17248	17284
16240	14015
10903	11013
10993	10847
10826	10994
11177	11230
11063	10567
9691	8503
7195	6009
5122	4579
4297	4178
4245	4717
5818	7473
9274	10801
11914	12672
13036	12945
12578	12273
12226	12391
12616	12763
12768	12652
12502	12355
12064	11342
10039	8409
6993	6154
5867	5928
6233	6793
7567	8391
9129	9786
10426	11033
11508	11788
11882	11821
11678	11553
11541	11638
11796	12068
12641	13588
14420	14351
13196	11681
10693	10565
11083	11816
12379	12628
12669	12711
12922	13373
13990	14610
15078	15382
15617	15861
16107	16328
16527	16739
17007	17332
17688	17925
17712	16720
15030	13181
11692	10670
9978	9529
9292	9177
9033	8758
8401	8107
7931	7730
7452	7317
7647	8458
9390	10012
10164	9983
9721	9514
9381	9292
9226	9169
9181	9286
9408	9453
9439	9508
9727	9974
10101	10128
10211	10448
10793	11141
11425	11626
11779	11921
12073	12184
12196	12134
12129	12266
12491	12738
13122	13879
15133	16668
17967	18621
18692	18500
18311	18223
18244	18356
18502	18612
18636	18571
18444	18284
18123	17955
17768	17552
17308	17084
16945	16944
17102	17423
17827	18089
17853	16876
15288	13531
12072	11202
10959	11103
11385	11856
12750	14003
15201	16001
16368	16438
16333	16153
15980	15873
15857	15983
16320	16862
17369	17314
15997	13323
10178	10441
10528	10401
10414	10690
11008	11171
11057	10534
9556	8253
6871	5686
4861	4385
4147	4074
4210	4749
5904	7628
9474	10933
11843	12352
12586	12565
12383	12221
12201	12324
12518	12670
12702	12602
12455	12297
11998	11279
9970	8312
6844	5957
5653	5745
6133	6799
7644	8489
9196	9809
10426	11036
11516	11771
11814	11724
11600	11523
11531	11611
11733	11979
12562	13532
14338	14179
12974	11528
10694	10696
11267	11992
12534	12786
12834	12843
12980	13350
13916	14524
15004	15335
15614	15934
16282	16612
16896	17169
17479	17836
18160	18237
17712	16349
14413	12521
11101	10169
9594	9286
9170	9090
8896	8564
8214	7970
7803	7577
7284	7216
7678	8576
9469	9993
10081	9899
9660	9486
9383	9305
9219	9142
9136	9242
9385	9468
9494	9592
9820	10067
10193	10228
10330	10583
10920	11242
11495	11676
11821	11974
12139	12255
12259	12192
12193	12354
12607	12881
13316	14171
15548	17126
18337	18846
18820	18602
18421	18324
18333	18426
18558	18657
18670	18593
18451	18266
18068	17869
17672	17453
17220	17032
16996	17175
17557	18053
18461	18437
17690	16242
14530	13094
12229	11918
11961	12040
11993	12074
12719	13909
15135	15972
16384	16524
16492	16332
16125	15964
15923	16055
16414	16971
17463	17334
15842	12903
10135	10457
10537	10320
10257	10527
10877	11086
11002	10463
9429	8054
6622	5425
4647	4244
4071	4064
4279	4883
6076	7816
9651	11034
11798	12145
12295	12319
12259	12188
12175	12259
12410	12547
12584	12513
12389	12239
11949	11258
9987	8347
6873	5960
5624	5697
6094	6806
7726	8627
9356	9938
10496	11044
11472	11679
11689	11602
11517	11500
11548	11629
11726	11955
12554	13528
14262	13999
12774	11456
10797	10920
11519	12204
12706	12943
12979	12952
13028	13332
13862	14462
14965	15339
15690	16112
16584	17027
17387	17695
18009	18336
18568	18438
17562	15826
13681	11794
10497	9729
9338	9190
9131	9000
8715	8360
8074	7894
7713	7421
7113	7130
7710	8646
9466	9893
9943	9789
9599	9458
9369	9292
9197	9114
9112	9224
9383	9497
9571	9703
9944	10195
10334	10390
10500	10738
11045	11332
11556	11726
11873	12036
12206	12324
12317	12247
12270	12472
12778	13131
13663	14595
15983	17494
18574	18986
18924	18722
18548	18440
18419	18481
18583	18662
18675	18615
18484	18295
18080	17853
17631	17398
17178	17072
17217	17633
18187	18644
18711	18125
16855	15251
13866	13087
12920	13102
13291	13177
12712	12355
12697	13773
15003	15885
16362	16591
16643	16518
16285	16080
16011	16148
16511	17046
17501	17339
15863	13009
10873	11165
11119	10672
10357	10431
10671	10854
10807	10320
9322	7963
6518	5306
4539	4184
4075	4125
4403	5070
6298	8034
9829	11140
11820	12087
12196	12237
12230	12197
12186	12237
12338	12430
12459	12407
12316	12189
11922	11273
10064	8486
7045	6132
5767	5787
6138	6845
7805	8779
9555	10125
10607	11055
11399	11557
11546	11470
11427	11463
11553	11645
11741	11983
12611	13567
14195	13801
12571	11396
10918	11157
11777	12420
12868	13074
13091	13042
13077	13338
13842	14448
14991	15435
15881	16431
17042	17599
18017	18331
18600	18838
18917	18516
17255	15158
12856	11035
9916	9366
9198	9196
9131	8881
8506	8173
7985	7877
7674	7304
6975	7067
7718	8642
9381	9729
9758	9644
9508	9399
9322	9243
9149	9085
9120	9258
9438	9575
9684	9839
10082	10343
10506	10586
10696	10904
11166	11413
11618	11787
11943	12112
12282	12388
12378	12322
12394	12656
13046	13555
14271	15296
16601	17892
18757	19053
18991	18822
18661	18536
18483	18502
18565	18625
18645	18607
18510	18347
18138	17910
17672	17437
17269	17312
17671	18238
18731	18812
18269	17116
15662	14393
13688	13603
13910	14305
14491	14220
13493	12818
12869	13748
14908	15817
16376	16701
16821	16716
16461	16212
16117	16238
16570	17046
17434	17277
15984	13514
12085	12366
12222	11499
10767	10452
10476	10600
10600	10223
9345	8062
6634	5405
4610	4243
4144	4225
4545	5261
6523	8258
10011	11267
11906	12145
12237	12276
12281	12257
12242	12263
12316	12363
12372	12339
12275	12170
11916	11298
10146	8640
7265	6385
6004	5968
6253	6919
7887	8902
9722	10288
10706	11062
11327	11438
11413	11346
11331	11402
11524	11631
11741	12023
12698	13630
14127	13604
12377	11333
11019	11362
12014	12626
13017	13185
13192	13140
13165	13398
13880	14504
15116	15654
16214	16894
17646	18297
18748	19035
19234	19342
19208	18466
16776	14353
11976	10292
9385	9058
9083	9185
9083	8728
8313	8039
7941	7872
7627	7204
6895	7053
7726	8583
9226	9514
9542	9470
9386	9315
9251	9178
9100	9067
9151	9337
9538	9697
9825	9989
10234	10509
10704	10806
10906	11074
11293	11508
11699	11869
12035	12205
12367	12451
12432	12403
12540	12890
13420	14157
15137	16273
17413	18361
18923	19087
19014	18875
18727	18590
18501	18483
18514	18558
18584	18570
18506	18382
18212	18020
17820	17646
17609	17822
18270	18715
18795	18278
17190	15847
14700	14091
14074	14423
14868	15243
15380	15060
14248	13396
13176	13807
14849	15777
16431	16846
17027	16940
16660	16368
16231	16302
16566	16944
17248	17102
16043	14064
13237	13674
13675	12850
11731	11021
10871	10972
10976	10627
9777	8483
7006	5710
4840	4403
4263	4339
4674	5419
6712	8456
10193	11424
12038	12263
12344	12380
12381	12359
12328	12320
12331	12344
12345	12324
12283	12190
11940	11320
10199	8759
7462	6647
6280	6209
6429	7034
7975	9003
9844	10405
10779	11067
11272	11348
11313	11254
11251	11339
11474	11587
11712	12037
12761	13668
14046	13424
12233	11328
11154	11587
12263	12845
13188	13308
13304	13268
13306	13530
13995	14642
15327	15982
16671	17485
18346	19058
19522	19770
19888	19850
19449	18287
16144	13450
11090	9610
8929	8774
8916	9059
8929	8540
8165	7968
7905	7786
7480	7071
6855	7095
7743	8487
9017	9248
9286	9265
9243	9218
9182	9131
9075	9076
9201	9427
9658	9838
9971	10134
10384	10681
10911	11034
11123	11260
11446	11636
11813	11977
12141	12300
12434	12493
12460	12466
12675	13133
13842	14853
16097	17302
18233	18812
19075	19104
19015	18883
18739	18597
18492	18450
18456	18489
18518	18527
18494	18415
18311	18199
18109	18084
18197	18456
18709	18678
18148	17137
15929	14920
14399	14408
14763	15202
15569	15855
15972	15677
14852	13878
13433	13834
14767	15735
16492	17004
17243	17177
16886	16557
16362	16363
16535	16801
16996	16824
15906	14245
13659	14474
14990	14487
13350	12540
12423	12600
12570	12060
10964	9371
7620	6124
5116	4585
4399	4454
4787	5547
6870	8643
10393	11613
12204	12411
12481	12509
12507	12475
12425	12382
12358	12353
12357	12352
12330	12246
11989	11356
10241	8846
7627	6881
6553	6477
6658	7206
8110	9124
9969	10523
10862	11101
11260	11309
11265	11202
11205	11300
11435	11549
11679	12037
12802	13682
13953	13263
12147	11402
11359	11866
12561	13115
13406	13475
13446	13426
13494	13727
14187	14849
15601	16363
17184	18124
19078	19839
20297	20517
20561	20367
19640	17994
15393	12502
10248	8998
8525	8502
8701	8841
8692	8336
8048	7927
7831	7600
7224	6887
6825	7156
7763	8381
8788	8954
8999	9028
9068	9103
9114	9093
9063	9100
9264	9522
9778	9966
10095	10247
10499	10830
11101	11248
11335	11457
11628	11803
11962	12109
12251	12378
12472	12496
12471	12531
12816	13390
14300	15559
16964	18135
18838	19132
19187	19125
19008	18867
18721	18585
18478	18426
18423	18451
18486	18510
18515	18498
18484	18508
18588	18717
18841	18849
18585	17938
16955	15880
15044	14665
14737	15062
15429	15714
15944	16175
16313	16048
15223	14165
13547	13775
14640	15659
16526	17136
17449	17428
17147	16784
16531	16458
16545	16704
16781	16510
15519	13802
13019	14300
15546	15757
15098	14576
14696	15068
15094	14429
12927	10754
8442	6558
5352	4744
4534	4587
4919	5689
7037	8843
10612	11823
12388	12570
12623	12642
12636	12594
12525	12449
12394	12373
12383	12396
12390	12318
12055	11409
10286	8916
7750	7069
6795	6742
6916	7430
8294	9290
10127	10675
10988	11184
11303	11327
11275	11211
11217	11311
11447	11554
11685	12077
12881	13722
13874	13121
12086	11491
11575	12159
12879	13426
13676	13689
13617	13589
13688	13957
14434	15100
15880	16729
17680	18739
19780	20582
21054	21258
21240	20864
19772	17603
14571	11574
9474	8439
8146	8250
8498	8616
8443	8128
7929	7855
7705	7364
6957	6719
6797	7205
7787	8304
8594	8692
8736	8809
8901	8976
9022	9041
9052	9132
9342	9637
9911	10095
10199	10323
10574	10929
11242	11420
11519	11650
11827	12001
12141	12255
12352	12436
12483	12494
12515	12659
13041	13745
14835	16247
17656	18676
19172	19294
19251	19147
19012	18855
18701	18567
18474	18429
18432	18466
18511	18555
18604	18678
18813	19025
19260	19374
19202	18658
17782	16725
15733	15052
14821	14988
15360	15699
15891	15971
16069	16260
16399	16149
15346	14278
13575	13680
14494	15570
16528	17228
17621	17675
17431	17049
16742	16614
16646	16723
16683	16256
15019	12929
11775	13340
15151	16107
16125	16048
16437	17050
17339	16785
15054	12301
9321	6955
5524	4862
4660	4724
5068	5853
7221	9040
10809	12005
12545	12712
12760	12772
12758	12704
12616	12513
12437	12408
12422	12448
12454	12391
12130	11479
10346	8977
7838	7201
6979	6977
7172	7679
8513	9484
10316	10858
11157	11320
11402	11397
11330	11266
11266	11359
11490	11594
11741	12181
13027	13826
13852	13020
12031	11564
11766	12428
13196	13753
13977	13933
13794	13733
13852	14175
14685	15344
16124	17030
18087	19258
20376	21232
21737	21936
21851	21277
19786	17110
13728	10709
8799	7965
7821	8043
8336	8421
8223	7945
7800	7725
7516	7132
6769	6632
6801	7253
7832	8289
8499	8541
8571	8665
8774	8858
8914	8956
9016	9165
9444	9791
10080	10238
10296	10377
10610	10978
11321	11526
11650	11807
12011	12190
12310	12383
12437	12475
12503	12536
12630	12888
13396	14246
15475	16918
18195	19002
19331	19366
19290	19177
19035	18869
18702	18565
18481	18459
18482	18531
18594	18672
18786	18987
19317	19721
19994	19832
19082	17892
16611	15569
14973	14863
15126	15546
15918	16117
16134	16069
16066	16178
16261	16014
15296	14324
13614	13624
14383	15486
16509	17275
17749	17898
17713	17332
16981	16818
16820	16840
16698	16112
14611	12152
10734	12280
14241	15611
16138	16399
16934	17735
18373	18179
16523	13471
9999	7243
5634	4940
4746	4828
5194	6001
7376	9183
10931	12113
12653	12820
12865	12879
12855	12790
12686	12569
12482	12453
12471	12502
12511	12455
12199	11539
10393	9016
7883	7276
7102	7152
7386	7903
8713	9666
10496	11042
11332	11472
11523	11495
11414	11333
11324	11413
11538	11641
11807	12301
13197	13963
13871	12958
12001	11632
11932	12662
13473	14049
14254	14158
13946	13837
13963	14335
14881	15538
16306	17238
18371	19634
20821	21728
22268	22467
22300	21531
19681	16579
12954	9982
8272	7617
7601	7903
8204	8252
8046	7809
7685	7574
7304	6937
6673	6627
6835	7309
7896	8334
8494	8500
8525	8621
8720	8780
8816	8867
8975	9200
9557	9957
10254	10378
10386	10419
10625	10982
11333	11564
11717	11906
12133	12324
12433	12479
12498	12516
12546	12619
12800	13170
13814	14804
16119	17509
18606	19214
19417	19408
19321	19209
19072	18899
18713	18563
18495	18495
18544	18612
18704	18833
19029	19360
19861	20399
20575	19986
18618	16952
15596	14868
14766	15092
15591	16022
16263	16307
16225	16097
16015	16025
16013	15767
15175	14361
13693	13638
14332	15429
16485	17292
17839	18079
17969	17596
17214	17021
17001	16982
16755	16027
14308	11657
10236	11612
13465	14940
15695	16110
16684	17573
18465	18595
17129	14025
10345	7397
5696	4984
4791	4881
5262	6087
7464	9257
10985	12158
12705	12879
12934	12944
12916	12841
12729	12605
12514	12490
12513	12541
12550	12495
12244	11583
10422	9032
7898	7305
7157	7248
7520	8043
8847	9786
10610	11163
11454	11582
11614	11570
11471	11378
11365	11446
11567	11667
11850	12386
13318	14065
13896	12935
12001	11699
12060	12834
13668	14250
14448	14312
14045	13894
14018	14422
14994	15652
16407	17351
18528	19841
21075	22019
22582	22771
22543	21633
19544	16183
12430	9521
7958	7430
7496	7833
8118	8129
7931	7735
7620	7458
7148	6813
6636	6649
6874	7356
7954	8383
8524	8521
8544	8634
8717	8747
8760	8813
8948	9227
9640	10076
10377	10476
10447	10453
10632	10971
11319	11561
11738	11946
12189	12386
12492	12528
12534	12544
12590	12700
12938	13388
14132	15220
16576	17904
18858	19340
19476	19441
19343	19233
19097	18923
18722	18561
18498	18520
18584	18670
18791	18967
19228	19650
20256	20834
20880	19954
18183	16296
15027	14611
14833	15363
15914	16291
16419	16370
16242	16093
15969	15898
15814	15568
15080	14390
13771	13677
14315	15399
16466	17300
17890	18199
18145	17783
17381	17164
17124	17077
16790	15858
13174	7827
