16316	16316
16316	16316
16316	16316
16316	16316
16316	16316
16316	16316
16316	16316
16316	16316
16316	16316
16316	16316
16316	16316
16316	16316
16316	16316
16316	16316
16316	16316
16316	16316
16316	16316
16316	16316
16316	16316
16316	16316
16316	16316
16316	16316
16316	16316
16314	16312
16308	16304
16301	16301
16304	16306
16305	16301
16294	16291
16295	16300
16302	16293
16271	16240
16207	16168
16081	15865
15382	14443
12906	10897
8904	7444
6613	6127
5706	5295
5012	4910
4881	4780
4586	4402
4323	4367
4482	4592
4655	4674
4657	4604
4510	4375
4218	4060
3927	3832
3777	3756
3761	3773
3774	3747
3700	3658
3644	3670
3717	3758
3771	3748
3695	3639
3611	3619
3646	3650
3620	3581
3575	3634
3765	3944
4125	4271
4372	4422
4424	4415
4445	4541
4690	4864
5004	5048
4997	4944
4990	5127
5235	5262
5310	5514
5857	6155
6245	6153
6015	5915
5876	5920
6069	6297
6521	6632
6605	6528
6521	6651
6901	7215
7542	7894
8368	9100
10164	11499
12935	14243
15218	15796
16066	16170
16207	16232
16263	16291
16309	16314
16316	16316
16316	16316
16316	16316
16316	16316
16316	16316
16316	16316
16316	16316
16316	16316
16316	16316
16316	16316
16316	16316
16316	16316
16316	16316
16316	16316
16316	16316
16316	16316
16316	16316
16316	16316
16316	16316
16316	16316
16316	16316
16316	16316
16316	16316
16316	16316
16316	16316
16316	16316
16316	16316
16316	16316
16316	16316
16316	16316
16316	16316
16316	16316
16316	16316
16316	16316
16316	16316
16316	16316
16316	16316
16315	16314
16311	16309
16308	16308
16309	16310
16310	16307
16304	16303
16305	16307
16307	16300
16282	16256
16229	16201
16142	16007
15707	15082
13982	12460
10902	9744
9055	8551
7987	7382
6952	6792
6704	6404
5846	5249
4873	4787
4882	5021
5119	5158
5146	5086
4981	4838
4666	4472
4286	4136
4044	4005
3997	3983
3940	3864
3784	3733
3727	3764
3816	3854
3868	3862
3845	3826
3818	3817
3800	3751
3688	3649
3659	3730
3859	4029
4196	4322
4397	4443
4476	4519
4587	4692
4831	4990
5125	5173
5121	5048
5073	5220
5375	5439
5492	5668
5969	6233
6313	6222
6071	5948
5896	5945
6101	6333
6566	6692
6694	6662
6713	6885
7158	7491
7870	8336
9001	9970
11223	12593
13872	14890
15573	15947
16120	16194
16229	16254
16279	16299
16311	16314
16316	16316
16316	16316
16316	16316
16316	16316
16316	16316
16316	16316
16316	16316
16316	16316
16316	16316
16316	16316
16316	16316
16316	16316
16316	16316
16316	16316
16316	16316
16316	16316
16316	16316
16316	16316
16316	16316
16316	16316
16316	16316
16316	16316
16316	16316
16316	16316
16316	16316
16316	16316
16316	16316
16316	16316
16316	16316
16316	16316
16316	16316
16316	16316
16316	16316
16316	16316
16316	16316
16316	16316
16316	16316
16316	16315
16315	16314
16313	16313
16314	16315
16314	16314
16312	16312
16312	16313
16312	16307
16292	16272
16251	16229
16193	16125
15975	15646
15012	14084
13111	12388
11933	11507
10920	10252
9771	9569
9344	8698
7589	6412
5625	5348
5396	5544
5666	5731
5737	5691
5602	5478
5309	5090
4840	4616
4463	4383
4339	4279
4181	4055
3943	3881
3880	3922
3970	3997
4004	4011
4031	4057
4075	4058
3991	3895
3821	3808
3849	3919
4019	4145
4278	4388
4467	4532
4607	4699
4801	4909
5030	5158
5272	5314
5259	5173
5181	5336
5530	5637
5702	5850
6095	6319
6399	6334
6200	6087
6059	6139
6309	6526
6728	6838
6856	6874
6996	7244
7594	8039
8583	9275
10191	11353
12653	13879
14853	15513
15896	16085
16170	16214
16243	16268
16289	16305
16313	16314
16316	16316
16316	16316
16316	16316
16316	16316
16316	16316
16316	16316
16316	16316
16316	16316
16316	16316
16316	16316
16316	16316
16316	16316
16316	16316
16316	16316
16316	16316
16316	16316
16316	16316
16316	16316
16316	16316
16316	16316
16316	16316
16316	16316
16316	16316
16316	16316
16316	16316
16316	16316
16316	16316
16316	16316
16316	16316
16316	16316
16316	16316
16316	16316
16316	16316
16316	16316
16316	16316
16316	16316
16316	16316
16316	16316
16316	16316
16316	16316
16316	16316
16316	16315
16315	16315
16315	16315
16314	16309
16299	16282
16261	16241
16219	16185
16121	15977
15681	15228
14757	14417
14195	13924
13482	12963
12581	12350
11913	10840
9153	7432
6286	5846
5839	5973
6101	6185
6222	6212
6169	6098
5976	5777
5514	5255
5056	4926
4828	4707
4546	4370
4226	4145
4131	4154
4177	4178
4166	4176
4219	4279
4315	4285
4185	4074
4032	4074
4145	4194
4227	4285
4378	4488
4599	4710
4832	4964
5088	5191
5279	5363
5435	5457
5404	5326
5335	5488
5694	5828
5908	6029
6213	6386
6469	6449
6377	6337
6396	6554
6759	6951
7094	7161
7183	7260
7478	7860
8392	9064
9867	10796
11848	12976
14061	14952
15565	15920
16094	16167
16199	16218
16243	16269
16293	16307
16314	16314
16316	16316
16316	16316
16316	16316
16316	16316
16316	16316
16316	16316
16316	16316
16316	16316
16316	16316
16316	16316
16316	16316
16316	16316
16316	16316
16316	16316
16316	16316
16316	16316
16316	16316
16316	16316
16316	16316
16316	16316
16316	16316
16316	16316
16316	16316
16316	16316
16316	16316
16316	16316
16316	16316
16316	16316
16316	16316
16316	16316
16316	16316
16316	16316
16316	16316
16316	16316
16316	16316
16316	16316
16316	16316
16316	16316
16316	16316
16316	16316
16316	16316
16316	16316
16316	16316
16316	16316
16314	16310
16298	16280
16257	16235
16220	16206
16183	16128
16007	15820
15633	15511
15435	15308
15072	14780
14537	14266
13583	12114
10002	7961
6646	6140
6104	6218
6341	6440
6506	6533
6538	6532
6486	6361
6164	5955
5783	5652
5520	5348
5133	4911
4726	4601
4534	4499
4468	4423
4382	4380
4422	4485
4519	4481
4377	4290
4303	4399
4478	4480
4441	4441
4517	4650
4811	4982
5163	5336
5474	5557
5597	5619
5639	5637
5598	5554
5582	5724
5912	6051
6136	6228
6341	6449
6521	6558
6596	6702
6905	7168
7412	7595
7712	7791
7889	8084
8449	9019
9779	10678
11653	12634
13572	14420
15123	15636
15950	16113
16181	16204
16208	16213
16230	16259
16287	16305
16313	16314
16316	16316
16316	16316
16316	16316
16316	16316
16316	16316
16316	16316
16316	16316
16316	16316
16316	16316
16316	16316
16316	16316
16316	16316
16316	16316
16316	16316
16316	16316
16316	16316
16316	16316
16316	16316
16316	16316
16316	16316
16316	16316
16316	16316
16316	16316
16316	16316
16316	16316
16316	16316
16316	16316
16316	16316
16316	16316
16316	16316
16316	16316
16316	16316
16316	16316
16316	16316
16316	16316
16316	16316
16316	16316
16316	16316
16316	16316
16316	16316
16316	16316
16316	16316
16316	16316
16316	16314
16314	16306
16290	16265
16238	16219
16209	16205
16203	16187
16136	16056
15984	15950
15935	15897
15800	15665
15502	15153
14236	12471
10135	8019
6729	6252
6219	6320
6440	6553
6636	6682
6715	6752
6771	6731
6640	6545
6482	6425
6331	6169
5953	5715
5495	5309
5159	5033
4918	4811
4733	4705
4718	4742
4743	4692
4602	4547
4598	4706
4759	4704
4616	4595
4684	4857
5075	5323
5579	5804
5954	6006
5984	5941
5915	5899
5881	5882
5939	6067
6220	6343
6418	6474
6525	6581
6659	6782
6976	7264
7617	7954
8212	8400
8586	8828
9148	9563
10109	10821
11682	12612
13504	14283
14916	15401
15749	15978
16112	16183
16211	16216
16210	16210
16221	16249
16279	16300
16312	16314
16316	16316
16316	16316
16316	16316
16316	16316
16316	16316
16316	16316
16316	16316
16316	16316
16316	16316
16316	16316
16316	16316
16316	16316
16316	16316
16316	16316
16316	16316
16316	16316
16316	16316
16316	16316
16316	16316
16316	16316
16316	16316
16316	16316
16316	16316
16316	16316
16316	16316
16316	16316
16316	16316
16316	16316
16316	16316
16316	16316
16316	16316
16316	16316
16316	16316
16316	16316
16316	16316
16316	16316
16316	16316
16316	16316
16316	16316
16316	16316
16316	16316
16316	16316
16316	16316
16316	16314
16312	16302
16281	16250
16224	16209
16205	16209
16214	16212
16188	16146
16112	16102
16111	16109
16074	16002
15845	15390
14266	12286
9868	7833
6677	6287
6272	6371
6492	6612
6701	6751
6791	6845
6891	6903
6895	6916
6978	7040
7046	6969
6819	6627
6411	6190
5969	5762
5578	5423
5314	5254
5213	5165
5105	5025
4929	4874
4905	4978
4982	4885
4778	4763
4871	5071
5340	5659
5992	6274
6436	6459
6384	6297
6252	6245
6258	6297
6382	6499
6618	6713
6775	6814
6850	6916
7052	7294
7652	8092
8537	8889
9124	9332
9663	10186
10831	11501
12167	12869
13610	14324
14930	15389
15709	15918
16046	16125
16176	16209
16223	16223
16217	16214
16222	16244
16273	16297
16311	16314
16316	16316
16316	16316
16316	16316
16316	16316
16316	16316
16316	16316
16316	16316
16316	16316
16316	16316
16316	16316
16316	16316
16316	16316
16316	16316
16316	16316
16316	16316
16316	16316
16316	16316
16316	16316
16316	16316
16316	16316
16316	16316
16316	16316
16316	16316
16316	16316
16316	16316
16316	16316
16316	16316
16316	16316
16316	16316
16316	16316
16316	16316
16316	16316
16316	16316
16316	16316
16316	16316
16316	16316
16316	16316
16316	16316
16316	16316
16316	16316
16316	16316
16316	16316
16316	16316
16316	16314
16312	16300
16279	16248
16224	16215
16217	16224
16230	16232
16220	16198
16178	16176
16190	16198
16184	16122
15930	15354
14034	11891
9468	7583
6610	6323
6337	6429
6543	6664
6757	6806
6841	6894
6944	6973
7008	7094
7233	7386
7495	7526
7478	7367
7205	6999
6773	6553
6361	6209
6098	6020
5934	5825
5707	5580
5442	5327
5289	5298
5255	5137
5031	5025
5135	5338
5620	5969
6340	6650
6819	6827
6740	6661
6648	6682
6733	6806
6915	7034
7137	7219
7289	7359
7441	7569
7791	8130
8584	9088
9542	9868
10076	10314
10780	11544
12458	13298
13978	14538
15029	15442
15748	15948
16069	16134
16167	16188
16212	16233
16243	16240
16233	16227
16229	16246
16272	16296
16310	16314
16316	16316
16316	16316
16316	16316
16316	16316
16316	16316
16316	16316
16316	16316
16316	16316
16316	16316
16316	16316
16316	16316
16316	16316
16316	16316
16316	16316
16316	16316
16316	16316
16316	16316
16316	16316
16316	16316
16316	16316
16316	16316
16316	16316
16316	16316
16316	16316
16316	16316
16316	16316
16316	16316
16316	16316
16316	16316
16316	16316
16316	16316
16316	16316
16316	16316
16316	16316
16316	16316
16316	16316
16316	16316
16316	16316
16316	16316
16316	16316
16316	16316
16316	16316
16316	16316
16316	16314
16312	16304
16285	16262
16243	16239
16243	16249
16254	16255
16252	16241
16232	16233
16242	16249
16236	16168
15923	15210
13699	11428
9054	7359
6576	6396
6433	6511
6609	6727
6822	6870
6901	6942
6985	7019
7067	7167
7321	7506
7674	7788
7826	7793
7696	7544
7365	7199
7066	6967
6894	6828
6739	6624
6495	6345
6150	5947
5821	5773
5713	5596
5500	5503
5608	5795
6054	6379
6723	7010
7168	7185
7134	7121
7185	7285
7383	7491
7622	7753
7862	7959
8069	8196
8342	8518
8768	9116
9553	10018
10427	10726
10932	11190
11703	12555
13574	14470
15101	15510
15787	15977
16095	16164
16197	16212
16220	16228
16243	16258
16264	16259
16251	16244
16244	16257
16278	16298
16311	16314
16316	16316
16316	16316
16316	16316
16316	16316
16316	16316
16316	16316
16316	16316
16316	16316
16316	16316
16316	16316
16316	16316
16316	16316
16316	16316
16316	16316
16316	16316
16316	16316
16316	16316
16316	16316
16316	16316
16316	16316
16316	16316
16316	16316
16316	16316
16316	16316
16316	16316
16316	16316
16316	16316
16316	16316
16316	16316
16316	16316
16316	16316
16316	16316
16316	16316
16316	16316
16316	16316
16316	16316
16316	16316
16316	16316
16316	16316
16316	16316
16316	16316
16316	16316
16316	16316
16316	16316
16314	16309
16297	16282
16269	16265
16267	16271
16274	16275
16275	16273
16271	16272
16277	16279
16262	16179
15866	15002
13301	10941
8662	7177
6580	6492
6550	6612
6694	6805
6901	6948
6966	6991
7026	7063
7116	7202
7332	7507
7701	7867
7963	7983
7934	7826
7700	7600
7543	7509
7482	7445
7389	7321
7248	7135
6940	6693
6509	6437
6388	6304
6244	6266
6371	6533
6755	7033
7326	7569
7708	7749
7767	7841
7984	8145
8285	8416
8552	8684
8802	8926
9074	9240
9399	9555
9744	10006
10343	10716
11068	11353
11576	11834
12301	13096
14087	14978
15576	15908
16076	16163
16207	16227
16237	16243
16249	16258
16269	16279
16279	16273
16264	16258
16258	16269
16287	16302
16312	16314
16316	16316
16316	16316
16316	16316
16316	16316
16316	16316
16316	16316
16316	16316
16316	16316
16316	16316
16316	16316
16316	16316
16316	16316
16316	16316
16316	16316
16316	16316
16316	16316
16316	16316
16316	16316
16316	16316
16316	16316
16316	16316
16316	16316
16316	16316
16316	16316
16316	16316
16316	16316
16316	16316
16316	16316
16316	16316
16316	16316
16316	16316
16316	16316
16316	16316
16316	16316
16316	16316
16316	16316
16316	16316
16316	16316
16316	16316
16316	16316
16316	16316
16316	16316
16316	16316
16316	16316
16314	16313
16305	16297
16289	16284
16283	16284
16285	16286
16288	16289
16290	16292
16293	16292
16271	16165
15774	14754
12875	10456
8307	7034
6599	6584
6657	6717
6794	6905
6999	7035
7031	7032
7054	7097
7149	7213
7312	7469
7681	7890
8037	8094
8064	7968
7862	7799
7790	7801
7802	7784
7761	7753
7766	7750
7636	7435
7261	7189
7168	7145
7150	7214
7320	7452
7631	7873
8141	8369
8513	8590
8672	8810
8996	9181
9335	9459
9570	9677
9787	9920
10081	10241
10361	10443
10528	10673
10897	11180
11480	11761
11999	12236
12618	13288
14196	15073
15686	16011
16154	16212
16236	16246
16253	16261
16269	16276
16282	16287
16285	16278
16272	16269
16270	16279
16293	16305
16313	16314
16316	16316
16316	16316
16316	16316
16316	16316
16316	16316
16316	16316
16316	16316
16316	16316
16316	16316
16316	16316
16316	16316
16316	16316
16316	16316
16316	16316
16316	16316
16316	16316
16316	16316
16316	16316
16316	16316
16316	16316
16316	16316
16316	16316
16316	16316
16316	16316
16316	16316
16316	16316
16316	16316
16316	16316
16316	16316
16316	16316
16316	16316
16316	16316
16316	16316
16316	16316
16316	16316
16316	16316
16316	16316
16316	16316
16316	16316
16316	16316
16316	16316
16316	16316
16316	16316
16316	16316
16315	16314
16310	16304
16297	16291
16289	16289
16290	16291
16292	16295
16298	16300
16300	16297
16269	16134
15659	14483
12447	10005
8000	6926
6617	6649
6737	6810
6902	7016
7100	7114
7081	7055
7069	7113
7162	7207
7281	7434
7669	7924
8116	8201
8172	8062
7946	7888
7897	7926
7937	7926
7920	7952
8031	8117
8125	8028
7908	7850
7858	7907
7999	8116
8219	8306
8431	8645
8921	9179
9358	9475
9598	9766
9960	10139
10281	10380
10448	10512
10597	10725
10875	11007
11078	11091
11093	11146
11282	11494
11751	12019
12259	12469
12761	13306
14125	14996
15650	16013
16169	16228
16249	16260
16268	16274
16280	16284
16287	16287
16284	16279
16276	16275
16278	16287
16298	16307
16313	16314
16316	16316
16316	16316
16316	16316
16316	16316
16316	16316
16316	16316
16316	16316
16316	16316
16316	16316
16316	16316
16316	16316
16316	16316
16316	16316
16316	16316
16316	16316
16316	16316
16316	16316
16316	16316
16316	16316
16316	16316
16316	16316
16316	16316
16316	16316
16316	16316
16316	16316
16316	16316
16316	16316
16316	16316
16316	16316
16316	16316
16316	16316
16316	16316
16316	16316
16316	16316
16316	16316
16316	16316
16316	16316
16316	16316
16316	16316
16316	16316
16316	16316
16316	16316
16316	16316
16316	16316
16315	16314
16310	16303
16296	16290
16287	16286
16287	16289
16291	16294
16297	16300
16300	16295
16258	16086
15519	14190
12027	9597
7747	6845
6634	6695
6795	6884
6991	7101
7165	7156
7100	7062
7078	7127
7172	7203
7266	7420
7675	7964
8191	8293
8257	8125
7986	7921
7935	7974
7991	7986
7989	8036
8151	8306
8414	8410
8339	8299
8337	8457
8628	8789
8885	8923
8988	9169
9456	9756
9980	10136
10291	10479
10676	10847
10972	11047
11079	11106
11169	11284
11420	11529
11571	11548
11508	11509
11591	11752
11966	12206
12426	12607
12828	13264
14001	14863
15570	15985
16170	16238
16262	16271
16276	16280
16283	16284
16283	16283
16282	16280
16279	16279
16284	16291
16302	16308
16313	16315
16316	16316
16316	16316
16316	16316
16316	16316
16316	16316
16316	16316
16316	16316
16316	16316
16316	16316
16316	16316
16316	16316
16316	16316
16316	16316
16316	16316
16316	16316
16316	16316
16316	16316
16316	16316
16316	16316
16316	16316
16316	16316
16316	16316
16316	16316
16316	16316
16316	16316
16316	16316
16316	16316
16316	16316
16316	16316
16316	16316
16316	16316
16316	16316
16316	16316
16316	16316
16316	16316
16316	16316
16316	16316
16316	16316
16316	16316
16316	16316
16316	16316
16316	16316
16316	16316
16316	16316
16314	16313
16307	16299
16290	16283
16282	16283
16283	16285
16287	16289
16292	16293
16293	16284
16236	16020
15348	13874
11613	9224
7532	6784
6655	6741
6847	6938
7037	7124
7164	7139
7083	7059
7094	7160
7206	7230
7285	7436
7695	7991
8224	8330
8288	8144
7996	7929
7951	8002
8029	8032
8041	8096
8227	8417
8576	8620
8576	8548
8624	8804
9036	9227
9313	9314
9332	9477
9764	10094
10363	10560
10749	10966
11174	11339
11455	11516
11530	11536
11585	11686
11810	11907
11939	11906
11848	11827
11880	12008
12184	12383
12564	12707
12870	13222
13877	14724
15473	15945
16165	16244
16268	16276
16278	16279
16279	16279
16279	16279
16280	16281
16281	16283
16288	16296
16304	16311
16314	16315
16316	16316
16316	16316
16316	16316
16316	16316
16316	16316
16316	16316
16316	16316
16316	16316
16316	16316
16316	16316
16316	16316
16316	16316
16316	16316
16316	16316
16316	16316
16316	16316
16316	16316
16316	16316
16316	16316
16316	16316
16316	16316
16316	16316
16316	16316
16316	16316
16316	16316
16316	16316
16316	16316
16316	16316
16316	16316
16316	16316
16316	16316
16316	16316
16316	16316
16316	16316
16316	16316
16316	16316
16316	16316
16316	16315
16315	16315
16314	16313
16313	16313
16313	16313
16313	16313
16313	16313
16312	16309
16303	16293
16283	16279
16278	16280
16281	16281
16281	16282
16282	16281
16278	16269
16205	15938
15153	13535
11196	8871
7332	6722
6669	6785
6888	6961
7026	7081
7103	7080
7046	7059
7135	7227
7280	7302
7348	7485
7721	7992
8204	8302
8266	8136
7998	7942
7977	8046
8088	8102
8117	8176
8313	8512
8687	8745
8708	8693
8801	9031
9304	9518
9606	9594
9586	9706
9987	10343
10656	10899
11124	11356
11563	11719
11826	11882
11894	11893
11933	12023
12136	12231
12262	12222
12152	12118
12158	12266
12416	12568
12701	12800
12921	13201
13780	14592
15370	15893
16150	16245
16271	16278
16279	16277
16277	16277
16277	16279
16282	16285
16286	16289
16293	16300
16307	16313
16314	16316
16316	16316
16316	16316
16316	16316
16316	16316
16316	16316
16316	16316
16316	16316
16316	16316
16316	16316
16316	16316
16316	16316
16316	16316
16316	16316
16316	16316
16316	16316
16316	16316
16316	16316
16316	16316
16316	16316
16316	16316
16316	16316
16316	16316
16316	16316
16316	16316
16316	16316
16316	16316
16316	16316
16316	16316
16316	16316
16316	16316
16316	16316
16316	16316
16316	16316
16316	16316
16316	16316
16316	16316
16316	16316
16315	16315
16313	16312
16311	16310
16310	16310
16310	16310
16310	16310
16310	16309
16308	16305
16298	16289
16280	16277
16278	16281
16282	16278
16275	16271
16267	16264
16262	16250
16168	15843
14942	13183
10785	8533
7137	6648
6666	6805
6902	6942
6971	7006
7027	7020
7025	7090
7215	7338
7405	7422
7454	7564
7758	7977
8153	8243
8230	8143
8042	8007
8053	8133
8192	8213
8230	8288
8423	8617
8784	8840
8808	8804
8934	9194
9498	9738
9852	9859
9855	9968
10253	10631
10982	11259
11497	11716
11901	12037
12130	12185
12206	12214
12249	12329
12430	12517
12546	12498
12415	12373
12411	12513
12640	12756
12839	12901
12984	13209
13713	14480
15269	15835
16131	16242
16275	16283
16282	16281
16280	16280
16282	16285
16288	16292
16294	16298
16300	16305
16309	16314
16315	16316
16316	16316
16316	16316
16316	16316
16316	16316
16316	16316
16316	16316
16316	16316
16316	16316
16316	16316
16316	16316
16316	16316
16316	16316
16316	16316
16316	16316
16316	16316
16316	16316
16316	16316
16316	16316
16316	16316
16316	16316
16316	16316
16316	16316
16316	16316
16316	16316
16316	16316
16316	16316
16316	16316
16316	16316
16316	16316
16316	16316
16316	16316
16316	16316
16316	16316
16316	16316
16316	16316
16316	16316
16316	16315
16314	16311
16309	16306
16305	16304
16304	16304
16304	16304
16304	16304
16304	16304
16303	16300
16294	16286
16281	16279
16282	16284
16283	16276
16266	16258
16251	16247
16246	16232
16132	15747
14728	12834
10382	8208
6949	6568
6641	6797
6884	6903
6912	6941
6970	6988
7035	7157
7331	7487
7566	7574
7580	7650
7794	7967
8111	8202
8229	8198
8149	8136
8188	8272
8334	8353
8364	8421
8553	8734
8884	8937
8916	8929
9073	9345
9667	9940
10103	10163
10196	10326
10616	11004
11368	11649
11865	12046
12184	12287
12366	12428
12471	12501
12539	12599
12678	12747
12766	12709
12623	12580
12619	12718
12831	12917
12965	12992
13046	13224
13663	14381
15172	15777
16108	16242
16283	16294
16295	16294
16294	16294
16294	16296
16299	16302
16304	16306
16307	16310
16313	16315
16316	16316
16316	16316
16316	16316
16316	16316
16316	16316
16316	16316
16316	16316
16316	16316
16316	16316
16316	16316
16316	16316
16316	16316
16316	16316
16316	16316
16316	16316
16316	16316
16316	16316
16316	16316
16316	16316
16316	16316
16316	16316
16316	16316
16316	16316
16316	16316
16316	16316
16316	16316
16316	16316
16316	16316
16316	16316
16316	16316
16316	16316
16316	16316
16316	16316
16316	16316
16316	16316
16316	16316
16316	16316
16316	16314
16312	16308
16304	16300
16298	16296
16296	16296
16296	16296
16296	16296
16296	16296
16295	16293
16288	16283
16280	16282
16285	16287
16283	16272
16259	16246
16238	16236
16236	16216
16098	15654
14516	12493
10002	7916
6789	6502
6613	6779
6866	6881
6886	6912
6944	6979
7070	7246
7472	7657
7736	7722
7690	7718
7825	7972
8112	8218
8286	8305
8300	8309
8361	8430
8469	8466
8470	8537
8680	8856
8994	9055
9065	9109
9266	9542
9875	10179
10396	10520
10605	10764
11055	11429
11770	12022
12196	12318
12407	12474
12539	12612
12684	12745
12791	12831
12879	12922
12925	12865
12782	12742
12778	12871
12972	13038
13061	13062
13087	13226
13614	14289
15076	15713
16083	16240
16290	16302
16304	16304
16304	16304
16305	16306
16307	16309
16311	16312
16313	16314
16315	16316
16316	16316
16316	16316
16316	16316
16316	16316
16316	16316
16316	16316
16316	16316
16316	16316
16316	16316
16316	16316
16316	16316
16316	16316
16316	16316
16316	16316
16316	16316
16316	16316
16316	16316
16316	16316
16316	16316
16316	16316
16316	16316
16316	16316
16316	16316
16316	16316
16316	16316
16316	16316
16316	16316
16316	16316
16316	16316
16316	16316
16316	16316
16316	16316
16316	16316
16316	16316
16316	16316
16316	16316
16316	16316
16315	16313
16309	16302
16294	16288
16285	16284
16284	16284
16284	16284
16284	16284
16284	16284
16283	16280
16277	16275
16276	16282
16287	16290
16284	16270
16253	16239
16231	16230
16226	16198
16055	15547
14297	12168
9671	7687
6689	6476
6607	6778
6877	6912
6924	6937
6949	6987
7109	7338
7605	7805
7871	7822
7748	7743
7837	7990
8153	8291
8386	8434
8450	8476
8524	8562
8554	8519
8522	8615
8782	8966
9111	9197
9257	9351
9538	9826
10159	10476
10732	10911
11052	11235
11512	11842
12136	12342
12465	12537
12582	12616
12668	12751
12851	12939
12998	13032
13060	13084
13076	13016
12932	12882
12902	12976
13062	13118
13127	13108
13105	13210
13553	14191
14975	15645
16053	16234
16294	16310
16312	16313
16313	16313
16313	16313
16314	16315
16315	16315
16315	16316
16316	16316
16316	16316
16316	16316
16316	16316
16316	16316
16316	16316
16316	16316
16316	16316
16316	16316
16316	16316
16316	16316
16316	16316
16316	16316
16316	16316
16316	16316
16316	16316
16316	16316
16316	16316
16316	16316
16316	16316
16316	16316
16316	16316
16316	16316
16316	16316
16316	16316
16316	16316
16316	16316
16316	16316
16316	16316
16316	16316
16316	16316
16316	16316
16316	16316
16316	16316
16316	16316
16316	16316
16316	16316
16316	16316
16314	16313
16305	16294
16280	16270
16265	16263
16263	16263
16263	16263
16263	16263
16263	16263
16262	16261
16261	16262
16269	16279
16287	16291
16285	16270
16252	16236
16226	16223
16213	16169
15992	15415
14062	11865
9409	7554
6674	6512
6648	6819
6939	7001
7024	7015
6993	7015
7151	7407
7692	7886
7924	7841
7740	7725
7827	8008
8207	8378
8491	8545
8569	8604
8646	8650
8593	8529
8547	8673
8867	9061
9223	9352
9470	9620
9844	10144
10477	10789
11058	11279
11472	11679
11929	12201
12439	12604
12693	12730
12742	12757
12794	12874
12979	13080
13156	13201
13233	13256
13246	13188
13096	13024
13007	13049
13117	13170
13176	13141
13111	13181
13484	14088
14868	15570
16018	16225
16294	16312
16314	16316
16316	16316
16316	16316
16316	16316
16316	16316
16316	16316
16316	16316
16316	16316
16316	16316
16316	16316
16316	16316
16316	16316
16316	16316
16316	16316
16316	16316
16316	16316
16316	16316
16316	16316
16316	16316
16316	16316
16316	16316
16316	16316
16316	16316
16316	16316
16316	16316
16316	16316
16316	16316
16316	16316
16316	16316
16316	16316
16316	16316
16316	16316
16316	16316
16316	16316
16316	16316
16316	16316
16316	16316
16316	16316
16316	16316
16316	16316
16316	16316
16316	16316
16315	16315
16315	16314
16313	16309
16300	16282
16264	16250
16244	16242
16242	16242
16242	16242
16242	16242
16242	16242
16242	16242
16244	16250
16260	16275
16286	16289
16283	16270
16252	16235
16221	16212
16195	16133
15914	15257
13806	11578
9210	7505
6738	6618
6750	6916
7046	7132
7160	7133
7081	7078
7203	7451
7718	7886
7896	7795
7692	7686
7811	8020
8249	8441
8563	8619
8648	8686
8717	8691
8609	8552
8603	8757
8957	9156
9335	9507
9678	9867
10111	10415
10736	11035
11305	11562
11803	12033
12257	12477
12674	12816
12891	12912
12911	12916
12943	13004
13095	13194
13279	13344
13395	13428
13422	13362
13263	13163
13106	13112
13162	13212
13217	13170
13116	13155
13419	13987
14761	15495
15983	16214
16292	16312
16314	16316
16316	16316
16316	16316
16316	16316
16316	16316
16316	16316
16316	16316
16316	16316
16316	16316
16316	16316
16316	16316
16316	16316
16316	16316
16316	16316
16316	16316
16316	16316
16316	16316
16316	16316
16316	16316
16316	16316
16316	16316
16316	16316
16316	16316
16316	16316
16316	16316
16316	16316
16316	16316
16316	16316
16316	16316
16316	16316
16316	16316
16316	16316
16316	16316
16316	16316
16316	16316
16316	16316
16316	16316
16316	16316
16316	16316
16316	16316
16316	16316
16315	16315
16313	16313
16311	16310
16307	16302
16289	16269
16247	16230
16222	16219
16219	16220
16220	16222
16223	16223
16223	16224
16225	16227
16231	16239
16254	16269
16281	16284
16280	16268
16251	16232
16215	16202
16176	16097
15829	15081
13535	11294
9040	7501
6849	6770
6900	7050
7172	7258
7295	7267
7205	7185
7278	7479
7696	7830
7830	7735
7651	7664
7804	8025
8262	8461
8594	8664
8701	8736
8749	8708
8635	8619
8712	8879
9066	9255
9456	9673
9886	10097
10335	10614
10906	11181
11450	11734
12010	12258
12471	12662
12838	12980
13060	13083
13084	13085
13105	13150
13222	13308
13393	13468
13529	13566
13566	13509
13406	13289
13208	13187
13219	13258
13259	13200
13125	13138
13366	13899
14666	15425
15950	16203
16291	16312
16314	16316
16316	16316
16316	16316
16316	16316
16316	16316
16316	16316
16316	16316
16316	16316
16316	16316
16316	16316
16316	16316
16316	16316
16316	16316
16316	16316
16316	16316
16316	16316
16316	16316
16316	16316
16316	16316
16316	16316
16316	16316
16316	16316
16316	16316
16316	16316
16316	16316
16316	16316
16316	16316
16316	16316
16316	16316
16316	16316
16316	16316
16316	16316
16316	16316
16316	16316
16316	16316
16316	16316
16316	16316
16316	16316
16316	16316
16316	16316
16316	16315
16313	16310
16307	16304
16300	16295
16291	16284
16271	16248
16226	16208
16200	16197
16197	16199
16200	16203
16204	16205
16208	16212
16214	16219
16225	16234
16249	16262
16271	16275
16270	16259
16246	16227
16209	16191
16161	16066
15750	14906
13264	11017
8880	7501
6964	6933
7067	7195
7287	7356
7393	7380
7334	7313
7369	7506
7666	7773
7780	7708
7647	7679
7821	8030
8255	8453
8602	8696
8751	8782
8782	8744
8707	8740
8857	9015
9171	9351
9579	9851
10118	10349
10563	10789
11027	11265
11525	11813
12105	12366
12584	12778
12962	13117
13210	13237
13236	13238
13254	13292
13348	13420
13494	13564
13621	13657
13658	13609
13513	13400
13314	13282
13291	13310
13293	13225
13143	13138
13335	13833
14590	15367
15918	16192
16288	16311
16314	16316
16316	16316
16316	16316
16316	16316
16316	16316
16316	16316
16316	16316
16316	16316
16316	16316
16316	16316
16316	16316
16316	16316
16316	16316
16316	16316
16316	16316
16316	16316
16316	16316
16316	16316
16316	16316
16316	16316
16316	16316
16316	16316
16316	16316
16316	16316
16316	16316
16316	16316
16316	16316
16316	16316
16316	16316
16316	16316
16316	16316
16316	16316
16316	16316
16316	16316
16316	16316
16316	16316
16316	16316
16316	16316
16316	16316
16316	16316
16315	16313
16309	16303
16296	16289
16281	16273
16264	16254
16235	16213
16189	16171
16162	16158
16157	16159
16163	16167
16172	16176
16182	16189
16197	16205
16215	16224
16233	16242
16247	16249
16244	16239
16229	16214
16199	16184
16151	16041
15681	14746
13013	10761
8734	7500
7067	7080
7216	7317
7373	7411
7438	7438
7420	7415
7451	7537
7655	7752
7773	7725
7683	7722
7853	8039
8243	8441
8607	8728
8800	8837
8840	8824
8832	8902
9021	9146
9267	9433
9687	10018
10352	10619
10815	10980
11149	11344
11581	11860
12149	12417
12658	12875
13080	13246
13342	13368
13363	13362
13376	13405
13451	13508
13568	13626
13674	13706
13710	13675
13596	13501
13427	13389
13375	13358
13314	13243
13169	13162
13333	13797
14538	15324
15896	16185
16286	16311
16314	16316
16316	16316
16316	16316
16316	16316
16316	16316
16316	16316
16316	16316
16316	16316
16316	16316
16316	16316
16316	16316
16316	16316
16316	16316
16316	16316
16316	16316
16316	16316
16316	16316
16316	16316
16316	16316
16316	16316
16316	16316
16316	16316
16316	16316
16316	16316
16316	16316
16316	16316
16316	16316
16316	16316
16316	16316
16316	16316
16316	16316
16316	16316
16316	16316
16316	16316
16316	16316
16316	16316
16316	16316
16316	16316
16316	16315
16315	16313
16311	16308
16302	16292
16280	16268
16255	16240
16224	16207
16186	16157
16129	16106
16094	16088
16086	16088
16090	16096
16103	16112
16123	16137
16153	16167
16179	16189
16195	16200
16203	16204
16203	16199
16195	16188
16181	16167
16131	16012
15611	14602
12798	10552
8624	7514
7156	7193
7321	7401
7424	7428
7431	7437
7446	7467
7504	7568
7667	7762
7799	7769
7741	7784
7899	8058
8244	8442
8624	8757
8840	8886
8908	8926
8978	9077
9192	9287
9374	9520
9782	10151
10542	10852
11048	11170
11286	11444
11661	11919
12194	12463
12724	12974
13195	13358
13442	13462
13458	13461
13475	13498
13531	13575
13626	13672
13708	13734
13745	13728
13670	13595
13536	13495
13453	13393
13322	13253
13199	13200
13353	13788
14509	15295
15879	16177
16284	16311
16314	16316
16316	16316
16316	16316
16316	16316
16316	16316
16316	16316
16316	16316
16316	16316
16316	16316
16316	16316
16316	16316
16316	16316
16316	16316
16316	16316
16316	16316
16316	16316
16316	16316
16316	16316
16316	16316
16316	16316
16316	16316
16316	16316
16316	16316
16316	16316
16316	16316
16316	16316
16316	16316
16316	16316
16316	16316
16316	16316
16316	16316
16316	16316
16316	16316
16316	16316
16316	16316
16316	16316
16316	16316
16316	16316
16315	16313
16310	16305
16301	16294
16285	16272
16256	16239
16218	16195
16171	16146
16116	16079
16043	16013
15995	15984
15978	15976
15978	15983
15991	16004
16022	16045
16068	16090
16106	16118
16124	16130
16135	16138
16140	16143
16146	16149
16149	16139
16100	15966
15532	14466
12618	10399
8561	7548
7236	7269
7375	7434
7436	7415
7400	7409
7443	7489
7532	7592
7683	7781
7831	7823
7817	7868
7972	8108
8274	8467
8647	8780
8864	8923
8971	9031
9129	9260
9379	9458
9518	9635
9882	10256
10672	11011
11215	11323
11419	11567
11778	12018
12266	12524
12795	13060
13281	13423
13485	13499
13512	13538
13565	13585
13607	13648
13694	13727
13744	13758
13772	13769
13732	13675
13623	13578
13514	13424
13332	13265
13232	13243
13385	13794
14491	15271
15863	16170
16281	16311
16314	16316
16316	16316
16316	16316
16316	16316
16316	16316
16316	16316
16316	16316
16316	16316
16316	16316
16316	16316
16316	16316
16316	16316
16316	16316
16316	16316
16316	16316
16316	16316
16316	16316
16316	16316
16316	16316
16316	16316
16316	16316
16316	16316
16316	16316
16316	16316
16316	16316
16316	16316
16316	16316
16316	16316
16316	16316
16316	16316
16316	16316
16316	16316
16316	16316
16316	16316
16316	16316
16316	16316
16316	16316
16316	16314
16312	16306
16299	16288
16278	16266
16254	16238
16217	16195
16165	16133
16099	16064
16023	15976
15930	15893
15867	15850
15838	15831
15830	15831
15840	15858
15882	15914
15946	15975
15999	16014
16025	16034
16043	16054
16063	16074
16086	16097
16105	16095
16049	15901
15440	14331
12464	10287
8541	7604
7313	7321
7392	7430
7423	7397
7385	7408
7459	7515
7560	7613
7697	7795
7859	7879
7904	7973
8077	8197
8344	8512
8670	8789
8881	8963
9047	9149
9288	9448
9578	9647
9688	9781
10002	10355
10763	11108
11323	11439
11548	11713
11929	12153
12370	12601
12864	13125
13327	13438
13476	13496
13538	13602
13652	13675
13698	13737
13783	13799
13789	13779
13785	13790
13769	13723
13675	13626
13555	13454
13350	13286
13266	13286
13417	13798
14469	15241
15839	16159
16277	16309
16314	16316
16316	16316
16316	16316
16316	16316
16316	16316
16316	16316
16316	16316
16316	16316
16316	16316
16316	16316
16316	16316
16316	16316
16316	16316
16316	16316
16316	16316
16316	16316
16316	16316
16316	16316
16316	16316
16316	16316
16316	16316
16316	16316
16316	16316
16316	16316
16316	16316
16316	16316
16316	16316
16316	16316
16316	16316
16316	16316
16316	16316
16316	16316
16316	16316
16316	16316
16316	16316
16316	16316
16316	16316
16314	16312
16305	16294
16278	16259
16238	16219
16200	16179
16154	16123
16086	16044
15998	15953
15901	15846
15793	15749
15716	15691
15671	15657
15649	15650
15659	15680
15712	15752
15794	15832
15863	15884
15900	15916
15933	15952
15971	15990
16009	16026
16033	16021
15971	15815
15328	14189
12320	10196
8541	7671
7395	7378
7411	7426
7416	7405
7420	7467
7525	7567
7595	7636
7713	7809
7887	7936
7989	8080
8189	8304
8432	8568
8689	8792
8897	9015
9138	9274
9435	9608
9743	9815
9858	9950
10155	10478
10853	11182
11404	11545
11684	11875
12099	12308
12495	12697
12938	13176
13352	13436
13464	13497
13570	13662
13730	13761
13788	13835
13878	13878
13838	13798
13788	13793
13780	13742
13694	13644
13582	13487
13385	13321
13309	13330
13442	13791
14431	15193
15805	16142
16272	16308
16314	16316
16316	16316
16316	16316
16316	16316
16316	16316
16316	16316
16316	16316
16316	16316
16316	16316
16316	16316
16316	16316
16316	16316
16316	16316
16316	16316
16316	16316
16316	16316
16316	16316
16316	16316
16316	16316
16316	16316
16316	16316
16316	16316
16316	16316
16316	16316
16316	16316
16316	16316
16316	16316
16316	16316
16316	16316
16316	16316
16316	16316
16316	16316
16316	16316
16316	16316
16316	16316
16316	16316
16316	16314
16313	16306
16293	16274
16248	16219
16189	16159
16130	16100
16067	16026
15979	15926
15870	15813
15752	15688
15624	15573
15533	15497
15467	15445
15432	15431
15442	15467
15504	15554
15606	15654
15693	15723
15745	15766
15791	15819
15849	15876
15898	15913
15917	15903
15853	15694
15193	14034
12170	10106
8538	7739
7489	7466
7478	7472
7456	7462
7507	7573
7622	7636
7638	7667
7741	7843
7932	7997
8066	8161
8274	8391
8507	8611
8698	8789
8915	9067
9220	9369
9529	9696
9837	9936
10027	10157
10371	10659
10978	11263
11483	11652
11830	12044
12267	12460
12624	12807
13023	13231
13376	13450
13488	13543
13630	13723
13788	13825
13864	13917
13955	13939
13878	13816
13787	13787
13784	13753
13702	13658
13612	13537
13443	13380
13364	13374
13461	13766
14373	15130
15759	16121
16266	16307
16314	16316
16316	16316
16316	16316
16316	16316
16316	16316
16316	16316
16316	16316
16316	16316
16316	16316
16316	16316
16316	16316
16316	16316
16316	16316
16316	16316
16316	16316
16316	16316
16316	16316
16316	16316
16316	16316
16316	16316
16316	16316
16316	16316
16316	16316
16316	16316
16316	16316
16316	16316
16316	16316
16316	16316
16316	16316
16316	16316
16316	16316
16316	16316
16316	16316
16315	16315
16315	16315
16316	16315
16314	16311
16305	16293
16271	16241
16207	16168
16128	16088
16048	16006
15959	15905
15847	15784
15717	15648
15572	15494
15419	15356
15303	15258
15219	15189
15174	15174
15185	15214
15257	15313
15374	15432
15479	15517
15545	15572
15602	15637
15674	15707
15732	15744
15743	15726
15680	15528
15021	13851
12005	10007
8531	7808
7603	7599
7615	7597
7567	7567
7617	7681
7709	7694
7678	7708
7794	7912
8016	8087
8149	8228
8328	8442
8553	8637
8699	8785
8926	9099
9260	9402
9546	9703
9867	10034
10217	10429
10667	10914
11149	11364
11563	11761
11976	12203
12414	12583
12733	12902
13096	13268
13389	13466
13534	13613
13700	13774
13823	13863
13913	13969
14000	13976
13909	13837
13798	13794
13797	13776
13731	13693
13662	13607
13523	13457
13427	13416
13468	13728
14300	15053
15707	16097
16257	16305
16314	16316
16316	16316
16316	16316
16316	16316
16316	16316
16316	16316
16316	16316
16316	16316
16316	16316
16316	16316
16316	16316
16316	16316
16316	16316
16316	16316
16316	16316
16316	16316
16316	16316
16316	16316
16316	16316
16316	16316
16316	16316
16316	16316
16316	16316
16316	16316
16316	16316
16316	16316
16316	16316
16316	16316
16316	16316
16316	16316
16316	16316
16316	16316
16316	16315
16315	16314
16313	16315
16314	16314
16309	16302
16289	16265
16230	16187
16141	16094
16049	16001
15949	15892
15832	15764
15690	15614
15535	15451
15359	15260
15167	15087
15020	14964
14918	14887
14871	14873
14888	14917
14964	15023
15090	15155
15211	15254
15288	15318
15354	15395
15439	15478
15504	15515
15513	15497
15460	15311
14803	13632
11817	9897
8522	7882
7733	7766
7801	7782
7731	7707
7729	7766
7769	7738
7720	7760
7867	8009
8137	8217
8262	8309
8384	8490
8598	8671
8716	8790
8931	9105
9263	9392
9520	9680
9882	10133
10426	10732
11003	11203
11344	11474
11645	11866
12115	12344
12526	12660
12790	12947
13116	13257
13360	13453
13557	13663
13746	13797
13833	13882
13941	13995
14016	13989
13929	13864
13820	13812
13824	13820
13789	13758
13736	13693
13618	13542
13490	13449
13463	13681
14222	14974
15654	16071
16249	16304
16314	16316
16316	16316
16316	16316
16316	16316
16316	16316
16316	16316
16316	16316
16316	16316
16316	16316
16316	16316
16316	16316
16316	16316
16316	16316
16316	16316
16316	16316
16316	16316
16316	16316
16316	16316
16316	16316
16316	16316
16316	16316
16316	16316
16316	16316
16316	16316
16316	16316
16316	16316
16316	16316
16316	16316
16316	16316
16316	16316
16316	16316
16316	16316
16316	16315
16313	16311
16308	16309
16309	16307
16298	16281
16256	16215
16161	16100
16040	15988
15936	15880
15816	15747
15672	15587
15496	15403
15308	15205
15092	14973
14858	14760
14678	14610
14560	14529
14516	14522
14538	14567
14613	14670
14741	14812
14876	14928
14970	15008
15050	15097
15147	15192
15225	15240
15241	15230
15195	15048
14536	13371
11603	9783
8521	7971
7879	7943
7991	7974
7920	7871
7854	7852
7832	7796
7783	7829
7945	8108
8262	8359
8402	8427
8481	8575
8678	8739
8766	8818
8938	9098
9253	9385
9518	9687
9920	10232
10608	10987
11285	11451
11517	11584
11736	11984
12257	12471
12605	12693
12795	12936
13085	13199
13291	13399
13539	13668
13751	13793
13829	13889
13958	14008
14018	13993
13944	13887
13841	13829
13850	13868
13860	13838
13817	13776
13702	13617
13538	13466
13447	13632
14152	14905
15608	16051
16243	16301
16314	16316
16316	16316
16316	16316
16316	16316
16316	16316
16316	16316
16316	16316
16316	16316
16316	16316
16316	16316
16316	16316
16316	16316
16316	16316
16316	16316
16316	16316
16316	16316
16316	16316
16316	16316
16316	16316
16316	16316
16316	16316
16316	16316
16316	16316
16316	16316
16316	16316
16316	16316
16316	16316
16316	16316
16316	16316
16316	16316
16316	16316
16316	16316
16315	16313
16309	16304
16301	16302
16300	16292
16274	16245
16202	16144
16068	15984
15908	15842
15783	15715
15637	15554
15460	15355
15241	15127
15013	14891
14755	14617
14485	14370
14271	14192
14135	14105
14097	14103
14119	14144
14185	14243
14314	14392
14467	14533
14589	14639
14689	14745
14805	14857
14895	14919
14926	14922
14890	14740
14222	13068
11361	9658
8522	8066
8022	8097
8142	8129
8088	8044
8008	7979
7944	7904
7881	7916
8024	8189
8358	8480
8540	8574
8626	8713
8801	8843
8844	8862
8942	9077
9239	9400
9564	9748
9988	10316
10722	11138
11454	11611
11652	11701
11864	12135
12412	12593
12666	12699
12772	12900
13034	13136
13221	13339
13496	13645
13735	13780
13826	13897
13970	14015
14019	13997
13959	13912
13865	13847
13868	13904
13919	13908
13882	13835
13759	13665
13564	13470
13432	13603
14112	14870
15585	16039
16239	16301
16314	16316
16316	16316
16316	16316
16316	16316
16316	16316
16316	16316
16316	16316
16316	16316
16316	16316
16316	16316
16316	16316
16316	16316
16316	16316
16316	16316
16316	16316
16316	16316
16316	16316
16316	16316
16316	16316
16316	16316
16316	16316
16316	16316
16316	16316
16316	16316
16316	16316
16316	16316
16316	16316
16316	16316
16316	16316
16316	16316
16316	16316
16316	16316
16314	16313
16307	16299
16292	16289
16283	16266
16234	16189
16129	16052
15955	15849
15752	15669
15588	15500
15402	15297
15183	15054
14915	14776
14639	14491
14336	14179
14031	13899
13784	13691
13629	13598
13590	13596
13610	13633
13673	13730
13805	13891
13980	14064
14138	14205
14272	14340
14410	14472
14521	14552
14570	14575
14550	14395
13870	12732
11096	9515
8511	8148
8142	8212
8238	8228
8215	8201
8181	8157
8120	8067
8028	8040
8126	8273
8435	8568
8658	8726
8796	8873
8934	8949
8922	8903
8938	9045
9215	9421
9631	9839
10077	10390
10790	11208
11536	11709
11771	11845
12034	12316
12572	12699
12710	12701
12755	12879
13013	13114
13198	13314
13472	13628
13727	13780
13834	13910
13985	14026
14029	14011
13989	13955
13912	13883
13890	13925
13950	13947
13917	13859
13774	13675
13565	13461
13423	13597
14111	14871
15586	16040
16239	16301
16314	16316
16316	16316
16316	16316
16316	16316
16316	16316
16316	16316
16316	16316
16316	16316
16316	16316
16316	16316
16316	16316
16316	16316
16316	16316
16316	16316
16316	16316
16316	16316
16316	16316
16316	16316
16316	16316
16316	16316
16316	16316
16316	16316
16316	16316
16316	16316
16316	16316
16316	16316
16316	16316
16316	16316
16316	16316
16316	16316
16316	16316
16316	16316
16314	16313
16305	16295
16283	16271
16255	16225
16175	16113
16037	15943
15829	15701
15574	15463
15354	15238
15109	14977
14834	14677
14509	14344
14180	14009
13829	13649
13482	13333
13203	13098
13027	12992
12983	12989
13003	13029
13072	13133
13216	13311
13413	13514
13608	13694
13780	13867
13954	14032
14094	14138
14172	14193
14177	14019
13487	12370
10811	9353
8472	8192
8216	8275
8281	8268
8283	8315
8338	8343
8323	8273
8223	8221
8287	8401
8527	8643
8749	8850
8941	9007
9034	9017
8972	8932
8934	9014
9186	9428
9690	9938
10183	10477
10850	11251
11589	11796
11898	12004
12204	12475
12695	12774
12742	12710
12765	12896
13040	13149
13233	13337
13483	13633
13738	13796
13849	13923
13998	14041
14050	14042
14035	14023
13992	13952
13933	13942
13958	13955
13918	13850
13762	13661
13550	13445
13412	13602
14129	14895
15603	16048
16242	16301
16314	16316
16316	16316
16316	16316
16316	16316
16316	16316
16316	16316
16316	16316
16316	16316
16316	16316
16316	16316
16316	16316
16316	16316
16316	16316
16316	16316
16316	16316
16316	16316
16316	16316
16316	16316
16316	16316
16316	16316
16316	16316
16316	16316
16316	16316
16316	16316
16316	16316
16316	16316
16316	16316
16316	16316
16316	16316
16316	16316
16316	16316
16316	16316
16314	16312
16304	16290
16272	16250
16219	16171
16102	16018
15924	15812
15678	15523
15366	15216
15069	14916
14754	14588
14412	14222
14024	13827
13633	13433
13227	13025
12838	12672
12529	12411
12332	12290
12281	12288
12306	12337
12388	12458
12550	12657
12769	12886
12998	13106
13212	13320
13427	13525
13606	13673
13728	13768
13762	13604
13075	11994
10523	9181
8405	8187
8231	8281
8270	8258
8297	8371
8444	8497
8510	8482
8446	8450
8505	8583
8657	8732
8824	8934
9030	9079
9076	9039
8993	8954
8945	9008
9174	9439
9747	10043
10310	10589
10925	11306
11653	11893
12026	12140
12324	12565
12757	12814
12774	12746
12810	12952
13106	13221
13298	13385
13512	13649
13750	13809
13859	13933
14009	14060
14077	14082
14093	14104
14090	14047
14000	13973
13966	13947
13901	13826
13738	13643
13533	13424
13399	13604
14150	14921
15624	16060
16246	16303
16314	16316
16316	16316
16316	16316
16316	16316
16316	16316
16316	16316
16316	16316
16316	16316
16316	16316
16316	16316
16316	16316
16316	16316
16316	16316
16316	16316
16316	16316
16316	16316
16316	16316
16316	16316
16316	16316
16316	16316
16316	16316
16316	16316
16316	16316
16316	16316
16316	16316
16316	16316
16316	16316
16316	16316
16316	16316
16316	16316
16316	16316
16316	16315
16314	16309
16301	16283
16259	16225
16179	16111
16020	15915
15796	15657
15492	15303
15106	14916
14728	14534
14333	14126
13910	13686
13455	13227
12999	12770
12539	12315
12112	11934
11780	11652
11561	11513
11499	11508
11533	11570
11628	11710
11812	11930
12057	12187
12317	12443
12568	12698
12824	12944
13049	13136
13213	13272
13281	13132
12627	11611
10244	9014
8315	8131
8180	8229
8218	8211
8269	8380
8502	8602
8656	8665
8663	8684
8735	8780
8805	8830
8885	8971
9052	9090
9077	9038
9000	8975
8978	9040
9207	9483
9824	10162
10447	10708
11011	11372
11727	11985
12128	12228
12378	12585
12760	12830
12816	12815
12895	13040
13191	13294
13355	13421
13527	13649
13740	13797
13854	13936
14021	14081
14108	14122
14147	14176
14179	14139
14076	14023
13990	13952
13886	13801
13711	13622
13513	13403
13381	13603
14168	14948
15645	16069
16249	16304
16314	16316
16316	16316
16316	16316
16316	16316
16316	16316
16316	16316
16316	16316
16316	16316
16316	16316
16316	16316
16316	16316
16316	16316
16316	16316
16316	16316
16316	16316
16316	16316
16316	16316
16316	16316
16316	16316
16316	16316
16316	16316
16316	16316
16316	16316
16316	16316
16316	16316
16316	16316
16316	16316
16316	16316
16316	16316
16316	16316
16316	16315
16314	16312
16310	16304
16294	16274
16241	16197
16134	16047
15935	15805
15652	15475
15267	15037
14796	14563
14334	14099
13854	13601
13343	13080
12816	12555
12297	12038
11786	11545
11330	11142
10979	10841
10740	10679
10658	10664
10690	10732
10796	10885
10999	11129
11268	11413
11561	11704
11847	11994
12142	12281
12406	12514
12609	12688
12715	12594
12143	11219
9978	8859
8222	8048
8092	8143
8143	8153
8229	8373
8534	8666
8756	8807
8845	8889
8928	8944
8932	8913
8918	8957
9014	9053
9058	9035
9009	8999
9019	9102
9284	9575
9932	10280
10562	10802
11082	11431
11781	12033
12162	12245
12370	12553
12719	12815
12851	12897
12997	13138
13268	13343
13376	13421
13510	13618
13702	13765
13837	13934
14035	14104
14136	14154
14181	14213
14225	14197
14134	14074
14029	13976
13888	13780
13681	13592
13486	13378
13369	13613
14199	14983
15669	16082
16253	16304
16314	16316
16316	16316
16316	16316
16316	16316
16316	16316
16316	16316
16316	16316
16316	16316
16316	16316
16316	16316
16316	16316
16316	16316
16316	16316
16316	16316
16316	16316
16316	16316
16316	16316
16316	16316
16316	16316
16316	16316
16316	16316
16316	16316
16316	16316
16316	16316
16316	16316
16316	16316
16316	16316
16316	16316
16316	16316
16316	16316
16315	16313
16309	16304
16298	16291
16278	16256
16219	16164
16086	15981
15847	15684
15493	15270
15011	14730
14446	14171
13903	13628
13341	13042
12738	12435
12138	11847
11562	11281
11007	10750
10524	10329
10158	10010
9894	9821
9787	9782
9798	9836
9902	9996
10117	10257
10409	10569
10732	10888
11046	11209
11377	11536
11679	11805
11921	12019
12074	11997
11622	10818
9718	8720
8144	7976
8005	8058
8085	8120
8215	8377
8555	8705
8818	8915
8997	9057
9078	9061
9018	8968
8922	8906
8929	8978
9015	9022
9010	9007
9047	9157
9370	9679
10032	10354
10611	10837
11113	11453
11775	11995
12108	12189
12318	12489
12652	12771
12861	12959
13085	13221
13328	13373
13374	13394
13469	13571
13660	13738
13829	13944
14058	14134
14166	14176
14188	14208
14223	14208
14161	14107
14061	13998
13893	13762
13644	13548
13444	13348
13359	13631
14235	15019
15694	16092
16256	16305
16314	16316
16316	16316
16316	16316
16316	16316
16316	16316
16316	16316
16316	16316
16316	16316
16316	16316
16316	16316
16316	16316
16316	16316
16316	16316
16316	16316
16316	16316
16316	16316
16316	16316
16316	16316
16316	16316
16316	16316
16316	16316
16316	16316
16316	16316
16316	16316
16316	16316
16316	16316
16316	16316
16316	16316
16316	16316
16316	16316
16314	16311
16303	16292
16280	16269
16254	16230
16189	16124
16032	15910
15749	15552
15318	15046
14739	14408
14076	13759
13451	13138
12808	12463
12118	11779
11450	11134
10827	10527
10237	9969
9735	9534
9357	9199
9069	8979
8923	8897
8896	8921
8981	9076
9202	9349
9510	9680
9851	10019
10186	10364
10549	10729
10890	11037
11174	11298
11386	11361
11070	10395
9448	8588
8094	7944
7960	8016
8067	8134
8247	8411
8590	8747
8882	9013
9132	9199
9197	9153
9095	9026
8939	8860
8837	8882
8949	8986
8991	8994
9047	9189
9437	9755
10077	10352
10583	10820
11108	11426
11697	11875
11986	12098
12251	12428
12590	12725
12856	13000
13149	13283
13374	13396
13371	13363
13424	13531
13640	13739
13847	13971
14091	14170
14196	14185
14171	14172
14183	14179
14146	14102
14059	13998
13888	13742
13609	13502
13394	13299
13321	13611
14231	15021
15695	16093
16256	16305
16314	16316
16316	16316
16316	16316
16316	16316
16316	16316
16316	16316
16316	16316
16316	16316
16316	16316
16316	16316
16316	16316
16316	16316
16316	16316
16316	16316
16316	16316
16316	16316
16316	16316
16316	16316
16316	16316
16316	16316
16316	16316
16316	16316
16316	16316
16316	16316
16316	16316
16316	16316
16316	16316
16316	16316
16316	16316
16316	16314
16313	16306
16295	16277
16260	16244
16227	16200
16152	16076
15969	15826
15639	15404
15128	14811
14457	14078
13698	13335
12983	12626
12253	11867
11484	11114
10762	10426
10103	9792
9496	9225
8987	8786
8604	8440
8301	8192
8117	8066
8039	8048
8095	8184
8309	8457
8619	8789
8959	9126
9301	9492
9695	9892
10074	10241
10404	10558
10680	10702
10492	9939
9152	8450
8064	7955
7965	8014
8084	8174
8297	8459
8642	8816
8977	9129
9257	9318
9303	9252
9200	9123
9000	8863
8789	8809
8883	8942
8965	8981
9049	9216
9484	9791
10069	10304
10533	10806
11115	11395
11604	11753
11889	12052
12242	12427
12581	12722
12877	13043
13201	13334
13418	13426
13370	13330
13372	13490
13630	13753
13871	13995
14115	14194
14211	14178
14135	14112
14114	14117
14098	14064
14028	13974
13871	13726
13587	13471
13347	13229
13227	13511
14145	14960
15661	16079
16252	16304
16314	16316
16316	16316
16316	16316
16316	16316
16316	16316
16316	16316
16316	16316
16316	16316
16316	16316
16316	16316
16316	16316
16316	16316
16316	16316
16316	16316
16316	16316
16316	16316
16316	16316
16316	16316
16316	16316
16316	16316
16316	16316
16316	16316
16316	16316
16316	16316
16316	16316
16316	16316
16316	16316
16316	16316
16316	16316
16316	16314
16313	16304
16289	16268
16246	16224
16202	16171
16113	16023
15897	15731
15513	15244
14927	14570
14173	13744
13313	12899
12499	12096
11679	11256
10844	10452
10086	9739
9410	9096
8800	8533
8298	8096
7916	7748
7605	7488
7398	7326
7279	7267
7299	7376
7493	7633
7788	7945
8105	8266
8442	8640
8855	9066
9263	9449
9635	9818
9969	10031
9890	9455
8830	8299
8043	7990
8003	8038
8106	8203
8328	8495
8694	8901
9087	9244
9352	9398
9388	9362
9330	9255
9107	8934
8822	8813
8871	8937
8981	9018
9099	9277
9539	9816
10052	10268
10526	10846
11166	11409
11572	11716
11894	12108
12327	12508
12646	12779
12934	13101
13253	13379
13457	13445
13354	13274
13296	13427
13598	13746
13871	13990
14104	14178
14188	14141
14075	14034
14029	14039
14034	14015
13995	13954
13865	13731
13594	13465
13318	13158
13107	13363
14009	14866
15612	16059
16247	16303
16314	16316
16316	16316
16316	16316
16316	16316
16316	16316
16316	16316
16316	16316
16316	16316
16316	16316
16316	16316
16316	16316
16316	16316
16316	16316
16316	16316
16316	16316
16316	16316
16316	16316
16316	16316
16316	16316
16316	16316
16316	16316
16316	16316
16316	16316
16316	16316
16316	16316
16316	16316
16316	16316
16316	16316
16316	16316
16316	16314
16312	16304
16287	16264
16238	16212
16186	16144
16072	15962
15813	15620
15372	15069
14715	14320
13881	13409
12927	12460
12007	11556
11101	10649
10220	9818
9447	9100
8773	8464
8175	7908
7677	7476
7300	7139
6996	6881
6785	6704
6643	6615
6630	6691
6790	6917
7054	7193
7334	7484
7655	7854
8069	8286
8487	8683
8884	9084
9257	9354
9273	8948
8486	8135
8017	8028
8043	8057
8112	8206
8336	8513
8734	8965
9164	9307
9390	9427
9441	9450
9443	9375
9231	9066
8958	8941
8984	9042
9093	9142
9228	9396
9631	9868
10067	10277
10562	10914
11237	11456
11605	11765
11980	12228
12464	12641
12759	12870
13008	13159
13299	13415
13476	13436
13307	13187
13190	13336
13537	13711
13840	13951
14052	14120
14128	14078
14002	13951
13945	13964
13979	13985
13986	13959
13881	13756
13620	13483
13314	13119
13032	13272
13939	14830
15600	16057
16246	16303
16314	16316
16316	16316
16316	16316
16316	16316
16316	16316
16316	16316
16316	16316
16316	16316
16316	16316
16316	16316
16316	16316
16316	16316
16316	16316
16316	16316
16316	16316
16316	16316
16316	16316
16316	16316
16316	16316
16316	16316
16316	16316
16316	16316
16316	16316
16316	16316
16316	16316
16316	16316
16316	16316
16316	16316
16316	16316
16316	16314
16312	16303
16286	16261
16233	16206
16172	16116
16026	15895
15719	15498
15216	14879
14493	14062
13585	13070
12543	12027
11526	11033
10547	10078
9642	9243
8875	8533
8214	7913
7630	7370
7140	6944
6774	6620
6487	6377
6286	6207
6143	6105
6106	6148
6226	6333
6451	6569
6688	6820
6975	7161
7367	7573
7770	7962
8162	8368
8555	8672
8643	8421
8118	7941
7953	8021
8034	8032
8079	8184
8335	8534
8764	8987
9166	9286
9355	9400
9443	9486
9501	9454
9350	9242
9191	9200
9239	9283
9318	9353
9419	9555
9752	9948
10115	10310
10599	10954
11275	11492
11648	11825
12055	12315
12566	12751
12864	12951
13063	13196
13329	13432
13468	13392
13230	13089
13089	13254
13486	13680
13815	13912
13996	14056
14066	14019
13941	13888
13884	13913
13949	13984
14006	13986
13906	13781
13644	13498
13319	13127
13055	13326
14019	14910
15654	16081
16254	16305
16314	16316
16316	16316
16316	16316
16316	16316
16316	16316
16316	16316
16316	16316
16316	16316
16316	16316
16316	16316
16316	16316
16316	16316
16316	16316
16316	16316
16316	16316
16316	16316
16316	16316
16316	16316
16316	16316
16316	16316
16316	16316
16316	16316
16316	16316
16316	16316
16316	16316
16316	16316
16316	16316
16316	16316
16316	16316
16316	16314
16311	16302
16286	16261
16233	16202
16161	16091
15981	15824
15621	15369
15058	14689
14269	13803
13290	12739
12175	11618
11079	10553
10044	9567
9130	8736
8374	8041
7731	7442
7169	6916
6698	6509
6348	6206
6084	5984
5904	5833
5775	5734
5721	5744
5802	5889
5986	6081
6178	6284
6417	6577
6759	6944
7123	7301
7488	7686
7871	8000
8008	7875
7709	7673
7782	7888
7903	7900
7967	8115
8317	8554
8781	8971
9108	9203
9273	9339
9411	9476
9511	9501
9466	9447
9478	9541
9595	9615
9614	9602
9622	9716
9873	10035
10177	10354
10626	10968
11282	11501
11661	11833
12050	12306
12570	12780
12905	12985
13081	13210
13343	13434
13432	13314
13137	13014
13047	13241
13489	13693
13823	13904
13967	14020
14034	13990
13913	13858
13854	13891
13943	13998
14034	14010
13914	13776
13633	13485
13317	13163
13161	13502
14224	15078
15752	16122
16266	16307
16314	16316
16316	16316
16316	16316
16316	16316
16316	16316
16316	16316
16316	16316
16316	16316
16316	16316
16316	16316
16316	16316
16316	16316
16316	16316
16316	16316
16316	16316
16316	16316
16316	16316
16316	16316
16316	16316
16316	16316
16316	16316
16316	16316
16316	16316
16316	16316
16316	16316
16316	16316
16316	16316
16316	16316
16316	16316
16316	16314
16310	16299
16284	16260
16233	16199
16150	16065
15936	15756
15528	15250
14910	14510
14058	13557
13011	12426
11833	11246
10680	10133
9612	9130
8695	8305
7949	7624
7325	7045
6787	6554
6352	6181
6034	5904
5794	5706
5635	5577
5525	5482
5460	5466
5507	5573
5650	5725
5797	5878
5980	6110
6259	6414
6565	6718
6883	7061
7231	7356
7388	7320
7249	7300
7458	7577
7601	7622
7739	7961
8243	8532
8771	8933
9034	9113
9189	9278
9375	9460
9516	9553
9587	9654
9761	9875
9943	9946
9896	9830
9796	9841
9963	10107
10244	10415
10673	10994
11293	11498
11633	11776
11973	12224
12495	12725
12873	12968
13077	13219
13360	13428
13373	13213
13042	12982
13087	13309
13551	13736
13851	13917
13969	14015
14027	13982
13903	13845
13840	13882
13947	14015
14054	14018
13900	13747
13601	13459
13314	13217
13300	13718
14456	15257
15850	16159
16276	16308
16314	16316
16316	16316
16316	16316
16316	16316
16316	16316
16316	16316
16316	16316
16316	16316
16316	16316
16316	16316
16316	16316
16316	16316
16316	16316
16316	16316
16316	16316
16316	16316
16316	16316
16316	16316
16316	16316
16316	16316
16316	16316
16316	16316
16316	16316
16316	16316
16316	16316
16316	16316
16316	16316
16316	16316
16316	16316
16314	16313
16305	16295
16279	16260
16235	16198
16136	16035
15887	15690
15443	15142
14777	14350
13869	13337
12760	12148
11528	10922
10336	9777
9251	8770
8339	7952
7600	7282
6990	6724
6482	6272
6098	5951
5821	5707
5610	5534
5473	5422
5372	5330
5302	5299
5323	5370
5426	5481
5534	5592
5667	5764
5880	6001
6121	6243
6378	6526
6668	6777
6818	6792
6778	6863
7024	7142
7182	7242
7419	7719
8085	8438
8709	8870
8962	9038
9125	9235
9355	9462
9544	9619
9709	9832
9983	10123
10196	10186
10109	10005
9927	9936
10033	10171
10318	10501
10754	11052
11315	11480
11571	11685
11875	12126
12394	12622
12790	12920
13066	13238
13377	13406
13290	13093
12958	12990
13177	13415
13621	13767
13859	13918
13969	14012
14013	13955
13872	13819
13824	13880
13965	14045
14080	14025
13889	13729
13589	13461
13340	13287
13435	13908
14649	15396
15920	16185
16283	16310
16314	16316
16316	16316
16316	16316
16316	16316
16316	16316
16316	16316
16316	16316
16316	16316
16316	16316
16316	16316
16316	16316
16316	16316
16316	16316
16316	16316
16316	16316
16316	16316
16316	16316
16316	16316
16316	16316
16316	16316
16316	16316
16316	16316
16316	16316
16316	16316
16316	16316
16316	16316
16316	16316
16316	16316
16316	16316
16313	16309
16299	16286
16273	16260
16238	16196
16120	16000
15835	15622
15363	15047
14666	14216
13712	13156
12552	11918
11276	10650
10049	9483
8956	8481
8057	7673
7323	7008
6723	6468
6243	6058
5911	5788
5680	5582
5501	5436
5386	5338
5292	5252
5225	5218
5229	5258
5294	5330
5366	5408
5463	5534
5620	5712
5802	5897
5998	6109
6216	6299
6337	6340
6361	6463
6617	6739
6802	6888
7091	7432
7855	8267
8584	8777
8889	8981
9086	9216
9355	9477
9575	9673
9798	9955
10123	10255
10316	10305
10237	10132
10040	10027
10108	10248
10417	10619
10864	11117
11320	11429
11490	11597
11802	12061
12307	12513
12685	12858
13052	13248
13373	13350
13178	12973
12898	13022
13261	13484
13643	13748
13824	13889
13953	13989
13967	13891
13808	13770
13800	13887
14000	14095
14126	14060
13918	13760
13629	13514
13410	13381
13564	14064
14795	15495
15970	16202
16287	16311
16314	16316
16316	16316
16316	16316
16316	16316
16316	16316
16316	16316
16316	16316
16316	16316
16316	16316
16316	16316
16316	16316
16316	16316
16316	16316
16316	16316
16316	16316
16316	16316
16316	16316
16316	16316
16316	16316
16316	16316
16316	16316
16316	16316
16316	16316
16316	16316
16316	16316
16316	16316
16316	16316
16316	16316
16316	16314
16313	16306
16293	16278
16266	16260
16242	16195
16104	15964
15781	15558
15291	14965
14571	14107
13587	13013
12394	11742
11083	10441
9832	9260
8731	8258
7836	7456
7108	6796
6518	6274
6065	5899
5770	5668
5578	5498
5432	5382
5341	5302
5264	5230
5207	5199
5203	5218
5235	5255
5277	5307
5348	5405
5467	5532
5598	5664
5733	5808
5877	5931
5966	5992
6053	6186
6366	6514
6593	6660
6823	7141
7578	8035
8407	8654
8812	8938
9070	9218
9360	9472
9558	9659
9813	10006
10182	10292
10332	10335
10307	10236
10153	10130
10204	10349
10538	10752
10968	11154
11287	11360
11422	11553
11777	12025
12234	12399
12565	12771
13011	13221
13319	13250
13058	12890
12893	13071
13304	13484
13597	13682
13760	13838
13911	13940
13895	13806
13734	13723
13780	13896
14039	14154
14186	14118
13978	13826
13696	13584
13495	13489
13702	14222
14936	15591
16015	16217
16290	16311
16314	16316
16316	16316
16316	16316
16316	16316
16316	16316
16316	16316
16316	16316
16316	16316
16316	16316
16316	16316
16316	16316
16316	16316
16316	16316
16316	16316
16316	16316
16316	16316
16316	16316
16316	16316
16316	16316
16316	16316
16316	16316
16316	16316
16316	16316
16316	16316
16316	16316
16316	16316
16316	16316
16316	16316
16316	16314
16312	16303
16288	16270
16261	16259
16245	16194
16088	15931
15733	15500
15228	14897
14494	14023
13493	12911
12280	11617
10947	10301
9686	9112
8579	8101
7675	7294
6948	6642
6372	6140
5944	5788
5670	5581
5503	5438
5387	5350
5321	5293
5265	5241
5226	5220
5221	5224
5230	5236
5246	5267
5300	5342
5390	5435
5478	5518
5556	5595
5631	5663
5693	5739
5847	6043
6290	6487
6563	6559
6611	6844
7262	7756
8195	8514
8741	8923
9093	9251
9370	9432
9467	9553
9742	9990
10190	10287
10316	10344
10366	10338
10270	10243
10310	10461
10661	10870
11044	11165
11247	11314
11407	11568
11792	12010
12167	12284
12434	12660
12925	13140
13217	13132
12970	12884
12960	13139
13311	13422
13504	13587
13678	13768
13840	13865
13819	13742
13696	13709
13780	13907
14062	14187
14228	14168
14037	13882
13740	13624
13553	13594
13860	14408
15102	15699
16066	16235
16296	16312
16314	16316
16316	16316
16316	16316
16316	16316
16316	16316
16316	16316
16316	16316
16316	16316
16316	16316
16316	16316
16316	16316
16316	16316
16316	16316
16316	16316
16316	16316
16316	16316
16316	16316
16316	16316
16316	16316
16316	16316
16316	16316
16316	16316
16316	16316
16316	16316
16316	16316
16316	16316
16316	16316
16316	16316
16316	16314
16312	16302
16285	16267
16258	16260
16246	16191
16078	15909
15697	15457
15179	14847
14441	13968
13433	12846
12209	11541
10871	10224
9614	9041
8503	8013
7576	7189
6847	6547
6290	6070
5883	5731
5615	5527
5455	5397
5353	5327
5310	5292
5274	5260
5251	5248
5246	5246
5244	5243
5245	5258
5282	5313
5347	5378
5403	5420
5434	5447
5460	5474
5496	5555
5703	5973
6307	6562
6622	6512
6414	6527
6909	7447
7968	8380
8689	8942
9159	9322
9395	9375
9333	9395
9627	9943
10190	10297
10337	10395
10459	10461
10400	10361
10414	10558
10757	10954
11094	11174
11234	11317
11445	11629
11843	12025
12127	12196
12322	12547
12819	13026
13090	13018
12924	12932
13055	13195
13280	13324
13379	13472
13580	13680
13756	13785
13764	13724
13715	13752
13823	13932
14064	14181
14229	14189
14069	13906
13744	13621
13574	13678
14020	14608
15276	15809
16118	16253
16299	16313
16314	16316
16316	16316
16316	16316
16316	16316
16316	16316
16316	16316
16316	16316
16316	16316
16316	16316
16316	16316
16316	16316
16316	16316
16316	16316
16316	16316
16316	16316
16316	16316
16316	16316
16316	16316
16316	16316
16316	16316
16316	16316
16316	16316
16316	16316
16316	16316
16316	16316
16316	16316
16316	16316
16316	16316
16316	16314
16311	16301
16284	16266
16258	16259
16247	16190
16073	15898
15681	15438
15158	14822
14417	13942
13409	12821
12184	11520
10854	10218
9615	9043
8502	8001
7551	7156
6814	6519
6268	6053
5868	5716
5598	5505
5428	5365
5322	5294
5280	5270
5259	5251
5248	5245
5245	5243
5240	5235
5236	5243
5260	5283
5305	5325
5339	5346
5348	5348
5347	5347
5359	5419
5588	5906
6309	6616
6663	6460
6218	6209
6555	7146
7764	8274
8669	8990
9253	9423
9453	9361
9259	9303
9562	9928
10218	10359
10428	10515
10604	10617
10549	10484
10502	10617
10801	10990
11127	11206
11273	11370
11513	11702
11910	12063
12125	12157
12261	12474
12733	12917
12961	12909
12878	12951
13087	13182
13204	13209
13256	13362
13489	13601
13682	13731
13747	13755
13783	13835
13895	13965
14051	14137
14189	14171
14069	13908
13738	13615
13596	13755
14167	14788
15431	15904
16161	16267
16303	16314
16315	16316
16316	16316
16316	16316
16316	16316
16316	16316
16316	16316
16316	16316
16316	16316
16316	16316
16316	16316
16316	16316
16316	16316
16316	16316
16316	16316
16316	16316
16316	16316
16316	16316
16316	16316
16316	16316
16316	16316
16316	16316
16316	16316
16316	16316
16316	16316
16316	16316
16316	16316
16316	16316
16316	16316
16316	16314
16312	16301
16284	16266
16258	16259
16246	16190
16074	15901
15686	15444
15165	14831
14426	13951
13423	12841
12215	11560
10907	10278
9684	9116
8574	8067
7606	7202
6853	6557
6304	6087
5898	5739
5611	5507
5417	5340
5283	5247
5226	5214
5205	5197
5194	5192
5191	5192
5194	5196
5200	5208
5219	5233
5244	5255
5264	5272
5275	5273
5267	5259
5262	5312
5475	5806
6243	6588
6644	6394
6056	5950
6262	6900
7613	8221
8690	9062
9358	9541
9568	9459
9347	9388
9640	10001
10302	10472
10578	10690
10789	10801
10715	10611
10571	10633
10787	10976
11142	11261
11362	11468
11601	11780
11972	12106
12145	12156
12250	12457
12693	12839
12848	12785
12767	12851
12978	13056
13073	13097
13173	13303
13445	13560
13639	13699
13749	13798
13853	13912
13955	13985
14025	14085
14137	14136
14059	13918
13766	13660
13659	13848
14298	14936
15550	15975
16193	16278
16307	16314
16316	16316
16316	16316
16316	16316
16316	16316
16316	16316
16316	16316
16316	16316
16316	16316
16316	16316
16316	16316
16316	16316
16316	16316
16316	16316
16316	16316
16316	16316
16316	16316
16316	16316
16316	16316
16316	16316
16316	16316
16316	16316
16316	16316
16316	16316
16316	16316
16316	16316
16316	16316
16316	16316
16316	16316
16316	16314
16312	16302
16286	16268
16260	16259
16245	16192
16081	15917
15711	15474
15199	14867
14465	13999
13477	12910
12301	11666
11028	10410
9821	9256
8713	8202
7736	7322
6964	6656
6394	6165
5966	5797
5656	5535
5425	5328
5250	5195
5160	5138
5123	5113
5108	5103
5100	5105
5112	5125
5139	5152
5160	5165
5169	5172
5181	5195
5207	5208
5202	5189
5185	5222
5365	5675
6111	6485
6576	6344
5979	5817
6088	6741
7523	8220
8753	9154
9465	9674
9741	9686
9619	9670
9881	10175
10440	10626
10762	10891
10987	10990
10884	10735
10629	10627
10743	10942
11154	11338
11487	11609
11726	11876
12042	12156
12178	12175
12259	12459
12685	12802
12768	12659
12597	12644
12759	12863
12939	13031
13165	13322
13461	13547
13601	13656
13735	13819
13896	13950
13976	13981
14002	14055
14112	14126
14067	13957
13843	13765
13771	13955
14405	15039
15632	16020
16212	16285
16310	16314
16316	16316
16316	16316
16316	16316
16316	16316
16316	16316
16316	16316
16316	16316
16316	16316
16316	16316
16316	16316
16316	16316
16316	16316
16316	16316
16316	16316
16316	16316
16316	16316
16316	16316
16316	16316
16316	16316
16316	16316
16316	16316
16316	16316
16316	16316
16316	16316
16316	16316
16316	16316
16316	16316
16316	16316
16316	16314
16312	16304
16290	16273
16263	16260
16243	16193
16093	15943
15750	15520
15250	14924
14532	14078
13575	13030
12446	11835
11217	10611
10026	9459
8913	8399
7926	7501
7128	6805
6530	6290
6076	5890
5731	5590
5460	5342
5245	5170
5115	5079
5054	5036
5023	5012
5007	5009
5022	5043
5067	5085
5094	5094
5092	5091
5101	5118
5136	5144
5140	5129
5124	5152
5270	5542
5951	6336
6493	6344
6030	5855
6074	6690
7498	8262
8856	9276
9590	9825
9954	9987
9997	10067
10217	10417
10620	10798
10952	11083
11170	11161
11042	10865
10709	10652
10737	10941
11194	11436
11632	11776
11886	12006
12143	12235
12237	12206
12257	12439
12665	12785
12729	12563
12431	12435
12562	12726
12886	13056
13240	13403
13507	13544
13552	13596
13696	13816
13907	13950
13957	13958
13991	14062
14133	14151
14104	14020
13940	13887
13886	14047
14475	15098
15677	16048
16224	16290
16311	16314
16316	16316
16316	16316
16316	16316
16316	16316
16316	16316
16316	16316
16316	16316
16316	16316
16316	16316
16316	16316
16316	16316
16316	16316
16316	16316
16316	16316
16316	16316
16316	16316
16316	16316
16316	16316
16316	16316
16316	16316
16316	16316
16316	16316
16316	16316
16316	16316
16316	16316
16316	16316
16316	16316
16316	16316
16316	16314
16313	16306
16296	16282
16269	16259
16239	16192
16106	15972
15794	15574
15310	14993
14617	14186
13708	13194
12640	12060
11465	10874
10293	9723
9171	8650
8168	7730
7339	7004
6716	6464
6233	6026
5845	5681
5531	5398
5286	5190
5119	5067
5027	4998
4972	4950
4936	4936
4949	4974
5001	5020
5030	5028
5024	5025
5032	5050
5071	5085
5088	5085
5083	5108
5205	5434
5801	6190
6424	6404
6207	6068
6233	6772
7549	8348
8991	9431
9745	9995
10176	10287
10371	10463
10567	10683
10822	10975
11122	11240
11312	11302
11192	11016
10845	10762
10823	11020
11283	11545
11762	11918
12031	12144
12266	12343
12322	12242
12233	12373
12596	12739
12696	12509
12339	12336
12503	12737
12966	13175
13360	13499
13563	13556
13531	13560
13673	13814
13906	13927
13918	13930
13993	14089
14168	14182
14139	14075
14024	13986
13974	14103
14505	15122
15698	16062
16231	16291
16311	16314
16316	16316
16316	16316
16316	16316
16316	16316
16316	16316
16316	16316
16316	16316
16316	16316
16316	16316
16316	16316
16316	16316
16316	16316
16316	16316
16316	16316
16316	16316
16316	16316
16316	16316
16316	16316
16316	16316
16316	16316
16316	16316
16316	16316
16316	16316
16316	16316
16316	16316
16316	16316
16316	16316
16316	16316
16316	16316
16314	16310
16303	16291
16276	16258
16234	16191
16118	16003
15840	15630
15376	15074
14719	14317
13874	13391
12871	12319
11750	11177
10604	10034
9477	8951
8461	8009
7601	7251
6952	6684
6434	6204
5997	5812
5646	5501
5376	5268
5177	5105
5051	5007
4967	4931
4908	4899
4909	4927
4949	4963
4970	4971
4968	4970
4977	4994
5016	5036
5049	5056
5063	5089
5172	5366
5695	6083
6392	6514
6459	6389
6520	6965
7676	8464
9130	9591
9913	10175
10383	10537
10668	10785
10873	10941
11032	11148
11265	11355
11411	11407
11328	11188
11037	10953
10996	11164
11399	11639
11840	11986
12100	12223
12355	12436
12400	12279
12201	12276
12473	12635
12636	12488
12349	12382
12602	12893
13152	13345
13483	13575
13614	13597
13563	13586
13699	13837
13914	13909
13889	13917
14007	14118
14188	14186
14138	14093
14078	14059
14040	14143
14525	15132
15709	16071
16234	16293
16311	16314
16316	16316
16316	16316
16316	16316
16316	16316
16316	16316
16316	16316
16316	16316
16316	16316
16316	16316
16316	16316
16316	16316
16316	16316
16316	16316
16316	16316
16316	16316
16316	16316
16316	16316
16316	16316
16316	16316
16316	16316
16316	16316
16316	16316
16316	16316
16316	16316
16316	16316
16316	16316
16316	16316
16316	16316
16316	16316
16315	16313
16308	16298
16281	16260
16230	16191
16130	16029
15883	15687
15449	15167
14839	14467
14056	13605
13115	12589
12045	11493
10937	10374
9820	9293
8797	8331
7909	7544
7224	6936
6662	6410
6181	5977
5797	5640
5502	5378
5265	5173
5100	5040
4987	4943
4910	4894
4893	4904
4914	4923
4926	4925
4924	4928
4938	4956
4979	5002
5021	5036
5051	5081
5156	5330
5635	6028
6402	6645
6719	6721
6837	7204
7829	8570
9226	9703
10050	10332
10554	10723
10872	11006
11101	11162
11230	11311
11380	11431
11465	11474
11439	11352
11241	11167
11185	11305
11491	11692
11861	11984
12089	12220
12372	12472
12449	12310
12180	12191
12340	12505
12563	12508
12454	12544
12800	13113
13367	13517
13590	13634
13662	13656
13632	13657
13761	13885
13939	13919
13900	13943
14049	14156
14201	14167
14107	14088
14115	14124
14100	14183
14547	15150
15722	16079
16238	16293
16312	16314
16316	16316
16316	16316
16316	16316
16316	16316
16316	16316
16316	16316
16316	16316
16316	16316
16316	16316
16316	16316
16316	16316
16316	16316
16316	16316
16316	16316
16316	16316
16316	16316
16316	16316
16316	16316
16316	16316
16316	16316
16316	16316
16316	16316
16316	16316
16316	16316
16316	16316
16316	16316
16316	16316
16316	16316
16316	16316
16316	16314
16311	16302
16285	16259
16230	16193
16139	16055
15925	15750
15532	15277
14977	14635
14253	13830
13364	12864
12342	11816
11280	10734
10188	9660
9158	8684
8247	7860
7517	7198
6896	6620
6377	6157
5961	5791
5637	5494
5358	5244
5150	5077
5014	4962
4925	4905
4897	4896
4898	4898
4897	4898
4898	4902
4911	4930
4954	4978
4998	5017
5036	5067
5140	5299
5591	5993
6423	6762
6940	7007
7116	7417
7951	8618
9237	9718
10091	10400
10644	10822
10973	11115
11229	11310
11376	11428
11458	11472
11488	11505
11507	11474
11405	11339
11332	11403
11544	11715
11863	11968
12063	12190
12342	12452
12444	12317
12174	12147
12259	12421
12538	12588
12637	12781
13037	13330
13557	13666
13690	13692
13701	13698
13689	13724
13828	13941
13988	13971
13961	14017
14124	14219
14238	14180
14113	14115
14171	14186
14133	14179
14536	15151
15730	16084
16238	16293
16311	16314
16316	16316
16316	16316
16316	16316
16316	16316
16316	16316
16316	16316
16316	16316
16316	16316
16316	16316
16316	16316
16316	16316
16316	16316
16316	16316
16316	16316
16316	16316
16316	16316
16316	16316
16316	16316
16316	16316
16316	16316
16316	16316
16316	16316
16316	16316
16316	16316
16316	16316
16316	16316
16316	16316
16316	16316
16316	16316
16316	16314
16312	16302
16285	16260
16230	16196
16151	16079
15968	15815
15626	15401
15132	14818
14463	14065
13624	13147
12653	12154
11644	11120
10583	10055
9544	9056
8605	8197
7822	7466
7129	6830
6570	6337
6127	5937
5765	5600
5446	5308
5196	5110
5041	4986
4947	4925
4913	4906
4901	4897
4896	4893
4895	4897
4905	4919
4937	4957
4977	4994
5013	5043
5107	5249
5519	5924
6405	6842
7124	7250
7350	7583
8023	8600
9167	9631
10014	10347
10621	10822
10982	11126
11254	11360
11441	11491
11503	11491
11486	11498
11527	11536
11506	11456
11435	11478
11593	11752
11895	12001
12095	12211
12333	12414
12399	12285
12164	12151
12271	12450
12619	12757
12889	13065
13295	13535
13711	13785
13778	13750
13729	13714
13715	13770
13884	13999
14057	14057
14063	14117
14214	14299
14318	14266
14211	14224
14272	14235
14101	14094
14461	15116
15724	16085
16239	16291
16309	16314
16316	16316
16316	16316
16316	16316
16316	16316
16316	16316
16316	16316
16316	16316
16316	16316
16316	16316
16316	16316
16316	16316
16316	16316
16316	16316
16316	16316
16316	16316
16316	16316
16316	16316
16316	16316
16316	16316
16316	16316
16315	16314
16313	16313
16316	16316
16316	16316
16316	16316
16316	16316
16316	16316
16316	16316
16316	16316
16316	16314
16312	16303
16286	16262
16231	16200
16163	16104
16014	15885
15723	15527
15289	15005
14680	14311
13897	13447
12984	12514
12035	11533
11007	10476
9954	9455
8990	8561
8157	7761
7387	7057
6775	6524
6294	6083
5890	5705
5528	5370
5240	5141
5067	5010
4970	4947
4934	4928
4923	4921
4919	4918
4917	4916
4916	4920
4927	4938
4953	4969
4987	5013
5062	5173
5402	5792
6314	6852
7255	7457
7556	7718
8057	8548
9058	9491
9860	10206
10513	10754
10931	11075
11205	11332
11446	11524
11544	11519
11483	11474
11505	11544
11554	11532
11520	11561
11674	11831
11979	12094
12201	12310
12394	12419
12367	12255
12168	12202
12368	12595
12816	13016
13198	13386
13578	13747
13857	13890
13857	13800
13751	13725
13743	13822
13945	14060
14122	14140
14158	14214
14303	14390
14429	14411
14387	14402
14409	14284
14049	13992
14377	15075
15712	16082
16236	16290
16308	16314
16315	16316
16316	16316
16316	16316
16316	16316
16316	16316
16316	16316
16316	16316
16316	16316
16316	16316
16316	16316
16316	16316
16316	16316
16316	16316
16316	16316
16316	16316
16316	16316
16316	16316
16316	16316
16316	16316
16316	16315
16313	16304
16292	16292
16316	16316
16316	16316
16316	16316
16316	16316
16316	16316
16316	16316
16316	16316
16316	16314
16312	16304
16287	16263
16236	16208
16177	16130
16056	15948
15812	15642
15432	15182
14887	14550
14171	13755
13322	12885
12433	11952
11441	10912
10385	9881
9405	8959
8523	8092
7681	7317
7004	6729
6474	6241
6026	5821
5622	5440
5290	5177
5092	5033
4993	4969
4960	4958
4959	4960
4960	4959
4956	4948
4939	4929
4922	4921
4931	4946
4961	4983
5016	5088
5264	5608
6141	6766
7294	7592
7708	7816
8075	8497
8963	9364
9707	10050
10391	10677
10877	11014
11139	11286
11448	11576
11623	11585
11505	11452
11465	11519
11562	11576
11592	11657
11788	11954
12099	12220
12344	12464
12533	12518
12425	12303
12232	12305
12519	12800
13076	13316
13519	13703
13864	13975
14023	14007
13940	13858
13790	13768
13812	13911
14027	14116
14158	14179
14214	14284
14381	14480
14548	14569
14572	14580
14538	14348
14071	14016
14417	15114
15733	16088
16236	16289
16308	16314
16315	16316
16316	16316
16316	16316
16316	16316
16316	16316
16316	16316
16316	16316
16316	16316
16316	16316
16316	16316
16316	16316
16316	16316
16316	16316
16316	16316
16316	16316
16316	16316
16316	16316
16316	16316
16316	16316
16316	16313
16300	16251
16170	16160
16316	16316
16316	16316
16316	16316
16316	16316
16316	16316
16316	16316
16316	16316
16316	16314
16312	16304
16288	16267
16242	16218
16192	16154
16092	16002
15884	15737
15551	15325
15061	14757
14411	14027
13626	13213
12784	12323
11827	11307
10785	10280
9799	9340
8885	8424
7982	7582
7237	6933
6653	6397
6159	5932
5715	5513
5343	5212
5120	5055
5014	4992
4983	4986
4993	4999
5000	4996
4989	4975
4955	4932
4913	4905
4908	4921
4937	4956
4977	5017
5137	5424
5937	6607
7230	7619
7776	7865
8077	8463
8905	9283
9602	9937
10303	10629
10851	10986
11106	11275
11484	11665
11741	11684
11553	11448
11433	11487
11551	11594
11645	11747
11908	12086
12226	12341
12479	12627
12712	12690
12580	12444
12371	12445
12676	12996
13316	13581
13785	13959
14103	14187
14194	14136
14034	13926
13851	13845
13915	14023
14115	14155
14157	14167
14221	14320
14441	14559
14648	14691
14700	14693
14624	14428
14198	14205
14616	15258
15803	16110
16242	16290
16309	16314
16316	16316
16316	16316
16316	16316
16316	16316
16316	16316
16316	16316
16316	16316
16316	16316
16316	16316
16316	16316
16316	16316
16316	16316
16316	16316
16316	16316
16316	16316
16316	16316
16316	16316
16316	16316
16316	16316
16315	16309
16267	16096
15780	15696
16316	16316
16316	16316
16316	16316
16316	16316
16316	16316
16316	16316
16316	16316
16316	16314
16313	16305
16290	16270
16248	16227
16202	16170
16115	16035
15927	15793
15624	15415
15170	14889
14565	14206
13824	13428
13013	12564
12079	11569
11057	10555
10072	9607
9140	8663
8199	7777
7408	7081
6783	6508
6255	6014
5782	5566
5383	5241
5139	5072
5029	5006
4998	5004
5012	5021
5022	5017
5006	4987
4960	4930
4905	4891
4892	4904
4919	4936
4951	4977
5059	5300
5783	6464
7135	7585
7779	7873
8072	8445
8882	9247
9549	9879
10261	10615
10854	10990
11110	11291
11533	11750
11842	11770
11601	11460
11422	11469
11540	11601
11677	11807
11995	12183
12319	12429
12574	12745
12855	12845
12734	12591
12504	12563
12788	13121
13467	13741
13941	14109
14249	14324
14314	14231
14109	13985
13910	13918
14002	14110
14176	14174
14139	14134
14206	14332
14478	14612
14712	14759
14763	14738
14657	14491
14336	14415
14833	15408
15874	16134
16249	16292
16310	16314
16316	16316
16316	16316
16316	16316
16316	16316
16316	16316
16316	16316
16316	16316
16316	16316
16316	16316
16316	16316
16316	16316
16316	16316
16316	16316
16316	16316
16316	16316
16316	16316
16316	16316
16316	16316
16316	16316
16315	16304
16222	15721
13587	8432
