1917	1861
1743	1564
1340	1118
948	867
860	883
900	901
891	870
844	826
856	954
1115	1297
1455	1562
1618	1636
1633	1616
1579	1531
1486	1440
1421	1475
1754	2453
3557	4650
5225	5217
5144	5648
7000	8969
11033	12712
13815	14475
14917	15279
15641	16098
16687	17324
17853	18153
18203	18079
17886	17683
17462	17180
16834	16474
16132	15796
15439	15075
14816	14838
15235	15916
16681	17403
18056	18554
18745	18577
18126	17505
16814	16210
15908	16051
16599	17311
17911	18283
18486	18611
18743	18977
19391	19956
20514	20908
21114	21243
21441	21767
22173	22569
22935	23338
23848	24480
25151	25744
26274	26866
27558	28187
28575	28718
28746	28760
28725	28601
28486	28509
28497	27725
25077	20085
13898	8581
5328	3872
3376	3216
3117	3001
2905	2872
2905	2952
2976	2986
2998	3027
3072	3118
3164	3199
3226	3244
3243	3224
3201	3193
3203	3234
3268	3290
3298	3291
3283	3277
3283	3302
3336	3391
3461	3526
3584	3634
3673	3698
3703	3678
3640	3621
3665	3765
3875	3945
3959	3938
3907	3882
3878	3902
3961	4038
4116	4185
4236	4261
4279	4310
4367	4443
4530	4618
4695	4773
4856	4938
5022	5092
5133	5143
5142	5160
5209	5316
5478	5535
5063	3797
1835	1781
1673	1503
1297	1090
928	846
834	851
864	868
859	844
824	809
838	938
1101	1291
1451	1557
1603	1611
1598	1581
1556	1531
1500	1473
1454	1489
1693	2197
2956	3672
4044	4140
4428	5372
7063	9145
11081	12472
13279	13730
14059	14337
14590	14923
15432	16096
16782	17327
17638	17731
17674	17519
17292	17008
16690	16386
16115	15854
15552	15178
14811	14639
14819	15322
15998	16703
17387	17978
18325	18311
17936	17299
16536	15833
15393	15391
15859	16603
17321	17809
18057	18194
18352	18641
19097	19668
20226	20647
20892	21020
21162	21425
21821	22274
22722	23163
23658	24271
24963	25602
26140	26683
27325	27975
28438	28644
28677	28651
28570	28424
28305	28334
28356	27680
25215	20418
14316	8924
5528	3968
3428	3255
3143	3009
2891	2840
2852	2888
2913	2930
2962	3005
3051	3098
3142	3182
3213	3229
3223	3197
3166	3151
3160	3194
3239	3276
3298	3304
3304	3305
3307	3319
3347	3393
3450	3508
3558	3605
3646	3676
3683	3658
3615	3593
3631	3735
3853	3932
3948	3928
3903	3880
3875	3901
3960	4035
4112	4175
4219	4239
4250	4277
4336	4416
4507	4594
4673	4750
4829	4911
4995	5068
5107	5119
5120	5141
5193	5297
5451	5497
5006	3712
1695	1652
1560	1418
1238	1053
906	827
806	814
824	826
821	813
795	787
820	925
1091	1282
1445	1550
1593	1589
1570	1551
1536	1527
1518	1503
1486	1493
1599	1875
2271	2640
2900	3211
3917	5255
7135	9132
10781	11823
12360	12698
13032	13349
13598	13847
14230	14787
15447	16071
16562	16891
17056	17061
16931	16708
16444	16192
15980	15797
15582	15258
14854	14528
14458	14718
15218	15833
16493	17147
17668	17876
17670	17104
16355	15618
15079	14935
15285	16004
16781	17323
17586	17735
17942	18295
18789	19374
19957	20443
20750	20872
20915	21032
21339	21820
22363	22879
23391	23996
24709	25397
25950	26440
27013	27653
28173	28455
28531	28494
28373	28186
28043	28077
28144	27587
25358	20850
14905	9437
5837	4114
3498	3303
3186	3041
2899	2824
2820	2840
2861	2889
2934	2986
3036	3086
3130	3168
3198	3209
3197	3161
3119	3100
3108	3150
3207	3264
3306	3329
3337	3339
3341	3349
3367	3396
3436	3481
3521	3567
3610	3640
3649	3625
3579	3549
3586	3693
3818	3904
3925	3913
3892	3876
3875	3900
3958	4030
4101	4159
4195	4204
4209	4234
4291	4374
4471	4560
4639	4714
4790	4880
4963	5036
5076	5086
5091	5113
5167	5268
5415	5449
4933	3595
1522	1494
1428	1319
1175	1017
888	809
782	778
780	781
779	774
764	762
804	914
1087	1281
1444	1549
1589	1581
1561	1540
1530	1526
1524	1516
1495	1483
1513	1618
1785	2001
2327	2953
4045	5614
7431	9140
10425	11210
11665	12056
12515	12965
13295	13510
13706	13978
14336	14756
15210	15665
16049	16284
16345	16270
16103	15906
15732	15609
15489	15281
14953	14584
14339	14350
14608	15042
15601	16260
16909	17323
17319	16924
16326	15714
15230	15035
15270	15883
16580	17066
17289	17433
17681	18072
18583	19184
19813	20378
20756	20881
20820	20767
20929	21368
21952	22526
23053	23657
24394	25139
25727	26194
26700	27289
27819	28160
28299	28295
28154	27902
27712	27744
27864	27446
25499	21365
15655	10122
6267	4314
3581	3354
3231	3084
2937	2850
2830	2842
2855	2879
2925	2980
3031	3081
3124	3162
3186	3191
3167	3121
3074	3047
3060	3105
3177	3253
3317	3357
3373	3377
3379	3382
3388	3398
3418	3446
3479	3519
3565	3597
3607	3582
3533	3503
3539	3648
3777	3865
3894	3891
3881	3872
3874	3900
3956	4027
4093	4140
4163	4167
4171	4195
4251	4335
4428	4519
4598	4673
4753	4840
4927	4996
5033	5045
5054	5078
5130	5229
5375	5396
4850	3463
1337	1324
1289	1218
1109	981
868	792
755	743
739	737
737	731
728	737
790	906
1083	1279
1444	1548
1587	1580
1556	1537
1527	1525
1525	1516
1498	1472
1461	1494
1615	1905
2499	3523
4956	6597
8180	9511
10502	11204
11752	12295
12871	13401
13768	13929
13922	13844
13793	13871
14129	14551
15022	15409
15645	15725
15684	15571
15454	15381
15339	15263
15085	14798
14501	14325
14346	14556
14949	15531
16210	16722
16867	16659
16303	15957
15692	15587
15764	16219
16744	17089
17211	17303
17539	17939
18465	19091
19762	20380
20809	20954
20855	20701
20742	21090
21622	22148
22636	23230
24009	24823
25474	25951
26429	26967
27470	27826
28021	28061
27917	27615
27368	27388
27558	27294
25669	21968
16534	10937
6782	4544
3664	3388
3255	3110
2966	2882
2866	2877
2889	2904
2939	2984
3030	3074
3116	3151
3169	3163
3130	3079
3028	3003
3017	3068
3149	3241
3325	3381
3406	3416
3416	3415
3409	3401
3399	3409
3436	3474
3519	3554
3565	3539
3492	3462
3496	3607
3734	3827
3861	3868
3869	3869
3874	3900
3956	4026
4087	4125
4137	4133
4134	4156
4213	4293
4386	4471
4547	4626
4709	4794
4882	4948
4984	4997
5004	5030
5086	5185
5328	5341
4766	3331
1166	1169
1159	1120
1042	944
847	771
725	702
691	689
688	688
689	710
774	901
1082	1278
1444	1548
1581	1567
1538	1518
1516	1522
1531	1529
1509	1470
1447	1504
1737	2297
3317	4777
6441	7998
9261	10236
11033	11747
12421	13066
13652	14136
14450	14550
14434	14173
13897	13748
13812	14087
14459	14805
15048	15172
15207	15190
15167	15170
15201	15234
15218	15091
14867	14642
14511	14514
14701	15110
15673	16154
16361	16305
16171	16092
16083	16146
16336	16673
17028	17215
17207	17194
17362	17746
18297	18941
19613	20233
20704	20935
20917	20792
20779	21008
21394	21784
22178	22750
23565	24452
25167	25685
26169	26697
27187	27543
27753	27824
27698	27393
27119	27113
27302	27169
25861	22580
17395	11704
7242	4727
3700	3374
3232	3084
2948	2878
2880	2908
2926	2938
2957	2986
3021	3059
3096	3127
3138	3124
3081	3030
2987	2972
2985	3039
3123	3227
3325	3394
3428	3438
3442	3438
3425	3401
3381	3377
3397	3435
3483	3521
3532	3511
3464	3434
3472	3578
3704	3795
3837	3855
3863	3866
3875	3901
3956	4025
4081	4112
4116	4112
4112	4135
4189	4266
4347	4425
4499	4575
4658	4746
4827	4891
4923	4933
4945	4974
5031	5135
5277	5280
4683	3209
1018	1032
1043	1028
979	905
818	742
683	648
634	629
628	632
639	675
754	894
1080	1277
1442	1542
1571	1546
1507	1486
1491	1514
1540	1554
1536	1502
1499	1658
2145	3118
4601	6383
8077	9393
10303	10988
11629	12300
12967	13568
14058	14438
14704	14828
14801	14652
14466	14337
14315	14404
14547	14668
14720	14704
14678	14709
14808	14934
15050	15163
15268	15308
15237	15099
14962	14861
14851	15010
15341	15702
15920	15974
15972	16025
16148	16316
16534	16815
17069	17155
17061	16950
17032	17369
17900	18525
19162	19775
20317	20709
20888	20883
20860	20957
21178	21438
21761	22308
23136	24050
24803	25351
25861	26418
26940	27305
27517	27599
27502	27237
26991	26978
27152	27104
26044	23071
18054	12258
7535	4793
3656	3304
3160	3017
2890	2833
2853	2900
2935	2946
2953	2966
2988	3019
3049	3071
3073	3051
3008	2969
2945	2946
2971	3024
3102	3206
3309	3384
3424	3443
3450	3447
3432	3398
3366	3353
3370	3408
3462	3509
3528	3510
3464	3436
3473	3571
3693	3785
3834	3855
3867	3869
3876	3903
3956	4022
4078	4111
4120	4115
4118	4142
4193	4259
4329	4394
4457	4527
4606	4689
4763	4816
4845	4860
4872	4906
4966	5076
5219	5216
4598	3098
902	924
945	948
917	859
783	700
633	589
569	565
565	570
589	636
732	887
1077	1277
1441	1541
1566	1540
1495	1471
1479	1510
1543	1567
1570	1566
1655	2029
2890	4306
6113	7955
9449	10433
11048	11527
12016	12528
13019	13457
13830	14153
14446	14694
14885	15019
15109	15147
15134	15078
14984	14836
14610	14339
14136	14120
14306	14569
14790	14959
15124	15268
15351	15377
15358	15286
15175	15126
15221	15412
15587	15690
15747	15808
15892	15997
16150	16360
16564	16641
16546	16421
16445	16710
17185	17778
18409	19051
19693	20266
20652	20791
20763	20749
20854	21076
21414	21967
22776	23671
24413	24969
25494	26084
26644	27045
27263	27333
27247	27034
26848	26860
27035	27034
26124	23356
18454	12597
7694	4783
3565	3205
3077	2951
2836	2782
2801	2855
2900	2913
2905	2902
2912	2929
2949	2963
2958	2935
2907	2894
2904	2934
2973	3025
3093	3178
3267	3338
3387	3413
3431	3436
3423	3390
3354	3335
3350	3392
3456	3517
3547	3534
3485	3458
3491	3579
3691	3784
3837	3863
3871	3870
3871	3894
3947	4015
4076	4115
4132	4139
4150	4177
4223	4279
4330	4379
4426	4486
4559	4634
4694	4732
4752	4767
4793	4833
4903	5017
5160	5144
4508	3000
821	844
870	880
863	814
740	659
585	538
515	510
509	516
542	605
714	876
1074	1277
1441	1541
1572	1548
1509	1483
1486	1508
1535	1562
1592	1674
1952	2650
3908	5637
7507	9139
10308	11039
11515	11903
12265	12588
12864	13122
13392	13702
14046	14402
14750	15089
15392	15583
15613	15480
15241	14915
14500	14031
13649	13522
13696	14029
14331	14547
14728	14911
15091	15262
15417	15485
15431	15323
15261	15265
15315	15385
15463	15500
15458	15361
15286	15310
15426	15519
15502	15427
15433	15634
16074	16705
17427	18165
18892	19568
20093	20345
20339	20269
20337	20610
21039	21644
22434	23290
24011	24555
25068	25660
26249	26690
26926	26960
26830	26615
26478	26533
26742	26796
26014	23445
18737	12943
7941	4859
3518	3116
2997	2900
2800	2736
2730	2766
2813	2824
2812	2790
2785	2789
2799	2805
2802	2791
2791	2817
2869	2933
2991	3040
3089	3145
3212	3274
3322	3359
3386	3401
3395	3367
3335	3320
3332	3380
3451	3524
3566	3555
3506	3477
3504	3584
3685	3771
3829	3856
3859	3853
3848	3869
3917	3990
4062	4113
4143	4161
4187	4220
4260	4306
4345	4382
4420	4469
4531	4590
4628	4645
4660	4684
4719	4772
4845	4965
5102	5070
4420	2913
773	795
822	837
824	780
710	629
553	502
478	469
470	480
513	582
703	870
1071	1277
1442	1546
1580	1565
1531	1509
1503	1511
1528	1555
1627	1848
2394	3436
4973	6765
8451	9775
10710	11371
11869	12262
12546	12725
12831	12933
13107	13383
13726	14081
14423	14782
15132	15381
15433	15284
15004	14646
14219	13744
13307	13072
13120	13373
13663	13902
14106	14317
14551	14841
15161	15425
15538	15499
15372	15210
15087	15060
15116	15132
14979	14645
14243	13941
13838	13868
13893	13861
13854	14026
14480	15197
16053	16912
17714	18452
19064	19423
19492	19445
19540	19885
20423	21112
21937	22797
23521	24057
24544	25108
25716	26217
26480	26454
26203	25896
25741	25828
26090	26242
25653	23436
19165	13669
8639	5287
3658	3086
2920	2830
2738	2656
2618	2637
2685	2705
2686	2656
2637	2633
2635	2640
2644	2655
2685	2749
2837	2925
2996	3041
3076	3110
3154	3204
3249	3291
3327	3351
3353	3336
3309	3296
3307	3348
3421	3499
3546	3535
3491	3466
3490	3564
3652	3738
3797	3829
3828	3813
3807	3824
3875	3950
4028	4098
4145	4184
4216	4253
4295	4334
4371	4405
4440	4487
4541	4580
4598	4595
4599	4628
4674	4728
4805	4919
5047	5001
4343	2849
752	774
803	818
809	767
699	617
539	487
463	453
455	468
502	574
698	870
1070	1277
1443	1546
1585	1573
1547	1524
1513	1513
1522	1561
1697	2087
2891	4168
5773	7427
8877	10027
10933	11679
12270	12661
12851	12887
12837	12794
12838	13022
13298	13577
13844	14146
14482	14746
14812	14672
14406	14118
13830	13520
13177	12870
12705	12727
12883	13101
13349	13621
13925	14307
14763	15205
15495	15566
15433	15177
14924	14793
14783	14745
14499	13977
13267	12591
12156	11987
11944	11901
11884	12043
12485	13195
14061	14976
15887	16756
17497	17985
18178	18224
18371	18769
19388	20172
21083	22007
22786	23361
23852	24415
25067	25648
25942	25826
25395	24923
24685	24764
25070	25343
25057	23429
19949	15080
10153	6399
4213	3235
2874	2724
2611	2507
2456	2479
2548	2585
2572	2535
2510	2502
2503	2506
2515	2542
2593	2680
2785	2885
2962	3008
3034	3050
3078	3113
3156	3199
3239	3269
3280	3275
3256	3241
3245	3280
3344	3419
3463	3462
3433	3420
3451	3521
3606	3689
3749	3779
3782	3766
3756	3772
3825	3904
3991	4073
4141	4196
4242	4286
4328	4368
4406	4443
4490	4541
4587	4618
4622	4607
4603	4626
4669	4715
4780	4883
4995	4933
4275	2799
746	768
797	811
802	762
694	611
534	483
457	448
450	463
498	572
696	869
1070	1277
1444	1547
1587	1578
1553	1530
1519	1516
1528	1593
1804	2328
3278	4609
6134	7661
9053	10257
11288	12144
12742	13030
13038	12877
12644	12423
12302	12335
12494	12712
12969	13302
13699	14030
14154	14057
13857	13685
13582	13475
13257	12899
12506	12236
12177	12326
12613	12960
13330	13761
14290	14843
15268	15446
15354	15084
14787	14584
14476	14326
13974	13322
12397	11422
10673	10272
10118	10069
10076	10217
10539	11030
11662	12466
13461	14523
15447	16089
16423	16592
16815	17242
17907	18765
19769	20798
21690	22374
22951	23592
24341	25019
25330	25103
24476	23824
23474	23512
23828	24211
24281	23409
21028	17158
12584	8417
5437	3751
2963	2621
2439	2320
2273	2318
2409	2467
2466	2438
2415	2407
2404	2407
2416	2441
2494	2583
2688	2791
2867	2910
2928	2940
2955	2984
3021	3061
3101	3134
3158	3162
3152	3138
3134	3151
3202	3267
3319	3335
3331	3339
3385	3457
3541	3621
3683	3712
3713	3701
3692	3708
3760	3840
3941	4040
4129	4200
4260	4311
4353	4393
4431	4473
4526	4585
4641	4678
4682	4667
4658	4671
4696	4722
4764	4847
4942	4869
4210	2758
745	767
796	811
802	761
694	610
533	483
457	447
449	461
496	570
695	869
1070	1277
1444	1548
1590	1582
1556	1533
1519	1519
1538	1630
1901	2481
3436	4705
6187	7770
9320	10705
11853	12693
13152	13223
13010	12644
12230	11832
11523	11363
11384	11572
11911	12391
12949	13429
13681	13697
13617	13582
13617	13636
13482	13077
12516	12014
11757	11799
12069	12439
12815	13213
13701	14270
14791	15098
15104	14870
14559	14292
14070	13784
13303	12542
11518	10415
9531	9037
8881	8912
8997	9081
9173	9291
9501	9981
10866	12005
13065	13832
14305	14615
14937	15407
16081	16968
18029	19159
20204	21073
21839	22653
23554	24336
24640	24300
23504	22706
22261	22248
22539	22980
23338	23190
21983	19371
15530	11228
7466	4865
3391	2665
2321	2165
2120	2161
2241	2305
2329	2325
2318	2313
2313	2314
2318	2331
2370	2440
2538	2637
2709	2749
2764	2765
2774	2794
2827	2866
2909	2946
2976	2994
2993	2978
2965	2969
2999	3055
3110	3147
3170	3204
3261	3339
3428	3506
3566	3598
3600	3587
3578	3594
3647	3733
3845	3959
4071	4158
4227	4285
4329	4367
4399	4437
4491	4559
4632	4694
4722	4727
4720	4724
4725	4725
4744	4808
4887	4803
4148	2721
747	769
798	813
802	763
696	613
535	484
459	449
451	464
498	573
697	870
1070	1277
1444	1550
1591	1586
1562	1535
1517	1518
1545	1652
1932	2492
3393	4647
6238	8034
9803	11303
12409	13070
13289	13131
12742	12256
11748	11244
10789	10463
10367	10540
10963	11573
12265	12874
13263	13441
13535	13651
13785	13845
13695	13272
12651	12048
11669	11600
11791	12099
12391	12654
12991	13488
14070	14528
14676	14502
14155	13791
13437	13006
12400	11572
10554	9529
8751	8379
8391	8601
8745	8670
8451	8215
8054	8124
8655	9601
10623	11443
12028	12488
12943	13474
14147	15009
16070	17261
18449	19534
20549	21603
22698	23572
23865	23427
22523	21647
21156	21098
21337	21757
22261	22612
22368	21006
18225	14326
10207	6776
4435	3070
2383	2085
1990	1987
2029	2084
2132	2161
2171	2172
2175	2177
2176	2178
2199	2253
2341	2430
2500	2541
2553	2551
2551	2564
2593	2635
2676	2718
2752	2777
2784	2773
2752	2745
2763	2806
2857	2904
2946	2996
3064	3146
3234	3315
3375	3406
3410	3399
3389	3409
3460	3550
3669	3802
3927	4025
4099	4159
4211	4247
4272	4299
4346	4426
4527	4622
4691	4726
4740	4738
4724	4703
4706	4750
4818	4724
4075	2677
748	772
801	816
807	765
698	617
539	488
463	453
455	467
501	576
699	870
1070	1277
1445	1552
1598	1600
1576	1545
1521	1514
1544	1649
1902	2419
3311	4666
6460	8469
10348	11799
12711	13113
13090	12768
12297	11790
11287	10787
10326	9979
9867	10045
10467	11043
11675	12247
12676	12975
13236	13493
13714	13805
13678	13290
12709	12120
11699	11555
11652	11856
12009	12085
12219	12581
13169	13755
14056	13960
13577	13097
12598	12032
11342	10516
9627	8827
8305	8189
8457	8841
8917	8520
7945	7527
7262	7086
7196	7751
8569	9351
10004	10606
11205	11811
12462	13251
14242	15417
16680	17937
19179	20468
21739	22696
22976	22493
21561	20683
20194	20112
20295	20656
21175	21762
22100	21685
20024	17038
13254	9468
6317	4102
2787	2142
1881	1801
1795	1839
1901	1943
1952	1950
1955	1968
1980	1982
1995	2035
2108	2191
2254	2291
2303	2302
2297	2308
2337	2380
2426	2469
2512	2546
2562	2554
2535	2518
2525	2553
2593	2632
2674	2728
2800	2885
2973	3055
3119	3154
3160	3150
3142	3161
3219	3310
3429	3562
3690	3796
3874	3941
3995	4034
4057	4074
4115	4203
4332	4466
4577	4650
4684	4683
4657	4627
4617	4656
4710	4610
3974	2616
748	773
804	819
811	767
699	619
543	493
471	463
464	476
507	579
701	870
1071	1277
1446	1556
1606	1615
1595	1557
1521	1507
1536	1638
1870	2376
3330	4838
6803	8911
10761	12056
12735	12903
12712	12299
11792	11292
10837	10440
10129	9956
9984	10215
10568	10953
11319	11658
11973	12280
12611	12949
13236	13384
13324	13017
12525	11997
11602	11437
11483	11605
11643	11550
11483	11664
12159	12776
13194	13212
12862	12328
11733	11088
10378	9645
8969	8442
8174	8287
8776	9236
9082	8225
7300	6888
6828	6703
6560	6744
7312	8013
8694	9387
10101	10766
11388	12074
12933	14004
15229	16535
17901	19334
20713	21714
22002	21532
20653	19845
19400	19320
19461	19761
20248	20887
21462	21557
20748	18862
16024	12564
8994	5916
3732	2469
1875	1653
1607	1636
1680	1698
1680	1663
1671	1703
1738	1754
1767	1795
1851	1917
1975	2016
2035	2032
2029	2040
2069	2116
2166	2212
2261	2305
2326	2327
2314	2301
2301	2317
2342	2365
2398	2445
2515	2602
2692	2774
2838	2874
2886	2880
2880	2900
2960	3047
3164	3288
3407	3507
3591	3665
3730	3778
3800	3815
3854	3951
4095	4258
4398	4495
4537	4535
4500	4463
4453	4490
4540	4436
3822	2521
740	765
800	818
806	763
694	615
544	500
478	470
471	483
515	584
704	871
1072	1277
1446	1556
1612	1620
1600	1560
1516	1501
1527	1627
1869	2415
3467	5096
7141	9251
11009	12143
12626	12634
12347	11881
11345	10839
10436	10188
10116	10218
10470	10804
11113	11300
11374	11418
11516	11708
11980	12298
12593	12789
12798	12566
12143	11676
11327	11195
11257	11369
11357	11160
10918	10872
11148	11643
12085	12233
12026	11580
11024	10403
9755	9176
8743	8451
8335	8575
9186	9629
9155	7829
6637	6333
6616	6730
6536	6511
6933	7597
8289	9014
9776	10467
11050	11630
12337	13238
14322	15546
16888	18333
19720	20728
21036	20639
19871	19168
18780	18695
18796	19041
19473	20092
20695	20953
20625	19665
17996	15436
12055	8441
5358	3260
2130	1658
1521	1508
1505	1468
1406	1363
1370	1423
1480	1515
1528	1542
1579	1630
1680	1719
1740	1744
1750	1765
1799	1842
1891	1940
1994	2043
2079	2093
2089	2082
2087	2096
2109	2122
2143	2183
2251	2332
2419	2498
2561	2602
2616	2614
2612	2637
2697	2786
2894	3010
3123	3222
3311	3393
3467	3525
3555	3577
3620	3718
3866	4029
4169	4264
4303	4289
4243	4204
4200	4239
4287	4190
3612	2391
717	745
779	800
788	748
680	605
542	500
482	477
479	489
522	591
708	875
1073	1277
1445	1556
1602	1607
1582	1542
1505	1484
1505	1600
1864	2482
3648	5377
7455	9510
11157	12148
12505	12430
12091	11598
11058	10581
10257	10156
10293	10616
11053	11497
11823	11936
11854	11693
11591	11610
11742	11947
12186	12380
12413	12216
11815	11367
11048	10960
11080	11252
11275	11058
10691	10389
10341	10559
10893	11121
11110	10882
10504	10014
9498	9093
8870	8740
8685	8971
9652	10054
9321	7654
6303	6125
6698	7039
6869	6763
7160	7866
8586	9310
10056	10737
11285	11778
12343	13067
13970	15038
16257	17597
18911	19883
20222	19907
19247	18630
18262	18123
18115	18245
18611	19205
19792	20067
19957	19605
18944	17505
14888	11315
7606	4629
2784	1898
1563	1444
1365	1269
1169	1103
1104	1164
1234	1282
1295	1297
1314	1348
1383	1416
1438	1453
1467	1486
1518	1557
1602	1649
1700	1755
1801	1829
1844	1848
1860	1873
1884	1898
1914	1951
2010	2087
2164	2236
2293	2330
2341	2337
2336	2359
2415	2507
2614	2735
2849	2951
3043	3130
3216	3284
3328	3357
3409	3502
3633	3770
3888	3959
3979	3953
3905	3871
3875	3921
3974	3890
3354	2228
680	708
746	767
754	712
651	585
533	499
486	479
483	492
525	593
708	876
1074	1277
1444	1548
1587	1577
1543	1510
1483	1470
1484	1571
1859	2562
3853	5686
7774	9731
11226	12094
12404	12320
11973	11487
10998	10617
10427	10459
10714	11130
11635	12122
12491	12641
12558	12332
12105	11968
11942	12018
12168	12320
12340	12129
11716	11257
10939	10883
11069	11343
11482	11331
10905	10381
9979	9842
9947	10140
10264	10258
10109	9826
9480	9241
9152	9087
9050	9367
10124	10554
9730	7926
6532	6444
7162	7577
7366	7195
7615	8417
9212	9933
10646	11288
11797	12221
12680	13262
14007	14918
15990	17185
18374	19275
19608	19334
18718	18113
17684	17383
17141	17061
17341	17965
18607	18929
18955	18953
18976	18546
16995	14057
10245	6580
3918	2429
1745	1439
1263	1119
991	905
892	945
1019	1068
1078	1075
1076	1090
1107	1126
1148	1170
1195	1223
1249	1278
1310	1347
1389	1441
1492	1533
1559	1579
1601	1626
1647	1668
1690	1726
1776	1839
1905	1960
2006	2033
2037	2026
2020	2043
2100	2188
2301	2429
2554	2665
2764	2858
2946	3023
3078	3129
3187	3271
3380	3483
3561	3599
3600	3573
3532	3510
3524	3574
3633	3564
3084	2053
634	662
700	719
710	671
614	561
518	495
483	479
483	493
526	594
708	876
1073	1276
1442	1543
1570	1546
1503	1470
1459	1462
1487	1587
1919	2720
4129	6025
8058	9867
11211	12015
12345	12315
12015	11573
11171	10941
10909	11064
11366	11766
12215	12652
13009	13191
13159	12950
12680	12452
12318	12300
12377	12469
12450	12220
11803	11343
11024	10985
11239	11643
11946	11924
11512	10840
10146	9664
9486	9536
9668	9785
9814	9740
9605	9508
9457	9363
9303	9645
10485	11036
10358	8685
7374	7303
7957	8237
7876	7627
8075	8979
9870	10623
11304	11893
12354	12728
13112	13590
14218	15013
15956	17011
18065	18862
19134	18810
18142	17456
16876	16307
15724	15372
15581	16325
17135	17598
17775	18001
18420	18719
18211	16279
12921	8959
5526	3264
2064	1496
1208	1020
870	770
742	781
846	892
901	888
876	869
867	875
894	928
965	993
1010	1022
1031	1050
1078	1116
1162	1204
1242	1278
1317	1354
1392	1422
1453	1490
1534	1586
1635	1669
1698	1707
1696	1679
1675	1693
1747	1833
1952	2086
2218	2334
2434	2528
2620	2704
2778	2841
2911	2993
3079	3156
3201	3214
3203	3181
3161	3156
3177	3235
3295	3244
2812	1879
589	618
653	675
666	628
579	537
506	490
481	479
483	493
525	593
706	874
1072	1276
1440	1538
1559	1526
1474	1444
1443	1466
1524	1680
2098	2998
4471	6332
8242	9914
11177	11980
12368	12409
12172	11800
11508	11441
11581	11841
12144	12457
12760	13046
13282	13408
13382	13217
12982	12756
12597	12525
12524	12530
12452	12221
11854	11455
11190	11207
11551	12097
12565	12680
12313	11559
10666	9924
9498	9366
9407	9511
9617	9713
9802	9856
9795	9592
9445	9762
10638	11392
11105	9858
8763	8599
8927	8855
8293	7997
8479	9444
10403	11204
11876	12426
12847	13185
13509	13901
14437	15144
15989	16923
17850	18540
18712	18283
17480	16623
15800	14903
13974	13400
13620	14554
15605	16277
16635	17020
17645	18360
18645	17765
15265	11472
7494	4403
2551	1636
1214	983
814	697
652	681
734	773
777	758
735	710
692	684
701	739
788	819
824	817
807	803
806	820
846	883
929	976
1031	1087
1136	1179
1215	1252
1294	1332
1361	1381
1390	1381
1357	1332
1322	1337
1389	1473
1587	1716
1845	1958
2056	2150
2238	2323
2403	2477
2554	2638
2714	2776
2806	2812
2804	2797
2798	2808
2840	2900
2966	2926
2548	1711
548	576
609	630
623	590
549	516
495	483
480	479
482	492
523	589
702	868
1068	1274
1442	1540
1563	1529
1478	1449
1452	1497
1600	1835
2354	3337
4810	6578
8373	9976
11233	12051
12450	12515
12328	12057
11925	12043
12336	12650
12896	13054
13152	13224
13263	13260
13205	13107
12984	12860
12734	12613
12491	12355
12188	11969
11713	11474
11360	11505
11964	12631
13215	13421
13092	12301
11293	10383
9780	9500
9422	9427
9503	9698
10000	10237
10195	9869
9583	9785
10616	11553
11791	11177
10412	10066
9877	9348
8617	8348
8845	9786
10757	11601
12297	12842
13260	13582
13851	14160
14613	15243
16009	16854
17681	18274
18353	17803
16828	15719
14585	13368
12202	11580
11927	13081
14354	15214
15725	16216
16908	17786
18530	18500
16983	13779
9640	5848
3259	1899
1295	1007
817	683
625	641
685	713
710	685
651	617
589	572
585	626
675	704
702	680
653	629
608	591
591	614
661	719
784	845
902	956
1000	1040
1075	1103
1120	1127
1116	1092
1054	1019
1004	1016
1061	1139
1243	1357
1467	1568
1657	1745
1831	1910
1987	2061
2134	2214
2289	2349
2384	2396
2402	2417
2437	2463
2498	2558
2623	2599
2274	1544
524	546
573	590
583	560
527	504
488	481
479	479
481	491
520	581
692	856
1058	1269
1444	1548
1580	1556
1520	1496
1509	1566
1707	2008
2611	3650
5118	6835
8582	10168
11399	12163
12492	12525
12394	12282
12358	12655
13031	13312
13425	13396
13298	13177
13052	12941
12871	12877
12931	12955
12878	12668
12371	12050
11771	11570
11459	11444
11566	11894
12473	13183
13790	14016
13719	12942
11903	10904
10189	9805
9617	9498
9469	9680
10139	10571
10605	10205
9772	9805
10488	11482
12141	12141
11728	11215
10559	9684
8922	8735
9213	10063
10992	11861
12600	13186
13637	13960
14173	14394
14765	15327
16038	16825
17575	18085
18080	17432
16281	14904
13437	11968
10758	10297
10872	12203
13583	14538
15130	15657
16330	17201
18125	18644
18024	15667
11795	7573
4264	2338
1459	1075
863	718
649	647
677	689
681	651
615	577
545	528
537	573
619	642
630	602
569	538
503	463
436	447
487	546
611	669
726	782
835	878
908	929
940	938
915	878
829	784
761	768
807	875
957	1046
1126	1203
1278	1355
1434	1504
1572	1633
1698	1769
1846	1909
1954	1980
2002	2037
2072	2104
2140	2194
2259	2251
1987	1371
506	521
539	550
546	531
508	493
482	480
479	479
480	488
513	567
673	834
1043	1262
1443	1560
1604	1596
1579	1581
1606	1671
1826	2162
2806	3888
5395	7153
8927	10476
11599	12210
12417	12418
12379	12454
12717	13106
13445	13605
13572	13421
13237	13059
12890	12755
12723	12843
13046	13184
13109	12784
12310	11824
11447	11248
11253	11453
11835	12379
13046	13729
14254	14438
14180	13488
12512	11511
10725	10237
9937	9695
9568	9739
10265	10833
10973	10565
10020	9880
10351	11212
12006	12354
12191	11627
10784	9864
9229	9151
9612	10382
11257	12113
12865	13487
13984	14319
14498	14647
14939	15437
16106	16847
17532	17953
17872	17151
15895	14315
12619	11040
9978	9813
10618	11987
13305	14220
14810	15322
15932	16720
17652	18455
18528	17078
13809	9500
5586	3010
1728	1187
935	780
702	691
699	694
673	647
617	587
561	547
554	580
610	620
601	571
546	523
485	442
403	400
431	478
527	570
613	672
731	779
808	823
830	823
799	757
707	657
625	622
653	704
762	813
854	899
954	1018
1085	1149
1205	1256
1311	1376
1443	1510
1558	1595
1636	1680
1723	1753
1782	1831
1895	1899
1695	1197
494	502
511	516
513	506
495	484
480	479
479	479
480	488
507	554
653	815
1026	1255
1447	1573
1626	1631
1633	1655
1702	1780
1941	2283
2945	4063
5646	7501
9317	10794
11747	12176
12266	12260
12321	12537
12883	13232
13442	13473
13377	13249
13150	13076
12990	12910
12918	13074
13315	13465
13344	12926
12338	11756
11301	11062
11101	11445
12064	12840
13629	14284
14698	14795
14547	13964
13128	12197
11373	10765
10333	9997
9809	9952
10479	11103
11334	10974
10372	10075
10304	10911
11562	11937
11855	11352
10607	9886
9472	9539
10048	10821
11661	12438
13109	13715
14245	14617
14793	14909
15148	15590
16201	16887
17492	17816
17667	16932
15675	14073
12354	10874
10067	10184
11074	12286
13367	14128
14663	15137
15670	16347
17209	18128
18673	18037
15547	11488
7182	3945
2147	1353
1012	843
775	764
757	733
701	680
661	644
627	618
623	638
651	644
617	592
576	570
553	512
472	456
470	502
528	553
586	638
698	749
778	789
792	787
767	732
682	632
595	581
597	636
665	680
680	692
723	774
832	886
934	979
1024	1077
1133	1190
1242	1285
1335	1385
1426	1451
1470	1510
1565	1578
1427	1043
484	488
492	496
495	491
484	480
479	479
479	479
480	486
502	544
639	799
1016	1249
1448	1580
1640	1644
1645	1676
1740	1839
2013	2360
3039	4208
5892	7853
9684	11058
11826	12089
12092	12095
12219	12478
12776	13008
13109	13107
13089	13115
13202	13307
13353	13335
13322	13395
13535	13606
13440	13006
12411	11797
11271	10938
10926	11334
12144	13176
14167	14881
15224	15213
14916	14383
13668	12835
12002	11286
10728	10329
10144	10291
10795	11433
11762	11525
10932	10472
10441	10764
11180	11409
11296	10868
10298	9807
9613	9857
10499	11342
12145	12785
13312	13843
14382	14797
15011	15140
15359	15754
16303	16908
17415	17648
17459	16763
15625	14195
12700	11490
10958	11202
11957	12828
13564	14120
14575	14995
15442	16005
16774	17726
18566	18587
16929	13386
8958	5141
2750	1593
1108	916
867	872
863	827
794	775
766	758
750	745
748	752
747	722
690	666
664	675
673	647
606	578
571	583
594	614
642	693
747	789
812	821
824	818
807	781
738	690
648	628
638	661
673	654
625	611
628	669
719	762
802	829
858	892
936	983
1033	1084
1133	1184
1222	1236
1246	1270
1314	1335
1219	919
482	482
483	484
484	483
481	480
479	479
479	479
479	483
497	539
632	790
1008	1245
1449	1585
1645	1641
1623	1636
1700	1816
2009	2383
3127	4415
6233	8274
10070	11283
11851	11952
11898	11915
12058	12275
12482	12629
12730	12820
12948	13134
13360	13575
13690	13676
13578	13503
13487	13464
13308	12960
12463	11883
11307	10884
10813	11255
12210	13462
14650	15462
15781	15668
15273	14714
14053	13299
12497	11739
11113	10683
10511	10663
11146	11796
12257	12221
11720	11126
10821	10875
11079	11163
10985	10576
10086	9732
9715	10142
10926	11823
12574	13087
13483	13939
14463	14900
15145	15298
15522	15891
16378	16891
17300	17463
17269	16661
15716	14582
13459	12598
12258	12438
12879	13336
13726	14088
14451	14808
15165	15622
16299	17243
18262	18781
17900	15058
10781	6540
3534	1932
1249	1018
987	1008
1010	980
953	942
937	934
931	927
924	915
894	855
819	796
801	821
833	817
775	730
703	693
703	730
769	816
860	890
901	905
904	901
894	873
842	796
752	729
735	755
757	723
675	648
658	693
740	777
799	810
821	840
869	910
957	1006
1058	1104
1133	1138
1132	1142
1170	1182
1089	842
479	480
481	482
481	480
479	479
479	479
479	479
479	483
495	536
630	789
1007	1244
1449	1589
1649	1635
1591	1574
1621	1736
1945	2389
3280	4776
6770	8850
10515	11489
11824	11785
11696	11728
11869	12037
12200	12373
12562	12767
12969	13175
13380	13551
13625	13559
13389	13213
13104	13052
12973	12788
12457	11978
11426	10994
10944	11448
12500	13844
15092	15908
16179	15994
15529	14947
14317	13638
12912	12192
11573	11134
10937	11037
11469	12116
12707	12916
12604	11985
11465	11279
11296	11258
10994	10534
10051	9785
9915	10469
11311	12187
12886	13349
13709	14133
14623	15030
15256	15406
15624	15964
16387	16817
17146	17271
17108	16618
15877	15055
14298	13731
13463	13449
13540	13636
13768	13986
14264	14549
14836	15206
15794	16691
17797	18655
18446	16375
12511	8066
4497	2405
1484	1191
1147	1169
1177	1166
1159	1152
1150	1147
1146	1143
1132	1110
1075	1027
983	958
966	995
1019	1011
965	904
851	826
840	882
937	984
1017	1028
1031	1027
1023	1018
1014	1000
970	928
884	858
860	878
874	830
773	743
748	781
822	855
874	878
883	897
923	962
1009	1061
1111	1151
1171	1163
1141	1130
1141	1137
1043	812
479	479
479	479
479	479
479	479
479	479
479	479
479	483
495	535
628	788
1005	1244
1448	1590
1650	1631
1571	1525
1544	1647
1886	2444
3563	5319
7473	9503
10935	11616
11725	11591
11508	11582
11745	11926
12132	12380
12637	12840
12953	13004
13034	13057
13033	12935
12786	12649
12581	12594
12635	12619
12457	12104
11637	11290
11340	11935
13017	14310
15441	16133
16314	16087
15631	15100
14555	13987
13381	12764
12196	11738
11455	11440
11762	12356
13017	13438
13390	12914
12359	12022
11875	11679
11284	10742
10273	10100
10325	10898
11673	12471
13141	13642
14052	14481
14915	15238
15395	15492
15663	15943
16296	16656
16937	17061
16959	16583
16015	15421
14915	14509
14208	13987
13809	13691
13692	13828
14037	14267
14508	14823
15323	16138
17232	18283
18596	17306
14056	9656
5643	3043
1830	1427
1344	1343
1353	1362
1371	1373
1371	1367
1365	1358
1343	1310
1262	1207
1161	1137
1146	1181
1211	1211
1167	1087
1012	973
987	1049
1120	1166
1187	1185
1178	1168
1159	1154
1148	1134
1110	1066
1019	994
996	1011
1001	948
878	835
836	870
908	940
962	979
996	1017
1051	1093
1140	1193
1246	1291
1315	1302
1266	1236
1225	1205
1090	836
479	479
479	479
479	479
479	479
479	479
479	479
479	483
495	535
628	787
1002	1236
1439	1582
1647	1632
1560	1501
1507	1616
1907	2618
3976	5963
8175	10032
11151	11546
11501	11360
11350	11505
11737	11983
12245	12514
12710	12766
12678	12523
12380	12276
12205	12161
12150	12180
12258	12383
12529	12624
12564	12303
11933	11701
11863	12519
13558	14704
15642	16157
16236	15997
15610	15195
14796	14394
13950	13462
12953	12464
12076	11908
12072	12550
13186	13733
13951	13775
13405	13090
12849	12502
11958	11350
10917	10800
11003	11453
12075	12771
13437	14003
14483	14913
15273	15487
15539	15545
15630	15835
16122	16432
16689	16832
16784	16500
16037	15563
15153	14774
14398	14044
13738	13548
13510	13608
13778	13977
14210	14500
14932	15636
16653	17773
18473	17913
15396	11256
6939	3838
2269	1707
1563	1533
1530	1547
1563	1569
1566	1561
1556	1547
1528	1493
1439	1383
1335	1317
1331	1370
1408	1411
1358	1267
1174	1127
1145	1217
1293	1341
1347	1336
1322	1310
1302	1292
1288	1275
1248	1207
1166	1142
1140	1151
1134	1070
993	940
933	957
993	1026
1054	1083
1112	1146
1182	1230
1282	1342
1409	1475
1513	1508
1467	1426
1399	1354
1205	901
479	479
479	479
479	479
479	479
479	479
479	479
479	483
495	535
627	781
990	1216
1412	1557
1633	1627
1557	1495
1517	1665
2046	2906
4449	6544
8675	10267
11076	11255
11156	11092
11210	11476
11776	12044
12279	12455
12496	12372
12137	11896
11707	11595
11573	11663
11857	12100
12327	12530
12714	12833
12805	12590
12299	12165
12401	13049
13988	14970
15720	16079
16064	15812
15484	15196
14971	14767
14515	14173
13735	13246
12784	12475
12455	12754
13279	13851
14270	14428
14391	14273
14063	13654
13047	12422
12000	11842
11892	12126
12562	13164
13825	14432
14934	15335
15612	15713
15648	15537
15519	15643
15871	16155
16408	16559
16543	16302
15892	15449
15025	14593
14146	13748
13449	13276
13247	13334
13483	13676
13920	14211
14608	15221
16135	17259
18229	18284
16514	12788
8336	4774
2792	2014
1793	1733
1715	1722
1739	1742
1738	1724
1714	1702
1680	1642
1592	1543
1508	1502
1527	1570
1607	1602
1545	1447
1354	1304
1320	1390
1461	1499
1498	1481
1466	1454
1447	1441
1434	1420
1395	1361
1327	1309
1307	1311
1290	1227
1149	1096
1084	1097
1121	1147
1170	1195
1225	1253
1291	1341
1401	1475
1563	1654
1720	1731
1694	1649
1613	1549
1363	989
479	479
479	479
479	479
479	479
479	479
479	479
479	483
495	535
624	771
970	1184
1373	1515
1605	1620
1564	1514
1564	1772
2250	3228
4862	6932
8879	10191
10751	10822
10767	10841
11103	11449
11740	11936
12046	12071
11972	11773
11552	11382
11289	11266
11350	11597
11984	12391
12709	12920
13064	13150
13113	12933
12710	12649
12909	13510
14331	15158
15753	15977
15862	15567
15266	15066
14988	14970
14915	14743
14431	14012
13548	13158
12961	13042
13388	13892
14401	14812
15098	15246
15177	14831
14276	13700
13266	12988
12839	12858
13138	13662
14304	14902
15375	15712
15899	15892
15706	15467
15331	15368
15546	15799
16045	16195
16179	15963
15586	15131
14646	14135
13656	13283
13053	12947
12950	13035
13172	13355
13603	13919
14320	14889
15722	16816
17948	18467
17375	14176
9755	5811
3392	2353
2031	1938
1896	1883
1891	1897
1888	1870
1853	1836
1809	1769
1727	1693
1683	1697
1741	1793
1821	1804
1739	1648
1567	1525
1537	1586
1638	1662
1658	1645
1635	1628
1623	1620
1611	1598
1578	1553
1538	1526
1524	1517
1489	1433
1368	1317
1296	1295
1302	1308
1317	1324
1334	1354
1387	1438
1511	1601
1711	1825
1909	1931
1905	1864
1829	1758
1531	1089
479	479
479	479
479	479
479	479
479	479
479	479
479	483
494	534
621	762
951	1148
1323	1465
1560	1596
1573	1552
1633	1883
2421	3468
5114	7077
8790	9848
10254	10334
10419	10669
11041	11389
11589	11646
11619	11543
11410	11264
11170	11164
11215	11303
11495	11869
12395	12913
13263	13430
13497	13520
13460	13304
13134	13109
13355	13892
14611	15304
15757	15854
15648	15309
15012	14861
14868	14977
15086	15093
14954	14679
14315	13927
13619	13508
13652	14013
14498	15019
15516	15882
15988	15783
15349	14857
14400	13999
13688	13575
13765	14235
14826	15366
15766	16014
16105	15995
15701	15350
15103	15047
15154	15359
15574	15705
15690	15507
15176	14717
14167	13591
13101	12789
12651	12633
12683	12770
12880	13037
13278	13607
14036	14604
15391	16451
17658	18491
17979	15367
11139	6922
4069	2736
2289	2150
2080	2034
2023	2030
2030	2017
2000	1975
1938	1897
1857	1842
1855	1899
1960	2019
2039	2013
1946	1869
1811	1782
1789	1813
1838	1848
1844	1838
1835	1834
1833	1833
1825	1812
1798	1791
1792	1796
1787	1768
1732	1677
1620	1571
1541	1520
1504	1489
1478	1470
1465	1470
1500	1556
1639	1746
1870	1995
2087	2115
2098	2070
2047	1974
1718	1197
479	479
479	479
479	479
479	479
479	479
479	479
479	483
494	534
617	756
935	1122
1287	1418
1517	1570
1588	1606
1703	1942
2486	3539
5142	6958
8445	9292
9649	9866
10183	10618
11042	11316
11393	11343
11260	11188
11119	11088
11151	11293
11461	11637
11904	12364
12975	13553
13912	14030
14010	13943
13831	13662
13499	13464
13669	14144
14771	15353
15692	15703
15461	15128
14857	14729
14755	14904
15104	15255
15295	15206
15002	14713
14413	14194
14162	14352
14738	15259
15821	16296
16538	16485
16201	15784
15294	14790
14377	14206
14362	14778
15287	15722
16014	16156
16152	15962
15610	15198
14881	14753
14789	14926
15080	15172
15162	15034
14760	14305
13700	13072
12592	12338
12285	12353
12461	12559
12645	12764
12977	13313
13765	14339
15093	16109
17336	18377
18349	16337
12425	8045
4796	3143
2548	2360
2259	2184
2145	2146
2175	2191
2181	2146
2092	2035
1996	1990
2025	2089
2165	2225
2246	2217
2156	2096
2056	2041
2040	2049
2054	2052
2051	2051
2053	2057
2062	2060
2053	2043
2036	2043
2061	2072
2063	2032
1983	1927
1868	1817
1779	1744
1713	1684
1660	1636
1619	1620
1647	1711
1805	1925
2059	2188
2277	2314
2310	2300
2294	2231
1940	1330
479	479
479	479
479	479
479	479
479	479
479	479
479	483
494	534
617	753
927	1108
1267	1396
1494	1563
1608	1653
1742	1947
2450	3460
4971	6609
7879	8605
9028	9497
10104	10700
11123	11298
11292	11225
11189	11201
11244	11333
11510	11754
11995	12222
12524	13004
13625	14206
14554	14628
14522	14343
14139	13913
13719	13647
13808	14219
14783	15293
15581	15589
15396	15133
14916	14794
14791	14908
15115	15344
15517	15590
15555	15427
15214	14976
14822	14872
15156	15625
16165	16637
16935	17010
16855	16482
15936	15338
14868	14680
14807	15147
15537	15849
16026	16072
15990	15773
15426	15030
14713	14554
14544	14612
14690	14726
14708	14626
14401	13945
13295	12626
12152	11943
11954	12089
12258	12384
12468	12567
12754	13080
13528	14083
14791	15744
16950	18116
18484	17052
13555	9141
5533	3534
2768	2544
2441	2343
2276	2283
2341	2386
2390	2348
2273	2200
2151	2153
2199	2274
2356	2421
2442	2415
2361	2312
2284	2275
2272	2268
2264	2259
2258	2261
2267	2274
2277	2279
2272	2262
2261	2278
2303	2321
2313	2275
2218	2159
2103	2051
2009	1966
1925	1891
1858	1831
1811	1807
1837	1904
2008	2135
2272	2403
2496	2544
2564	2583
2606	2553
2222	1498
479	479
479	479
479	479
479	479
479	479
479	479
479	483
494	533
616	751
926	1103
1263	1389
1491	1569
1627	1673
1752	1934
2398	3341
4713	6133
7212	7922
8555	9351
10232	10944
11329	11439
11422	11412
11479	11603
11746	11919
12159	12444
12707	12938
13228	13660
14206	14710
15019	15059
14885	14603
14294	14005
13789	13716
13855	14230
14747	15233
15541	15626
15537	15372
15199	15068
15006	15053
15227	15477
15724	15903
15992	15995
15885	15670
15456	15407
15621	16047
16531	16939
17221	17354
17264	16878
16253	15591
15109	14926
15010	15251
15514	15716
15808	15786
15669	15460
15172	14851
14586	14443
14408	14428
14434	14406
14370	14302
14101	13644
12962	12272
11795	11605
11653	11837
12055	12227
12338	12445
12632	12940
13357	13853
14481	15346
16488	17712
18386	17496
14488	10176
6281	3916
2956	2711
2629	2528
2445	2448
2520	2584
2595	2547
2459	2375
2327	2330
2381	2461
2542	2608
2628	2603
2552	2508
2486	2480
2476	2468
2460	2455
2453	2458
2465	2473
2478	2479
2473	2461
2459	2479
2508	2528
2518	2480
2426	2374
2326	2281
2235	2191
2148	2112
2080	2052
2027	2023
2054	2124
2232	2361
2503	2636
2741	2809
2855	2912
2971	2932
2551	1694
477	477
477	477
477	477
477	477
477	477
477	477
477	481
493	533
616	752
927	1105
1263	1391
1490	1568
1625	1678
1760	1939
2402	3302
4524	5705
6625	7432
8387	9515
10586	11330
11685	11781
11808	11881
12041	12254
12458	12658
12894	13151
13373	13569
13814	14158
14568	14949
15194	15224
15038	14703
14339	14033
13844	13810
13967	14323
14807	15285
15640	15824
15843	15750
15600	15439
15322	15315
15464	15741
16052	16301
16460	16538
16506	16322
16068	15926
16049	16404
16830	17170
17399	17496
17356	16894
16202	15540
15111	14967
15024	15172
15332	15456
15504	15454
15326	15145
14923	14685
14481	14359
14321	14304
14248	14165
14092	14013
13810	13367
12706	12029
11559	11377
11437	11642
11886	12089
12243	12392
12597	12891
13256	13677
14198	14944
15985	17210
18104	17692
15214	11125
7040	4330
3160	2868
2814	2733
2651	2646
2701	2756
2761	2705
2623	2540
2501	2506
2557	2636
2721	2783
2804	2780
2732	2692
2671	2666
2662	2654
2645	2639
2639	2644
2651	2658
2663	2665
2660	2649
2645	2664
2694	2712
2705	2668
2623	2577
2539	2500
2459	2417
2372	2336
2305	2278
2257	2253
2284	2353
2462	2593
2736	2873
2992	3083
3169	3265
3362	3335
2897	1897
470	470
470	470
470	470
470	470
470	470
470	471
473	475
489	528
613	751
930	1114
1273	1398
1491	1556
1609	1660
1748	1961
2473	3376
4465	5434
6281	7290
8580	9948
11075	11780
12118	12256
12351	12507
12730	12977
13182	13346
13504	13659
13790	13926
14125	14392
14681	14942
15135	15197
15064	14763
14412	14142
14012	14033
14204	14534
14968	15415
15788	16035
16134	16098
15962	15781
15640	15632
15825	16183
16592	16919
17125	17239
17245	17094
16803	16531
16475	16675
16996	17271
17419	17400
17122	16565
15885	15331
15039	14977
15029	15117
15209	15292
15323	15270
15141	14973
14788	14594
14416	14292
14232	14172
14062	13928
13810	13694
13489	13095
12517	11908
11472	11297
11348	11546
11786	12002
12192	12384
12618	12906
13221	13555
13969	14589
15513	16694
17728	17712
15744	11955
7783	4793
3403	3023
2966	2920
2861	2847
2869	2892
2878	2829
2760	2694
2658	2669
2722	2796
2876	2936
2958	2939
2899	2864
2846	2843
2841	2840
2835	2830
2830	2835
2839	2843
2851	2853
2851	2847
2848	2862
2891	2906
2899	2865
2822	2776
2739	2700
2663	2624
2584	2553
2523	2499
2479	2478
2511	2581
2686	2814
2951	3095
3230	3350
3471	3612
3750	3738
3242	2097
459	459
459	459
459	459
459	459
459	459
459	459
459	464
477	518
607	753
938	1132
1296	1419
1501	1549
1583	1617
1696	1964
2576	3508
4490	5330
6232	7503
9070	10527
11575	12191
12525	12737
12932	13156
13416	13642
13777	13830
13845	13858
13882	13967
14144	14378
14599	14796
14980	15104
15065	14846
14555	14342
14269	14321
14480	14752
15105	15478
15816	16088
16249	16280
16192	16045
15940	15992
16265	16730
17251	17676
17940	18063
18073	17945
17642	17256
16973	16915
17029	17165
17182	17008
16608	16058
15535	15212
15119	15162
15233	15298
15361	15426
15454	15402
15264	15078
14869	14639
14421	14248
14126	14004
13841	13660
13496	13342
13147	12842
12394	11893
11501	11329
11370	11545
11762	11978
12191	12427
12689	12966
13233	13500
13820	14323
15130	16242
17352	17633
16111	12643
8483	5286
3676	3166
3075	3059
3042	3027
3020	3005
2974	2929
2875	2826
2802	2813
2858	2926
2992	3046
3070	3060
3033	3008
2994	2995
3002	3010
3017	3019
3019	3014
3013	3013
3021	3034
3043	3048
3052	3068
3092	3106
3097	3066
3017	2964
2913	2871
2838	2804
2776	2752
2731	2707
2689	2695
2731	2804
2903	3022
3155	3301
3451	3600
3762	3955
4138	4135
3581	2289
434	434
434	434
434	434
434	434
434	434
434	434
435	439
455	502
601	757
956	1163
1339	1460
1524	1547
1552	1556
1639	1973
2682	3629
4524	5341
6425	7981
9707	11124
12032	12551
12891	13187
13481	13774
14029	14177
14165	14040
13875	13736
13679	13744
13931	14174
14398	14599
14810	14995
15049	14916
14694	14521
14474	14530
14662	14866
15117	15390
15667	15941
16163	16291
16307	16260
16251	16374
16700	17208
17789	18302
18635	18778
18790	18690
18447	18052
17615	17268
17056	16908
16713	16408
16009	15634
15416	15402
15520	15649
15749	15823
15894	15959
15989	15937
15786	15552
15255	14918
14582	14296
14069	13850
13614	13391
13185	12996
12821	12608
12307	11918
11569	11389
11414	11568
11774	11996
12247	12525
12809	13076
13306	13514
13765	14176
14866	15897
17022	17507
16351	13217
9139	5786
3963	3310
3170	3170
3180	3174
3156	3123
3080	3031
2985	2948
2932	2945
2980	3027
3077	3116
3133	3127
3111	3091
3084	3093
3112	3136
3157	3171
3168	3158
3145	3141
3152	3173
3199	3216
3230	3247
3262	3270
3264	3235
3182	3117
3053	3006
2980	2964
2954	2945
2931	2913
2898	2904
2944	3020
3115	3223
3349	3496
3658	3841
4057	4305
4533	4550
3934	2483
406	406
406	406
406	406
406	406
406	406
406	406
407	412
434	491
598	767
980	1199
1384	1502
1547	1542
1520	1512
1618	2022
2796	3713
4535	5421
6759	8564
10352	11673
12458	12918
13262	13606
13958	14276
14480	14484
14273	13929
13582	13327
13232	13318
13552	13847
14126	14379
14630	14855
14970	14905
14736	14594
14549	14592
14696	14845
15020	15208
15423	15688
15974	16221
16392	16489
16580	16741
17031	17472
18026	18584
19012	19230
19284	19256
19153	18892
18446	17883
17311	16794
16333	15937
15648	15549
15670	15935
16197	16374
16484	16584
16681	16759
16793	16746
16584	16311
15929	15463
14989	14561
14182	13822
13491	13201
12946	12717
12532	12383
12185	11890
11585	11408
11420	11565
11774	12025
12323	12650
12964	13230
13438	13611
13809	14136
14722	15647
16744	17359
16512	13703
9748	6282
4261	3470
3278	3273
3293	3296
3278	3245
3196	3138
3091	3060
3051	3064
3086	3116
3143	3162
3171	3163
3148	3130
3126	3137
3171	3212
3253	3279
3279	3258
3235	3226
3239	3271
3310	3345
3365	3378
3389	3394
3387	3362
3310	3235
3159	3114
3099	3103
3111	3121
3117	3102
3088	3099
3148	3225
3318	3420
3539	3685
3865	4086
4351	4658
4938	4965
4286	2681
384	384
384	384
384	384
384	384
384	384
384	385
387	396
424	488
609	784
1002	1230
1412	1525
1556	1537
1507	1508
1653	2117
2909	3762
4539	5554
7156	9143
10925	12143
12853	13277
13605	13931
14270	14543
14637	14473
14062	13529
13047	12738
12653	12793
13090	13461
13822	14140
14423	14660
14789	14775
14653	14523
14464	14491
14589	14728
14876	15020
15197	15447
15783	16155
16486	16727
16888	17023
17209	17519
17995	18574
19104	19445
19602	19694
19772	19730
19412	18786
17973	17142
16449	15982
15785	15876
16202	16605
16900	17044
17128	17232
17351	17444
17480	17438
17289	17021
16619	16108
15560	15032
14518	14025
13586	13227
12909	12604
12356	12184
12012	11778
11524	11372
11383	11525
11749	12041
12391	12766
13118	13403
13610	13766
13924	14175
14654	15466
16502	17198
16607	14106
10299	6751
4555	3639
3395	3378
3393	3400
3389	3359
3308	3244
3191	3162
3158	3166
3179	3193
3204	3212
3210	3198
3181	3164
3159	3177
3220	3274
3328	3359
3360	3335
3306	3295
3309	3347
3398	3440
3465	3478
3486	3488
3481	3458
3409	3333
3259	3215
3210	3228
3252	3274
3278	3272
3261	3282
3335	3416
3507	3605
3722	3874
4076	4330
4641	4996
5314	5353
4614	2867
374	374
374	374
374	374
374	374
374	374
374	374
377	390
426	499
630	810
1026	1242
1418	1525
1554	1535
1512	1533
1722	2237
3017	3794
4563	5745
7581	9668
11378	12476
13111	13475
13739	14001
14277	14472
14457	14155
13626	13016
12504	12209
12171	12360
12706	13117
13519	13866
14144	14358
14476	14488
14401	14286
14222	14252
14378	14556
14732	14875
15029	15265
15635	16111
16582	16934
17125	17203
17287	17504
17932	18532
19138	19590
19863	20076
20314	20481
20361	19832
18975	18017
17202	16667
16435	16499
16796	17150
17367	17417
17428	17503
17626	17730
17773	17730
17596	17352
16986	16523
16012	15488
14938	14387
13901	13507
13144	12768
12419	12135
11904	11663
11439	11315
11330	11471
11708	12030
12419	12836
13224	13541
13764	13918
14051	14239
14615	15305
16265	17015
16641	14429
10786	7188
4835	3800
3513	3482
3495	3498
3491	3463
3410	3344
3287	3258
3253	3262
3270	3275
3278	3277
3270	3258
3238	3220
3215	3234
3283	3348
3400	3436
3436	3413
3384	3370
3383	3427
3480	3526
3552	3565
3570	3570
3565	3544
3500	3428
3360	3324
3328	3357
3387	3419
3432	3432
3431	3458
3516	3599
3691	3787
3905	4065
4286	4565
4909	5300
5648	5690
4900	3030
371	371
371	371
371	371
371	371
371	371
371	371
375	391
433	519
659	840
1044	1245
1408	1510
1543	1536
1532	1581
1816	2361
3114	3837
4659	6032
8039	10117
11675	12601
13083	13325
13495	13705
13945	14086
14002	13664
13157	12625
12219	12019
12039	12237
12552	12913
13258	13542
13752	13894
13976	13987
13941	13867
13845	13930
14125	14368
14588	14746
14897	15138
15549	16110
16687	17114
17319	17366
17420	17639
18090	18710
19335	19824
20165	20462
20797	21100
21158	20804
20067	19167
18363	17790
17437	17312
17408	17599
17688	17628
17548	17573
17691	17806
17846	17785
17622	17351
16983	16570
16151	15713
15222	14709
14257	13891
13552	13171
12760	12363
12003	11679
11417	11274
11271	11399
11632	11962
12369	12810
13226	13574
13826	13995
14119	14272
14571	15151
16023	16797
16608	14669
11205	7583
5089	3945
3618	3581
3591	3596
3589	3563
3509	3440
3383	3351
3347	3354
3360	3361
3362	3361
3351	3338
3319	3299
3292	3312
3360	3423
3483	3521
3522	3499
3469	3455
3469	3513
3565	3611
3637	3651
3655	3656
3651	3635
3591	3533
3476	3447
3456	3487
3525	3562
3584	3589
3602	3632
3698	3783
3873	3969
4088	4255
4484	4782
5148	5562
5933	5976
5142	3171
369	369
369	369
369	369
369	369
369	369
369	370
375	394
444	545
691	871
1063	1244
1392	1485
1526	1534
1547	1630
1909	2470
3187	3891
4830	6402
8488	10442
11758	12438
12712	12809
12915	13135
13389	13511
13412	13122
12755	12438
12253	12214
12296	12462
12674	12890
13075	13205
13275	13302
13314	13320
13327	13355
13442	13628
13890	14172
14404	14575
14758	15062
15554	16204
16855	17335
17572	17645
17742	18033
18535	19147
19724	20172
20513	20825
21187	21554
21744	21561
20991	20235
19541	19001
18574	18283
18205	18261
18254	18102
17933	17894
17987	18091
18099	17974
17713	17321
16854	16419
16052	15701
15293	14853
14469	14170
13907	13612
13240	12798
12307	11838
11466	11246
11197	11293
11509	11829
12224	12661
13092	13463
13747	13939
14085	14236
14496	14996
15782	16555
16520	14832
11551	7924
5311	4070
3713	3676
3691	3695
3689	3662
3609	3538
3482	3450
3448	3455
3461	3462
3462	3457
3448	3434
3411	3389
3378	3397
3444	3507
3567	3603
3606	3586
3557	3542
3555	3598
3651	3694
3720	3732
3737	3740
3736	3722
3689	3641
3597	3575
3589	3622
3663	3705
3734	3750
3769	3813
3879	3967
4057	4152
4265	4429
4656	4961
5338	5770
6155	6202
5336	3284
368	368
368	368
368	368
366	365
363	365
366	369
376	399
456	562
716	896
1078	1248
1380	1468
1514	1532
1560	1672
1990	2562
3242	3965
5050	6781
8843	10562
11590	12023
12115	12129
12262	12545
12815	12904
12778	12551
12363	12309
12387	12540
12698	12832
12932	12988
12993	12942
12845	12738
12667	12670
12756	12911
13135	13409
13700	13962
14172	14363
14627	15066
15697	16440
17140	17651
17934	18070
18246	18594
19103	19661
20145	20514
20781	21035
21358	21754
22059	22050
21656	21056
20490	20033
19618	19299
19199	19253
19228	19017
18756	18637
18679	18729
18647	18390
17968	17391
16761	16237
15873	15569
15230	14870
14548	14296
14105	13922
13653	13228
12647	12026
11521	11214
11113	11180
11373	11661
12030	12443
12866	13245
13552	13774
13948	14126
14381	14836
15557	16319
16396	14922
11810	8196
5494	4179
3800	3767
3782	3787
3779	3752
3696	3628
3572	3544
3544	3554
3562	3562
3562	3556
3545	3527
3500	3475
3462	3478
3521	3583
3641	3676
3683	3661
3635	3620
3636	3675
3726	3767
3790	3805
3813	3816
3816	3808
3780	3741
3705	3694
3710	3749
3796	3843
3879	3909
3938	3986
4058	4145
4236	4327
4432	4579
4792	5088
5476	5916
6314	6367
5478	3367
359	359
359	359
359	356
355	349
347	348
352	361
373	404
467	577
736	912
1088	1247
1371	1457
1505	1526
1558	1690
2041	2620
3278	4044
5266	7078
9012	10461
11230	11489
11512	11564
11802	12147
12374	12351
12142	11927
11871	12027
12329	12650
12895	13038
13089	13061
12953	12776
12558	12356
12237	12252
12409	12662
12970	13284
13568	13802
13998	14234
14627	15234
16006	16810
17511	18019
18325	18516
18732	19081
19538	20017
20426	20714
20886	21013
21241	21644
22091	22298
22116	21673
21208	20801
20430	20183
20192	20348
20367	20118
19773	19573
19545	19497
19250	18795
18172	17409
16628	16027
15648	15381
15121	14851
14588	14356
14188	14083
13923	13539
12898	12156
11536	11169
11051	11111
11283	11536
11862	12240
12637	13010
13320	13554
13742	13938
14211	14659
15352	16106
16271	14972
12008	8422
5650	4273
3870	3833
3850	3853
3843	3813
3758	3696
3644	3623
3629	3640
3649	3650
3650	3644
3629	3606
3577	3548
3535	3547
3586	3640
3692	3730
3736	3723
3702	3691
3702	3735
3779	3815
3842	3858
3867	3878
3884	3882
3864	3829
3798	3793
3816	3864
3922	3972
4021	4061
4106	4161
4234	4325
4414	4498
4591	4714
4902	5183
5562	6013
6425	6483
5579	3422
343	343
343	343
343	341
333	325
319	322
333	351
372	409
477	588
745	918
1091	1245
1367	1448
1492	1508
1540	1680
2051	2630
3294	4128
5460	7273
9028	10224
10806	10999
11073	11264
11623	11977
12083	11894
11556	11297
11281	11543
11964	12390
12714	12910
12996	12973
12840	12616
12358	12153
12069	12137
12325	12592
12900	13215
13518	13788
14050	14383
14905	15628
16454	17237
17878	18340
18631	18819
19022	19320
19726	20169
20558	20812
20891	20873
20992	21406
22000	22434
22475	22193
21798	21406
21058	20891
21012	21271
21336	21062
20653	20396
20312	20133
19675	18977
18150	17247
16397	15771
15405	15180
15005	14833
14633	14409
14252	14214
14157	13826
13127	12267
11544	11136
11019	11083
11243	11462
11745	12090
12460	12815
13115	13342
13518	13703
13984	14453
15152	15925
16174	15022
12183	8622
5799	4358
3918	3870
3888	3889
3875	3839
3787	3732
3692	3684
3694	3710
3719	3722
3721	3714
3698	3672
3643	3614
3601	3609
3636	3678
3720	3752
3767	3763
3752	3746
3754	3777
3807	3834
3859	3879
3897	3916
3930	3937
3925	3900
3873	3874
3908	3966
4034	4098
4157	4210
4267	4331
4408	4499
4583	4666
4747	4843
5001	5258
5629	6083
6504	6571
5658	3464
331	331
331	331
330	325
315	299
289	294
312	341
371	416
487	598
749	919
1088	1242
1364	1439
1472	1474
1499	1639
2000	2569
3264	4210
5651	7432
9001	9997
10473	10684
10888	11229
11646	11917
11869	11533
11099	10790
10758	11015
11443	11892
12264	12524
12671	12685
12561	12344
12126	12004
12031	12176
12376	12599
12867	13196
13586	13995
14404	14866
15472	16205
16961	17628
18163	18554
18797	18945
19103	19378
19789	20269
20695	20936
20935	20811
20868	21315
22021	22601
22791	22631
22298	21918
21593	21476
21651	21934
22005	21720
21284	20993
20834	20505
19811	18881
17904	16957
16131	15556
15229	15048
14942	14855
14712	14507
14386	14440
14501	14224
13473	12478
11636	11161
11017	11061
11191	11381
11640	11965
12324	12669
12968	13192
13346	13497
13759	14239
14965	15780
16107	15083
12353	8814
5938	4424
3940	3877
3892	3898
3879	3841
3793	3750
3723	3720
3738	3754
3762	3766
3767	3759
3745	3722
3695	3673
3662	3667
3681	3707
3738	3765
3780	3784
3781	3779
3782	3797
3816	3834
3853	3876
3907	3936
3960	3975
3973	3954
3936	3942
3981	4047
4125	4203
4273	4339
4405	4478
4561	4646
4733	4809
4882	4956
5087	5317
5670	6122
6553	6633
5717	3499
323	323
323	323
320	314
299	280
267	274
297	329
369	422
494	603
751	915
1085	1239
1358	1427
1444	1429
1445	1578
1910	2443
3182	4281
5849	7597
9015	9869
10296	10576
10931	11373
11742	11850
11657	11250
10808	10514
10474	10683
11049	11462
11839	12130
12298	12312
12183	11979
11823	11814
11962	12191
12409	12604
12859	13241
13766	14360
14952	15545
16176	16819
17406	17896
18304	18632
18841	18965
19128	19452
19952	20507
20959	21160
21073	20899
20985	21506
22257	22842
23041	22914
22618	22269
21988	21910
22076	22323
22371	22101
21667	21311
21009	20472
19557	18471
17464	16596
15911	15471
15232	15114
15074	15051
14952	14777
14705	14851
15015	14789
13988	12883
11911	11319
11071	11018
11080	11236
11488	11812
12173	12526
12846	13101
13272	13408
13634	14099
14841	15692
16083	15154
12512	8984
6049	4459
3926	3851
3872	3880
3862	3831
3794	3762
3744	3748
3762	3780
3789	3793
3791	3786
3775	3761
3743	3728
3720	3721
3728	3741
3758	3776
3790	3797
3798	3797
3799	3805
3814	3826
3844	3871
3905	3942
3974	3998
4002	3991
3978	3993
4040	4109
4197	4282
4357	4428
4498	4574
4653	4740
4826	4906
4973	5036
5139	5342
5677	6121
6561	6659
5752	3521
320	320
320	319
316	308
294	271
258	264
291	326
371	424
497	607
752	914
1083	1237
1355	1421
1426	1398
1406	1528
1821	2308
3090	4337
6014	7729
9036	9797
10223	10613
11112	11591
11828	11744
11424	11017
10664	10470
10483	10672
10977	11330
11665	11924
12048	12017
11861	11662
11547	11599
11818	12100
12367	12615
12929	13402
14039	14776
15519	16204
16813	17309
17688	17998
18307	18598
18827	19008
19266	19714
20324	20925
21330	21422
21247	21090
21281	21892
22619	23086
23169	22984
22680	22357
22134	22090
22231	22418
22462	22234
21799	21309
20751	19944
18850	17739
16847	16206
15785	15564
15480	15470
15514	15560
15500	15356
15307	15486
15688	15489
14690	13539
12465	11715
11274	11039
10966	11056
11279	11592
11951	12318
12667	12987
13241	13426
13656	14094
14819	15668
16088	15220
12636	9113
6124	4468
3893	3805
3829	3848
3840	3822
3800	3780
3771	3774
3786	3796
3802	3805
3804	3802
3796	3789
3780	3773
3769	3769
3771	3777
3784	3792
3799	3803
3805	3805
3805	3806
3811	3820
3838	3867
3905	3943
3981	4010
4020	4018
4018	4039
4092	4168
4255	4339
4411	4480
4546	4618
4701	4783
4871	4953
5020	5073
5158	5336
5646	6080
6526	6643
5756	3530
320	320
320	319
316	308
292	268
254	261
289	326
372	425
501	608
753	914
1082	1235
1355	1422
1425	1393
1398	1505
1755	2209
3036	4382
6113	7774
8981	9690
10165	10698
11323	11786
11868	11607
11203	10841
10627	10594
10713	10928
11192	11476
11738	11911
11954	11873
11706	11516
11408	11461
11675	11989
12335	12717
13169	13739
14440	15229
16028	16731
17257	17588
17790	17981
18241	18562
18877	19193
19607	20187
20845	21392
21662	21615
21404	21336
21663	22325
22959	23252
23175	22894
22555	22252
22075	22065
22171	22299
22328	22134
21667	20984
20125	19073
17921	16944
16315	15998
15894	15930
16024	16137
16272	16383
16371	16242
16178	16312
16473	16291
15574	14500
13405	12507
11813	11298
10993	10926
11054	11311
11640	11986
12346	12734
13109	13427
13737	14188
14881	15691
16097	15256
12707	9198
6175	4470
3862	3756
3783	3809
3816	3814
3811	3804
3802	3801
3803	3805
3806	3806
3806	3806
3808	3810
3812	3811
3812	3814
3815	3816
3815	3812
3810	3806
3806	3806
3806	3806
3810	3818
3836	3865
3905	3947
3984	4017
4033	4038
4050	4083
4143	4220
4303	4386
4454	4512
4571	4637
4716	4798
4887	4968
5033	5084
5156	5309
5591	6009
6462	6601
5739	3527
320	320
320	319
316	308
292	268
254	261
291	328
374	428
503	612
755	915
1082	1236
1358	1428
1443	1420
1419	1500
1715	2153
3009	4403
6121	7698
8798	9481
10065	10763
11470	11872
11813	11441
11022	10746
10685	10816
11042	11285
11504	11717
11890	11964
11933	11821
11673	11526
11438	11478
11675	12010
12459	13007
13631	14305
15024	15783
16517	17107
17470	17636
17743	17921
18232	18642
19096	19572
20130	20766
21363	21752
21851	21713
21550	21625
22062	22697
23185	23303
23095	22742
22395	22130
21998	22004
22075	22129
22098	21849
21283	20413
19356	18239
17231	16543
16243	16233
16388	16620
16843	17035
17217	17361
17376	17268
17174	17215
17286	17130
16586	15735
14766	13801
12836	11936
11255	10908
10872	11030
11286	11577
11900	12295
12768	13255
13736	14277
14965	15721
16093	15249
12716	9221
6202	4480
3844	3718
3738	3771
3794	3809
3823	3833
3833	3826
3816	3810
3806	3806
3806	3810
3817	3830
3844	3857
3862	3866
3867	3863
3854	3841
3824	3814
3808	3806
3806	3806
3810	3816
3836	3864
3905	3947
3986	4019
4044	4057
4078	4121
4188	4268
4354	4430
4490	4541
4588	4646
4719	4799
4888	4972
5041	5089
5148	5273
5526	5925
6383	6545
5713	3518
320	320
320	319
316	308
292	268
255	262
293	333
384	440
514	620
759	917
1082	1236
1363	1437
1465	1453
1444	1490
1668	2097
2971	4370
6047	7520
8509	9190
9923	10789
11512	11803
11637	11250
10904	10759
10845	11091
11368	11580
11729	11863
11969	11981
11893	11768
11658	11585
11575	11664
11883	12261
12806	13502
14274	15048
15777	16444
16994	17340
17461	17482
17583	17870
18335	18896
19483	20087
20712	21313
21763	21954
21900	21747
21702	21920
22401	22937
23259	23228
22933	22566
22272	22087
22012	22020
22037	21995
21822	21417
20707	19745
18700	17765
17089	16775
16772	16954
17239	17547
17806	18002
18172	18299
18318	18219
18105	18063
18050	17935
17623	17103
16407	15470
14232	12831
11623	10897
10650	10708
10901	11125
11376	11719
12216	12854
13563	14289
15033	15763
16089	15211
12662	9181
6194	4490
3844	3700
3709	3745
3778	3804
3829	3846
3848	3837
3819	3805
3800	3800
3803	3813
3827	3849
3876	3897
3910	3920
3923	3917
3900	3873
3842	3822
3811	3806
3806	3806
3810	3816
3835	3863
3905	3946
3987	4024
4050	4072
4102	4151
4224	4310
4396	4473
4528	4568
4605	4652
4717	4795
4884	4974
5049	5098
5144	5241
5458	5836
6291	6473
5665	3499
320	320
320	319
316	308
294	270
259	268
301	348
405	465
541	640
772	923
1084	1238
1363	1446
1483	1478
1458	1468
1604	2006
2867	4245
5877	7264
8178	8898
9789	10770
11453	11618
11392	11062
10863	10888
11098	11389
11634	11769
11830	11903
11968	11935
11798	11650
11572	11607
11739	11956
12264	12710
13329	14112
14974	15808
16526	17064
17360	17398
17280	17212
17397	17884
18554	19269
19950	20593
21197	21698
21985	22010
21865	21750
21832	22154
22615	23016
23179	23029
22691	22358
22162	22087
22064	22049
21993	21826
21475	20884
20079	19170
18346	17761
17493	17515
17704	17952
18243	18531
18750	18896
19022	19106
19097	19000
18870	18777
18710	18649
18570	18420
18045	17186
15656	13675
11831	10630
10139	10115
10291	10502
10704	10977
11449	12192
13146	14149
15069	15837
16123	15166
12562	9086
6147	4483
3848	3700
3705	3743
3779	3805
3827	3840
3839	3822
3798	3782
3778	3784
3795	3810
3834	3869
3910	3949
3977	3996
4002	3997
3965	3919
3870	3832
3816	3810
3808	3808
3812	3817
3833	3862
3903	3945
3988	4027
4058	4083
4120	4173
4247	4337
4425	4500
4555	4592
4621	4656
4709	4784
4875	4976
5067	5126
5163	5227
5403	5741
6178	6366
5581	3452
320	320
320	319
316	308
292	268
256	271
311	367
434	501
576	669
790	929
1086	1239
1364	1449
1492	1490
1455	1434
1520	1873
2680	4011
5595	6938
7859	8679
9698	10711
11311	11387
11169	10949
10926	11110
11398	11668
11830	11875
11870	11888
11895	11801
11606	11434
11417	11592
11908	12295
12718	13227
13890	14703
15576	16400
17049	17424
17466	17251
16998	16966
17327	18038
18907	19731
20420	20996
21501	21872
22018	21931
21755	21703
21890	22265
22677	22954
22979	22754
22400	22119
22021	22041
22057	22000
21843	21539
21035	20352
19586	18895
18408	18192
18256	18503
18774	19003
19239	19453
19583	19656
19729	19772
19725	19599
19457	19344
19271	19278
19408	19574
19480	18680
16866	14293
11761	10003
9182	9027
9189	9418
9629	9872
10321	11146
12363	13745
14996	15929
16201	15144
12444	8949
6060	4455
3846	3712
3727	3766
3792	3806
3813	3813
3802	3779
3755	3741
3746	3760
3782	3807
3844	3896
3957	4013
4061	4095
4113	4101
4057	3984
3907	3853
3825	3818
3816	3816
3818	3822
3834	3862
3903	3946
3991	4031
4062	4089
4128	4182
4257	4346
4438	4516
4574	4610
4634	4658
4698	4766
4865	4983
5094	5170
5205	5240
5366	5653
6049	6219
5455	3378
320	320
320	319
316	306
287	264
249	265
308	377
450	528
606	693
803	938
1087	1240
1364	1449
1494	1489
1443	1396
1444	1732
2457	3705
5227	6568
7585	8547
9642	10611
11125	11187
11050	10979
11107	11395
11686	11873
11931	11908
11857	11812
11727	11539
11290	11150
11248	11595
12098	12623
13132	13682
14364	15169
15997	16724
17229	17405
17244	16913
16703	16871
17488	18422
19424	20267
20865	21284
21617	21837
21854	21695
21540	21573
21841	22241
22603	22781
22708	22428
22091	21868
21837	21916
21951	21845
21593	21191
20639	20010
19436	19051
18910	18991
19258	19600
19862	20031
20182	20284
20295	20279
20303	20305
20208	20044
19894	19792
19761	19868
20181	20585
20691	19921
17869	14786
11604	9238
7972	7561
7610	7812
8024	8272
8726	9627
11109	12959
14715	15959
16290	15132
12328	8805
5960	4411
3843	3727
3755	3798
3817	3811
3798	3780
3757	3729
3707	3701
3716	3738
3770	3808
3860	3927
4005	4083
4152	4205
4233	4214
4153	4058
3954	3884
3847	3835
3833	3831
3832	3836
3848	3871
3907	3948
3990	4028
4059	4087
4126	4179
4255	4344
4435	4513
4575	4615
4637	4655
4687	4749
4851	4985
5120	5213
5248	5264
5344	5573
5916	6056
5300	3283
320	320
320	319
316	306
284	253
234	245
292	366
449	532
613	701
807	939
1088	1239
1363	1447
1485	1479
1433	1385
1409	1642
2277	3411
4847	6206
7357	8465
9580	10468
10941	11069
11072	11147
11373	11677
11898	11961
11915	11832
11744	11622
11419	11136
10893	10867
11150	11686
12320	12922
13456	14020
14700	15484
16230	16802
17102	17077
16789	16477
16467	16948
17870	18998
20048	20807
21228	21439
21570	21619
21516	21323
21233	21378
21723	22132
22450	22557
22412	22107
21794	21616
21614	21721
21767	21626
21325	20935
20487	20047
19725	19631
19760	20041
20395	20731
20935	21019
21056	21020
20885	20776
20749	20710
20565	20367
20221	20165
20220	20454
20934	21509
21736	20973
18749	15293
11585	8659
6923	6164
5984	6046
6191	6420
6874	7826
9531	11858
14198	15866
16331	15107
12209	8664
5866	4373
3841	3747
3779	3820
3830	3814
3791	3761
3733	3702
3683	3684
3704	3737
3778	3824
3884	3963
4057	4151
4236	4301
4330	4311
4239	4124
4007	3921
3883	3865
3864	3864
3863	3864
3873	3890
3918	3947
3984	4018
4045	4073
4111	4162
4235	4325
4412	4491
4554	4598
4629	4650
4681	4746
4850	4985
5124	5225
5266	5269
5321	5510
5805	5906
5153	3191
320	320
320	319
316	305
280	244
219	229
276	351
436	523
606	696
804	938
1087	1239
1363	1446
1487	1485
1456	1425
1451	1644
2195	3210
4553	5923
7186	8382
9479	10315
10817	11069
11230	11429
11697	11935
12029	11965
11832	11709
11572	11356
11037	10702
10536	10710
11219	11911
12594	13180
13700	14256
14926	15655
16294	16692
16783	16586
16250	16070
16344	17165
18357	19600
20602	21201
21417	21418
21366	21268
21080	20911
20930	21191
21599	22017
22317	22380
22182	21845
21536	21361
21360	21473
21520	21370
21103	20857
20663	20498
20409	20494
20774	21146
21514	21794
21911	21902
21821	21634
21368	21167
21088	21004
20822	20619
20503	20512
20669	21041
21657	22340
22616	21824
19457	15732
11663	8351
6260	5203
4785	4672
4702	4865
5276	6205
8020	10706
13564	15664
16290	15024
12049	8503
5763	4335
3840	3755
3783	3817
3827	3816
3796	3771
3743	3713
3694	3699
3721	3761
3804	3855
3919	4004
4108	4208
4299	4367
4399	4377
4301	4179
4054	3964
3922	3908
3904	3904
3903	3905
3910	3920
3933	3949
3972	3997
4021	4048
4082	4134
4204	4289
4376	4455
4517	4570
4609	4643
4690	4763
4867	4989
5113	5204
5244	5251
5296	5462
5720	5782
5023	3106
320	320
320	319
316	306
283	250
228	240
289	366
451	536
615	704
809	940
1088	1239
1363	1449
1498	1518
1522	1522
1558	1731
2222	3144
4402	5761
7072	8292
9357	10200
10799	11200
11496	11784
12044	12180
12130	11951
11764	11614
11427	11120
10718	10400
10390	10788
11489	12249
12894	13404
13880	14425
15064	15713
16215	16444
16365	16069
15772	15792
16368	17478
18836	20077
20944	21349
21375	21220
21048	20874
20692	20609
20751	21104
21555	21986
22282	22320
22071	21679
21321	21111
21087	21190
21228	21089
20917	20914
21066	21205
21286	21445
21746	22113
22437	22639
22675	22589
22405	22101
21736	21472
21347	21224
21031	20850
20786	20868
21120	21596
22304	23028
23281	22383
19831	15878
11604	8135
5905	4716
4166	3943
3880	3960
4281	5112
6897	9738
12949	15396
16168	14847
11790	8261
5615	4276
3825	3745
3766	3796
3811	3812
3808	3797
3778	3750
3733	3732
3761	3802
3848	3897
3962	4049
4154	4259
4353	4419
4447	4429
4351	4225
4098	4006
3963	3948
3946	3946
3946	3949
3952	3953
3950	3949
3958	3973
3989	4008
4043	4094
4162	4244
4331	4406
4472	4530
4581	4639
4708	4794
4893	4994
5089	5164
5199	5211
5264	5419
5645	5672
4908	3029
321	321
323	323
323	317
304	285
275	297
350	426
510	585
658	733
827	949
1092	1240
1364	1455
1520	1572
1615	1645
1687	1849
2310	3180
4383	5718
7022	8219
9275	10174
10895	11425
11826	12161
12379	12382
12183	11914
11706	11550
11323	10965
10580	10380
10565	11135
11906	12619
13148	13559
14001	14538
15130	15664
16015	16098
15918	15607
15430	15696
16560	17871
19268	20399
21071	21284
21172	20942
20727	20565
20474	20532
20788	21188
21643	22070
22354	22358
22053	21583
21134	20857
20808	20892
20922	20825
20792	21051
21523	21914
22110	22269
22525	22835
23089	23207
23170	23024
22774	22407
22008	21721
21562	21407
21224	21096
21099	21245
21562	22107
22857	23570
23729	22644
19842	15664
11296	7862
5693	4516
3939	3681
3580	3602
3822	4518
6168	8996
12396	15099
15972	14573
11418	7918
5402	4186
3792	3720
3733	3762
3788	3807
3823	3827
3818	3796
3776	3778
3804	3844
3893	3942
4008	4092
4193	4300
4395	4462
4493	4473
4394	4268
4138	4046
3999	3987
3986	3985
3990	3993
3992	3987
3973	3956
3947	3943
3949	3965
3999	4047
4115	4197
4281	4360
4428	4486
4554	4633
4729	4828
4924	5003
5066	5116
5147	5165
5223	5370
5572	5571
4798	2957
329	330
332	339
342	345
346	349
363	398
454	528
604	676
736	793
867	969
1102	1241
1363	1460
1539	1617
1687	1731
1775	1934
2394	3252
4431	5742
7015	8188
9262	10248
11078	11696
12152	12490
12629	12481
12135	11797
11582	11428
11194	10873
10623	10644
11021	11664
12354	12903
13289	13628
14057	14590
15123	15526
15727	15705
15498	15253
15261	15793
16902	18323
19650	20594
21058	21125
20948	20712
20524	20437
20490	20699
21037	21440
21861	22250
22472	22399
22025	21479
20945	20607
20529	20606
20662	20666
20808	21277
21943	22463
22705	22851
23064	23320
23508	23544
23438	23239
22958	22591
22214	21935
21753	21581
21420	21350
21417	21616
21980	22564
23334	24009
24043	22728
19632	15234
10844	7554
5544	4428
3851	3588
3484	3478
3627	4194
5684	8425
11910	14797
15736	14229
10970	7512
5147	4070
3740	3679
3691	3721
3762	3798
3832	3853
3855	3837
3819	3817
3839	3882
3928	3978
4038	4120
4220	4325
4419	4495
4531	4513
4433	4304
4172	4076
4027	4013
4013	4018
4021	4024
4021	4011
3988	3960
3936	3920
3915	3927
3959	4008
4072	4150
4233	4312
4381	4446
4523	4627
4747	4864
4955	5015
5054	5080
5101	5122
5181	5322
5502	5471
4692	2891
343	348
355	368
382	393
410	434
469	511
567	637
708	769
820	857
910	995
1112	1244
1358	1454
1541	1631
1712	1754
1796	1962
2432	3302
4480	5774
7029	8198
9321	10384
11279	11938
12414	12726
12764	12469
12002	11612
11397	11247
11038	10820
10774	11041
11570	12186
12702	13061
13320	13627
14069	14598
15062	15349
15431	15347
15164	15040
15250	16026
17308	18754
19955	20697
20987	20965
20787	20594
20467	20478
20665	21002
21387	21763
22133	22447
22560	22386
21947	21346
20759	20383
20296	20385
20513	20667
20986	21582
22290	22808
23043	23177
23378	23616
23763	23738
23564	23318
23027	22690
22360	22105
21910	21729
21595	21576
21689	21927
22325	22940
23718	24356
24278	22748
19389	14805
10420	7285
5427	4367
3787	3511
3413	3404
3516	3990
5347	8001
11532	14543
15512	13896
10542	7129
4906	3955
3686	3640
3653	3688
3733	3785
3833	3871
3879	3860
3840	3836
3860	3899
3944	3996
4059	4135
4228	4327
4426	4510
4556	4542
4461	4331
4192	4091
4040	4025
4031	4037
4043	4043
4039	4022
3997	3965
3931	3905
3892	3906
3935	3983
4044	4117
4197	4273
4340	4406
4493	4615
4758	4892
4987	5040
5059	5071
5081	5100
5157	5285
5441	5386
4604	2835
358	365
379	398
417	440
470	508
550	599
655	717
783	839
878	905
941	1013
1120	1243
1355	1448
1535	1627
1707	1744
1783	1957
2442	3324
4506	5791
7037	8220
9389	10502
11424	12096
12577	12857
12816	12423
11882	11466
11248	11102
10927	10804
10919	11348
11961	12523
12896	13114
13307	13608
14061	14583
15000	15212
15221	15115
14968	14946
15306	16237
17617	19050
20140	20738
20924	20860
20704	20558
20490	20572
20847	21254
21657	22010
22333	22575
22602	22348
21857	21230
20629	20239
20149	20264
20460	20742
21193	21838
22516	22979
23183	23313
23523	23766
23900	23832
23613	23334
23038	22733
22441	22206
22007	21822
21705	21716
21855	22119
22542	23178
23964	24584
24435	22769
19233	14530
10153	7120
5354	4329
3737	3453
3360	3356
3451	3879
5160	7751
11307	14385
15362	13664
10250	6872
4746	3874
3645	3610
3625	3662
3715	3775
3836	3878
3888	3872
3850	3844
3865	3903
3949	4001
4060	4136
4223	4321
4420	4512
4567	4559
4479	4344
4201	4091
4037	4025
4032	4040
4046	4045
4039	4024
3998	3963
3929	3898
3883	3896
3926	3973
4031	4101
4176	4246
4309	4378
4474	4606
4763	4908
5008	5057
5072	5075
5075	5088
5140	5258
5400	5327
4508	2647
