10461	10522
10630	10749
10819	10801
10722	10659
10664	10723
10779	10780
10720	10640
10595	10611
10656	10686
10693	10697
10695	10662
10581	10490
10454	10505
10588	10633
10623	10606
10599	10588
10557	10509
10474	10485
10546	10607
10606	10535
10448	10417
10475	10587
10690	10753
10798	10831
10832	10786
10722	10684
10729	10875
11071	11218
11239	11133
10936	10727
10598	10582
10650	10767
10898	11029
11165	11283
11325	11252
11096	10976
11005	11192
11423	11561
11569	11508
11465	11483
11534	11557
11510	11412
11324	11303
11362	11469
11581	11639
11604	11488
11366	11296
11279	11293
11340	11422
11523	11621
11704	11758
11744	11645
11499	11396
11367	11369
11353	11355
11428	11553
11654	11670
11606	11528
11521	11622
11764	11831
11760	11595
11424	11341
11400	11593
11844	12045
12139	12143
12119	12103
12100	12079
12041	12029
12059	12095
12122	12175
12300	12464
12541	12452
12277	12188
12258	12369
12331	12098
11808	11623
11611	11739
11929	12089
12156	12144
12127	12138
12157	12157
12143	12116
12084	12072
12078	12064
11990	11894
11865	11945
12098	12262
12383	12456
12525	12631
12748	12822
12854	12876
12892	12857
12741	12589
12489	12473
12516	12591
12684	12779
12837	12867
12904	12949
12996	13052
13103	13126
13123	13135
13168	13174
13112	12935
12476	11623
10540	10596
10692	10795
10852	10829
10754	10692
10691	10738
10775	10761
10698	10636
10617	10642
10669	10666
10643	10622
10599	10554
10480	10415
10412	10482
10576	10638
10665	10684
10698	10681
10628	10565
10522	10518
10549	10597
10633	10637
10612	10592
10614	10675
10738	10782
10817	10841
10837	10796
10746	10724
10763	10880
11039	11159
11188	11121
10977	10807
10687	10654
10701	10803
10922	11030
11128	11223
11285	11261
11148	11040
11051	11203
11400	11521
11534	11491
11459	11472
11513	11543
11522	11457
11385	11349
11373	11448
11550	11626
11617	11521
11397	11310
11278	11297
11361	11445
11523	11580
11618	11642
11633	11574
11487	11436
11440	11451
11421	11393
11437	11544
11635	11648
11588	11515
11507	11597
11730	11806
11760	11620
11467	11393
11450	11613
11795	11929
12003	12041
12054	12050
12043	12041
12056	12094
12128	12113
12055	12032
12102	12227
12301	12260
12159	12117
12187	12278
12259	12107
11921	11796
11765	11827
11962	12119
12226	12263
12271	12275
12265	12227
12176	12134
12109	12103
12103	12070
11992	11916
11915	12015
12176	12344
12463	12522
12563	12635
12727	12791
12819	12839
12853	12824
12733	12631
12592	12637
12715	12778
12829	12877
12917	12952
12997	13053
13109	13159
13193	13189
13157	13133
13146	13166
13130	12951
12476	11646
10653	10695
10757	10814
10835	10807
10755	10718
10722	10749
10754	10710
10641	10593
10597	10629
10642	10610
10561	10521
10486	10434
10367	10331
10360	10447
10550	10633
10698	10761
10802	10789
10723	10653
10609	10589
10584	10608
10668	10731
10757	10745
10736	10750
10772	10786
10803	10820
10816	10791
10766	10764
10804	10897
11014	11098
11110	11056
10960	10850
10767	10738
10773	10866
10977	11055
11103	11164
11236	11260
11195	11104
11100	11213
11370	11477
11504	11485
11463	11455
11462	11470
11472	11457
11428	11393
11379	11411
11491	11567
11573	11498
11388	11302
11266	11289
11362	11449
11514	11537
11533	11522
11508	11485
11457	11453
11484	11500
11465	11423
11446	11530
11608	11635
11604	11564
11569	11646
11759	11824
11786	11667
11537	11482
11529	11645
11758	11833
11890	11947
11986	11991
11989	12012
12067	12138
12175	12124
12008	11921
11928	11997
12052	12051
12023	12030
12095	12158
12146	12065
11976	11919
11885	11892
11979	12139
12303	12414
12465	12465
12417	12334
12256	12214
12204	12201
12178	12110
12012	11945
11972	12098
12277	12451
12562	12591
12585	12610
12671	12728
12772	12812
12843	12836
12779	12724
12733	12814
12915	12987
13030	13066
13103	13137
13181	13240
13298	13332
13331	13280
13181	13079
13037	13055
13047	12883
12419	11642
10719	10739
10757	10751
10723	10698
10692	10710
10736	10747
10721	10656
10581	10539
10543	10565
10557	10507
10450	10416
10393	10352
10302	10289
10337	10431
10531	10624
10720	10817
10881	10878
10817	10756
10721	10691
10658	10655
10707	10783
10827	10822
10807	10803
10795	10777
10768	10775
10782	10783
10788	10804
10841	10915
11001	11046
11019	10956
10901	10866
10852	10852
10883	10960
11053	11101
11103	11127
11196	11245
11214	11143
11132	11216
11342	11438
11483	11489
11472	11432
11381	11351
11362	11405
11437	11423
11385	11380
11431	11486
11485	11419
11335	11273
11252	11276
11346	11434
11496	11505
11474	11435
11412	11409
11423	11454
11492	11504
11478	11450
11465	11519
11579	11622
11643	11658
11693	11763
11846	11884
11839	11734
11638	11603
11631	11692
11756	11811
11863	11915
11948	11959
11978	12022
12083	12142
12167	12117
12000	11893
11849	11854
11869	11880
11897	11937
11993	12030
12017	11982
11969	11970
11951	11929
11980	12134
12345	12531
12643	12656
12576	12456
12362	12332
12344	12344
12289	12178
12051	11980
12021	12172
12370	12545
12637	12628
12577	12562
12605	12674
12744	12813
12866	12883
12865	12848
12869	12939
13041	13152
13254	13336
13390	13420
13456	13512
13559	13562
13515	13397
13196	12972
12830	12803
12802	12674
12267	11566
10675	10678
10658	10605
10544	10523
10562	10636
10698	10717
10684	10620
10555	10517
10507	10502
10462	10396
10346	10340
10351	10337
10307	10307
10363	10450
10542	10637
10741	10847
10919	10926
10885	10843
10821	10795
10753	10727
10748	10797
10829	10834
10840	10846
10828	10782
10744	10737
10757	10784
10806	10819
10841	10897
10967	10988
10935	10863
10850	10902
10969	11003
11024	11068
11122	11134
11106	11106
11157	11201
11180	11129
11124	11193
11295	11382
11437	11459
11443	11383
11296	11239
11261	11350
11433	11442
11397	11379
11417	11458
11443	11381
11320	11285
11275	11294
11348	11424
11479	11481
11439	11389
11365	11379
11422	11472
11507	11512
11500	11494
11504	11527
11560	11610
11670	11732
11793	11859
11919	11941
11897	11818
11759	11740
11738	11748
11782	11835
11886	11918
11933	11956
12008	12070
12111	12122
12116	12078
11998	11905
11835	11790
11760	11752
11779	11834
11887	11910
11905	11915
11964	12016
12016	11981
11998	12127
12342	12572
12737	12785
12705	12568
12462	12438
12461	12456
12370	12225
12079	12007
12061	12225
12426	12583
12640	12602
12536	12524
12584	12679
12776	12857
12920	12966
13000	13023
13039	13067
13144	13292
13475	13623
13695	13709
13728	13774
13803	13778
13688	13508
13209	12862
12610	12509
12489	12400
12065	11432
10537	10534
10506	10443
10375	10356
10410	10512
10605	10649
10642	10603
10561	10534
10520	10491
10429	10353
10316	10339
10381	10391
10372	10377
10429	10507
10590	10678
10773	10864
10924	10935
10915	10895
10884	10866
10833	10798
10785	10790
10800	10820
10855	10884
10867	10805
10743	10723
10746	10780
10796	10787
10786	10836
10915	10941
10882	10814
10834	10950
11076	11145
11160	11165
11164	11133
11086	11072
11096	11110
11082	11048
11062	11126
11209	11282
11333	11357
11344	11293
11220	11180
11219	11328
11424	11439
11402	11397
11453	11507
11501	11451
11405	11380
11368	11369
11398	11440
11464	11447
11402	11368
11366	11401
11464	11524
11557	11560
11553	11555
11562	11569
11586	11627
11689	11757
11818	11873
11926	11959
11950	11916
11895	11880
11847	11811
11816	11856
11892	11906
11915	11957
12038	12112
12130	12093
12046	12006
11956	11888
11818	11749
11687	11645
11652	11704
11765	11808
11849	11922
12027	12102
12103	12055
12049	12145
12332	12547
12726	12802
12758	12643
12537	12501
12511	12485
12376	12217
12079	12026
12096	12261
12437	12551
12568	12524
12482	12507
12606	12733
12837	12912
12980	13071
13186	13276
13299	13283
13314	13452
13658	13824
13875	13849
13824	13834
13839	13803
13701	13495
13160	12773
12474	12333
12296	12222
11919	11302
10387	10387
10375	10342
10298	10278
10319	10411
10512	10577
10600	10597
10590	10583
10576	10545
10481	10411
10387	10425
10480	10493
10471	10467
10507	10577
10655	10737
10819	10885
10922	10929
10920	10913
10908	10898
10875	10840
10800	10772
10771	10805
10866	10914
10903	10836
10762	10734
10755	10784
10782	10745
10727	10782
10878	10918
10866	10803
10833	10960
11108	11201
11228	11217
11173	11101
11037	11012
11007	10983
10940	10926
10966	11038
11111	11170
11206	11221
11219	11201
11178	11177
11229	11323
11398	11404
11375	11398
11490	11581
11608	11579
11544	11518
11497	11488
11491	11490
11459	11403
11359	11357
11396	11459
11531	11597
11638	11647
11639	11634
11642	11658
11680	11709
11741	11768
11792	11823
11878	11950
12002	12022
12022	12003
11951	11890
11863	11868
11878	11883
11902	11958
12043	12107
12103	12037
11958	11901
11861	11814
11761	11697
11619	11543
11516	11558
11644	11745
11861	12000
12137	12210
12198	12144
12129	12201
12343	12506
12645	12727
12729	12662
12575	12520
12495	12447
12341	12204
12097	12074
12155	12305
12440	12499
12485	12446
12441	12507
12631	12762
12848	12897
12970	13117
13318	13484
13545	13519
13504	13577
13717	13819
13814	13727
13638	13583
13549	13509
13423	13240
12948	12630
12399	12310
12300	12227
11903	11251
10319	10322
10332	10336
10322	10307
10332	10400
10483	10546
10589	10619
10643	10661
10665	10641
10586	10533
10522	10562
10603	10601
10563	10539
10561	10621
10699	10785
10863	10913
10930	10928
10922	10919
10914	10902
10880	10840
10788	10754
10760	10816
10895	10948
10936	10863
10783	10754
10783	10824
10821	10771
10737	10775
10859	10895
10848	10786
10797	10895
11025	11130
11185	11188
11137	11055
10991	10964
10942	10889
10835	10834
10894	10973
11043	11097
11127	11140
11150	11168
11188	11211
11253	11310
11347	11338
11320	11366
11485	11609
11664	11650
11615	11593
11587	11594
11596	11561
11475	11373
11321	11347
11423	11509
11585	11654
11705	11727
11725	11720
11735	11774
11815	11839
11839	11809
11768	11755
11814	11928
12041	12101
12104	12072
12013	11949
11908	11887
11878	11884
11912	11964
12017	12038
12003	11924
11838	11778
11743	11718
11688	11650
11587	11503
11450	11477
11584	11738
11915	12091
12229	12289
12271	12222
12213	12269
12376	12486
12571	12634
12667	12651
12585	12509
12452	12402
12335	12258
12201	12194
12267	12390
12489	12512
12473	12434
12441	12511
12625	12733
12789	12806
12867	13034
13269	13470
13566	13564
13528	13523
13552	13560
13500	13384
13255	13141
13056	12999
12925	12780
12558	12345
12246	12288
12369	12325
11981	11301
10391	10394
10409	10422
10414	10402
10424	10480
10537	10584
10627	10679
10728	10761
10766	10740
10696	10658
10656	10688
10710	10687
10626	10577
10573	10616
10695	10792
10879	10931
10943	10935
10928	10925
10916	10895
10859	10808
10761	10750
10795	10882
10970	11011
10977	10879
10782	10754
10813	10898
10927	10875
10808	10794
10825	10829
10776	10711
10701	10767
10876	10981
11054	11082
11062	11018
10989	10983
10963	10900
10831	10824
10876	10949
11017	11081
11122	11143
11165	11204
11242	11265
11279	11295
11298	11279
11268	11323
11451	11580
11634	11612
11573	11566
11594	11644
11670	11632
11518	11387
11320	11346
11427	11516
11590	11654
11710	11747
11761	11775
11811	11875
11935	11967
11954	11882
11777	11713
11759	11902
12049	12122
12111	12056
11993	11941
11909	11899
11899	11915
11948	11980
11984	11943
11868	11788
11723	11682
11660	11647
11650	11664
11651	11595
11537	11546
11648	11810
11991	12150
12259	12299
12281	12247
12242	12296
12389	12475
12530	12582
12633	12648
12595	12498
12423	12391
12381	12373
12359	12361
12408	12504
12588	12603
12552	12495
12475	12511
12595	12681
12718	12717
12752	12882
13066	13223
13309	13324
13289	13234
13191	13146
13082	12994
12875	12729
12592	12501
12429	12307
12123	11966
11961	12123
12317	12350
12048	11403
10578	10574
10574	10561
10525	10502
10529	10587
10639	10676
10719	10775
10829	10859
10857	10827
10782	10750
10748	10773
10788	10757
10689	10617
10578	10594
10661	10762
10862	10927
10947	10944
10937	10934
10921	10886
10827	10770
10744	10786
10888	11005
11088	11096
11019	10882
10762	10735
10829	10971
11040	10990
10883	10806
10773	10737
10667	10599
10586	10647
10749	10842
10905	10943
10969	10992
11024	11059
11054	10991
10914	10882
10901	10948
11015	11093
11155	11193
11225	11270
11310	11323
11314	11303
11290	11268
11264	11312
11416	11515
11548	11512
11475	11489
11556	11637
11687	11666
11567	11445
11372	11374
11424	11488
11547	11603
11655	11699
11735	11774
11838	11920
11996	12039
12026	11936
11794	11697
11733	11881
12028	12087
12052	11974
11901	11856
11852	11880
11917	11955
11989	12006
11977	11896
11797	11723
11688	11669
11649	11641
11676	11750
11803	11786
11735	11730
11811	11949
12088	12192
12247	12257
12234	12201
12194	12240
12333	12424
12486	12548
12619	12645
12585	12480
12413	12411
12439	12468
12489	12502
12533	12605
12689	12718
12667	12579
12518	12513
12568	12641
12678	12674
12685	12749
12835	12900
12932	12933
12896	12840
12791	12761
12742	12707
12614	12448
12265	12144
12082	11996
11837	11684
11689	11893
12160	12272
12057	11503
10795	10784
10754	10694
10613	10567
10593	10664
10730	10779
10825	10873
10913	10936
10931	10899
10851	10811
10802	10824
10847	10835
10775	10688
10616	10592
10632	10724
10827	10903
10938	10950
10955	10955
10934	10879
10808	10754
10764	10860
11009	11137
11195	11161
11046	10883
10752	10727
10842	11014
11109	11066
10940	10830
10756	10688
10607	10544
10546	10621
10719	10783
10805	10824
10875	10955
11046	11115
11127	11073
10997	10942
10927	10950
11012	11097
11174	11229
11274	11322
11360	11364
11344	11325
11317	11316
11320	11342
11385	11427
11430	11400
11386	11426
11506	11586
11633	11629
11575	11499
11440	11421
11430	11453
11488	11532
11582	11634
11684	11740
11813	11901
11978	12016
11996	11908
11773	11685
11720	11850
11969	12001
11947	11864
11799	11772
11798	11861
11925	11971
12003	12013
11982	11904
11814	11760
11745	11734
11707	11700
11762	11878
11965	11965
11921	11918
11994	12104
12196	12241
12246	12224
12185	12138
12112	12137
12221	12322
12408	12497
12582	12602
12529	12429
12390	12411
12448	12485
12528	12568
12607	12671
12758	12802
12752	12641
12545	12515
12551	12610
12643	12637
12625	12629
12629	12613
12591	12566
12530	12490
12469	12473
12491	12492
12415	12241
12042	11921
11893	11872
11776	11655
11652	11830
12086	12226
12071	11597
10953	10933
10880	10781
10667	10602
10623	10699
10781	10848
10899	10931
10955	10975
10985	10964
10908	10848
10822	10841
10879	10893
10856	10773
10681	10628
10641	10710
10802	10876
10922	10954
10981	10989
10958	10890
10815	10781
10830	10961
11115	11220
11240	11176
11055	10911
10796	10773
10871	11028
11126	11101
10999	10898
10818	10734
10654	10614
10645	10729
10802	10813
10775	10756
10804	10909
11027	11110
11131	11091
11021	10959
10933	10953
11010	11088
11166	11234
11295	11342
11367	11360
11335	11322
11336	11361
11374	11361
11338	11316
11299	11291
11313	11374
11449	11504
11526	11529
11523	11509
11486	11459
11432	11419
11428	11464
11522	11585
11642	11694
11754	11821
11873	11885
11851	11777
11692	11649
11691	11787
11864	11872
11824	11772
11751	11764
11811	11879
11930	11950
11956	11957
11940	11899
11848	11825
11825	11815
11788	11792
11870	11987
12063	12057
12027	12045
12124	12217
12277	12289
12268	12228
12175	12109
12054	12050
12117	12220
12328	12432
12516	12519
12438	12351
12332	12361
12387	12417
12476	12547
12609	12680
12774	12828
12779	12649
12527	12472
12489	12537
12573	12571
12540	12492
12430	12367
12322	12297
12280	12270
12269	12270
12275	12264
12194	12046
11881	11792
11806	11853
11856	11830
11864	12005
12194	12293
12139	11680
11015	10991
10928	10822
10708	10643
10656	10721
10801	10868
10910	10922
10930	10963
11000	10999
10939	10856
10806	10816
10866	10909
10904	10843
10760	10703
10702	10755
10827	10884
10923	10964
11007	11026
10992	10918
10850	10843
10919	11050
11174	11238
11227	11166
11078	10983
10902	10870
10921	11027
11110	11117
11068	11004
10933	10851
10788	10782
10840	10915
10944	10900
10813	10756
10781	10876
10990	11072
11089	11049
10987	10940
10934	10969
11021	11077
11144	11223
11289	11322
11320	11302
11286	11288
11313	11346
11355	11320
11257	11207
11191	11204
11245	11308
11370	11401
11403	11411
11446	11486
11498	11472
11423	11376
11362	11391
11456	11528
11588	11628
11660	11688
11703	11689
11651	11612
11591	11602
11645	11700
11739	11738
11718	11722
11760	11810
11866	11914
11926	11900
11865	11848
11846	11847
11848	11861
11873	11866
11847	11862
11933	12022
12071	12071
12074	12117
12195	12271
12309	12304
12268	12221
12161	12092
12026	12004
12056	12158
12269	12372
12436	12421
12340	12267
12254	12277
12292	12315
12373	12453
12530	12619
12728	12798
12759	12619
12462	12358
12339	12388
12458	12489
12453	12364
12261	12178
12142	12155
12196	12240
12250	12211
12140	12064
11982	11883
11794	11761
11803	11888
11978	12063
12159	12265
12355	12373
12188	11717
11017	10989
10925	10834
10745	10696
10702	10744
10803	10853
10870	10859
10859	10902
10963	10977
10916	10820
10759	10770
10834	10905
10932	10904
10846	10803
10807	10856
10910	10941
10952	10978
11026	11056
11030	10958
10896	10901
10977	11088
11177	11213
11199	11164
11127	11086
11033	10982
10976	11031
11099	11133
11130	11097
11037	10966
10926	10943
11006	11061
11060	10990
10887	10812
10807	10871
10961	11028
11041	11004
10955	10940
10968	11020
11057	11086
11137	11212
11269	11277
11251	11231
11231	11244
11260	11268
11255	11211
11157	11128
11132	11154
11182	11227
11277	11305
11308	11324
11383	11454
11485	11457
11393	11331
11300	11320
11380	11447
11496	11516
11520	11518
11510	11491
11473	11479
11515	11568
11611	11640
11654	11657
11672	11718
11785	11843
11882	11899
11880	11824
11767	11746
11761	11800
11845	11884
11898	11885
11868	11882
11932	11990
12038	12077
12121	12170
12222	12270
12287	12260
12205	12148
12102	12062
12023	12010
12054	12139
12227	12295
12327	12302
12241	12193
12188	12210
12229	12250
12286	12341
12415	12521
12651	12737
12720	12590
12404	12244
12174	12218
12324	12392
12361	12256
12145	12079
12081	12155
12280	12393
12421	12330
12154	11976
11850	11792
11791	11830
11896	11995
12137	12299
12426	12472
12446	12365
12139	11679
11018	10983
10918	10839
10773	10739
10734	10751
10786	10815
10814	10791
10789	10836
10897	10907
10846	10754
10706	10733
10818	10913
10967	10966
10927	10895
10904	10954
10999	10996
10966	10960
11003	11049
11043	10984
10926	10928
10988	11072
11140	11176
11185	11185
11187	11181
11138	11071
11032	11059
11117	11155
11160	11133
11075	11013
10984	11001
11047	11082
11074	11021
10944	10878
10854	10883
10946	11003
11023	11002
10976	10987
11036	11088
11109	11118
11153	11214
11256	11248
11217	11201
11212	11220
11206	11173
11125	11081
11061	11076
11109	11128
11139	11164
11207	11239
11247	11270
11334	11408
11437	11409
11349	11292
11263	11275
11319	11366
11390	11386
11366	11347
11331	11328
11347	11397
11472	11546
11596	11618
11628	11641
11675	11735
11796	11830
11839	11827
11791	11734
11687	11679
11714	11780
11852	11904
11910	11886
11870	11879
11911	11961
12037	12129
12196	12220
12223	12228
12219	12173
12103	12048
12031	12044
12061	12081
12120	12167
12194	12192
12172	12144
12133	12149
12182	12213
12233	12242
12238	12249
12307	12416
12542	12630
12634	12542
12376	12202
12104	12126
12218	12268
12215	12110
12034	12022
12078	12207
12391	12556
12604	12492
12261	12018
11856	11815
11875	11972
12062	12172
12342	12542
12672	12659
12531	12349
12073	11632
11048	11003
10931	10854
10796	10758
10737	10733
10750	10772
10774	10765
10775	10812
10849	10838
10779	10710
10683	10723
10820	10927
11002	11020
10987	10946
10947	10991
11023	10992
10920	10883
10919	10982
11005	10974
10938	10940
10984	11046
11108	11160
11193	11211
11227	11230
11196	11134
11100	11123
11167	11179
11152	11104
11042	10985
10955	10959
10980	10994
10995	10981
10955	10924
10903	10916
10965	11024
11054	11043
11022	11029
11072	11119
11146	11164
11199	11245
11269	11257
11230	11217
11216	11206
11166	11100
11031	10996
11008	11055
11101	11120
11125	11145
11181	11203
11204	11219
11270	11328
11353	11334
11293	11251
11229	11239
11278	11317
11324	11299
11261	11228
11212	11227
11280	11361
11447	11519
11571	11599
11614	11634
11672	11723
11764	11778
11773	11755
11721	11677
11647	11651
11686	11754
11836	11893
11902	11886
11885	11900
11929	11990
12098	12218
12277	12249
12191	12151
12125	12087
12035	12006
12022	12078
12140	12186
12217	12219
12174	12085
11999	11973
12035	12152
12247	12288
12282	12246
12194	12171
12212	12307
12403	12458
12467	12427
12331	12210
12129	12133
12174	12146
12030	11910
11874	11922
12019	12168
12360	12533
12601	12529
12344	12132
11981	11950
12024	12130
12225	12338
12524	12752
12898	12872
12701	12452
12114	11652
11082	11038
10965	10885
10822	10774
10734	10714
10726	10757
10780	10798
10819	10841
10840	10816
10776	10737
10721	10746
10820	10926
11019	11055
11021	10963
10943	10971
10982	10927
10837	10786
10813	10878
10925	10934
10939	10961
10999	11047
11108	11169
11205	11215
11223	11225
11204	11174
11172	11207
11224	11188
11118	11043
10979	10929
10904	10901
10903	10900
10900	10915
10937	10948
10951	10974
11027	11089
11116	11092
11043	11016
11035	11089
11153	11211
11261	11293
11298	11282
11257	11235
11214	11182
11128	11058
11000	10985
11016	11066
11099	11110
11120	11148
11178	11182
11165	11161
11187	11228
11254	11254
11228	11186
11154	11168
11228	11296
11322	11300
11254	11210
11187	11211
11286	11376
11444	11485
11511	11533
11551	11572
11600	11636
11670	11695
11722	11741
11735	11704
11676	11667
11676	11714
11781	11839
11863	11872
11900	11940
11989	12070
12187	12292
12302	12216
12109	12047
12029	12031
12034	12052
12096	12164
12227	12262
12276	12254
12161	12007
11878	11861
11990	12190
12335	12365
12307	12212
12122	12082
12117	12200
12266	12293
12301	12302
12275	12218
12175	12179
12178	12084
11902	11750
11723	11799
11919	12066
12232	12372
12442	12432
12351	12233
12146	12136
12197	12272
12331	12423
12611	12860
13034	13032
12870	12607
12226	11710
11090	11063
11004	10927
10856	10795
10749	10731
10750	10793
10827	10851
10868	10867
10849	10833
10830	10825
10805	10790
10820	10908
11013	11066
11037	10977
10949	10951
10930	10860
10784	10750
10770	10817
10862	10899
10941	10983
11017	11057
11112	11163
11183	11171
11160	11162
11167	11185
11229	11274
11266	11190
11088	11005
10949	10915
10904	10904
10899	10884
10878	10897
10934	10966
10991	11032
11098	11163
11185	11137
11051	10983
10980	11048
11149	11242
11301	11323
11312	11284
11253	11222
11190	11151
11100	11045
11009	11016
11056	11092
11096	11088
11102	11137
11163	11159
11135	11114
11115	11138
11164	11174
11147	11086
11036	11059
11162	11284
11356	11361
11324	11271
11241	11266
11347	11430
11464	11450
11434	11433
11446	11460
11475	11494
11531	11598
11691	11778
11811	11785
11744	11712
11691	11693
11728	11775
11807	11837
11889	11962
12051	12158
12269	12318
12252	12103
11965	11907
11924	11979
12045	12110
12169	12221
12253	12260
12258	12230
12131	11974
11853	11865
12026	12239
12374	12370
12265	12136
12041	12006
12040	12106
12166	12205
12238	12268
12266	12222
12176	12168
12153	12052
11868	11721
11703	11802
11951	12104
12227	12296
12327	12338
12332	12309
12299	12330
12384	12414
12416	12454
12609	12836
12999	12990
12840	12597
12221	11688
11056	11054
11023	10956
10880	10820
10785	10784
10815	10853
10869	10868
10865	10855
10846	10858
10894	10918
10897	10849
10834	10892
10989	11048
11042	11007
10985	10959
10896	10820
10780	10788
10814	10835
10858	10897
10945	10981
11000	11023
11064	11099
11098	11073
11055	11059
11092	11153
11234	11289
11274	11188
11090	11023
10987	10965
10953	10943
10929	10916
10918	10937
10963	10983
11007	11058
11135	11206
11230	11180
11078	10993
10984	11055
11164	11254
11301	11306
11283	11247
11208	11176
11151	11127
11091	11049
11022	11034
11077	11110
11106	11090
11093	11116
11133	11132
11114	11088
11072	11076
11092	11090
11047	10970
10919	10961
11103	11271
11382	11412
11385	11333
11302	11328
11412	11486
11489	11432
11376	11354
11358	11360
11355	11361
11409	11516
11665	11797
11850	11819
11764	11731
11712	11704
11717	11744
11768	11798
11855	11952
12078	12211
12304	12293
12153	11955
11805	11763
11813	11909
12012	12096
12148	12172
12168	12151
12143	12120
12044	11939
11891	11960
12121	12285
12361	12315
12196	12081
12016	11999
12009	12037
12086	12157
12239	12296
12287	12207
12112	12062
12043	11986
11879	11806
11850	12004
12207	12375
12441	12415
12374	12371
12400	12442
12502	12575
12633	12630
12572	12535
12599	12737
12812	12745
12578	12361
12033	11548
10985	10997
10982	10926
10861	10820
10812	10834
10870	10885
10863	10827
10813	10823
10847	10886
10941	10981
10968	10918
10882	10907
10976	11034
11053	11049
11022	10954
10852	10781
10789	10846
10890	10898
10902	10926
10953	10955
10937	10937
10959	10978
10970	10950
10940	10953
11002	11083
11181	11248
11245	11186
11127	11094
11074	11043
10997	10946
10914	10920
10957	10997
11012	11008
11016	11060
11133	11201
11231	11191
11098	11022
11024	11099
11195	11255
11270	11254
11225	11191
11153	11123
11110	11106
11088	11050
11012	11011
11059	11117
11147	11147
11137	11124
11105	11090
11080	11063
11048	11043
11042	11018
10957	10880
10846	10911
11069	11246
11362	11394
11371	11327
11303	11339
11427	11495
11482	11409
11344	11323
11326	11313
11287	11286
11346	11469
11625	11748
11786	11745
11699	11695
11716	11731
11740	11749
11763	11784
11833	11926
12057	12190
12260	12213
12051	11853
11719	11694
11756	11859
11962	12031
12054	12036
12001	11973
11962	11943
11897	11865
11912	12042
12199	12310
12332	12272
12179	12110
12079	12056
12022	11991
12011	12098
12217	12297
12283	12175
12042	11959
11936	11928
11912	11938
12068	12294
12545	12713
12722	12620
12531	12528
12590	12685
12797	12900
12954	12921
12812	12693
12637	12633
12590	12452
12265	12068
11794	11385
10917	10909
10869	10805
10757	10751
10785	10837
10878	10873
10825	10778
10776	10819
10874	10928
10981	11022
11027	11002
10981	10993
11032	11070
11085	11067
11000	10883
10761	10714
10767	10867
10934	10951
10959	10977
10979	10937
10878	10844
10844	10850
10851	10854
10862	10878
10919	10995
11092	11172
11202	11200
11200	11208
11193	11128
11020	10909
10855	10888
10975	11048
11067	11050
11045	11073
11116	11157
11171	11138
11057	10997
11020	11112
11204	11239
11220	11184
11160	11145
11124	11098
11083	11080
11070	11031
10983	10975
11039	11141
11222	11254
11236	11177
11102	11046
11026	11029
11038	11043
11030	10986
10916	10844
10827	10901
11052	11209
11301	11319
11298	11268
11260	11303
11389	11448
11430	11361
11312	11319
11334	11314
11275	11276
11343	11456
11568	11635
11636	11598
11586	11635
11708	11759
11773	11774
11785	11810
11851	11918
12013	12107
12148	12102
11979	11845
11761	11755
11803	11881
11954	11993
11974	11917
11855	11815
11792	11770
11755	11784
11884	12035
12181	12266
12266	12213
12158	12132
12115	12073
12004	11950
11960	12046
12163	12243
12237	12155
12051	11983
11965	11970
11987	12061
12233	12479
12724	12863
12835	12707
12628	12666
12777	12922
13076	13200
13241	13169
13012	12829
12671	12539
12392	12214
12032	11856
11622	11281
10865	10823
10737	10638
10583	10601
10672	10759
10821	10829
10792	10768
10794	10858
10919	10966
11005	11042
11071	11091
11117	11147
11166	11163
11124	11042
10916	10768
10659	10646
10730	10850
10934	10975
11009	11040
11028	10951
10855	10791
10770	10769
10788	10816
10838	10847
10868	10924
11015	11111
11186	11248
11309	11351
11332	11228
11063	10903
10834	10885
11003	11099
11125	11109
11097	11099
11098	11094
11084	11041
10962	10914
10959	11074
11176	11202
11167	11126
11117	11134
11142	11123
11094	11069
11043	11002
10960	10967
11054	11191
11309	11363
11341	11252
11132	11035
10998	11008
11035	11050
11036	10993
10931	10874
10862	10926
11051	11172
11234	11240
11229	11221
11233	11281
11352	11395
11368	11306
11284	11323
11362	11347
11312	11324
11396	11484
11535	11535
11499	11472
11498	11587
11699	11777
11804	11806
11827	11868
11914	11954
11999	12036
12043	12013
11965	11923
11906	11905
11918	11947
11983	11993
11949	11869
11791	11734
11691	11667
11688	11756
11846	11951
12052	12106
12090	12041
12013	12015
12013	11983
11942	11930
11968	12045
12127	12173
12176	12155
12131	12127
12128	12108
12088	12132
12272	12468
12645	12725
12672	12553
12511	12602
12771	12962
13149	13288
13313	13205
13014	12804
12602	12400
12200	12019
11864	11708
11488	11182
10790	10755
10667	10541
10449	10443
10513	10617
10705	10751
10765	10786
10840	10909
10960	10987
11007	11037
11083	11147
11221	11283
11297	11246
11137	10987
10827	10695
10627	10645
10736	10842
10919	10975
11039	11092
11080	10986
10867	10780
10742	10742
10779	10829
10856	10851
10851	10894
10987	11099
11205	11311
11415	11481
11458	11334
11146	10971
10893	10939
11055	11152
11182	11168
11146	11122
11088	11052
11018	10961
10880	10837
10895	11028
11139	11172
11142	11112
11124	11172
11209	11204
11159	11099
11044	10996
10970	11000
11104	11248
11370	11427
11405	11318
11196	11094
11044	11042
11051	11052
11042	11028
11008	10978
10963	11000
11088	11170
11208	11214
11221	11239
11266	11310
11364	11383
11344	11284
11279	11335
11392	11395
11380	11406
11480	11543
11551	11508
11454	11433
11469	11555
11667	11759
11805	11823
11854	11910
11966	12003
12021	12017
11995	11974
11982	12012
12035	12027
11998	11982
11988	11984
11945	11880
11811	11742
11675	11646
11689	11764
11813	11838
11869	11885
11855	11809
11795	11818
11849	11879
11924	11990
12063	12119
12143	12141
12135	12146
12187	12246
12279	12243
12168	12144
12211	12325
12418	12442
12371	12261
12231	12341
12540	12755
12948	13082
13096	12976
12787	12591
12396	12195
12009	11865
11752	11611
11375	11040
10658	10682
10660	10559
10436	10377
10402	10478
10563	10636
10699	10766
10841	10916
10969	10995
11012	11040
11087	11158
11248	11324
11335	11254
11106	10932
10785	10701
10687	10727
10798	10864
10910	10964
11047	11120
11114	11014
10878	10771
10720	10730
10782	10842
10867	10853
10848	10901
11008	11130
11241	11351
11467	11541
11529	11421
11247	11075
10983	11006
11101	11191
11223	11207
11171	11126
11081	11039
10997	10931
10845	10810
10876	11013
11132	11177
11164	11153
11184	11249
11306	11312
11255	11164
11079	11026
11014	11056
11155	11280
11382	11430
11417	11355
11271	11197
11153	11125
11093	11064
11059	11091
11130	11139
11121	11128
11175	11225
11248	11262
11286	11313
11336	11369
11406	11405
11349	11287
11283	11342
11400	11422
11436	11484
11558	11606
11596	11543
11494	11480
11494	11535
11606	11691
11756	11792
11824	11872
11931	11986
12023	12017
11975	11942
11964	12024
12065	12058
12016	11981
11967	11958
11941	11916
11879	11812
11728	11681
11706	11750
11744	11713
11705	11714
11707	11688
11686	11712
11765	11854
11984	12117
12207	12232
12215	12182
12156	12147
12175	12237
12289	12270
12190	12131
12133	12175
12217	12221
12157	12051
12000	12082
12264	12467
12637	12733
12729	12621
12454	12282
12119	11967
11852	11785
11729	11607
11332	10909
10491	10574
10629	10585
10477	10395
10378	10404
10447	10511
10592	10677
10761	10842
10914	10971
11028	11091
11145	11194
11252	11299
11289	11199
11057	10909
10808	10770
10787	10830
10875	10900
10915	10957
11045	11129
11129	11028
10880	10756
10696	10714
10775	10830
10845	10831
10844	10921
11046	11166
11256	11344
11445	11526
11540	11470
11328	11163
11051	11047
11125	11212
11246	11218
11158	11097
11056	11027
10995	10936
10860	10835
10902	11035
11157	11220
11228	11228
11256	11316
11377	11388
11326	11221
11125	11068
11058	11092
11167	11261
11340	11383
11388	11363
11325	11292
11259	11212
11145	11088
11085	11149
11234	11276
11265	11253
11277	11311
11334	11358
11383	11393
11389	11399
11417	11399
11338	11283
11284	11335
11387	11421
11464	11538
11615	11652
11634	11593
11569	11565
11551	11528
11536	11593
11668	11723
11751	11772
11811	11881
11953	11971
11920	11868
11880	11949
12020	12053
12046	12015
11974	11940
11927	11933
11927	11879
11797	11735
11715	11694
11638	11584
11584	11628
11675	11699
11708	11718
11758	11863
12034	12207
12306	12324
12297	12264
12228	12187
12158	12162
12183	12183
12147	12105
12080	12080
12104	12123
12094	12004
11933	11974
12127	12299
12418	12455
12416	12311
12160	11996
11853	11758
11727	11747
11759	11665
11364	10848
10333	10429
10518	10522
10462	10407
10387	10383
10388	10420
10487	10566
10636	10699
10777	10883
11025	11181
11297	11350
11369	11354
11286	11164
11033	10933
10881	10871
10886	10909
10924	10921
10921	10962
11054	11136
11136	11038
10891	10766
10708	10725
10778	10813
10811	10802
10837	10932
11055	11150
11208	11273
11372	11467
11513	11485
11375	11218
11096	11076
11146	11228
11252	11203
11116	11039
11000	10991
10984	10956
10911	10897
10952	11067
11190	11267
11288	11280
11284	11325
11376	11386
11328	11229
11144	11092
11076	11095
11143	11209
11270	11322
11354	11368
11369	11361
11338	11284
11205	11132
11112	11163
11251	11309
11319	11318
11340	11373
11403	11433
11454	11436
11395	11368
11356	11333
11291	11264
11286	11335
11381	11426
11495	11587
11662	11679
11648	11621
11631	11647
11610	11528
11473	11499
11582	11660
11693	11687
11690	11747
11827	11858
11810	11750
11761	11857
11986	12093
12141	12112
12023	11932
11889	11893
11896	11869
11819	11774
11733	11665
11567	11499
11506	11578
11662	11721
11740	11741
11767	11868
12042	12225
12341	12373
12359	12330
12295	12253
12203	12149
12104	12081
12072	12060
12036	12020
12038	12079
12091	12039
11979	12009
12136	12269
12322	12287
12204	12090
11944	11781
11644	11584
11617	11705
11771	11715
11408	10836
10217	10293
10367	10391
10374	10362
10367	10369
10362	10378
10430	10486
10522	10548
10612	10758
10992	11260
11466	11575
11600	11546
11403	11215
11069	11006
11003	11015
11016	11000
10973	10939
10929	10975
11070	11147
11139	11048
10925	10829
10785	10797
10827	10838
10823	10818
10852	10932
11019	11070
11096	11156
11271	11391
11465	11466
11387	11250
11140	11124
11189	11259
11261	11184
11077	10991
10953	10953
10972	10982
10972	10960
10990	11081
11196	11280
11299	11277
11259	11277
11315	11326
11280	11202
11133	11099
11096	11112
11141	11179
11228	11289
11351	11398
11420	11417
11392	11346
11273	11193
11144	11152
11206	11258
11283	11299
11325	11355
11391	11435
11466	11443
11376	11306
11262	11243
11244	11264
11307	11356
11405	11466
11553	11646
11699	11682
11636	11628
11673	11701
11643	11513
11416	11423
11510	11602
11641	11626
11602	11625
11683	11710
11674	11634
11674	11814
12001	12163
12239	12199
12066	11926
11844	11819
11809	11791
11777	11778
11768	11701
11589	11499
11481	11534
11621	11694
11729	11752
11808	11924
12089	12253
12368	12424
12428	12396
12349	12320
12292	12233
12145	12069
12029	12006
11986	11977
12005	12065
12110	12097
12069	12094
12182	12252
12233	12137
12020	11907
11778	11632
11510	11476
11539	11660
11757	11724
11433	10859
10211	10244
10277	10287
10288	10301
10325	10338
10339	10356
10402	10443
10448	10438
10484	10650
10933	11250
11492	11634
11698	11666
11511	11292
11133	11102
11158	11219
11231	11185
11099	11006
10959	10996
11088	11153
11134	11055
10975	10925
10910	10918
10937	10947
10941	10928
10926	10946
10973	10981
10986	11043
11160	11284
11369	11393
11346	11246
11167	11175
11252	11313
11297	11206
11088	10997
10952	10953
10986	11022
11028	11008
11010	11080
11189	11266
11276	11241
11212	11218
11246	11256
11226	11171
11129	11127
11159	11193
11211	11216
11237	11294
11372	11435
11460	11447
11417	11376
11321	11251
11190	11168
11185	11211
11225	11229
11239	11260
11304	11369
11419	11406
11335	11244
11182	11175
11214	11272
11324	11374
11434	11520
11621	11703
11723	11677
11628	11645
11715	11742
11656	11498
11384	11379
11451	11527
11554	11532
11504	11515
11563	11593
11577	11569
11647	11823
12031	12192
12255	12204
12072	11929
11831	11777
11740	11713
11713	11747
11771	11730
11630	11523
11466	11484
11562	11651
11719	11788
11902	12058
12215	12336
12427	12498
12539	12522
12463	12416
12394	12362
12288	12183
12074	11984
11937	11937
11981	12054
12115	12137
12132	12136
12157	12151
12074	11949
11829	11736
11645	11539
11453	11440
11512	11631
11725	11701
11444	10927
10347	10336
10319	10304
10303	10317
10339	10348
10349	10364
10402	10436
10428	10395
10417	10566
10832	11111
11296	11389
11449	11467
11389	11231
11110	11119
11243	11384
11453	11411
11275	11109
11001	11008
11085	11136
11109	11048
11018	11028
11050	11075
11114	11162
11183	11150
11079	11013
10980	10959
10940	10952
11014	11098
11178	11229
11222	11161
11121	11171
11282	11364
11360	11276
11161	11058
10994	10983
11018	11067
11078	11048
11035	11089
11184	11247
11246	11209
11179	11178
11194	11203
11190	11159
11145	11180
11256	11317
11323	11293
11277	11315
11387	11447
11464	11441
11405	11369
11327	11274
11226	11206
11211	11208
11179	11140
11117	11129
11188	11273
11329	11317
11251	11174
11125	11131
11182	11246
11300	11352
11430	11541
11659	11739
11747	11697
11663	11704
11780	11789
11680	11519
11411	11397
11436	11463
11454	11417
11397	11433
11511	11563
11564	11570
11661	11841
12031	12156
12192	12150
12056	11947
11857	11791
11742	11710
11705	11719
11720	11674
11581	11473
11398	11400
11489	11615
11732	11860
12026	12212
12348	12417
12468	12555
12653	12696
12653	12576
12526	12514
12489	12395
12221	12030
11903	11865
11890	11939
11992	12033
12054	12048
12022	11964
11865	11746
11652	11598
11557	11505
11462	11467
11528	11620
11688	11658
11447	11041
10584	10545
10497	10471
10469	10482
10489	10481
10462	10453
10475	10501
10487	10436
10415	10501
10696	10903
11012	11019
11013	11031
11023	10957
10902	10952
11123	11327
11461	11465
11340	11143
10990	10959
11016	11048
11019	10988
11022	11101
11179	11250
11339	11438
11484	11419
11264	11108
11018	10967
10901	10828
10788	10800
10860	10933
10965	10954
10963	11059
11215	11346
11388	11342
11239	11119
11028	11003
11044	11105
11124	11087
11058	11094
11169	11219
11217	11185
11158	11149
11150	11158
11160	11156
11170	11232
11331	11410
11413	11359
11315	11326
11374	11418
11425	11403
11375	11342
11302	11253
11220	11215
11217	11191
11124	11045
10997	11007
11082	11180
11229	11209
11159	11113
11088	11094
11132	11186
11242	11306
11398	11522
11654	11750
11775	11748
11739	11798
11870	11860
11743	11593
11501	11483
11492	11477
11426	11367
11352	11417
11529	11602
11600	11594
11667	11822
11979	12075
12104	12086
12036	11965
11897	11850
11832	11826
11808	11766
11697	11611
11508	11401
11318	11323
11436	11607
11771	11934
12123	12306
12412	12434
12448	12535
12678	12791
12805	12735
12663	12652
12664	12595
12390	12120
11899	11775
11722	11702
11716	11761
11812	11833
11811	11752
11663	11575
11526	11521
11531	11531
11527	11538
11577	11633
11665	11623
11459	11169
10828	10784
10740	10727
10740	10755
10753	10728
10686	10651
10651	10666
10649	10581
10509	10508
10606	10743
10818	10788
10717	10676
10661	10635
10614	10676
10839	11039
11188	11237
11175	11029
10880	10819
10836	10840
10809	10820
10933	11100
11254	11382
11506	11623
11667	11568
11348	11124
10982	10892
10773	10624
10505	10463
10498	10567
10625	10661
10724	10857
11039	11207
11302	11302
11221	11096
10999	10985
11050	11134
11158	11117
11069	11074
11121	11162
11165	11144
11121	11107
11107	11121
11143	11165
11201	11272
11378	11463
11470	11408
11338	11311
11327	11353
11366	11364
11351	11315
11261	11207
11181	11182
11179	11139
11060	10972
10916	10924
11005	11109
11166	11158
11132	11112
11097	11090
11102	11142
11208	11289
11385	11500
11629	11738
11789	11791
11808	11880
11954	11944
11835	11705
11625	11602
11592	11557
11487	11416
11396	11461
11566	11624
11612	11593
11646	11768
11889	11965
11997	12004
11992	11957
11923	11921
11961	12006
11996	11920
11807	11690
11575	11456
11359	11355
11467	11646
11821	11980
12152	12305
12378	12367
12353	12412
12541	12671
12733	12708
12646	12620
12631	12584
12409	12148
11898	11706
11571	11484
11455	11484
11546	11596
11605	11565
11503	11463
11470	11520
11576	11616
11636	11647
11663	11683
11681	11626
11493	11283
11002	10972
10952	10969
11002	11020
11014	10982
10931	10890
10881	10895
10883	10815
10718	10653
10664	10734
10789	10771
10696	10618
10567	10525
10494	10525
10633	10765
10861	10903
10888	10806
10688	10607
10580	10549
10515	10569
10757	11008
11233	11399
11519	11600
11606	11481
11241	10987
10813	10701
10572	10419
10299	10258
10283	10335
10386	10446
10533	10664
10825	10975
11077	11098
11042	10957
10900	10923
11019	11115
11149	11110
11059	11046
11071	11100
11103	11081
11061	11061
11086	11125
11165	11197
11235	11298
11393	11475
11491	11430
11341	11276
11259	11277
11308	11332
11327	11278
11203	11145
11134	11148
11145	11102
11031	10957
10908	10913
10988	11096
11169	11187
11185	11180
11169	11147
11132	11157
11231	11330
11423	11512
11611	11709
11758	11767
11799	11886
11974	11984
11911	11817
11746	11701
11663	11616
11556	11500
11484	11525
11586	11611
11590	11576
11619	11704
11782	11826
11851	11877
11898	11900
11892	11920
12003	12090
12116	12072
11999	11915
11805	11671
11554	11514
11578	11710
11847	11976
12114	12232
12271	12234
12195	12209
12272	12350
12412	12423
12384	12344
12332	12306
12208	12039
11844	11655
11500	11395
11349	11353
11394	11443
11460	11438
11410	11424
11492	11582
11668	11729
11764	11776
11776	11773
11752	11690
11562	11373
11083	11077
11095	11144
11192	11206
11190	11152
11110	11085
11092	11115
11116	11068
10988	10914
10879	10892
10917	10918
10877	10819
10765	10709
10652	10625
10651	10701
10726	10715
10678	10610
10516	10436
10386	10328
10285	10350
10558	10842
11099	11280
11382	11415
11374	11235
11006	10766
10600	10507
10432	10354
10309	10318
10361	10401
10431	10471
10534	10617
10703	10772
10809	10808
10781	10755
10760	10819
10918	11006
11040	11027
11013	11026
11058	11079
11062	11023
10999	11024
11091	11162
11207	11225
11236	11270
11336	11405
11431	11389
11306	11230
11193	11205
11247	11283
11277	11215
11132	11087
11102	11139
11142	11101
11047	10999
10968	10977
11046	11145
11217	11241
11247	11256
11258	11233
11202	11211
11287	11393
11479	11540
11604	11660
11677	11668
11694	11783
11876	11915
11905	11879
11836	11754
11660	11592
11562	11558
11570	11595
11617	11616
11596	11589
11622	11668
11696	11699
11702	11727
11762	11775
11776	11802
11880	11975
12041	12083
12119	12122
12053	11928
11798	11715
11698	11742
11818	11918
12035	12128
12138	12076
12011	11989
11996	12018
12051	12069
12046	12002
11977	11970
11944	11876
11767	11637
11516	11434
11391	11371
11374	11398
11411	11398
11402	11459
11557	11658
11741	11807
11849	11867
11870	11870
11858	11801
11661	11435
11103	11126
11179	11254
11309	11311
11276	11232
11204	11207
11240	11280
11294	11273
11226	11179
11145	11130
11129	11129
11115	11088
11054	11010
10947	10876
10829	10813
10797	10748
10667	10577
10502	10450
10407	10337
10265	10273
10406	10616
10836	11015
11131	11168
11119	10985
10794	10602
10474	10425
10429	10453
10498	10563
10629	10673
10695	10714
10738	10752
10739	10701
10647	10603
10581	10588
10620	10683
10767	10836
10873	10899
10949	11019
11079	11090
11047	10976
10939	10975
11066	11152
11194	11189
11168	11164
11195	11248
11288	11285
11241	11181
11143	11144
11177	11209
11206	11157
11097	11081
11119	11160
11155	11111
11069	11052
11056	11084
11148	11222
11263	11263
11259	11274
11290	11279
11250	11257
11325	11420
11495	11544
11581	11599
11583	11554
11562	11624
11700	11757
11811	11867
11863	11757
11610	11523
11531	11590
11651	11687
11693	11684
11670	11664
11674	11688
11684	11658
11638	11639
11650	11652
11646	11658
11704	11771
11854	11972
12107	12192
12177	12088
11972	11861
11770	11729
11754	11837
11940	12003
11977	11891
11823	11801
11807	11820
11843	11854
11831	11790
11766	11772
11786	11783
11755	11703
11641	11582
11522	11459
11423	11430
11447	11455
11482	11551
11635	11709
11770	11825
11862	11875
11885	11915
11944	11917
11771	11494
11128	11161
11228	11309
11357	11352
11308	11264
11252	11280
11329	11377
11397	11389
11369	11351
11337	11324
11310	11296
11279	11261
11249	11235
11197	11125
11047	10999
10972	10923
10831	10739
10692	10683
10663	10586
10469	10380
10364	10413
10511	10642
10778	10865
10866	10787
10668	10553
10472	10449
10491	10575
10668	10750
10823	10875
10909	10940
10955	10932
10857	10747
10644	10571
10530	10506
10508	10550
10628	10706
10761	10823
10917	11024
11093	11085
11004	10900
10845	10875
10964	11050
11093	11086
11054	11030
11037	11081
11137	11174
11176	11154
11129	11120
11134	11157
11164	11147
11131	11146
11185	11203
11171	11114
11083	11097
11141	11196
11253	11290
11286	11253
11229	11233
11249	11252
11251	11273
11324	11387
11441	11486
11515	11526
11513	11494
11489	11514
11556	11613
11701	11800
11828	11731
11585	11511
11548	11652
11748	11794
11797	11788
11781	11777
11773	11769
11756	11724
11686	11657
11642	11634
11624	11615
11617	11648
11733	11884
12057	12167
12178	12123
12033	11914
11785	11702
11712	11796
11879	11889
11803	11686
11622	11630
11672	11720
11755	11760
11724	11679
11657	11670
11701	11742
11787	11824
11828	11785
11689	11569
11492	11495
11540	11585
11633	11689
11735	11766
11797	11831
11841	11825
11828	11886
11970	11991
11857	11559
11178	11198
11239	11296
11336	11333
11301	11271
11276	11317
11372	11416
11432	11424
11415	11417
11425	11420
11392	11356
11326	11310
11317	11334
11334	11293
11227	11180
11162	11128
11054	10987
10974	11001
11003	10932
10794	10634
10490	10380
10323	10347
10452	10575
10644	10644
10614	10577
10533	10506
10533	10609
10681	10730
10769	10808
10858	10922
10974	10971
10902	10800
10711	10645
10578	10501
10444	10461
10552	10662
10746	10826
10925	11022
11064	11020
10910	10794
10740	10773
10860	10946
10993	11000
10979	10952
10950	10988
11056	11120
11159	11173
11168	11155
11153	11163
11179	11195
11215	11244
11263	11246
11194	11140
11126	11165
11236	11302
11337	11333
11293	11241
11199	11181
11183	11201
11236	11278
11310	11330
11350	11383
11415	11443
11473	11496
11501	11500
11512	11552
11637	11734
11773	11712
11615	11580
11637	11747
11843	11884
11879	11867
11865	11866
11862	11857
11843	11806
11756	11718
11705	11707
11696	11658
11617	11622
11712	11876
12042	12135
12148	12114
12042	11919
11773	11689
11719	11824
11893	11845
11688	11524
11453	11484
11563	11644
11702	11705
11657	11595
11558	11557
11590	11660
11769	11890
11969	11957
11845	11687
11579	11577
11647	11729
11799	11843
11854	11845
11848	11854
11828	11773
11755	11821
11933	11986
11876	11601
11233	11225
11223	11242
11273	11286
11276	11265
11284	11330
11382	11417
11424	11413
11406	11421
11441	11437
11398	11343
11304	11299
11325	11362
11378	11358
11321	11300
11296	11279
11232	11194
11206	11253
11273	11223
11101	10938
10756	10573
10420	10350
10388	10493
10585	10626
10638	10640
10618	10586
10590	10620
10627	10596
10559	10549
10585	10671
10768	10818
10806	10766
10733	10699
10634	10530
10440	10440
10536	10661
10759	10834
10907	10965
10970	10909
10807	10723
10706	10767
10869	10953
10996	11007
10991	10965
10956	10991
11060	11133
11191	11227
11240	11229
11212	11210
11232	11270
11312	11341
11335	11293
11240	11211
11226	11277
11342	11388
11388	11347
11289	11233
11185	11153
11153	11191
11253	11306
11326	11316
11305	11314
11343	11399
11475	11534
11546	11527
11517	11547
11622	11711
11753	11722
11668	11659
11715	11804
11880	11906
11892	11873
11866	11868
11874	11875
11855	11806
11752	11732
11751	11770
11753	11693
11635	11637
11731	11885
12028	12109
12136	12136
12079	11944
11778	11689
11733	11850
11909	11829
11635	11452
11386	11433
11522	11608
11670	11680
11635	11559
11489	11449
11457	11534
11690	11881
12026	12054
11951	11780
11651	11639
11710	11802
11878	11916
11908	11879
11863	11852
11813	11746
11715	11761
11849	11888
11802	11581
11269	11241
11213	11209
11236	11264
11271	11268
11286	11327
11372	11400
11402	11389
11386	11405
11432	11431
11389	11330
11292	11297
11335	11377
11388	11364
11339	11337
11351	11346
11319	11302
11326	11376
11413	11390
11308	11188
11041	10880
10732	10639
10639	10704
10767	10784
10778	10774
10761	10742
10736	10722
10660	10548
10435	10368
10366	10429
10520	10588
10621	10641
10664	10675
10641	10558
10481	10481
10567	10676
10749	10787
10814	10829
10820	10788
10752	10739
10776	10872
10983	11057
11084	11080
11057	11023
11007	11035
11099	11167
11227	11273
11295	11285
11258	11254
11286	11346
11406	11433
11408	11351
11308	11310
11344	11391
11429	11436
11398	11332
11266	11210
11165	11143
11167	11229
11299	11351
11370	11357
11334	11325
11349	11419
11512	11574
11569	11525
11505	11543
11630	11728
11776	11750
11700	11681
11704	11759
11814	11846
11841	11819
11797	11788
11798	11809
11791	11744
11706	11716
11765	11797
11777	11719
11677	11700
11785	11890
11976	12037
12089	12128
12103	11974
11796	11688
11711	11798
11824	11726
11548	11408
11389	11461
11545	11602
11639	11650
11623	11558
11468	11387
11363	11440
11627	11863
12037	12071
11958	11778
11649	11628
11681	11752
11808	11835
11823	11795
11780	11778
11765	11730
11702	11702
11721	11718
11650	11501
11274	11254
11234	11238
11268	11299
11304	11296
11302	11329
11360	11379
11376	11362
11357	11379
11412	11423
11395	11355
11329	11339
11375	11412
11415	11382
11346	11337
11347	11350
11338	11332
11353	11395
11437	11442
11407	11340
11253	11152
11059	11006
11010	11045
11063	11040
11002	10983
10985	10986
10977	10938
10840	10701
10566	10474
10434	10441
10464	10481
10489	10511
10555	10596
10601	10567
10536	10562
10640	10714
10733	10706
10670	10649
10651	10682
10737	10806
10889	10988
11084	11142
11155	11147
11121	11079
11047	11058
11107	11166
11224	11281
11317	11308
11275	11271
11321	11405
11477	11498
11458	11394
11362	11380
11422	11455
11465	11437
11367	11281
11208	11154
11119	11124
11183	11263
11326	11365
11388	11395
11383	11371
11391	11455
11533	11568
11531	11471
11458	11524
11644	11755
11799	11768
11706	11656
11634	11643
11685	11733
11761	11752
11717	11687
11688	11709
11720	11707
11701	11728
11782	11814
11803	11776
11778	11824
11879	11902
11895	11895
11935	11996
12007	11923
11779	11670
11656	11689
11672	11561
11412	11325
11355	11451
11521	11538
11535	11538
11540	11511
11433	11338
11304	11396
11610	11855
12008	12009
11873	11694
11573	11551
11586	11625
11651	11664
11656	11640
11638	11660
11688	11696
11671	11615
11553	11510
11466	11385
11254	11263
11279	11309
11344	11366
11361	11342
11336	11347
11360	11360
11344	11323
11318	11343
11384	11413
11415	11403
11397	11402
11426	11453
11459	11425
11377	11345
11339	11340
11338	11337
11345	11369
11403	11424
11428	11415
11376	11323
11286	11278
11295	11315
11305	11261
11214	11201
11219	11238
11234	11194
11114	11007
10907	10832
10778	10736
10686	10622
10563	10528
10526	10540
10547	10546
10560	10612
10691	10742
10722	10643
10553	10500
10510	10590
10716	10840
10935	11009
11072	11118
11150	11168
11159	11112
11060	11046
11076	11127
11189	11262
11318	11316
11281	11276
11338	11433
11501	11510
11461	11399
11377	11403
11445	11469
11457	11396
11296	11189
11108	11059
11046	11082
11164	11241
11283	11307
11338	11368
11378	11375
11386	11423
11470	11480
11437	11383
11395	11495
11636	11744
11777	11747
11691	11627
11564	11530
11555	11625
11692	11714
11686	11648
11636	11665
11714	11751
11768	11779
11801	11827
11846	11871
11920	11977
11988	11922
11816	11738
11733	11783
11820	11796
11710	11623
11589	11592
11563	11462
11326	11247
11268	11344
11392	11383
11359	11361
11388	11396
11337	11250
11235	11358
11588	11812
11922	11891
11759	11605
11505	11481
11493	11505
11509	11510
11511	11510
11520	11552
11597	11622
11593	11497
11379	11311
11294	11269
11227	11260
11312	11362
11400	11410
11398	11383
11377	11378
11371	11349
11316	11283
11275	11305
11358	11402
11426	11441
11450	11448
11454	11477
11491	11469
11420	11377
11357	11354
11353	11354
11355	11361
11373	11396
11426	11446
11441	11418
11412	11429
11454	11461
11437	11387
11347	11345
11376	11409
11420	11405
11372	11325
11280	11237
11191	11134
11058	10963
10858	10758
10673	10605
10555	10527
10531	10574
10639	10687
10679	10602
10498	10422
10422	10514
10664	10800
10875	10905
10939	10995
11071	11139
11162	11124
11064	11036
11052	11093
11153	11234
11303	11317
11286	11278
11334	11420
11475	11470
11422	11376
11367	11397
11436	11454
11423	11335
11203	11072
10983	10952
10973	11035
11109	11153
11164	11181
11228	11282
11313	11312
11302	11304
11322	11333
11314	11296
11334	11445
11577	11661
11679	11660
11626	11570
11491	11432
11447	11529
11632	11700
11716	11700
11696	11728
11796	11857
11867	11838
11825	11860
11925	12004
12079	12117
12075	11948
11785	11663
11621	11643
11676	11674
11617	11541
11495	11488
11481	11415
11300	11203
11174	11193
11205	11194
11184	11201
11240	11257
11209	11136
11149	11300
11524	11708
11781	11753
11667	11567
11496	11460
11443	11429
11417	11414
11425	11440
11454	11471
11495	11511
11483	11388
11262	11189
11189	11198
11228	11268
11324	11376
11408	11416
11410	11407
11411	11412
11396	11361
11312	11270
11258	11287
11345	11391
11419	11440
11452	11442
11441	11468
11498	11494
11459	11421
11393	11380
11377	11380
11384	11379
11374	11385
11422	11460
11471	11468
11474	11500
11523	11525
11494	11443
11404	11404
11437	11477
11508	11525
11534	11538
11536	11524
11495	11455
11401	11329
11234	11115
10978	10837
10708	10604
10531	10497
10510	10551
10579	10551
10476	10399
10385	10461
10600	10719
10764	10763
10783	10859
10971	11067
11107	11090
11052	11041
11060	11094
11140	11207
11275	11305
11290	11281
11317	11375
11411	11406
11374	11353
11361	11393
11427	11435
11391	11284
11132	10987
10899	10890
10940	11010
11049	11040
11017	11042
11116	11193
11225	11205
11158	11128
11141	11175
11200	11221
11273	11367
11456	11501
11505	11500
11487	11441
11366	11314
11337	11431
11561	11677
11753	11787
11801	11832
11898	11954
11944	11891
11881	11952
12066	12163
12210	12191
12100	11957
11811	11710
11659	11637
11611	11568
11496	11411
11353	11342
11348	11313
11229	11130
11054	10998
10967	10968
11000	11044
11085	11102
11074	11043
11100	11264
11451	11579
11623	11617
11587	11552
11515	11471
11429	11400
11385	11384
11400	11418
11418	11399
11380	11376
11365	11313
11229	11175
11182	11208
11284	11307
11340	11372
11396	11406
11412	11422
11435	11442
11431	11397
11345	11295
11276	11303
11353	11387
11398	11407
11412	11398
11398	11439
11490	11509
11490	11451
11414	11387
11378	11392
11408	11406
11392	11397
11429	11465
11481	11483
11492	11517
11538	11540
11513	11470
11434	11426
11449	11486
11524	11560
11595	11623
11641	11645
11637	11626
11611	11582
11524	11430
11305	11156
10997	10834
10672	10537
10463	10461
10501	10520
10489	10427
10395	10444
10554	10656
10694	10694
10721	10800
10902	10975
11000	10996
10998	11024
11065	11101
11129	11170
11232	11280
11294	11293
11306	11329
11343	11340
11334	11341
11369	11403
11427	11422
11369	11260
11115	10982
10910	10919
10981	11034
11026	10967
10931	10977
11082	11166
11170	11097
11005	10953
10974	11042
11105	11155
11210	11273
11315	11315
11302	11303
11300	11262
11200	11171
11213	11322
11470	11628
11761	11834
11852	11868
11924	11978
11968	11933
11969	12101
12239	12298
12257	12154
12028	11918
11844	11801
11751	11660
11541	11421
11320	11240
11191	11178
11181	11158
11090	10981
10840	10690
10601	10623
10715	10801
10853	10892
10933	10994
11111	11271
11397	11454
11469	11471
11479	11490
11480	11440
11398	11380
11379	11388
11404	11410
11381	11320
11260	11240
11254	11260
11235	11217
11238	11280
11378	11378
11380	11385
11394	11403
11416	11431
11452	11471
11474	11451
11403	11350
11324	11346
11386	11404
11394	11385
11379	11363
11365	11415
11482	11516
11502	11455
11400	11359
11353	11381
11414	11420
11414	11421
11448	11471
11479	11475
11478	11495
11516	11527
11518	11495
11470	11457
11464	11488
11522	11560
11597	11627
11645	11653
11660	11675
11694	11697
11669	11611
11528	11424
11296	11138
10948	10757
10613	10553
10567	10598
10585	10522
10454	10451
10517	10611
10679	10717
10754	10808
10863	10886
10879	10872
10892	10952
11021	11068
11089	11116
11176	11254
11307	11324
11318	11304
11288	11285
11308	11350
11395	11424
11425	11399
11339	11247
11136	11038
10998	11026
11083	11107
11061	10984
10960	11031
11149	11217
11175	11046
10904	10830
10854	10941
11024	11089
11146	11191
11196	11163
11127	11121
11122	11090
11044	11036
11100	11222
11388	11577
11737	11816
11814	11802
11842	11895
11903	11909
12009	12195
12340	12336
12199	12019
11878	11810
11803	11803
11744	11598
11405	11238
11131	11078
11052	11038
11024	10994
10921	10775
10540	10275
10120	10158
10315	10462
10552	10646
10785	10957
11133	11278
11343	11342
11323	11313
11326	11353
11359	11333
11307	11307
11326	11345
11360	11354
11304	11224
11153	11137
11176	11224
11243	11246
11277	11346
11469	11453
11432	11415
11406	11407
11416	11433
11461	11493
11514	11506
11466	11412
11384	11402
11438	11443
11419	11398
11387	11372
11374	11414
11473	11504
11489	11437
11376	11338
11339	11371
11400	11412
11422	11445
11469	11478
11469	11456
11451	11460
11480	11501
11513	11514
11506	11495
11491	11499
11520	11546
11571	11591
11599	11601
11615	11650
11690	11712
11702	11671
11624	11566
11488	11377
11226	11056
10910	10829
10814	10818
10777	10671
10547	10473
10486	10570
10674	10751
10794	10814
10820	10803
10768	10736
10745	10813
10911	10982
11012	11045
11123	11233
11321	11348
11322	11268
11226	11228
11281	11358
11420	11436
11407	11353
11295	11238
11181	11136
11125	11160
11199	11193
11133	11069
11067	11140
11235	11274
11208	11056
10886	10780
10780	10854
10943	11016
11079	11120
11114	11064
11012	10991
10986	10960
10925	10931
11009	11148
11331	11524
11676	11732
11695	11650
11661	11706
11727	11760
11890	12091
12228	12193
12020	11822
11690	11651
11665	11665
11587	11423
11228	11073
10993	10959
10923	10869
10810	10763
10690	10524
10227	9888
9679	9705
9899	10108
10267	10432
10647	10883
11089	11229
11277	11252
11205	11172
11172	11201
11223	11219
11208	11212
11221	11228
11232	11219
11172	11099
11050	11062
11129	11203
11235	11234
11262	11362
11518	11498
11467	11436
11414	11404
11405	11421
11456	11501
11539	11546
11515	11468
11437	11448
11477	11480
11452	11431
11423	11412
11408	11428
11460	11473
11455	11413
11371	11351
11356	11371
11378	11386
11415	11459
11489	11486
11465	11444
11432	11432
11448	11474
11497	11511
11513	11510
11508	11511
11519	11528
11535	11537
11532	11527
11544	11588
11637	11666
11669	11660
11640	11607
11557	11494
11412	11316
11227	11173
11149	11115
11017	10853
10676	10553
10521	10575
10671	10750
10779	10766
10739	10701
10645	10583
10563	10629
10749	10848
10900	10952
11056	11192
11293	11316
11264	11186
11133	11145
11222	11324
11400	11410
11361	11295
11251	11237
11241	11247
11256	11269
11270	11241
11190	11152
11155	11195
11239	11248
11195	11070
10900	10755
10707	10761
10858	10949
11018	11057
11052	11003
10948	10915
10897	10867
10836	10847
10933	11084
11269	11439
11538	11541
11468	11405
11411	11455
11480	11507
11606	11763
11867	11839
11707	11569
11485	11466
11473	11444
11344	11188
11030	10923
10880	10849
10775	10649
10525	10449
10390	10255
9994	9677
9457	9445
9609	9840
10063	10288
10524	10747
10937	11082
11156	11151
11103	11062
11063	11106
11158	11187
11192	11179
11153	11125
11108	11087
11036	10968
10935	10973
11067	11156
11184	11165
11189	11317
11510	11494
11466	11433
11408	11392
11386	11403
11444	11495
11534	11548
11532	11498
11468	11467
11484	11484
11467	11457
11458	11448
11436	11435
11438	11432
11415	11398
11388	11387
11389	11381
11367	11375
11420	11480
11514	11509
11483	11455
11428	11415
11423	11447
11469	11479
11480	11484
11495	11509
11515	11512
11505	11495
11479	11467
11478	11519
11565	11596
11612	11628
11633	11613
11576	11541
11516	11494
11473	11461
11445	11389
11257	11066
10878	10746
10688	10689
10723	10747
10731	10682
10625	10567
10494	10413
10378	10442
10578	10699
10771	10844
10959	11095
11188	11203
11151	11076
11029	11045
11125	11234
11320	11342
11302	11244
11214	11233
11279	11320
11329	11307
11268	11229
11200	11184
11171	11155
11140	11138
11124	11047
10887	10705
10612	10661
10791	10916
10989	11010
10994	10951
10905	10873
10844	10803
10765	10766
10838	10980
11145	11268
11301	11241
11145	11097
11135	11206
11241	11247
11279	11350
11396	11375
11316	11271
11257	11264
11258	11208
11099	10957
10836	10774
10762	10741
10648	10481
10315	10220
10173	10100
9944	9737
9570	9527
9618	9793
10007	10226
10419	10568
10694	10820
10923	10969
10966	10965
11004	11084
11174	11233
11244	11215
11164	11113
11079	11041
10973	10884
10827	10855
10950	11043
11071	11049
11075	11227
11472	11461
11438	11410
11389	11378
11376	11394
11435	11479
11503	11514
11515	11501
11473	11454
11454	11459
11463	11469
11472	11455
11427	11406
11394	11387
11382	11385
11396	11405
11407	11394
11381	11398
11451	11514
11549	11548
11525	11487
11438	11403
11402	11425
11441	11432
11417	11424
11454	11488
11504	11502
11497	11487
11468	11443
11440	11469
11510	11546
11580	11616
11641	11632
11601	11578
11581	11597
11615	11632
11631	11582
11464	11301
11150	11050
10989	10937
10887	10831
10758	10668
10567	10462
10348	10244
10206	10280
10427	10560
10647	10721
10820	10926
11005	11030
11011	10972
10950	10968
11033	11131
11228	11274
11256	11201
11169	11191
11251	11305
11309	11261
11197	11157
11146	11137
11100	11042
11000	11009
11035	10996
10845	10647
10536	10594
10764	10926
11003	10997
10946	10894
10863	10843
10808	10753
10697	10677
10710	10806
10929	11014
11010	10923
10826	10810
10888	10987
11024	11004
10984	10988
10981	10954
10942	10965
11005	11027
11014	10963
10875	10765
10672	10630
10641	10650
10589	10455
10315	10237
10214	10199
10159	10090
10017	9980
10001	10070
10179	10297
10377	10410
10432	10494
10596	10700
10789	10880
10989	11114
11226	11288
11295	11259
11203	11148
11104	11054
10968	10849
10752	10738
10805	10892
10928	10921
10966	11141
11437	11429
11409	11381
11365	11363
11375	11402
11440	11465
11468	11468
11476	11475
11448	11415
11406	11424
11452	11473
11469	11431
11381	11345
11334	11339
11350	11360
11369	11382
11396	11401
11412	11445
11498	11547
11578	11584
11570	11524
11454	11399
11394	11421
11430	11401
11364	11365
11408	11456
11480	11494
11511	11523
11509	11474
11451	11460
11495	11538
11585	11634
11665	11661
11634	11620
11629	11653
11682	11713
11731	11710
11635	11529
11443	11388
11336	11255
11149	11043
10937	10818
10663	10478
10281	10123
10065	10133
10278	10411
10494	10552
10612	10682
10746	10800
10833	10850
10868	10906
10969	11061
11163	11225
11217	11159
11109	11114
11166	11217
11217	11163
11093	11051
11039	11020
10970	10903
10866	10899
10956	10942
10810	10627
10530	10595
10780	10959
11041	11012
10929	10857
10823	10799
10748	10670
10597	10548
10533	10569
10651	10729
10741	10674
10595	10589
10672	10759
10771	10719
10675	10661
10652	10637
10653	10708
10765	10789
10772	10731
10676	10609
10537	10495
10516	10568
10583	10541
10494	10488
10516	10557
10600	10634
10647	10641
10623	10597
10572	10547
10488	10393
10302	10273
10337	10470
10637	10818
10995	11153
11267	11321
11320	11283
11225	11159
11097	11032
10942	10819
10707	10661
10696	10766
10813	10837
10913	11105
11424	11419
11396	11364
11348	11358
11384	11423
11459	11471
11456	11438
11436	11429
11399	11368
11366	11400
11446	11473
11459	11406
11339	11296
11290	11309
11324	11323
11320	11335
11368	11404
11440	11483
11529	11565
11586	11599
11595	11551
11476	11416
11414	11446
11449	11402
11351	11347
11389	11435
11466	11496
11543	11584
11584	11544
11502	11488
11507	11549
11599	11645
11671	11671
11661	11661
11673	11693
11727	11773
11813	11819
11783	11727
11688	11664
11623	11540
11427	11319
11217	11087
10898	10649
10382	10157
10040	10049
10134	10224
10277	10305
10331	10367
10429	10514
10603	10678
10746	10822
10906	11003
11104	11169
11165	11106
11048	11039
11074	11113
11111	11060
10997	10953
10926	10890
10832	10775
10767	10828
10904	10908
10805	10658
10583	10645
10810	10972
11045	11010
10922	10844
10788	10720
10615	10499
10409	10346
10299	10296
10365	10472
10539	10521
10460	10439
10480	10518
10488	10412
10362	10360
10379	10404
10456	10533
10603	10635
10629	10600
10564	10513
10445	10393
10420	10527
10637	10707
10769	10847
10933	11013
11097	11178
11237	11255
11229	11162
11068	10948
10794	10609
10436	10330
10327	10423
10586	10780
10977	11145
11262	11314
11312	11275
11212	11128
11039	10953
10864	10768
10683	10644
10662	10713
10763	10817
10927	11123
11421	11415
11394	11364
11352	11366
11402	11447
11482	11487
11463	11429
11403	11374
11342	11327
11346	11397
11452	11480
11467	11417
11353	11310
11299	11310
11312	11295
11282	11299
11348	11404
11454	11502
11539	11562
11574	11588
11591	11559
11496	11449
11456	11490
11487	11431
11373	11367
11405	11446
11476	11514
11570	11620
11632	11597
11550	11517
11520	11554
11600	11635
11655	11668
11685	11702
11720	11743
11788	11851
11908	11931
11914	11882
11861	11840
11799	11720
11624	11535
11447	11327
11155	10928
10674	10433
10250	10150
10118	10110
10097	10077
10062	10073
10136	10248
10377	10492
10601	10706
10811	10915
11011	11075
11080	11039
10996	10987
11010	11029
11019	10981
10939	10908
10877	10827
10762	10718
10735	10818
10907	10920
10834	10710
10642	10679
10794	10906
10945	10910
10845	10784
10709	10579
10402	10248
10153	10093
10046	10045
10135	10293
10427	10464
10418	10367
10352	10343
10304	10252
10229	10233
10243	10268
10334	10436
10534	10594
10607	10588
10549	10496
10427	10384
10440	10603
10792	10941
11064	11180
11281	11368
11465	11567
11647	11683
11669	11611
11517	11384
11209	11005
10808	10662
10591	10599
10672	10791
10937	11080
11186	11236
11229	11193
11141	11073
10986	10889
10801	10737
10700	10689
10701	10733
10776	10844
10973	11167
11417	11411
11400	11388
11384	11397
11424	11464
11496	11499
11471	11425
11371	11323
11298	11308
11354	11418
11472	11506
11503	11471
11425	11382
11358	11344
11326	11296
11282	11299
11347	11405
11459	11505
11537	11547
11551	11561
11570	11550
11507	11480
11499	11530
11517	11455
11400	11394
11434	11475
11503	11529
11557	11584
11593	11573
11538	11508
11507	11542
11589	11626
11652	11682
11718	11748
11770	11806
11863	11938
11997	12015
12002	11980
11964	11935
11882	11803
11717	11632
11551	11462
11355	11224
11060	10867
10668	10490
10352	10245
10151	10060
9987	9949
9981	10081
10210	10335
10448	10559
10660	10755
10851	10927
10951	10934
10917	10930
10955	10960
10935	10906
10897	10905
10896	10852
10790	10756
10791	10884
10966	10963
10870	10742
10655	10651
10700	10741
10730	10679
10632	10595
10521	10366
10167	10010
9941	9916
9902	9928
10052	10247
10419	10484
10446	10373
10316	10287
10286	10318
10365	10372
10318	10264
10284	10385
10504	10583
10611	10602
10574	10543
10518	10531
10639	10836
11042	11193
11302	11394
11471	11543
11640	11757
11858	11912
11920	11889
11822	11716
11570	11400
11234	11096
10996	10932
10902	10911
10954	11018
11070	11086
11063	11034
11032	11034
11001	10927
10854	10811
10796	10787
10779	10781
10807	10872
11001	11193
11420	11418
11422	11430
11430	11425
11431	11456
11485	11490
11465	11409
11341	11287
11274	11311
11379	11450
11508	11546
11559	11545
11510	11466
11424	11387
11352	11320
11300	11310
11345	11396
11452	11501
11530	11534
11528	11531
11537	11526
11499	11490
11517	11543
11522	11459
11408	11409
11450	11492
11515	11515
11497	11481
11474	11469
11459	11454
11472	11521
11583	11637
11682	11728
11772	11800
11825	11865
11929	11999
12045	12054
12040	12025
12014	11986
11927	11845
11751	11661
11587	11532
11495	11455
11381	11257
11095	10926
10773	10630
10485	10332
10185	10074
10032	10057
10122	10193
10268	10345
10419	10497
10592	10678
10723	10729
10748	10806
10864	10868
10822	10784
10800	10850
10884	10873
10838	10830
10878	10959
11010	10975
10858	10715
10609	10563
10554	10529
10463	10381
10330	10307
10256	10134
9983	9886
9876	9912
9953	10022
10157	10339
10486	10533
10489	10409
10342	10321
10365	10474
10585	10597
10483	10339
10290	10358
10468	10541
10573	10592
10620	10669
10744	10846
10994	11171
11321	11403
11449	11493
11535	11587
11677	11797
11910	11981
12009	11998
11952	11868
11758	11641
11535	11448
11372	11301
11232	11165
11107	11057
11009	10950
10894	10884
10950	11051
11116	11114
11081	11049
11009	10945
10873	10825
10822	10873
10996	11199
11444	11450
11465	11477
11462	11428
11410	11428
11458	11466
11445	11391
11323	11271
11269	11318
11391	11470
11542	11594
11617	11609
11575	11524
11472	11425
11380	11336
11303	11298
11322	11373
11437	11499
11534	11535
11520	11509
11505	11493
11475	11475
11502	11523
11497	11443
11403	11415
11459	11499
11510	11485
11432	11381
11357	11360
11373	11399
11443	11508
11585	11658
11725	11785
11830	11860
11884	11917
11965	12017
12050	12053
12044	12038
12036	12019
11969	11886
11788	11697
11633	11601
11595	11590
11555	11473
11366	11263
11170	11065
10924	10747
10556	10384
10262	10194
10153	10124
10110	10113
10130	10167
10233	10307
10356	10387
10456	10577
10685	10706
10647	10590
10606	10677
10746	10775
10785	10817
10879	10938
10946	10875
10743	10605
10502	10447
10408	10346
10247	10142
10077	10056
10036	9985
9926	9912
9968	10059
10147	10236
10353	10479
10559	10560
10502	10437
10392	10386
10444	10561
10673	10683
10563	10402
10328	10367
10451	10520
10577	10653
10765	10912
11083	11249
11393	11504
11555	11548
11531	11535
11552	11586
11656	11759
11862	11936
11976	11977
11939	11869
11787	11718
11677	11653
11633	11604
11557	11479
11369	11230
11081	10941
10842	10839
10955	11142
11308	11401
11426	11395
11301	11151
10985	10861
10810	10829
10946	11175
11478	11488
11502	11501
11463	11408
11381	11398
11428	11439
11422	11386
11334	11293
11287	11319
11383	11466
11554	11625
11660	11654
11617	11561
11506	11454
11396	11329
11270	11247
11270	11333
11418	11500
11552	11560
11534	11504
11481	11460
11439	11436
11455	11471
11457	11420
11400	11420
11470	11509
11514	11478
11412	11348
11316	11321
11352	11399
11455	11519
11593	11675
11756	11827
11883	11921
11942	11954
11970	11997
12025	12039
12038	12034
12036	12036
12009	11942
11850	11770
11719	11693
11678	11654
11608	11542
11479	11440
11411	11358
11257	11107
10921	10735
10585	10468
10359	10241
10132	10047
9983	9939
9924	9935
9955	10001
10108	10267
10401	10438
10387	10332
10339	10403
10476	10530
10579	10645
10717	10754
10728	10641
10524	10422
10364	10336
10307	10252
10164	10067
9995	9968
9972	9982
10006	10062
10154	10253
10337	10409
10483	10545
10562	10527
10472	10437
10430	10448
10500	10580
10641	10633
10551	10459
10427	10471
10557	10647
10747	10877
11042	11236
11435	11600
11704	11740
11711	11646
11592	11571
11568	11577
11621	11698
11781	11849
11889	11894
11859	11801
11747	11728
11740	11767
11789	11798
11786	11734
11628	11469
11279	11088
10953	10926
11043	11263
11483	11635
11697	11662
11528	11313
11077	10882
10763	10730
10836	11110
11502	11504
11507	11493
11450	11400
11381	11400
11423	11424
11414	11403
11382	11354
11334	11339
11381	11456
11545	11619
11659	11659
11628	11581
11529	11471
11395	11300
11217	11184
11213	11291
11397	11504
11578	11592
11556	11504
11461	11427
11402	11391
11402	11417
11423	11413
11406	11427
11475	11523
11539	11506
11444	11385
11356	11364
11407	11461
11508	11550
11608	11688
11776	11855
11923	11974
11990	11976
11956	11964
11998	12029
12032	12020
12017	12031
12030	11990
11921	11858
11817	11782
11734	11673
11609	11556
11527	11520
11515	11487
11426	11323
11176	11021
10891	10790
10684	10551
10408	10276
10149	10022
9910	9824
9781	9791
9870	9990
10087	10115
10083	10043
10041	10081
10135	10189
10258	10340
10408	10427
10391	10322
10250	10214
10229	10260
10270	10252
10212	10152
10079	10026
10020	10058
10133	10232
10330	10399
10435	10457
10483	10498
10481	10439
10413	10425
10464	10518
10579	10634
10654	10636
10606	10602
10644	10727
10839	10957
11077	11208
11355	11516
11675	11799
11860	11854
11793	11711
11648	11610
11583	11570
11595	11653
11722	11780
11813	11805
11764	11721
11709	11739
11794	11848
11881	11894
11892	11865
11787	11655
11484	11302
11154	11100
11176	11353
11543	11676
11718	11668
11525	11310
11075	10866
10705	10622
10714	11038
11510	11500
11487	11472
11450	11429
11428	11442
11449	11438
11427	11431
11436	11421
11396	11385
11407	11460
11526	11582
11611	11612
11592	11558
11516	11459
11375	11272
11182	11151
11187	11272
11387	11502
11584	11597
11553	11485
11428	11393
11371	11365
11371	11394
11419	11429
11419	11421
11463	11526
11559	11540
11490	11445
11427	11447
11496	11546
11571	11584
11622	11696
11787	11873
11950	12005
12014	11980
11941	11940
11981	12022
12028	12006
11997	12013
12028	12014
11971	11925
11883	11827
11747	11660
11595	11568
11568	11570
11557	11527
11485	11416
11315	11206
11122	11065
11004	10917
10812	10702
10574	10419
10254	10106
9995	9935
9923	9935
9929	9900
9853	9814
9793	9796
9814	9847
9906	9979
10034	10043
10021	9992
9981	10013
10085	10162
10205	10231
10253	10241
10168	10082
10048	10087
10183	10304
10400	10437
10432	10421
10417	10406
10379	10358
10379	10448
10544	10643
10735	10801
10820	10812
10821	10871
10957	11070
11200	11324
11420	11499
11576	11668
11764	11841
11874	11859
11805	11738
11679	11629
11584	11562
11585	11641
11704	11750
11763	11730
11675	11647
11678	11759
11849	11912
11934	11930
11920	11897
11840	11739
11603	11462
11347	11291
11322	11421
11521	11565
11541	11455
11319	11152
10986	10836
10703	10611
10696	11032
11511	11489
11470	11468
11479	11488
11497	11504
11496	11470
11448	11447
11457	11455
11436	11425
11437	11468
11508	11538
11550	11541
11516	11484
11452	11409
11343	11258
11188	11170
11213	11299
11406	11507
11568	11568
11515	11444
11389	11363
11360	11370
11391	11420
11449	11451
11421	11399
11428	11499
11551	11552
11518	11489
11490	11523
11576	11614
11616	11604
11624	11694
11787	11874
11949	11998
12003	11965
11928	11932
11978	12024
12037	12024
12016	12025
12036	12027
11996	11954
11900	11818
11716	11625
11575	11574
11593	11602
11580	11540
11495	11441
11372	11307
11269	11255
11239	11207
11169	11118
11036	10905
10749	10596
10465	10357
10264	10166
10052	9934
9835	9761
9705	9663
9640	9641
9668	9712
9748	9755
9747	9749
9782	9844
9917	9971
10006	10058
10136	10172
10116	10019
9978	10021
10131	10257
10351	10391
10399	10403
10411	10406
10390	10394
10455	10568
10704	10844
10972	11063
11102	11108
11124	11178
11259	11367
11490	11594
11649	11665
11678	11710
11757	11792
11805	11787
11751	11708
11661	11609
11559	11543
11582	11648
11707	11738
11727	11669
11601	11589
11653	11769
11877	11939
11949	11933
11918	11898
11851	11761
11649	11549
11481	11448
11458	11494
11511	11474
11383	11262
11136	11021
10941	10890
10836	10787
10860	11134
11499	11477
11465	11482
11517	11544
11556	11558
11542	11506
11468	11447
11444	11439
11426	11417
11424	11450
11483	11510
11513	11486
11441	11398
11370	11348
11314	11266
11230	11236
11291	11374
11463	11532
11559	11537
11477	11409
11363	11350
11370	11407
11443	11471
11479	11452
11395	11358
11383	11455
11521	11538
11522	11510
11527	11575
11631	11663
11648	11619
11624	11683
11772	11857
11920	11956
11958	11938
11923	11940
11986	12033
12063	12079
12084	12080
12067	12044
12011	11967
11894	11792
11679	11596
11562	11573
11598	11607
11590	11552
11504	11445
11389	11351
11349	11366
11383	11398
11413	11416
11373	11278
11150	11027
10924	10824
10710	10564
10384	10203
10053	9938
9844	9764
9709	9684
9685	9705
9726	9725
9708	9710
9746	9793
9810	9793
9785	9842
9951	10022
9997	9927
9905	9971
10092	10220
10320	10389
10445	10498
10541	10563
10571	10596
10668	10788
10930	11078
11220	11325
11369	11369
11370	11401
11463	11551
11648	11723
11747	11732
11711	11713
11727	11733
11721	11697
11671	11642
11603	11553
11510	11518
11581	11658
11705	11712
11679	11613
11556	11561
11643	11764
11868	11919
11928	11918
11913	11910
11876	11789
11683	11605
11569	11559
11568	11582
11570	11506
11397	11273
11167	11094
11073	11097
11122	11123
11165	11309
11472	11464
11469	11502
11545	11574
11586	11585
11566	11525
11475	11443
11429	11414
11394	11378
11382	11410
11458	11500
11508	11466
11395	11335
11312	11312
11308	11292
11288	11318
11386	11467
11532	11566
11563	11523
11462	11396
11353	11351
11388	11446
11496	11515
11489	11425
11354	11319
11345	11413
11478	11505
11503	11502
11532	11589
11653	11684
11670	11640
11635	11679
11756	11831
11878	11896
11901	11909
11929	11964
12008	12055
12103	12143
12160	12143
12104	12064
12030	11982
11899	11787
11677	11606
11585	11593
11604	11607
11597	11574
11527	11462
11403	11380
11395	11429
11466	11511
11560	11588
11566	11485
11377	11292
11238	11182
11090	10948
10771	10586
10425	10295
10180	10075
9996	9955
9950	9972
9997	9990
9950	9922
9931	9939
9901	9833
9804	9862
9973	10045
10030	9984
9993	10082
10214	10343
10451	10547
10642	10720
10779	10822
10855	10891
10949	11038
11150	11277
11404	11502
11535	11515
11492	11509
11565	11640
11712	11757
11768	11750
11725	11711
11708	11699
11676	11646
11615	11583
11542	11494
11466	11497
11581	11661
11687	11660
11609	11556
11531	11567
11659	11765
11840	11872
11881	11888
11908	11928
11913	11837
11735	11660
11628	11627
11648	11679
11683	11638
11551	11457
11385	11344
11346	11397
11460	11490
11486	11477
11433	11447
11475	11515
11550	11574
11584	11586
11569	11525
11475	11446
11435	11421
11395	11369
11363	11393
11457	11518
11530	11470
11374	11304
11290	11309
11325	11327
11337	11379
11453	11527
11573	11576
11549	11504
11447	11391
11354	11358
11404	11473
11528	11535
11478	11390
11319	11297
11326	11384
11440	11473
11481	11486
11516	11574
11634	11672
11677	11662
11653	11679
11739	11800
11831	11835
11846	11884
11941	11993
12038	12083
12139	12189
12205	12175
12120	12074
12043	12001
11920	11808
11707	11650
11636	11633
11623	11611
11609	11600
11555	11481
11417	11398
11422	11464
11514	11574
11639	11678
11655	11569
11472	11418
11411	11402
11345	11240
11112	10981
10859	10745
10628	10505
10396	10332
10323	10359
10399	10398
10343	10286
10259	10237
10187	10136
10134	10203
10287	10318
10279	10236
10257	10351
10481	10609
10725	10833
10932	10998
11043	11087
11131	11166
11200	11249
11316	11403
11502	11579
11596	11562
11528	11542
11603	11672
11719	11741
11748	11742
11725	11705
11696	11692
11680	11650
11609	11563
11510	11453
11427	11466
11566	11648
11654	11600
11536	11504
11525	11602
11707	11795
11836	11842
11846	11866
11904	11940
11936	11877
11785	11703
11654	11648
11685	11742
11780	11768
11718	11660
11622	11601
11601	11644
11713	11750
11699	11565
11385	11423
11471	11510
11530	11541
11558	11570
11558	11516
11470	11446
11447	11450
11434	11407
11393	11418
11489	11556
11564	11485
11364	11287
11282	11319
11349	11358
11365	11399
11463	11528
11561	11547
11504	11458
11417	11380
11358	11371
11417	11483
11531	11522
11448	11351
11292	11291
11327	11376
11429	11470
11488	11495
11515	11553
11598	11641
11672	11681
11675	11683
11722	11767
11782	11779
11799	11864
11952	12021
12063	12104
12158	12200
12203	12161
12103	12062
12041	12010
11939	11837
11746	11699
11687	11674
11643	11618
11617	11611
11562	11477
11411	11402
11438	11485
11536	11603
11675	11718
11689	11594
11492	11452
11473	11495
11479	11429
11378	11326
11264	11181
11075	10943
10808	10711
10684	10715
10754	10753
10702	10638
10591	10555
10525	10523
10571	10649
10696	10673
10600	10551
10572	10654
10769	10893
11013	11121
11203	11247
11270	11296
11327	11350
11362	11379
11412	11466
11538	11599
11608	11566
11529	11541
11600	11657
11682	11689
11699	11712
11706	11689
11682	11691
11698	11678
11635	11582
11517	11437
11388	11419
11523	11613
11621	11560
11494	11483
11541	11653
11772	11850
11870	11852
11842	11866
11909	11937
11931	11888
11817	11730
11654	11627
11659	11729
11792	11814
11799	11774
11754	11733
11720	11753
11821	11838
11715	11492
11328	11384
11446	11479
11481	11484
11507	11537
11540	11505
11455	11429
11437	11462
11471	11454
11433	11452
11519	11590
11593	11500
11366	11279
11279	11325
11366	11376
11373	11387
11432	11491
11520	11499
11449	11405
11379	11371
11373	11395
11437	11487
11515	11488
11399	11302
11261	11285
11337	11392
11450	11501
11529	11535
11537	11548
11572	11615
11669	11701
11699	11693
11712	11739
11747	11744
11774	11861
11967	12042
12081	12115
12158	12183
12169	12118
12062	12031
12024	12008
11952	11863
11784	11744
11727	11702
11660	11627
11622	11609
11548	11454
11392	11398
11446	11497
11544	11609
11687	11735
11704	11599
11486	11441
11465	11507
11525	11534
11558	11582
11565	11506
11410	11287
11148	11033
10981	10981
10991	10978
10939	10891
10843	10802
10784	10813
10887	10964
10983	10927
10838	10790
10809	10876
10973	11094
11218	11324
11393	11423
11430	11435
11438	11436
11431	11433
11447	11482
11543	11597
11605	11564
11523	11527
11575	11618
11629	11626
11641	11665
11672	11662
11662	11683
11704	11701
11670	11623
11548	11445
11361	11369
11469	11574
11602	11554
11498	11499
11576	11704
11828	11902
11912	11881
11863	11883
11915	11924
11905	11874
11825	11740
11644	11589
11602	11662
11732	11781
11800	11802
11787	11752
11725	11755
11817	11761
11462	11150
11285	11351
11419	11447
11436	11433
11461	11505
11520	11490
11436	11402
11412	11454
11482	11474
11453	11465
11531	11601
11604	11508
11367	11277
11274	11324
11370	11383
11371	11366
11395	11450
11484	11465
11413	11371
11358	11368
11389	11420
11456	11490
11500	11456
11358	11264
11235	11279
11350	11415
11479	11538
11573	11577
11564	11554
11562	11606
11674	11722
11723	11708
11712	11729
11731	11733
11774	11872
11985	12061
12092	12119
12151	12162
12136	12080
12027	12003
12005	12001
11958	11885
11814	11775
11754	11720
11671	11636
11625	11601
11531	11433
11377	11395
11453	11504
11545	11607
11690	11743
11711	11599
11478	11421
11441	11491
11532	11582
11655	11720
11729	11675
11588	11480
11353	11238
11168	11138
11115	11085
11057	11031
10993	10947
10926	10955
11027	11098
11108	11043
10954	10913
10935	10992
11078	11197
11325	11430
11493	11518
11517	11505
11484	11462
11445	11438
11445	11477
11535	11591
11600	11563
11519	11515
11551	11585
11590	11584
11599	11628
11641	11639
11645	11670
11700	11707
11691	11656
11581	11460
11352	11341
11435	11550
11596	11567
11520	11525
11606	11736
11859	11929
11936	11904
11882	11897
11921	11913
11880	11856
11822	11743
11639	11566
11560	11604
11671	11734
11777	11795
11780	11734
11697	11729
11776	11502
9952	6155
