5425	5331
5078	4678
4394	4550
5088	5538
5553	5302
5238	5542
5945	6175
6299	6433
6476	6434
6692	7617
8956	9907
9923	9213
8389	7854
7626	7567
7610	7807
8213	8719
9100	9205
9076	8848
8630	8458
8309	8163
8045	8004
8049	8133
8200	8250
8313	8393
8398	8151
7510	6578
5393	5273
4984	4551
4255	4439
5035	5538
5574	5321
5250	5533
5902	6111
6220	6309
6309	6329
6789	7932
9353	10235
10114	9269
8343	7757
7527	7486
7544	7748
8146	8637
9005	9115
9004	8787
8548	8329
8144	7988
7873	7832
7865	7941
8016	8087
8172	8253
8239	7978
7360	6480
5377	5247
4947	4512
4229	4444
5079	5605
5631	5355
5256	5498
5822	5999
6080	6113
6085	6227
6950	8325
9797	10582
10313	9322
8281	7638
7414	7407
7494	7706
8097	8563
8906	9012
8921	8712
8439	8165
7946	7796
7704	7676
7714	7787
7868	7956
8047	8110
8063	7780
7178	6359
5390	5272
5001	4603
4355	4591
5229	5735
5722	5404
5261	5449
5712	5848
5886	5869
5866	6188
7169	8696
10148	10828
10452	9356
8216	7524
7316	7363
7496	7727
8105	8541
8852	8950
8868	8659
8358	8045
7812	7681
7615	7605
7653	7732
7818	7899
7971	8000
7912	7603
7009	6239
5415	5331
5107	4762
4551	4795
5415	5882
5829	5466
5275	5401
5603	5686
5672	5630
5717	6256
7429	8988
10348	10933
10512	9369
8160	7425
7238	7354
7553	7808
8169	8565
8841	8931
8861	8661
8360	8048
7822	7700
7636	7622
7669	7751
7828	7886
7923	7910
7789	7464
6875	6139
5436	5393
5222	4919
4727	4964
5554	5995
5925	5545
5312	5374
5511	5538
5479	5455
5693	6443
7711	9175
10378	10886
10477	9355
8122	7351
7180	7363
7629	7912
8249	8596
8837	8926
8882	8719
8460	8188
7981	7845
7751	7706
7732	7803
7865	7887
7878	7827
7683	7354
6782	6069
5426	5423
5302	5034
4848	5057
5605	6024
5974	5616
5360	5359
5435	5425
5355	5395
5807	6715
7958	9230
10234	10667
10309	9274
8083	7308
7141	7367
7687	7996
8313	8612
8816	8905
8900	8799
8614	8402
8214	8053
7916	7833
7832	7881
7918	7905
7850	7758
7593	7271
6724	6024
5360	5390
5317	5086
4906	5075
5557	5937
5904	5589
5343	5309
5363	5366
5341	5487
6040	6998
8104	9128
9921	10272
9976	9082
8011	7281
7117	7358
7717	8053
8361	8619
8784	8866
8892	8857
8754	8608
8439	8257
8090	7982
7958	7982
7991	7943
7850	7719
7529	7212
6686	5985
5240	5282
5245	5064
4909	5042
5439	5732
5663	5371
5163	5168
5287	5392
5486	5751
6362	7232
8117	8885
9478	9741
9497	8768
7874	7240
7086	7325
7713	8088
8404	8631
8753	8810
8844	8854
8821	8736
8595	8409
8232	8120
8083	8082
8062	7993
7874	7714
7502	7181
6663	5946
5099	5127
5101	4973
4863	4982
5287	5459
5301	4992
4840	4953
5228	5525
5803	6175
6743	7412
8024	8552
8975	9158
8957	8391
7688	7165
7031	7261
7675	8101
8440	8647
8723	8740
8757	8779
8789	8759
8656	8488
8323	8214
8167	8144
8106	8031
7912	7740
7511	7187
6662	5919
4981	4978
4939	4843
4781	4897
5133	5201
4960	4628
4532	4766
5224	5747
6230	6682
7139	7551
7888	8206
8493	8614
8456	8032
7499	7073
6947	7161
7600	8084
8462	8656
8691	8663
8648	8658
8688	8702
8645	8507
8354	8250
8191	8148
8103	8043
7944	7782
7547	7213
6675	5901
4889	4868
4815	4728
4689	4805
4999	5018
4753	4436
4388	4706
5295	5994
6641	7143
7477	7649
7751	7897
8078	8161
8048	7746
7344	6991
6857	7045
7498	8035
8460	8658
8661	8594
8545	8539
8578	8628
8613	8498
8350	8236
8162	8104
8059	8022
7956	7814
7582	7237
6670	5851
4773	4768
4732	4658
4620	4720
4890	4910
4682	4422
4417	4771
5411	6192
6927	7455
7699	7703
7637	7656
7749	7803
7734	7532
7233	6931
6783	6935
7385	7966
8442	8654
8634	8532
8460	8451
8507	8589
8603	8497
8333	8195
8103	8034
7989	7971
7929	7805
7576	7211
6598	5716
4598	4644
4665	4623
4581	4652
4803	4842
4673	4476
4511	4874
5512	6302
7062	7600
7798	7718
7562	7493
7513	7530
7484	7354
7140	6889
6735	6848
7284	7896
8418	8651
8614	8482
8395	8394
8480	8596
8627	8511
8313	8142
8026	7947
7900	7882
7850	7739
7516	7134
6473	5525
4411	4513
4603	4601
4557	4603
4738	4791
4668	4522
4586	4950
5567	6329
7084	7628
7822	7717
7524	7404
7362	7336
7289	7204
7059	6855
6705	6790
7208	7839
8401	8651
8603	8446
8348	8362
8476	8619
8660	8528
8294	8086
7945	7852
7797	7773
7739	7640
7433	7047
6363	5375
4286	4421
4557	4587
4545	4575
4701	4760
4661	4543
4623	4986
5582	6319
7062	7613
7815	7713
7512	7368
7289	7228
7169	7105
7000	6832
6689	6758
7162	7805
8390	8653
8596	8425
8320	8343
8478	8637
8684	8538
8282	8048
7885	7781
7718	7685
7649	7563
7372	7010
6450	5851
