6560	6576
6603	6640
6694	6779
6889	7007
7122	7234
7349	7468
7589	7707
7812	7898
7966	8017
8057	8082
8095	8100
8097	8093
8098	8119
8159	8212
8270	8322
8371	8421
8481	8551
8618	8680
8745	8811
8876	8933
8995	9071
9162	9259
9353	9445
9542	9654
9795	9976
10180	10355
10431	10358
10050	9544
9211	9357
9679	9655
9223	8783
8756	9189
9768	10240
10618	10977
11281	11413
11282	10924
10474	10078
9793	9597
9445	9307
9174	9047
8929	8823
8724	8633
8545	8458
8377	8305
8249	8212
8190	8173
8166	8175
8203	8243
8291	8348
8413	8471
8492	8388
8025	7386
6646	6664
6691	6728
6788	6882
7009	7147
7283	7414
7543	7668
7790	7906
8010	8095
8163	8214
8252	8276
8288	8292
8289	8284
8288	8307
8345	8393
8444	8493
8538	8587
8646	8716
8786	8858
8933	9016
9088	9146
9195	9253
9325	9410
9493	9576
9666	9772
9916	10110
10337	10520
10563	10406
10027	9523
9238	9398
9720	9762
9485	9210
9239	9577
10006	10417
10871	11380
11827	12033
11881	11409
10803	10277
9926	9721
9582	9460
9331	9201
9078	8967
8866	8773
8684	8598
8518	8447
8391	8354
8326	8303
8289	8289
8312	8346
8389	8443
8504	8562
8583	8479
8115	7480
6766	6790
6828	6877
6950	7059
7200	7356
7510	7656
7793	7922
8041	8154
8254	8337
8404	8457
8497	8521
8533	8538
8537	8533
8536	8556
8589	8632
8675	8716
8756	8801
8858	8928
9007	9096
9203	9320
9423	9485
9506	9519
9551	9607
9675	9747
9826	9928
10061	10237
10434	10575
10558	10334
9930	9493
9305	9492
9781	9849
9720	9657
9800	10048
10283	10604
11141	11800
12337	12552
12354	11791
11064	10424
10020	9831
9742	9657
9544	9412
9280	9161
9057	8961
8870	8786
8706	8636
8581	8540
8506	8476
8453	8446
8460	8487
8524	8574
8634	8692
8710	8602
8233	7595
6909	6950
7013	7087
7181	7300
7448	7610
7769	7919
8057	8184
8300	8406
8500	8582
8651	8708
8749	8773
8785	8792
8796	8797
8803	8820
8851	8887
8922	8954
8985	9025
9077	9151
9245	9372
9540	9738
9904	9975
9941	9866
9820	9826
9868	9927
9999	10087
10185	10280
10359	10392
10332	10128
9801	9499
9432	9626
9823	9811
9719	9814
10100	10341
10466	10740
11336	12051
12555	12694
12455	11877
11108	10407
9987	9865
9875	9859
9772	9640
9502	9376
9266	9167
9076	8991
8913	8843
8785	8739
8700	8663
8633	8620
8628	8649
8681	8727
8783	8836
8852	8738
8367	7731
7099	7159
7249	7350
7459	7584
7730	7884
8039	8184
8318	8439
8548	8649
8736	8815
8884	8945
8988	9012
9024	9036
9046	9053
9062	9081
9108	9137
9162	9186
9210	9243
9293	9371
9494	9681
9956	10281
10544	10620
10495	10283
10119	10054
10062	10103
10163	10227
10261	10221
10122	10033
9992	9920
9758	9602
9619	9764
9793	9598
9417	9559
9981	10336
10520	10811
11384	12009
12387	12452
12239	11720
10962	10234
9841	9836
9985	10054
9992	9862
9720	9593
9480	9379
9285	9201
9123	9053
8992	8941
8896	8855
8822	8807
8809	8825
8853	8894
8946	8995
9004	8887
8521	7903
7349	7420
7525	7639
7755	7880
8017	8163
8308	8446
8571	8685
8787	8880
8963	9039
9109	9171
9213	9237
9250	9265
9282	9297
9311	9330
9353	9375
9394	9410
9429	9457
9507	9598
9761	10039
10449	10917
11262	11310
11058	10686
10396	10266
10246	10266
10293	10317
10275	10103
9843	9680
9729	9855
9877	9822
9830	9847
9673	9279
8977	9110
9629	10153
10476	10767
11182	11606
11874	11978
11893	11480
10752	10035
9715	9840
10107	10232
10185	10062
9928	9804
9694	9591
9497	9412
9333	9261
9196	9141
9092	9050
9017	9000
8998	9010
9035	9071
9116	9159
9163	9048
8698	8118
7634	7706
7813	7928
8043	8166
8300	8439
8576	8702
8820	8924
9018	9105
9183	9255
9323	9385
9428	9451
9471	9491
9514	9534
9550	9568
9586	9600
9613	9626
9642	9670
9725	9837
10057	10437
10978	11544
11888	11832
11415	10892
10526	10391
10385	10386
10358	10320
10226	9982
9641	9468
9632	9947
10118	10097
10003	9840
9492	8993
8652	8788
9354	9963
10326	10492
10647	10857
11118	11400
11532	11264
10610	9962
9729	9914
10191	10312
10288	10207
10107	10003
9899	9800
9706	9620
9541	9468
9399	9341
9291	9249
9216	9200
9197	9205
9225	9256
9293	9328
9327	9215
8889	8354
7920	7987
8087	8200
8317	8443
8578	8712
8840	8958
9063	9158
9245	9326
9401	9469
9533	9591
9635	9662
9683	9710
9740	9763
9779	9791
9801	9810
9820	9832
9850	9883
9946	10083
10353	10808
11424	12009
12275	12043
11420	10758
10388	10350
10429	10423
10319	10215
10115	9888
9546	9390
9633	10078
10354	10330
10103	9768
9323	8834
8565	8755
9309	9847
10060	9962
9816	9866
10201	10716
11095	11032
10543	10015
9810	9911
10067	10154
10214	10255
10243	10178
10089	9996
9907	9823
9743	9665
9597	9538
9487	9445
9415	9399
9397	9407
9424	9449
9480	9505
9499	9390
9085	8586
8182	8246
8342	8453
8574	8706
8843	8978
9099	9209
9303	9390
9470	9544
9616	9680
9740	9794
9834	9855
9869	9896
9934	9968
9987	9996
10000	10003
10014	10030
10054	10091
10166	10314
10580	11006
11568	12098
12290	11914
11096	10307
9985	10131
10364	10381
10201	10038
9969	9818
9516	9356
9611	10115
10466	10447
10132	9687
9209	8785
8633	8911
9437	9800
9718	9265
8808	8716
9091	9736
10306	10504
10302	9957
9727	9634
9614	9708
9941	10193
10325	10326
10261	10179
10098	10021
9939	9861
9792	9733
9685	9642
9611	9596
9595	9608
9625	9646
9669	9688
9676	9569
9277	8807
8423	8486
8581	8694
8819	8956
9097	9231
9348	9453
9542	9622
9693	9766
9833	9893
9945	9986
10005	9992
9968	9976
10037	10114
10161	10178
10181	10184
10195	10215
10248	10297
10379	10502
10665	10886
11226	11646
11842	11460
10553	9700
9471	9830
10245	10311
10087	9889
9849	9762
9494	9313
9527	10027
10427	10458
10140	9658
9157	8763
8706	9083
9602	9779
9361	8516
7725	7433
7704	8280
8895	9363
9571	9526
9325	9079
8947	9112
9564	10059
10363	10447
10412	10346
10279	10210
10134	10058
9990	9935
9887	9845
9813	9797
9797	9809
9826	9844
9860	9871
9856	9749
9466	9016
8653	8714
8810	8924
9052	9191
9331	9460
9574	9675
9767	9847
9919	9989
10053	10110
10148	10153
10107	10000
9875	9840
9954	10136
10272	10334
10351	10359
10370	10395
10434	10494
10573	10632
10597	10481
10488	10769
11037	10771
9925	9136
9050	9597
10148	10265
10042	9834
9787	9705
9450	9268
9441	9907
10336	10440
10183	9712
9175	8758
8750	9220
9753	9780
9063	7840
6687	6100
6108	6450
6979	7660
8318	8692
8669	8420
8287	8547
9182	9889
10361	10539
10545	10498
10446	10389
10323	10255
10194	10143
10099	10057
10025	10005
10001	10010
10025	10040
10051	10055
10034	9927
9654	9220
8874	8935
9030	9144
9273	9411
9544	9657
9754	9851
9956	10055
10141	10218
10280	10325
10331	10265
10092	9810
9510	9395
9588	9956
10264	10429
10494	10518
10534	10562
10610	10679
10741	10702
10431	9974
9693	9883
10231	10101
9402	8784
8860	9505
10088	10218
10023	9818
9722	9594
9360	9219
9393	9839
10286	10458
10279	9839
9272	8822
8846	9384
9923	9840
8913	7411
5934	4996
4655	4703
5092	5884
6898	7687
7940	7815
7743	8063
8800	9668
10312	10605
10662	10634
10594	10552
10502	10448
10399	10357
10318	10281
10246	10220
10208	10210
10220	10230
10236	10236
10212	10106
9839	9419
9088	9148
9242	9356
9486	9617
9727	9795
9841	9920
10053	10210
10347	10441
10492	10509
10468	10302
9948	9424
8887	8641
8894	9474
10025	10376
10554	10640
10681	10718
10773	10844
10874	10712
10221	9528
9123	9319
9723	9673
9123	8691
8883	9511
10017	10114
9938	9724
9555	9368
9166	9104
9335	9805
10274	10489
10367	9966
9400	8955
9023	9590
10098	9946
8955	7382
5743	4500
3786	3529
3758	4558
5757	6823
7312	7324
7313	7636
8393	9380
10204	10640
10768	10766
10737	10707
10673	10637
10602	10572
10542	10508
10471	10441
10420	10415
10417	10422
10425	10424
10395	10289
10028	9618
9294	9353
9447	9564
9692	9808
9866	9832
9767	9794
9983	10258
10492	10617
10637	10596
10500	10251
9725	8950
8146	7698
7890	8587
9381	10011
10428	10670
10790	10859
10926	10990
10967	10674
9995	9183
8796	9054
9472	9451
9030	8755
8987	9522
9909	9942
9742	9486
9246	9025
8869	8898
9200	9711
10195	10432
10348	9983
9451	9066
9190	9753
10197	10025
9136	7748
6194	4785
3718	3120
3138	3857
5079	6231
6813	6908
6943	7247
7978	9041
10040	10645
10869	10902
10884	10864
10843	10821
10800	10780
10758	10729
10693	10660
10634	10623
10620	10621
10622	10617
10587	10480
10222	9817
9498	9555
9650	9768
9892	9975
9938	9735
9479	9415
9677	10128
10506	10666
10618	10482
10344	10102
9532	8586
7523	6785
6721	7310
8230	9176
9974	10525
10830	10980
11072	11126
11037	10606
9779	8911
8567	8849
9236	9246
8967	8816
9029	9457
9752	9722
9452	9127
8856	8667
8589	8687
9018	9511
9970	10201
10135	9801
9333	9046
9240	9784
10163	10013
9342	8320
7071	5676
4327	3357
3081	3613
4702	5751
6289	6430
6553	6889
7597	8697
9839	10617
10958	11038
11036	11021
11010	10999
10989	10977
10961	10937
10905	10874
10849	10833
10825	10822
10819	10810
10779	10672
10416	10018
9701	9756
9848	9965
10075	10108
9942	9517
9012	8811
9130	9766
10303	10492
10354	10101
9946	9838
9429	8481
7215	6128
5648	5904
6743	7921
9158	10158
10775	11081
11221	11255
11085	10531
9609	8715
8350	8549
8859	8931
8817	8764
8930	9270
9517	9442
9091	8710
8471	8387
8415	8556
8844	9244
9612	9792
9722	9432
9068	8909
9167	9671
9990	9898
9485	8884
8039	6814
5332	4037
3399	3585
4348	5130
5562	5800
6126	6595
7312	8400
9629	10562
11027	11167
11182	11171
11164	11160
11155	11148
11138	11122
11100	11077
11055	11038
11024	11016
11007	10992
10955	10849
10599	10212
9902	9956
10045	10154
10243	10211
9901	9246
8487	8113
8421	9175
9838	10056
9845	9487
9324	9420
9346	8601
7250	5848
4943	4778
5359	6582
8162	9645
10665	11189
11395	11393
11117	10453
9490	8590
8132	8128
8300	8427
8493	8550
8699	8987
9220	9132
8745	8349
8157	8166
8279	8450
8699	9003
9247	9318
9197	8960
8740	8728
9025	9463
9736	9735
9572	9341
8882	7928
6497	5016
3993	3676
3923	4334
4686	5123
5755	6442
7196	8230
9470	10506
11080	11282
11315	11309
11304	11302
11299	11296
11291	11283
11271	11257
11242	11226
11210	11196
11182	11164
11121	11014
10772	10398
10097	10149
10237	10338
10393	10280
9827	8982
8015	7457
7660	8413
9130	9377
9127	8678
8478	8750
9080	8726
7492	5926
4712	4201
4494	5614
7374	9242
10645	11387
11637	11564
11155	10382
9388	8466
7840	7549
7515	7674
7939	8190
8429	8740
8987	8918
8544	8146
7945	7944
8064	8274
8568	8862
9005	8927
8711	8512
8443	8568
8882	9255
9510	9619
9675	9715
9541	8858
7612	6105
4767	3900
3568	3611
3931	4603
5549	6464
7271	8227
9403	10474
11128	11386
11440	11436
11432	11429
11428	11425
11423	11422
11418	11414
11405	11393
11380	11368
11350	11326
11281	11174
10937	10575
10281	10336
10424	10512
10518	10302
9708	8717
7604	6877
6893	7511
8183	8428
8141	7598
7322	7697
8410	8589
7733	6236
4886	4189
4322	5361
7189	9266
10889	11736
11951	11759
11208	10321
9260	8238
7390	6792
6545	6735
7248	7794
8245	8653
8931	8879
8519	8103
7825	7728
7806	8076
8492	8856
8936	8713
8396	8217
8269	8507
8845	9174
9419	9605
9807	10000
9968	9453
8397	6978
5479	4212
3424	3181
3478	4305
5464	6561
7426	8301
9377	10434
11150	11467
11549	11553
11549	11547
11543	11541
11540	11543
11548	11551
11551	11545
11537	11526
11510	11485
11440	11333
11100	10744
10460	10517
10605	10669
10608	10266
9523	8407
7185	6298
6076	6438
6947	7129
6806	6212
5893	6318
7315	8043
7774	6614
5337	4640
4813	5897
7725	9770
11344	12104
12192	11856
11190	10212
9034	7832
6765	5950
5587	5868
6661	7538
8237	8755
9033	8949
8565	8115
7779	7620
7693	8047
8583	8996
9009	8670
8283	8123
8271	8614
8987	9276
9466	9647
9895	10123
10083	9586
8634	7346
5880	4479
3461	3037
3267	4111
5345	6549
7471	8285
9263	10309
11097	11493
11621	11647
11654	11655
11653	11648
11647	11654
11666	11678
11686	11688
11684	11676
11661	11635
11590	11483
11255	10905
10636	10695
10775	10804
10653	10174
9284	8049
6715	5667
5186	5240
5504	5581
5276	4760
4501	4941
6045	7181
7558	6965
6002	5486
5829	6998
8697	10437
11691	12212
12131	11681
10948	9911
8613	7249
6053	5187
4863	5301
6365	7531
8416	8966
9171	8995
8561	8109
7807	7710
7869	8315
8893	9250
9143	8706
8291	8177
8419	8848
9231	9444
9525	9632
9848	10024
9890	9327
8410	7256
5946	4629
3580	3046
3149	3886
5068	6303
7267	8043
8949	9999
10874	11372
11582	11677
11732	11758
11761	11759
11760	11769
11787	11804
11819	11825
11824	11817
11801	11775
11730	11626
11403	11063
10808	10866
10929	10901
10642	10026
9009	7678
6253	5071
4379	4159
4187	4174
3958	3627
3501	3909
4943	6258
7191	7299
6874	6659
7144	8271
9662	10904
11688	11916
11695	11182
10415	9341
7984	6572
5391	4617
4437	5068
6354	7714
8677	9163
9237	8961
8504	8108
7930	7996
8300	8807
9318	9499
9219	8699
8302	8272
8606	9071
9396	9483
9433	9452
9608	9709
9495	8911
8058	7031
5880	4716
3729	3128
3063	3594
4612	5782
6746	7498
8344	9373
10299	10900
11262	11532
11729	11834
11871	11881
11887	11899
11917	11937
11950	11955
11953	11945
11930	11904
11860	11761
11545	11218
10979	11024
11046	10929
10543	9794
8696	7329
5886	4661
3866	3488
3358	3293
3172	3016
2991	3318
4170	5480
6814	7629
7853	7962
8452	9358
10342	11071
11408	11371
11046	10486
9680	8594
7293	5990
4937	4313
4319	5134
6555	7974
8897	9261
9216	8900
8486	8194
8167	8398
8820	9317
9659	9602
9141	8568
8241	8342
8772	9222
9422	9342
9153	9081
9173	9225
9017	8531
7828	6919
5856	4790
3875	3237
3007	3285
4037	5016
5885	6581
7342	8273
9149	9823
10427	11041
11544	11829
11947	11989
12012	12030
12051	12071
12081	12078
12071	12064
12050	12028
11986	11891
11686	11373
11136	11149
11095	10853
10312	9449
8308	6974
5609	4464
3716	3324
3129	3013
2917	2835
2837	3065
3727	4949
6523	7907
8706	9070
9458	10059
10665	11014
11040	10817
10400	9771
8913	7877
6760	5685
4812	4353
4547	5504
6936	8248
9025	9265
9164	8891
8581	8401
8472	8784
9231	9639
9779	9498
8903	8333
8126	8397
8945	9376
9427	9146
8798	8624
8648	8677
8544	8241
7743	6946
5893	4829
3948	3310
2969	3013
3452	4126
4789	5358
5978	6710
7422	8122
9027	10118
11065	11629
11883	11995
12056	12098
12142	12182
12200	12196
12183	12172
12161	12143
12109	12020
11822	11522
11249	11201
11031	10631
9942	8992
7840	6571
5346	4398
3850	3575
3364	3149
2975	2874
2866	3035
3576	4707
6374	8073
9219	9729
9998	10328
10646	10758
10621	10305
9823	9124
8255	7366
6530	5727
5052	4773
5145	6162
7456	8521
9094	9237
9145	8957
8754	8636
8711	9002
9407	9710
9685	9261
8613	8094
8021	8462
9131	9561
9473	8998
8499	8238
8201	8213
8168	8055
7754	7056
5986	4871
3984	3355
2961	2834
2991	3343
3741	4125
4555	5042
5540	6218
7360	8865
10215	11055
11474	11691
11820	11925
12054	12182
12267	12293
12286	12274
12264	12252
12224	12140
11948	11647
11257	11120
10806	10257
9469	8482
7339	6133
5082	4428
4202	4127
3891	3491
3138	2958
2951	3133
3647	4716
6344	8074
9298	9843
10035	10183
10301	10272
10069	9732
9229	8511
7719	7069
6558	6039
5580	5500
6009	6976
8015	8781
9159	9238
9169	9039
8872	8733
8744	8980
9346	9587
9476	8995
8361	7912
7938	8484
9233	9651
9453	8854
8289	8002
7939	7947
7980	8023
7877	7262
6207	5082
4194	3548
3083	2808
2746	2845
3016	3220
3462	3735
4057	4658
5834	7451
8936	9904
10452	10784
11003	11224
11539	11894
12170	12309
12350	12349
12339	12328
12303	12222
12016	11682
11041	10820
10391	9758
8952	7994
6884	5744
4886	4580
4738	4878
4573	3908
3299	2999
2995	3232
3791	4832
6332	7879
8952	9425
9569	9635
9666	9592
9385	9056
8549	7857
7203	6829
6644	6418
6213	6339
6918	7736
8494	9006
9245	9284
9209	9056
8835	8619
8572	8792
9151	9350
9182	8693
8116	7745
7830	8411
9151	9508
9233	8617
8096	7857
7819	7874
8014	8186
8130	7567
6593	5588
4777	4090
3467	2988
2726	2645
2667	2741
2852	2989
3192	3665
4641	6002
7275	8153
8733	9143
9456	9842
10438	11144
11739	12100
12260	12302
12291	12272
12248	12167
11914	11469
10408	10187
9766	9165
8439	7585
6559	5510
4851	4894
5430	5763
5348	4372
3458	2993
2961	3250
3879	4928
6290	7557
8349	8655
8738	8805
8877	8871
8722	8398
7857	7166
6631	6489
6582	6642
6711	7028
7609	8251
8782	9143
9322	9336
9212	8967
8645	8380
8352	8608
8941	9043
8788	8298
7803	7534
7688	8269
8923	9145
8805	8244
7841	7697
7739	7921
8220	8498
8445	7870
7010	6256
5648	4956
4128	3378
2885	2646
2564	2563
2604	2674
2803	3123
3771	4668
5515	6147
6650	7086
7503	8081
8943	9944
10826	11440
11774	11892
11883	11844
11829	11758
11429	10770
9251	9182
8957	8534
7973	7294
6427	5508
5023	5359
6217	6703
6162	4874
3650	2995
2908	3241
3961	5057
6311	7313
7805	7905
7906	8000
8186	8328
8278	7945
7309	6543
6045	6041
6326	6613
6920	7379
7936	8440
8846	9155
9329	9323
9122	8749
8335	8096
8180	8500
8756	8692
8320	7847
7460	7319
7561	8135
8652	8699
8282	7779
7491	7454
7625	7983
8457	8792
8650	7984
7213	6749
6457	5890
4944	3928
3170	2747
2566	2516
2527	2572
2659	2846
3195	3655
4085	4443
4809	5244
5795	6564
7537	8544
9434	10137
10595	10778
10758	10696
10719	10722
10355	9464
7762	7982
8107	7949
7590	7128
6480	5715
5355	5878
6954	7533
6878	5338
3864	3058
2939	3352
4204	5373
6547	7329
7567	7477
7390	7499
7789	8077
8128	7775
7014	6121
5587	5633
6013	6430
6867	7390
7926	8382
8763	9076
9249	9205
8901	8390
7910	7759
8009	8401
8558	8323
7863	7444
7189	7179
7501	8038
8405	8290
7796	7306
7078	7133
7432	7950
8542	8857
8570	7774
7042	6829
6901	6630
5749	4563
3536	2895
2601	2509
2508	2545
2611	2722
2892	3086
3247	3397
3634	4056
4743	5663
6583	7284
7815	8312
8711	8866
8800	8725
8835	9011
8756	7798
6443	6963
7434	7517
7324	7055
6615	5995
5705	6301
7469	8075
7339	5655
4044	3164
3070	3606
4618	5865
6958	7552
7598	7371
7210	7312
7660	8043
8163	7796
6933	5934
5348	5395
5799	6249
6702	7213
7745	8237
8663	8988
9140	9032
8612	7974
7457	7408
7817	8276
8360	8003
7505	7157
7028	7126
7486	7960
8200	7981
7429	6915
6699	6806
7187	7788
8408	8652
8226	7329
6612	6570
6966	7070
6408	5170
3915	3057
2644	2513
2505	2539
2598	2685
2788	2874
2916	2951
3093	3494
4269	5284
6096	6407
6431	6521
6680	6701
6562	6491
6713	7116
7136	6368
5676	6389
7071	7285
7180	7026
6725	6197
5933	6536
7713	8307
7533	5799
4145	3251
3207	3855
4990	6287
7313	7771
7697	7392
7191	7281
7650	8076
8231	7858
6947	5895
5281	5316
5710	6144
6564	7039
7579	8128
8606	8941
9063	8894
8383	7663
7132	7159
7670	8175
8223	7809
7298	7001
6954	7118
7486	7902
8068	7800
7219	6679
6455	6580
6990	7607
8207	8384
7876	6931
6228	6275
6877	7263
6811	5585
4192	3178
2679	2520
2505	2538
2598	2680
2773	2833
2841	2830
2919	3298
4109	5165
5905	5961
5618	5367
5285	5164
4966	4906
5212	5830
6462	7062
