1948	1941
1927	1907
1888	1868
1853	1846
1860	1905
1979	2072
2169	2260
2338	2398
2442	2477
2513	2560
2622	2689
2751	2797
2830	2852
2865	2866
2853	2828
2797	2770
2760	2776
2813	2860
2899	2925
2939	2949
2970	3004
3056	3117
3180	3236
3281	3309
3312	3279
3214	3128
3040	2962
2909	2889
2896	2925
2972	3038
3119	3208
3291	3358
3402	3429
3440	3447
3455	3468
3494	3543
3622	3729
3867	4045
4275	4554
4851	5159
5556	6233
7385	8927
10345	11069
10983	10393
9627	8846
8168	7754
7698	7931
8321	8798
9323	9839
10253	10383
10000	9038
7733	6504
5682	5307
5212	5213
5215	5187
5137	5098
5093	5131
5200	5252
5279	5342
5486	5667
5776	5741
5606	5481
5362	5098
4643	4174
3843	3647
3532	3484
3493	3530
3562	3582
3597	3617
3653	3712
3790	3895
4046	4264
4547	4844
5067	5130
4990	4677
4284	3906
3610	3411
3292	3227
3203	3212
3235	3258
3274	3281
3282	3277
3269	3259
3245	3225
3208	3204
3216	3244
3272	3292
3297	3283
3256	3213
3158	3090
3020	2957
2912	2889
2889	2901
2918	2921
2909	2885
2859	2838
2825	2818
2811	2793
2768	2736
2702	2669
2635	2596
2561	2539
2531	2519
2438	2254
2019	2009
1993	1972
1952	1933
1920	1916
1930	1969
2035	2117
2201	2280
2344	2389
2420	2448
2482	2531
2596	2670
2737	2792
2831	2858
2869	2864
2844	2810
2770	2735
2715	2722
2752	2794
2835	2869
2894	2921
2952	2994
3050	3115
3180	3236
3279	3305
3305	3274
3210	3129
3044	2970
2916	2890
2890	2913
2960	3029
3115	3211
3298	3364
3406	3426
3437	3444
3450	3461
3485	3532
3605	3700
3821	3976
4180	4435
4718	5037
5487	6267
7541	9147
10535	11185
11073	10563
9947	9343
8844	8585
8585	8720
8908	9175
9542	9975
10394	10618
10376	9516
8190	6818
5823	5356
5267	5319
5346	5289
5203	5154
5156	5199
5280	5363
5414	5453
5529	5629
5675	5595
5430	5282
5160	4920
4516	4108
3827	3655
3546	3503
3525	3586
3645	3678
3683	3675
3674	3697
3756	3853
4000	4208
4470	4740
4940	4990
4849	4550
4176	3824
3551	3373
3268	3215
3196	3204
3226	3247
3261	3270
3274	3274
3274	3273
3269	3267
3270	3286
3317	3356
3394	3420
3425	3409
3371	3313
3238	3147
3053	2969
2907	2874
2868	2882
2900	2910
2902	2879
2850	2820
2794	2773
2755	2734
2709	2683
2662	2643
2621	2593
2566	2549
2546	2536
2466	2306
2117	2105
2087	2065
2045	2029
2017	2015
2026	2060
2114	2179
2247	2306
2350	2377
2393	2410
2440	2491
2560	2638
2713	2779
2830	2860
2873	2864
2837	2797
2749	2702
2668	2658
2675	2711
2755	2799
2843	2887
2933	2986
3046	3112
3178	3234
3277	3299
3299	3269
3211	3137
3059	2991
2937	2905
2893	2908
2951	3021
3112	3212
3300	3366
3406	3424
3435	3440
3446	3456
3477	3517
3582	3667
3769	3898
4071	4294
4559	4884
5392	6300
7731	9420
10764	11326
11211	10831
10442	10075
9773	9622
9603	9592
9573	9621
9755	9968
10255	10511
10464	9846
8656	7240
6079	5455
5303	5371
5425	5367
5265	5214
5222	5266
5362	5479
5555	5568
5561	5563
5523	5389
5184	5006
4862	4627
4264	3927
3725	3617
3550	3535
3587	3683
3774	3827
3825	3785
3738	3717
3743	3822
3955	4141
4364	4588
4745	4767
4627	4351
4014	3704
3470	3323
3241	3203
3191	3197
3213	3230
3243	3252
3261	3270
3280	3292
3305	3325
3356	3397
3448	3502
3551	3584
3597	3583
3537	3462
3361	3239
3109	2993
2907	2855
2841	2852
2875	2892
2894	2875
2842	2799
2756	2714
2681	2653
2631	2616
2610	2608
2605	2595
2582	2573
2571	2559
2500	2369
2226	2214
2194	2174
2153	2138
2129	2129
2139	2163
2202	2250
2297	2335
2361	2369
2370	2375
2400	2447
2513	2592
2673	2748
2808	2850
2867	2863
2837	2797
2746	2688
2637	2607
2606	2632
2678	2737
2799	2861
2920	2981
3044	3112
3177	3234
3274	3294
3294	3268
3218	3153
3086	3022
2970	2933
2913	2918
2954	3020
3107	3206
3295	3361
3402	3423
3435	3440
3445	3453
3469	3502
3558	3634
3722	3827
3969	4159
4399	4727
5294	6343
7940	9701
10984	11467
11387	11179
11036	10894
10715	10552
10412	10260
10116	10000
9861	9709
9683	9848
9986	9725
8867	7587
6353	5556
5275	5310
5395	5377
5300	5268
5287	5331
5420	5537
5600	5572
5498	5424
5324	5151
4918	4710
4525	4254
3898	3627
3531	3529
3545	3588
3684	3820
3949	4023
4020	3955
3868	3802
3789	3837
3937	4079
4248	4404
4502	4491
4347	4101
3816	3559
3374	3267
3218	3196
3191	3194
3200	3210
3220	3232
3247	3268
3290	3315
3346	3391
3446	3512
3580	3646
3708	3755
3779	3771
3724	3633
3502	3344
3177	3024
2905	2833
2806	2814
2843	2870
2882	2869
2835	2782
2722	2663
2612	2576
2556	2555
2566	2582
2598	2606
2610	2610
2607	2591
2538	2436
2335	2325
2305	2284
2263	2249
2242	2242
2249	2266
2289	2317
2345	2366
2376	2371
2361	2358
2372	2407
2463	2533
2612	2692
2766	2819
2852	2861
2848	2816
2766	2701
2633	2581
2561	2578
2626	2696
2774	2849
2917	2979
3044	3111
3176	3231
3271	3292
3294	3272
3229	3175
3118	3063
3016	2977
2950	2946
2971	3025
3102	3191
3275	3345
3394	3421
3436	3443
3447	3452
3465	3491
3540	3609
3684	3769
3878	4031
4248	4588
5242	6454
8206	9988
11172	11582
11567	11541
11600	11595
11431	11161
10876	10637
10461	10245
9841	9282
8861	8816
9029	9099
8666	7689
6518	5610
5193	5170
5277	5320
5304	5320
5369	5419
5472	5520
5506	5413
5295	5196
5084	4903
4664	4437
4206	3879
3505	3294
3317	3441
3558	3669
3812	3989
4154	4252
4258	4184
4069	3966
3907	3906
3953	4035
4131	4213
4248	4197
4054	3842
3610	3412
3278	3211
3190	3189
3191	3190
3190	3192
3198	3212
3234	3264
3298	3335
3382	3444
3521	3603
3684	3763
3836	3896
3934	3935
3888	3784
3626	3431
3225	3039
2892	2801
2766	2775
2809	2845
2865	2861
2831	2776
2705	2630
2564	2520
2503	2513
2539	2570
2600	2624
2641	2650
2646	2626
2578	2498
2426	2416
2402	2384
2366	2353
2345	2345
2349	2355
2364	2375
2384	2390
2387	2376
2362	2349
2351	2370
2409	2466
2538	2622
2705	2776
2826	2856
2863	2847
2804	2733
2652	2583
2549	2560
2609	2687
2775	2855
2923	2982
3043	3109
3174	3229
3269	3293
3296	3280
3245	3200
3150	3103
3060	3023
2998	2989
3003	3041
3100	3174
3254	3327
3384	3420
3438	3446
3451	3456
3466	3487
3529	3593
3662	3733
3816	3938
4137	4516
5303	6707
8574	10295
11315	11641
11697	11826
12007	12030
11798	11411
11035	10788
10627	10342
9716	8828
8062	7742
7853	8097
8063	7489
6527	5619
5109	5017
5127	5225
5285	5367
5471	5539
5542	5474
5338	5165
5017	4916
4809	4635
4407	4185
3935	3569
3196	3055
3194	3429
3616	3773
3952	4166
4366	4492
4513	4439
4314	4183
4080	4019
3999	4008
4026	4036
4010	3928
3786	3607
3423	3277
3188	3157
3164	3179
3189	3188
3182	3178
3181	3198
3223	3259
3300	3348
3405	3478
3564	3654
3743	3834
3919	3989
4035	4041
3992	3874
3691	3467
3232	3019
2858	2761
2727	2742
2782	2824
2850	2852
2827	2776
2702	2620
2543	2492
2477	2495
2532	2573
2611	2646
2673	2688
2686	2662
2614	2547
2484	2481
2473	2462
2450	2437
2428	2424
2423	2423
2421	2417
2412	2404
2391	2374
2355	2338
2327	2332
2356	2401
2468	2553
2646	2730
2798	2848
2877	2878
2844	2774
2686	2609
2570	2578
2629	2711
2798	2875
2935	2988
3045	3108
3169	3224
3266	3292
3301	3293
3266	3227
3181	3136
3098	3068
3046	3037
3043	3069
3115	3177
3249	3323
3385	3424
3443	3454
3460	3468
3477	3493
3528	3587
3658	3726
3798	3905
4110	4567
5526	7123
9041	10609
11410	11640
11756	11990
12210	12178
11846	11389
11018	10822
10686	10322
9496	8340
7283	6663
6558	6843
7151	7035
6403	5602
5051	4894
4984	5122
5250	5398
5553	5640
5602	5435
5191	4953
4776	4658
4535	4356
4144	3950
3709	3353
3025	2988
3240	3538
3738	3894
4086	4327
4558	4709
4750	4689
4564	4410
4264	4143
4053	3989
3938	3886
3814	3709
3570	3417
3277	3172
3116	3110
3132	3161
3179	3181
3173	3168
3172	3187
3213	3249
3294	3346
3407	3480
3566	3654
3747	3846
3939	4017
4067	4072
4015	3885
3690	3448
3199	2978
2816	2727
2705	2730
2775	2817
2842	2844
2823	2779
2711	2624
2540	2484
2468	2492
2535	2582
2624	2666
2700	2721
2721	2695
2645	2577
2507	2511
2516	2518
2513	2503
2491	2480
2469	2463
2455	2445
2429	2407
2383	2359
2335	2312
2295	2293
2311	2351
2417	2502
2600	2692
2773	2837
2883	2898
2876	2810
2725	2654
2618	2629
2681	2757
2836	2901
2953	2999
3051	3107
3166	3218
3261	3292
3310	3308
3290	3255
3210	3163
3125	3099
3086	3082
3089	3112
3152	3209
3278	3346
3403	3438
3455	3466
3478	3492
3505	3517
3544	3597
3666	3739
3819	3944
4204	4787
5939	7687
9569	10910
11478	11621
11782	12066
12255	12122
11706	11243
10940	10820
10697	10224
9159	7692
6317	5416
5133	5460
6082	6428
6178	5555
5013	4804
4859	5012
5185	5371
5545	5639
5583	5373
5089	4823
4624	4474
4314	4118
3922	3750
3524	3205
2987	3107
3472	3780
3921	4021
4199	4451
4703	4880
4944	4900
4774	4603
4417	4240
4086	3959
3856	3761
3663	3545
3414	3284
3175	3100
3066	3070
3100	3132
3157	3164
3164	3162
3167	3179
3200	3231
3273	3324
3382	3448
3520	3602
3695	3795
3892	3972
4020	4021
3955	3819
3620	3383
3142	2933
2786	2714
2708	2743
2789	2827
2844	2839
2820	2782
2721	2637
2550	2489
2470	2494
2539	2589
2636	2678
2719	2747
2752	2728
2674	2593
2509	2522
2541	2556
2560	2553
2537	2518
2500	2488
2479	2466
2443	2411
2376	2339
2305	2277
2260	2258
2277	2317
2382	2468
2564	2662
2749	2825
2879	2905
2891	2839
2766	2705
2679	2693
2743	2812
2880	2933
2977	3017
3062	3112
3165	3213
3256	3290
3313	3321
3308	3278
3231	3180
3139	3115
3108	3113
3130	3162
3210	3271
3337	3396
3440	3464
3474	3487
3506	3529
3549	3563
3584	3623
3689	3776
3899	4109
4506	5273
6599	8399
10127	11199
11553	11632
11816	12104
12223	11991
11526	11103
10886	10827
10683	10069
8726	6893
5184	4071
3727	4142
5012	5734
5845	5432
4952	4725
4746	4889
5075	5264
5423	5505
5448	5250
4985	4736
4535	4366
4186	3982
3789	3612
3374	3111
3064	3408
3899	4166
4175	4160
4284	4527
4790	4987
5073	5044
4918	4728
4507	4283
4081	3913
3775	3659
3549	3432
3314	3203
3116	3061
3041	3051
3077	3109
3133	3146
3152	3156
3160	3166
3177	3199
3233	3277
3327	3380
3437	3507
3593	3688
3781	3856
3897	3889
3819	3685
3498	3281
3067	2889
2770	2722
2730	2770
2814	2845
2851	2837
2816	2782
2729	2651
2565	2500
2478	2496
2542	2593
2641	2686
2730	2765
2776	2758
2699	2605
2512	2531
2559	2582
2595	2590
2571	2546
2524	2512
2504	2490
2464	2424
2378	2329
2285	2250
2231	2232
2254	2298
2361	2443
2535	2632
2723	2805
2869	2902
2899	2862
2805	2758
2740	2756
2801	2860
2917	2964
3001	3037
3075	3120
3165	3207
3246	3278
3303	3315
3309	3282
3236	3186
3142	3117
3113	3128
3159	3208
3273	3347
3415	3465
3492	3503
3508	3520
3542	3574
3602	3623
3643	3679
3756	3897
4137	4532
5156	6135
7566	9263
10703	11461
11637	11675
11865	12128
12185	11895
11427	11057
10893	10837
10627	9868
8286	6147
4174	2933
2585	3052
4035	4971
5354	5170
4819	4623
4628	4753
4929	5100
5229	5288
5242	5086
4870	4655
4471	4311
4141	3944
3734	3509
3245	3067
3259	3883
4512	4708
4527	4334
4351	4550
4809	5019
5123	5104
4977	4772
4525	4270
4040	3849
3700	3578
3470	3362
3255	3161
3091	3055
3043	3053
3076	3100
3119	3133
3140	3144
3145	3143
3142	3153
3177	3213
3253	3290
3332	3387
3459	3541
3621	3681
3708	3689
3615	3491
3325	3144
2971	2833
2749	2726
2749	2793
2834	2858
2857	2837
2811	2780
2735	2666
2587	2522
2495	2506
2545	2593
2643	2689
2735	2774
2791	2778
2719	2618
2524	2547
2580	2610
2625	2621
2602	2577
2556	2544
2539	2527
2498	2454
2398	2339
2284	2243
2224	2227
2250	2293
2352	2428
2513	2605
2701	2791
2861	2905
2914	2890
2848	2811
2797	2811
2847	2897
2947	2989
3020	3051
3083	3119
3155	3190
3223	3251
3276	3290
3290	3270
3232	3184
3141	3116
3114	3134
3180	3249
3335	3424
3496	3539
3553	3551
3551	3561
3586	3622
3658	3689
3718	3779
3923	4206
4670	5338
6222	7366
8768	10197
11230	11649
11680	11704
11902	12149
12179	11885
11440	11091
10917	10802
10499	9636
7934	5645
3531	2210
1822	2237
3177	4170
4737	4787
4611	4489
4496	4607
4774	4924
5025	5071
5041	4932
4768	4591
4426	4281
4130	3937
3695	3414
3139	3089
3560	4473
5241	5371
4986	4568
4420	4532
4760	4971
5085	5075
4951	4744
4487	4222
3980	3782
3632	3517
3419	3326
3235	3156
3100	3073
3070	3079
3093	3108
3119	3126
3129	3129
3125	3114
3103	3102
3114	3142
3172	3198
3226	3262
3314	3375
3432	3469
3477	3444
3370	3261
3129	2990
2865	2772
2726	2727
2760	2806
2846	2865
2859	2835
2808	2778
2741	2684
2615	2556
2524	2524
2551	2593
2640	2689
2737	2778
2799	2788
2732	2634
2547	2571
2607	2638
2655	2653
2636	2613
2594	2587
2583	2570
2541	2494
2436	2370
2308	2265
2244	2248
2271	2312
2365	2431
2506	2595
2694	2792
2874	2927
2946	2933
2903	2871
2855	2861
2887	2928
2970	3001
3026	3048
3072	3098
3125	3153
3179	3206
3231	3252
3260	3250
3222	3181
3143	3120
3120	3148
3205	3288
3392	3492
3571	3608
3612	3603
3597	3607
3632	3671
3714	3758
3817	3956
4265	4807
5575	6515
7574	8742
9970	11028
11617	11721
11646	11689
11912	12156
12187	11916
11488	11117
10871	10656
10270	9384
7707	5437
3285	1893
1406	1677
2470	3417
4109	4382
4389	4343
4357	4462
4624	4762
4841	4874
4856	4787
4676	4541
4396	4259
4112	3917
3650	3334
3085	3181
3897	5041
5928	6036
5504	4869
4517	4499
4662	4846
4955	4952
4842	4649
4407	4151
3916	3726
3583	3479
3395	3319
3244	3180
3136	3116
3114	3119
3126	3129
3130	3128
3126	3122
3113	3094
3075	3064
3068	3084
3105	3120
3134	3153
3181	3214
3240	3252
3238	3196
3127	3041
2945	2853
2779	2732
2719	2735
2773	2817
2851	2869
2861	2836
2806	2780
2750	2705
2650	2597
2561	2548
2560	2593
2638	2688
2736	2779
2802	2793
2740	2648
2572	2597
2633	2666
2684	2683
2669	2651
2638	2634
2631	2618
2588	2543
2482	2417
2357	2313
2294	2298
2323	2362
2408	2462
2528	2611
2713	2819
2909	2973
3001	2993
2965	2933
2912	2910
2927	2955
2983	3001
3011	3020
3034	3050
3070	3091
3115	3146
3178	3207
3225	3225
3206	3176
3148	3133
3142	3176
3239	3331
3442	3551
3629	3666
3666	3652
3646	3654
3678	3716
3765	3837
3977	4286
4871	5744
6793	7872
8912	9935
10905	11602
11822	11692
11562	11643
11896	12136
12160	11898
11464	11042
10698	10380
9948	9128
7604	5463
3337	1872
1253	1345
1949	2805
3575	4037
4197	4204
4216	4325
4491	4618
4675	4685
4661	4616
4555	4474
4365	4238
4090	3893
3620	3302
3093	3308
4180	5451
6420	6568
5985	5189
4636	4458
4522	4651
4736	4739
4651	4492
4284	4061
3851	3680
3555	3467
3400	3342
3284	3235
3198	3178
3168	3164
3160	3155
3145	3138
3133	3127
3116	3094
3069	3048
3044	3052
3064	3069
3069	3069
3073	3075
3071	3058
3027	2979
2921	2862
2808	2764
2738	2732
2744	2765
2795	2827
2856	2871
2863	2837
2807	2783
2761	2728
2685	2640
2597	2573
2570	2594
2635	2685
2734	2778
2802	2794
2747	2662
2597	2620
2656	2689
2708	2709
2698	2687
2681	2681
2679	2665
2636	2591
2535	2476
2422	2383
2369	2376
2403	2439
2477	2518
2572	2652
2753	2865
2963	3031
3062	3058
3029	2994
2966	2955
2961	2977
2988	2989
2980	2972
2975	2982
2996	3014
3041	3080
3123	3162
3188	3197
3189	3172
3155	3153
3171	3212
3279	3371
3482	3588
3666	3704
3707	3696
3689	3697
3719	3760
3833	3987
4307	4905
5829	6980
8142	9136
9960	10734
11451	11890
11888	11634
11488	11603
11865	12080
12074	11796
11337	10854
10422	10023
9585	8895
7609	5672
3603	2063
1305	1222
1639	2380
3184	3783
4051	4085
4098	4220
4396	4512
4540	4518
4475	4436
4414	4384
4318	4209
4067	3875
3612	3309
3148	3443
4377	5672
6678	6897
6349	5472
4749	4395
4335	4393
4446	4449
4392	4277
4121	3946
3777	3638
3538	3472
3424	3385
3345	3309
3276	3249
3224	3205
3191	3179
3166	3155
3149	3145
3135	3113
3085	3061
3048	3049
3052	3048
3035	3018
2999	2975
2945	2912
2870	2823
2778	2745
2727	2726
2741	2765
2790	2808
2822	2840
2859	2871
2864	2839
2810	2788
2769	2745
2714	2672
2629	2594
2578	2592
2629	2677
2727	2771
2798	2794
2753	2677
2618	2642
2676	2710
2729	2731
2727	2722
2723	2727
2727	2714
2684	2641
2589	2537
2495	2464
2455	2468
2498	2532
2562	2590
2635	2706
2804	2913
3012	3081
3112	3108
3079	3042
3010	2992
2987	2989
2984	2966
2939	2914
2903	2906
2917	2938
2973	3020
3074	3119
3150	3165
3166	3159
3158	3169
3198	3245
3313	3402
3506	3606
3682	3725
3737	3733
3729	3735
3758	3818
3973	4319
4955	5921
7130	8370
9399	10117
10637	11161
11693	11985
11883	11584
11434	11554
11803	11978
11935	11635
11155	10623
10120	9659
9238	8709
7712	6043
4073	2456
1544	1292
1543	2163
2953	3621
3955	4012
4040	4187
4376	4480
4483	4436
4379	4336
4316	4298
4251	4160
4026	3845
3606	3345
3248	3606
4550	5797
6778	7048
6571	5676
4823	4300
4110	4096
4123	4133
4107	4040
3937	3812
3690	3593
3525	3481
3454	3430
3408	3381
3350	3312
3274	3240
3216	3201
3190	3180
3173	3167
3158	3138
3114	3089
3075	3069
3066	3054
3033	3002
2965	2923
2874	2826
2776	2729
2695	2682
2689	2716
2758	2803
2832	2842
2840	2842
2855	2865
2860	2840
2813	2790
2771	2753
2726	2692
2649	2607
2584	2587
2615	2658
2709	2755
2787	2793
2760	2694
2638	2662
2695	2727
2748	2754
2752	2754
2763	2773
2775	2762
2733	2688
2643	2599
2567	2544
2543	2564
2599	2629
2647	2665
2699	2760
2851	2951
3041	3104
3134	3131
3106	3072
3040	3016
3003	2992
2973	2938
2895	2857
2835	2832
2849	2879
2922	2975
3032	3079
3112	3130
3138	3143
3154	3177
3214	3266
3333	3419
3516	3609
3683	3731
3754	3757
3758	3767
3807	3936
4268	4930
5964	7260
8581	9671
10388	10774
11040	11397
11806	12001
11831	11499
11332	11438
11665	11811
11749	11443
10948	10376
9816	9316
8929	8575
7904	6582
4787	3123
2038	1602
1689	2179
2899	3565
3925	4011
4066	4241
4448	4557
4548	4486
4417	4358
4303	4250
4184	4090
3959	3795
3597	3408
3395	3811
4736	5890
6792	7076
6671	5803
4865	4195
3884	3811
3823	3844
3849	3822
3763	3683
3602	3542
3507	3488
3477	3466
3455	3437
3407	3366
3316	3269
3238	3223
3220	3214
3204	3190
3177	3159
3142	3125
3113	3102
3090	3073
3049	3012
2966	2911
2852	2792
2736	2688
2657	2652
2674	2715
2768	2817
2849	2853
2842	2836
2842	2851
2851	2835
2813	2787
2765	2745
2722	2692
2654	2613
2584	2577
2593	2629
2678	2729
2768	2785
2766	2708
2660	2682
2715	2747
2768	2775
2777	2782
2798	2811
2816	2805
2778	2737
2696	2661
2635	2621
2625	2653
2689	2714
2722	2727
2750	2802
2879	2967
3044	3097
3124	3123
3104	3076
3049	3025
3006	2986
2956	2909
2856	2809
2782	2778
2798	2836
2887	2945
3000	3044
3076	3098
3114	3128
3148	3177
3218	3273
3343	3428
3520	3607
3681	3733
3761	3769
3771	3792
3883	4155
4768	5813
7201	8655
9866	10652
11027	11164
11303	11586
11907	11988
11719	11320
11122	11221
11452	11594
11522	11195
10667	10052
9455	8954
8634	8470
8148	7249
5748	4121
2888	2248
2147	2462
3037	3619
3966	4077
4163	4358
4588	4717
4702	4608
4515	4433
4344	4242
4137	4021
3883	3736
3592	3488
3555	3999
4872	5920
6741	7035
6710	5892
4907	4122
3713	3593
3601	3634
3659	3658
3627	3576
3527	3497
3486	3485
3486	3486
3481	3470
3448	3410
3355	3299
3260	3247
3248	3243
3227	3205
3184	3175
3169	3164
3152	3138
3121	3100
3073	3037
2986	2926
2859	2794
2732	2681
2649	2645
2670	2714
2765	2811
2840	2842
2830	2822
2824	2832
2833	2822
2803	2776
2748	2724
2702	2675
2642	2607
2578	2562
2566	2593
2640	2695
2744	2776
2769	2721
2679	2701
2735	2766
2786	2793
2794	2802
2817	2836
2845	2838
2815	2781
2746	2718
2698	2687
2693	2723
2759	2777
2774	2767
2781	2825
2892	2966
3030	3074
3095	3094
3078	3056
3032	3012
2992	2969
2935	2886
2830	2783
2756	2753
2772	2811
2862	2918
2972	3015
3048	3076
3099	3124
3148	3180
3224	3280
3353	3437
3528	3613
3684	3735
3762	3770
3779	3830
4015	4502
5456	6855
8435	9826
10765	11216
11331	11344
11465	11742
11992	11943
11543	11063
10844	10968
11229	11376
11257	10844
10226	9552
8948	8503
8293	8317
8326	7891
6811	5376
4087	3263
2942	3029
3386	3809
4095	4215
4312	4500
4727	4854
4811	4665
4534	4448
4362	4248
4115	3972
3820	3687
3596	3562
3674	4096
4888	5842
6629	6974
6751	6000
4990	4121
3632	3473
3472	3510
3543	3555
3539	3504
3470	3457
3463	3475
3484	3492
3494	3491
3479	3449
3397	3336
3288	3271
3267	3261
3239	3212
3193	3191
3196	3200
3194	3176
3153	3128
3100	3062
3009	2948
2878	2812
2749	2695
2662	2656
2678	2717
2760	2800
2825	2828
2819	2810
2807	2811
2809	2801
2780	2752
2722	2693
2670	2645
2617	2588
2560	2539
2535	2558
2603	2662
2720	2762
2767	2729
2697	2721
2752	2783
2801	2807
2808	2812
2827	2845
2859	2859
2844	2819
2793	2772
2757	2748
2754	2779
2809	2820
2809	2792
2797	2832
2890	2953
3005	3039
3052	3048
3031	3011
2994	2980
2967	2949
2919	2874
2825	2785
2762	2758
2772	2800
2842	2893
2946	2992
3030	3064
3097	3129
3159	3193
3236	3295
3366	3453
3542	3624
3689	3734
3759	3771
3801	3914
4251	5012
6299	7934
9513	10665
11268	11437
11389	11366
11524	11828
12032	11877
11375	10846
10629	10775
11049	11160
10939	10382
9635	8900
8322	7976
7889	8049
8296	8278
7696	6623
5439	4509
3990	3848
3970	4201
4381	4463
4527	4650
4797	4850
4745	4557
4413	4353
4312	4231
4104	3939
3768	3648
3606	3627
3754	4124
4812	5686
6476	6916
6819	6154
5146	4209
3646	3444
3424	3457
3491	3505
3494	3464
3437	3430
3441	3460
3477	3489
3499	3506
3504	3486
3440	3377
3322	3294
3283	3270
3245	3219
3209	3216
3231	3241
3236	3215
3187	3159
3128	3085
3032	2969
2901	2835
2775	2723
2689	2682
2699	2730
2765	2796
2817	2823
2817	2805
2797	2790
2781	2767
2745	2715
2682	2654
2629	2606
2580	2555
2531	2512
2508	2528
2574	2632
2696	2744
2758	2731
2712	2734
2767	2797
2814	2818
2815	2816
2826	2844
2863	2872
2868	2852
2835	2826
2817	2808
2810	2827
2850	2853
2831	2806
2803	2833
2882	2934
2975	2998
3003	2992
2971	2954
2942	2937
2933	2925
2906	2877
2842	2816
2803	2798
2801	2812
2836	2876
2924	2973
3018	3062
3104	3144
3180	3216
3258	3316
3388	3473
3559	3637
3694	3731
3753	3778
3853	4083
4647	5718
7277	8992
10400	11231
11520	11479
11342	11323
11533	11869
12045	11829
11289	10756
10536	10652
10874	10904
10574	9897
9068	8322
7804	7548
7530	7709
8028	8276
8149	7521
6587	5694
5088	4808
4760	4818
4868	4861
4833	4819
4790	4689
4506	4317
4212	4200
4214	4183
4079	3907
3728	3630
3644	3726
3872	4185
4756	5535
6318	6844
6886	6338
5365	4381
3738	3478
3432	3453
3483	3500
3490	3460
3431	3418
3426	3446
3465	3486
3505	3521
3529	3518
3477	3413
3352	3317
3301	3286
3261	3241
3237	3253
3274	3285
3280	3258
3228	3194
3156	3111
3055	2990
2923	2861
2803	2756
2727	2718
2729	2750
2774	2796
2813	2819
2816	2804
2788	2770
2751	2727
2701	2670
2639	2611
2585	2562
2538	2516
2495	2479
2479	2501
2548	2609
2672	2722
2743	2730
2724	2746
2780	2811
2828	2830
2825	2822
2828	2845
2869	2887
2890	2884
2876	2875
2872	2865
2859	2871
2883	2878
2849	2817
2808	2830
2871	2914
2943	2955
2949	2930
2906	2890
2885	2890
2899	2902
2899	2889
2877	2871
2869	2867
2857	2847
2849	2872
2911	2959
3009	3062
3114	3161
3202	3240
3283	3339
3412	3496
3580	3651
3698	3723
3744	3791
3949	4371
5243	6633
8355	9979
11106	11616
11665	11495
11322	11321
11563	11904
12044	11796
11266	10752
10495	10522
10645	10609
10247	9575
8788	8115
7674	7461
7405	7458
7661	7964
8122	7879
7253	6527
5978	5686
5572	5524
5459	5341
5183	4987
4741	4460
4216	4069
4034	4072
4120	4118
4030	3866
3706	3653
3742	3905
4095	4365
4819	5465
6180	6744
6910	6507
5611	4603
3880	3552
3470	3481
3510	3528
3518	3486
3450	3426
3420	3433
3457	3484
3512	3537
3550	3541
3500	3434
3374	3340
3326	3314
3293	3276
3278	3296
3319	3330
3325	3303
3268	3229
3185	3135
3077	3011
2945	2883
2831	2790
2767	2759
2763	2774
2787	2798
2810	2817
2816	2803
2780	2752
2720	2688
2655	2623
2592	2565
2540	2516
2494	2473
2455	2446
2453	2480
2527	2587
2649	2699
2725	2725
2737	2759
2792	2823
2840	2845
2840	2836
2841	2858
2882	2905
2915	2914
2913	2917
2916	2908
2899	2903
2907	2895
2861	2823
2810	2823
2857	2891
2910	2912
2897	2871
2845	2831
2833	2849
2867	2883
2896	2908
2922	2936
2946	2946
2931	2906
2889	2893
2918	2959
3009	3068
3127	3181
3224	3263
3305	3360
3430	3514
3595	3659
3695	3711
3735	3828
4120	4811
6034	7684
9409	10794
11599	11856
11771	11556
11388	11403
11641	11935
12009	11732
11220	10714
10399	10323
10378	10356
10080	9545
8912	8376
8015	7791
7612	7447
7413	7594
7822	7806
7447	6934
6517	6280
6165	6081
5956	5754
5474	5117
4689	4277
3995	3896
3929	4008
4067	4060
3966	3816
3697	3714
3896	4160
4412	4664
5001	5485
6079	6629
6894	6643
5854	4843
4045	3643
3526	3530
3560	3576
3566	3530
3483	3443
3422	3425
3450	3485
3521	3552
3568	3557
3511	3446
3388	3360
3355	3349
3334	3319
3321	3337
3356	3369
3364	3340
3304	3260
3211	3157
3096	3030
2964	2905
2857	2824
2803	2796
2795	2797
2799	2802
2809	2815
2813	2796
2767	2731
2691	2651
2613	2578
2549	2524
2500	2478
2456	2437
2424	2420
2434	2465
2512	2568
2625	2674
2706	2719
2752	2772
2804	2834
2854	2861
2862	2866
2877	2893
2914	2932
2940	2938
2938	2939
2939	2931
2919	2916
2915	2898
2864	2825
2804	2812
2837	2861
2872	2867
2846	2818
2792	2781
2790	2812
2841	2868
2895	2925
2960	2992
3015	3021
3006	2978
2953	2945
2957	2988
3034	3091
3148	3199
3243	3279
3319	3372
3442	3523
3601	3657
3680	3688
3729	3901
4389	5403
6955	8734
10294	11346
11854	11959
11838	11638
11491	11513
11719	11943
11943	11627
11120	10607
10240	10103
10155	10212
10083	9728
9277	8883
8600	8354
8045	7676
7409	7401
7563	7622
7428	7078
6756	6555
6450	6373
6250	6021
5676	5224
4696	4207
3896	3810
3880	3990
4048	4012
3895	3758
3695	3793
4070	4430
4746	4982
5215	5544
6010	6526
6864	6751
6065	5064
4203	3736
3585	3579
3607	3623
3610	3572
3517	3462
3429	3427
3452	3494
3539	3575
3590	3576
3527	3462
3409	3385
3385	3385
3374	3360
3358	3370
3386	3395
3390	3369
3333	3284
3230	3173
3112	3048
2983	2926
2882	2852
2834	2827
2823	2819
2815	2811
2813	2812
2805	2783
2750	2713
2670	2625
2580	2543
2513	2491
2471	2450
2429	2412
2403	2409
2432	2465
2507	2554
2599	2641
2680	2712
2768	2784
2812	2839
2861	2876
2891	2909
2929	2947
2959	2965
2960	2950
2942	2938
2932	2921
2910	2905
2901	2885
2854	2818
2793	2792
2805	2820
2826	2818
2797	2770
2746	2742
2757	2786
2822	2858
2894	2934
2981	3024
3057	3072
3070	3054
3036	3026
3031	3052
3089	3136
3186	3228
3264	3293
3326	3373
3438	3515
3588	3637
3651	3656
3726	4017
4754	6104
7908	9673
10958	11668
11950	11974
11846	11657
11525	11557
11756	11940
11888	11545
11030	10506
10113	9963
10038	10161
10133	9904
9582	9306
9096	8854
8483	8010
7620	7482
7552	7603
7469	7177
6865	6638
6523	6473
6390	6197
5861	5382
4809	4266
3905	3792
3864	3990
4044	3978
3833	3711
3701	3870
4214	4634
4988	5207
5356	5566
5941	6442
6846	6838
6234	5239
4328	3808
3631	3616
3638	3648
3632	3590
3530	3471
3434	3435
3468	3519
3569	3608
3625	3610
3561	3495
3440	3417
3414	3414
3401	3388
3383	3390
3401	3407
3404	3385
3350	3299
3241	3182
3124	3062
3002	2948
2906	2878
2860	2850
2844	2839
2834	2827
2822	2813
2796	2769
2735	2699
2660	2612
2561	2519
2492	2475
2457	2437
2418	2403
2401	2417
2445	2479
2510	2540
2567	2599
2640	2694
2780	2794
2816	2841
2865	2887
2915	2950
2981	2999
2999	2988
2968	2945
2927	2913
2902	2889
2880	2875
2872	2861
2835	2803
2777	2768
2770	2777
2777	2770
2752	2728
2710	2711
2733	2768
2809	2849
2889	2936
2986	3034
3076	3105
3121	3124
3123	3121
3126	3141
3167	3202
3238	3270
3293	3308
3327	3363
3420	3490
3556	3601
3615	3630
3753	4189
5197	6852
8809	10463
11462	11895
12008	11951
11778	11564
11441	11515
11753	11947
11883	11528
11011	10484
10088	9934
10002	10127
10123	9939
9679	9469
9312	9101
8751	8309
7941	7786
7809	7817
7655	7324
6949	6661
6526	6504
6477	6342
6048	5578
4979	4389
3974	3825
3887	4012
4054	3964
3810	3707
3739	3936
4284	4698
5045	5247
5352	5510
5859	6383
6854	6925
6371	5374
4421	3853
3652	3626
3640	3642
3621	3578
3522	3469
3440	3452
3496	3557
3612	3652
3669	3655
3609	3542
3484	3455
3447	3439
3423	3405
3396	3398
3403	3406
3403	3388
3355	3305
3246	3186
3131	3077
3021	2971
2931	2902
2884	2872
2865	2862
2857	2852
2841	2823
2795	2760
2727	2699
2665	2616
2559	2515
2488	2476
2461	2442
2424	2410
2412	2434
2463	2490
2507	2517
2525	2544
2590	2671
2789	2799
2818	2840
2864	2891
2928	2971
3008	3023
3014	2987
2955	2924
2895	2875
2860	2848
2843	2840
2838	2829
2810	2782
2754	2738
2732	2733
2733	2726
2712	2694
2681	2686
2713	2750
2793	2835
2877	2925
2977	3029
3076	3119
3153	3180
3197	3207
3218	3232
3252	3278
3303	3322
3331	3329
3329	3349
3393	3455
3518	3563
3588	3633
3835	4443
5716	7605
9606	11104
11869	12106
12085	11918
11656	11407
11308	11443
11737	11956
11889	11533
11028	10517
10122	9944
9970	10055
10034	9858
9607	9395
9236	9049
8782	8478
8249	8169
8182	8129
7880	7455
6995	6654
6512	6513
6518	6411
6126	5654
5046	4449
4033	3891
3958	4073
4095	3991
3839	3763
3813	3983
4253	4579
4880	5083
5206	5388
5773	6355
6892	7020
6499	5494
4498	3882
3646	3602
3605	3599
3574	3533
3485	3449
3440	3470
3528	3595
3654	3693
3708	3696
3650	3584
3524	3492
3480	3468
3444	3418
3401	3393
3393	3393
3390	3379
3351	3304
3248	3193
3141	3091
3042	2996
2959	2931
2912	2901
2895	2892
2889	2884
2871	2848
2809	2768
2737	2715
2685	2635
2576	2531
2507	2494
2480	2462
2442	2430
2432	2449
2473	2489
2492	2485
2481	2491
2542	2644
2791	2799
2816	2837
2861	2889
2927	2972
3006	3015
2999	2966
2928	2889
2858	2836
2821	2812
2807	2807
2804	2798
2780	2753
2725	2703
2694	2692
2690	2685
2675	2663
2655	2665
2691	2731
2774	2814
2856	2900
2949	3000
3053	3108
3157	3201
3236	3262
3284	3303
3324	3343
3364	3377
3376	3359
3342	3346
3379	3431
3488	3535
3581	3679
4003	4822
6334	8354
10292	11593
12165	12268
12141	11878
11555	11295
11221	11391
11701	11915
11830	11464
10973	10486
10100	9892
9864	9908
9882	9718
9456	9185
8958	8767
8601	8487
8444	8466
8470	8324
7956	7433
6921	6575
6448	6452
6435	6280
5948	5452
4874	4356
4035	3966
4061	4168
4169	4047
3900	3840
3892	4000
4138	4325
4556	4778
4973	5237
5699	6342
6927	7092
6593	5586
4559	3896
3619	3546
3535	3524
3497	3459
3425	3412
3429	3479
3549	3621
3680	3717
3731	3716
3669	3602
3544	3514
3504	3492
3464	3427
3397	3379
3372	3370
3368	3358
3337	3300
3253	3205
3156	3109
3061	3020
2986	2961
2944	2935
2931	2928
2926	2921
2909	2882
2840	2797
2765	2745
2718	2669
2607	2561
2538	2528
2515	2495
2475	2461
2458	2467
2476	2477
2469	2454
2441	2449
2504	2623
2791	2800
2816	2836
2858	2887
2920	2956
2982	2984
2964	2928
2888	2849
2818	2796
2783	2779
2777	2775
2773	2767
2748	2718
2686	2663
2652	2648
2644	2642
2637	2628
2628	2641
2667	2706
2749	2789
2826	2862
2904	2951
3007	3070
3134	3191
3241	3284
3318	3345
3367	3390
3409	3419
3413	3389
3363	3358
3382	3425
3473	3521
3595	3787
4299	5379
7096	9125
10867	11915
12303	12306
12123	11838
11522	11276
11203	11346
11628	11814
11700	11305
10806	10334
9963	9743
9682	9701
9690	9553
9277	8927
8597	8369
8287	8343
8469	8568
8531	8263
7766	7174
6672	6379
6285	6263
6165	5908
5493	4984
4487	4127
3979	4028
4168	4268
4245	4102
3941	3886
3930	3983
4004	4064
4223	4459
4736	5097
5635	6318
6917	7089
6614	5621
4580	3881
3569	3473
3450	3433
3404	3370
3351	3358
3399	3467
3545	3620
3678	3715
3723	3703
3654	3586
3532	3509
3509	3502
3472	3428
3387	3360
3348	3346
3343	3337
3323	3296
3261	3218
3175	3129
3085	3043
3012	2991
2979	2974
2971	2970
2969	2964
2951	2922
2880	2836
2805	2786
2760	2710
2647	2602
2580	2571
2556	2537
2517	2500
2490	2485
2481	2471
2454	2436
2422	2428
2488	2613
2791	2799
2815	2834
2857	2882
2911	2938
2953	2950
2924	2887
2844	2805
2777	2760
2752	2750
2751	2751
2748	2741
2719	2686
2649	2620
2607	2602
2599	2597
2594	2592
2595	2612
2642	2681
2723	2764
2796	2824
2854	2898
2956	3027
3101	3171
3235	3287
3329	3362
3386	3407
3425	3436
3430	3406
3379	3371
3387	3422
3463	3517
3637	3973
4753	6142
8014	9923
11353	12097
12301	12229
12042	11797
11534	11309
11203	11294
11538	11712
11584	11156
10612	10119
9757	9556
9499	9517
9516	9394
9101	8680
8252	7961
7904	8064
8299	8440
8339	7942
7332	6716
6283	6085
6029	5957
5757	5409
4951	4469
4080	3890
3919	4089
4273	4363
4308	4133
3945	3875
3919	3957
3938	3931
4031	4256
4575	5009
5603	6302
6885	7049
6584	5611
4572	3857
3524	3415
3385	3364
3334	3302
3287	3306
3360	3435
3516	3592
3649	3683
3689	3662
3607	3540
3492	3479
3488	3486
3460	3414
3369	3340
3327	3323
3322	3317
3309	3293
3268	3235
3195	3151
3107	3068
3040	3022
3012	3010
3010	3010
3008	3004
2990	2962
2919	2875
2847	2829
2804	2755
2694	2649
2625	2616
2604	2584
2562	2543
2528	2517
2502	2485
2464	2443
2428	2433
2492	2615
2790	2799
2814	2831
2853	2875
2898	2917
2924	2913
2888	2851
2808	2770
2742	2729
2725	2726
2726	2726
2724	2714
2692	2653
2613	2581
2565	2559
2556	2555
2554	2556
2566	2586
2619	2660
2706	2747
2778	2801
2825	2868
2930	3010
3096	3177
3245	3299
3339	3366
3386	3403
3418	3425
3419	3397
3373	3363
3374	3404
3444	3515
3712	4245
5351	7048
8997	10680
11748	12193
12235	12105
11928	11740
11536	11325
11188	11242
11484	11682
11575	11126
10509	9943
9563	9401
9391	9429
9424	9282
8952	8472
7961	7588
7494	7673
7954	8100
7939	7446
6780	6195
5865	5769
5744	5627
5374	5021
4615	4211
3907	3816
3949	4200
4415	4487
4388	4163
3930	3833
3881	3956
3983	3990
4061	4242
4551	5016
5652	6365
6937	7085
6620	5649
4599	3864
3517	3403
3371	3348
3317	3282
3263	3276
3324	3393
3471	3545
3602	3633
3634	3601
3542	3476
3436	3432
3447	3453
3432	3392
3351	3326
3313	3309
3307	3305
3300	3292
3274	3247
3213	3173
3130	3093
3064	3049
3044	3045
3047	3048
3045	3039
3022	2993
2950	2909
2883	2867
2846	2799
2742	2694
2671	2660
2647	2628
2605	2585
2569	2553
2537	2518
2497	2477
2461	2464
2516	2628
2789	2797
2809	2824
2842	2859
2877	2891
2893	2884
2860	2823
2782	2744
2716	2700
2695	2695
2697	2696
2693	2685
2662	2626
2585	2552
2534	2525
2520	2516
2516	2521
2536	2561
2598	2645
2698	2747
2783	2807
2833	2880
2953	3045
3142	3232
3305	3353
3379	3389
3393	3394
3397	3397
3386	3366
3342	3332
3342	3372
3423	3529
3829	4587
6010	7948
9875	11285
12023	12239
12164	11981
11800	11651
11494	11300
11154	11207
11477	11729
11674	11223
10532	9861
9432	9301
9354	9431
9413	9222
8835	8306
7737	7282
7102	7227
7485	7609
7414	6904
6275	5774
5542	5517
5515	5405
5197	4959
4697	4393
4119	4017
4150	4421
4645	4685
4518	4214
3919	3784
3840	3985
4114	4199
4274	4406
4672	5139
5809	6558
7142	7286
6807	5810
4715	3938
3568	3452
3424	3402
3367	3322
3288	3282
3308	3362
3429	3498
3552	3581
3577	3538
3477	3416
3383	3383
3400	3410
3396	3366
3336	3316
3308	3302
3297	3293
3290	3285
3273	3253
3224	3187
3149	3114
3087	3072
3067	3069
3073	3075
3072	3062
3039	3005
2963	2928
2908	2900
2883	2842
2789	2746
2722	2706
2690	2668
2645	2625
2610	2597
2582	2565
2545	2525
2508	2508
2552	2648
2789	2793
2802	2812
2825	2839
2851	2861
2865	2860
2841	2811
2773	2734
2701	2679
2666	2663
2662	2661
2658	2650
2630	2596
2560	2530
2510	2499
2488	2482
2479	2487
2506	2537
2582	2639
2704	2767
2815	2851
2889	2947
3035	3143
3258	3359
3434	3473
3479	3461
3434	3407
3383	3366
3348	3326
3299	3286
3296	3336
3408	3567
3994	4980
6658	8712
10520	11667
12161	12233
12084	11855
11662	11537
11415	11242
11101	11167
11467	11773
11779	11354
10621	9874
9405	9291
9386	9493
9461	9216
8777	8213
7609	7086
6801	6817
6993	7072
6890	6475
5985	5601
5415	5386
5395	5361
5306	5266
5177	4957
4657	4468
4525	4760
4959	4944
4676	4262
3886	3718
3798	4025
4271	4453
4563	4664
4877	5321
6011	6798
7418	7580
7091	6051
4890	4050
3645	3525
3509	3495
3453	3395
3343	3312
3312	3346
3403	3465
3514	3537
3528	3488
3429	3374
3346	3346
3363	3372
3364	3346
3329	3316
3306	3297
3289	3283
3278	3274
3266	3251
3227	3196
3162	3131
3102	3083
3075	3077
3084	3086
3082	3065
3035	2994
2956	2930
2921	2922
2912	2883
2842	2802
2775	2754
2731	2705
2683	2666
2652	2644
2632	2619
2601	2580
2562	2558
2591	2671
2786	2790
2795	2800
2807	2815
2823	2831
2840	2842
2834	2811
2778	2738
2700	2667
2646	2635
2630	2628
2627	2619
2602	2575
2542	2513
2490	2473
2459	2447
2444	2452
2475	2513
2570	2643
2729	2813
2885	2943
3002	3083
3193	3321
3451	3563
3638	3665
3645	3591
3520	3450
3392	3351
3319	3290
3259	3238
3248	3296
3398	3629
4207	5415
7273	9323
10945	11858
12195	12189
11990	11726
11528	11422
11317	11150
11015	11089
11402	11733
11784	11405
10699	9972
9528	9432
9524	9612
9556	9283
8817	8236
7605	7019
6625	6501
6554	6591
6493	6279
6009	5745
5538	5424
5406	5476
5622	5778
5810	5616
5271	4997
4967	5136
5271	5163
4773	4237
3787	3614
3746	4062
4404	4665
4813	4902
5074	5481
6162	6966
7616	7803
7319	6251
5035	4133
3692	3571
3573	3573
3532	3462
3394	3347
3330	3350
3395	3449
3491	3509
3496	3453
3399	3354
3331	3330
3339	3345
3344	3337
3329	3321
3310	3295
3280	3269
3262	3259
3254	3242
3223	3196
3169	3139
3110	3086
3073	3072
3081	3086
3079	3055
3017	2972
2936	2919
2923	2933
2936	2918
2887	2852
2822	2791
2762	2733
2712	2702
2697	2693
2687	2675
2658	2636
2617	2608
2632	2693
2786	2788
2789	2792
2794	2798
2803	2810
2822	2832
2833	2821
2795	2758
2717	2677
2648	2631
2624	2620
2618	2611
2595	2565
2530	2497
2471	2448
2430	2415
2409	2418
2445	2493
2566	2664
2777	2893
2998	3090
3183	3296
3433	3581
3724	3840
3909	3915
3862	3764
3642	3521
3420	3350
3303	3264
3223	3193
3198	3255
3388	3716
4483	5918
7900	9864
11264	11978
12210	12150
11910	11625
11425	11315
11197	11022
10897	10982
11285	11604
11674	11359
10760	10160
9804	9713
9743	9760
9666	9394
8944	8369
7715	7065
6555	6279
6202	6215
6257	6298
6269	6110
5850	5609
5527	5674
5983	6258
6301	6061
5679	5384
5321	5423
5462	5237
4725	4088
3594	3444
3648	4051
4465	4776
4950	5045
5210	5603
6265	7052
7694	7887
7410	6333
5088	4148
3684	3565
3581	3592
3553	3483
3412	3361
3342	3357
3398	3445
3481	3493
3476	3434
3386	3349
3330	3328
3331	3335
3338	3339
3338	3331
3316	3294
3272	3252
3243	3239
3236	3227
3210	3188
3164	3136
3106	3079
3060	3059
3067	3073
3064	3035
2993	2947
2914	2907
2920	2939
2949	2941
2914	2882
2847	2812
2778	2751
2736	2732
2735	2738
2738	2729
2711	2689
2666	2656
2670	2716
2785	2786
2786	2787
2789	2789
2792	2799
2811	2826
2837	2835
2818	2787
2746	2705
2673	2653
2645	2640
2637	2629
2608	2574
2530	2490
2459	2433
2410	2392
2384	2390
2421	2482
2580	2710
2860	3014
3158	3289
3422	3570
3736	3907
4061	4176
4228	4205
4111	3962
3783	3606
3460	3358
3294	3245
3196	3156
3155	3218
3399	3859
4853	6521
8578	10411
11585	12126
12266	12147
11863	11560
11348	11202
11037	10854
10765	10881
11172	11451
11510	11274
10838	10413
10139	10001
9917	9833
9700	9454
9066	8539
7891	7199
6588	6166
5964	5966
6147	6411
6577	6497
6193	5852
5715	5907
6300	6580
6526	6181
5771	5514
5480	5542
5483	5143
4529	3824
3307	3180
3440	3911
4387	4743
4961	5106
5326	5757
6416	7165
7764	7923
7423	6331
5076	4128
3657	3531
3542	3548
3508	3444
3386	3351
3346	3367
3407	3448
3476	3483
3463	3426
3384	3354
3339	3335
3336	3340
3345	3352
3354	3348
3326	3296
3264	3237
3223	3219
3217	3210
3195	3174
3150	3123
3093	3063
3043	3041
3049	3055
3045	3016
2972	2926
2899	2898
2917	2943
2955	2950
2925	2889
2851	2812
2779	2756
2748	2754
2766	2776
2778	2769
2753	2730
2707	2694
2702	2734
2785	2785
2785	2785
2785	2786
2789	2794
2806	2825
2843	2853
2845	2822
2786	2746
2714	2693
2684	2681
2677	2667
2642	2598
2547	2500
2464	2434
2410	2391
2379	2382
2413	2491
2618	2786
2979	3174
3357	3526
3697	3880
4079	4271
4435	4543
4575	4522
4380	4174
3935	3700
3506	3371
3290	3236
3185	3144
3142	3222
3476	4107
5353	7224
9292	10955
11908	12284
12317	12124
11799	11488
11254	11043
10822	10648
10626	10801
11083	11305
11338	11182
10924	10661
10417	10176
9958	9777
9611	9395
9083	8646
8074	7407
6746	6209
5888	5850
6100	6500
6788	6765
6449	6070
5929	6157
6564	6767
6562	6083
5638	5428
5447	5500
5368	4939
4255	3508
2964	2822
3084	3586
4120	4559
4879	5150
5500	6022
6700	7409
7938	8022
7460	6333
5072	4133
3661	3515
3494	3473
3420	3363
3327	3322
3341	3375
3417	3453
3474	3474
3453	3420
3389	3366
3356	3352
3353	3356
3363	3372
3374	3364
3337	3298
3254	3221
3201	3195
3194	3189
3174	3153
3128	3103
3074	3043
3021	3019
3028	3035
3024	2995
2952	2911
2889	2894
2915	2943
2957	2952
2924	2884
2840	2800
2771	2756
2757	2770
2788	2800
2802	2793
2775	2752
2729	2714
2718	2744
2783	2783
2783	2783
2783	2783
2785	2791
2804	2826
2852	2872
2876	2861
2830	2792
2759	2738
2729	2725
2722	2711
2682	2635
2579	2531
2495	2466
2440	2419
2401	2398
2432	2524
2680	2889
3123	3360
3579	3784
3989	4208
4433	4648
4820	4923
4936	4849
4665	4407
4107	3814
3575	3407
3309	3253
3207	3169
3174	3286
3642	4479
5978	7983
9972	11409
12137	12345
12254	11982
11641	11344
11087	10806
10542	10409
10477	10717
10998	11166
11171	11082
10974	10828
10585	10252
9931	9687
9491	9279
9013	8667
8217	7652
7019	6421
5985	5846
6060	6491
6848	6884
6595	6232
6121	6383
6770	6880
6537	5937
5438	5247
5298	5339
5152	4666
3948	3182
2609	2415
2627	3116
3708	4275
4776	5255
5796	6445
7158	7818
8251	8221
7553	6362
5091	4171
3706	3538
3474	3411
3337	3280
3265	3290
3334	3385
3427	3458
3471	3465
3445	3419
3397	3384
3379	3376
3378	3381
3388	3396
3396	3380
3345	3297
3248	3206
3181	3172
3170	3164
3151	3129
3104	3080
3051	3021
3002	2998
3007	3013
3003	2975
2935	2898
2882	2888
2913	2939
2954	2947
2918	2872
2825	2785
2759	2754
2764	2785
2804	2813
2808	2793
2771	2747
2724	2710
2714	2741
2782	2781
2780	2778
2777	2776
2778	2785
2801	2827
2861	2892
2905	2898
2872	2835
2800	2779
2768	2763
2758	2747
2720	2676
2625	2579
2547	2521
2498	2475
2453	2445
2478	2578
2755	2995
3268	3542
3800	4042
4283	4536
4790	5022
5199	5294
5289	5176
4960	4656
4305	3961
3678	3484
3373	3311
3270	3239
3254	3415
3904	4967
6688	8746
10562	11722
12210	12244
12029	11696
11373	11110
10830	10497
10222	10151
10309	10606
10889	11027
11019	10982
10971	10900
10673	10327
9992	9735
9509	9252
8958	8648
8305	7877
7338	6738
6202	5914
5994	6363
6745	6858
6645	6338
6262	6528
6883	6932
6511	5830
5272	5057
5088	5075
4813	4278
3563	2826
2261	2027
2170	2629
3280	4007
4738	5469
6233	7025
7774	8374
8677	8484
7668	6390
5098	4197
3747	3571
3479	3390
3299	3238
3230	3270
3333	3392
3438	3462
3470	3461
3443	3424
3411	3405
3406	3406
3407	3409
3414	3418
3411	3387
3344	3293
3240	3194
3163	3149
3143	3138
3123	3103
3081	3056
3030	3003
2984	2981
2990	2996
2986	2961
2924	2891
2877	2886
2908	2932
2945	2936
2903	2853
2802	2763
2746	2749
2768	2795
2814	2817
2802	2778
2750	2723
2698	2685
2692	2726
2773	2772
2769	2766
2762	2760
2762	2771
2793	2828
2871	2910
2933	2933
2910	2871
2832	2804
2789	2783
2778	2768
2746	2711
2669	2634
2611	2591
2570	2547
2522	2511
2541	2641
2824	3078
3378	3690
3990	4275
4558	4851
5135	5381
5558	5642
5620	5486
5241	4905
4516	4134
3821	3608
3486	3421
3376	3341
3372	3602
4253	5550
7446	9471
11044	11906
12165	12049
11738	11371
11066	10818
10512	10151
9901	9905
10139	10477
10768	10898
10895	10892
10925	10892
10710	10436
10175	9952
9703	9379
9011	8672
8383	8072
7649	7089
6493	6053
5943	6163
6509	6704
6625	6419
6371	6599
6897	6910
6473	5764
5162	4891
4835	4700
4320	3735
3060	2412
1918	1691
1799	2243
2967	3866
4831	5807
6776	7694
8471	8997
9151	8782
7813	6441
5116	4213
3766	3589
3498	3409
3317	3253
3240	3278
3342	3401
3444	3468
3473	3465
3450	3436
3427	3426
3430	3435
3438	3439
3439	3435
3417	3381
3331	3278
3227	3181
3147	3125
3115	3105
3090	3072
3053	3035
3015	2994
2978	2975
2982	2986
2978	2955
2923	2892
2878	2880
2896	2914
2922	2911
2878	2824
2769	2734
2726	2741
2767	2801
2822	2820
2795	2761
2727	2694
2668	2654
2666	2706
2757	2755
2748	2741
2733	2728
2731	2745
2777	2824
2876	2925
2954	2960
2938	2894
2846	2811
2792	2782
2776	2767
2753	2730
2704	2684
2671	2660
2644	2622
2597	2584
2608	2699
2869	3120
3434	3779
4127	4466
4806	5144
5457	5711
5882	5952
5912	5758
5491	5134
4723	4321
3993	3770
3643	3572
3512	3466
3516	3837
4680	6211
8222	10133
11426	12009
12088	11878
11515	11120
10788	10493
10150	9804
9620	9703
9997	10364
10663	10792
10784	10776
10809	10789
10666	10499
10349	10194
9961	9614
9198	8822
8535	8281
7940	7441
6834	6287
5985	5999
6232	6473
6550	6486
6471	6626
6839	6827
6422	5745
5126	4769
4570	4263
3744	3117
2505	1976
1589	1417
1540	2019
2841	3908
5078	6245
7356	8347
9120	9567
9593	9089
8015	6574
5207	4267
3794	3606
3525	3455
3379	3320
3299	3322
3370	3419
3455	3474
3481	3478
3467	3453
3446	3450
3459	3470
3475	3473
3465	3447
3412	3360
3301	3250
3207	3167
3132	3104
3084	3067
3051	3034
3023	3013
3004	2993
2983	2980
2984	2987
2979	2960
2933	2905
2886	2877
2876	2880
2880	2867
2831	2776
2723	2696
2698	2724
2764	2804
2828	2827
2800	2760
2716	2677
2648	2635
2647	2689
2737	2732
2723	2711
2698	2689
2691	2714
2755	2812
2872	2926
2960	2967
2944	2895
2840	2799
2775	2765
2759	2753
2745	2733
2720	2713
2710	2707
2696	2681
2660	2648
2669	2744
2894	3128
3444	3817
4211	4609
5005	5388
5724	5982
6144	6201
6146	5973
5694	5327
4912	4508
4176	3950
3820	3734
3650	3590
3672	4113
5174	6924
8988	10724
11731	12080
12037	11786
11392	10939
10506	10114
9747	9466
9387	9553
9890	10271
10567	10681
10644	10598
10605	10600
10538	10462
10409	10342
10189	9907
9525	9139
8820	8543
8213	7757
7187	6606
6161	5964
6021	6227
6412	6485
6506	6595
6726	6713
6383	5793
5186	4734
4358	3862
3218	2569
2023	1598
1305	1205
1393	1956
2902	4124
5450	6737
7907	8903
9636	10013
9960	9390
8271	6797
5386	4389
3863	3650
3570	3516
3461	3412
3386	3393
3419	3448
3471	3483
3491	3490
3481	3470
3466	3477
3500	3520
3527	3520
3500	3461
3403	3332
3264	3216
3182	3150
3113	3081
3054	3030
3009	2995
2990	2992
2995	2995
2991	2990
2993	2992
2986	2972
2951	2927
2902	2879
2858	2837
2822	2803
2766	2715
2670	2653
2670	2709
2757	2804
2835	2838
2814	2770
2719	2673
2641	2627
2638	2676
2718	2711
2698	2681
2663	2652
2657	2680
2728	2789
2852	2906
2938	2943
2918	2868
2812	2769
2749	2740
2739	2737
2732	2726
2719	2716
2717	2719
2719	2712
2700	2693
2710	2772
2901	3116
3427	3816
4246	4690
5133	5547
5896	6149
6303	6353
6291	6114
5831	5471
5067	4674
4348	4120
3977	3868
3761	3706
3850	4447
5740	7664
9700	11219
11966	12130
12007	11723
11282	10719
10142	9649
9296	9131
9188	9443
9804	10170
10440	10526
10453	10366
10362	10399
10408	10402
10418	10442
10411	10262
9983	9623
9252	8883
8486	8030
7507	6951
6441	6074
5934	6012
6191	6323
6376	6437
6543	6574
6365	5902
5330	4789
4237	3568
2826	2170
1679	1322
1096	1070
1358	2044
3122	4468
5888	7220
8380	9324
9990	10311
10221	9637
8519	7040
5596	4545
3968	3724
3631	3583
3537	3497
3473	3470
3479	3489
3494	3494
3490	3485
3477	3474
3483	3513
3554	3588
3601	3587
3548	3483
3398	3306
3229	3183
3156	3131
3096	3058
3024	2996
2972	2961
2960	2970
2985	2994
2997	2998
3000	2998
2994	2984
2969	2950
2921	2883
2838	2793
2757	2726
2691	2651
2620	2618
2649	2697
2754	2805
2841	2849
2829	2784
2728	2677
2641	2625
2635	2668
2698	2690
2674	2654
2635	2624
2627	2651
2696	2755
2816	2862
2889	2889
2862	2813
2762	2729
2716	2719
2721	2725
2724	2716
2706	2697
2696	2701
2710	2719
2723	2722
2735	2783
2894	3092
3392	3781
4228	4698
5165	5593
5937	6180
6326	6376
6319	6150
5882	5542
5162	4789
4475	4246
4089	3962
3847	3823
4078	4880
6403	8427
10341	11603
12118	12145
11961	11640
11124	10431
9717	9155
8848	8812
9007	9343
9714	10040
10262	10324
10242	10156
10182	10287
10371	10421
10487	10589
10681	10680
10529	10226
9815	9340
8834	8323
7807	7277
6745	6273
5955	5852
5914	6012
6076	6154
6293	6410
6340	6014
5491	4875
4175	3371
2562	1912
1461	1153
983	1040
1449	2282
3487	4911
6351	7656
8750	9603
10187	10456
10351	9782
8693	7233
5780	4697
4087	3812
3698	3637
3588	3553
3533	3530
3532	3531
3518	3500
3481	3465
3458	3465
3496	3551
3617	3668
3687	3666
3607	3515
3401	3289
3204	3156
3133	3110
3074	3034
2998	2966
2943	2931
2934	2950
2969	2987
2996	3002
3003	3003
3000	2992
2981	2966
2936	2886
2821	2751
2694	2650
2615	2589
2578	2594
2636	2692
2750	2805
2843	2856
2837	2791
2734	2679
2641	2623
2631	2658
2677	2666
2650	2630
2611	2599
2600	2621
2661	2713
2764	2803
2821	2814
2785	2744
2702	2681
2681	2694
2709	2718
2719	2708
2688	2669
2661	2667
2688	2716
2738	2744
2752	2786
2875	3048
3326	3703
4146	4623
5094	5517
5847	6076
6214	6269
6224	6076
5835	5527
5180	4836
4536	4309
4146	4019
3927	3974
4390	5445
7182	9211
10908	11885
12187	12109
11890	11547
10971	10177
9369	8773
8499	8550
8837	9226
9595	9881
10069	10130
10087	10055
10142	10308
10443	10532
10636	10796
10983	11111
11088	10870
10470	9939
9344	8740
8157	7584
7013	6467
6020	5747
5657	5674
5726	5829
6016	6208
6254	6041
5574	4920
4130	3247
2412	1776
1358	1095
996	1161
1711	2685
3987	5426
6810	8021
8999	9731
10211	10418
10302	9766
8742	7340
5915	4827
4196	3897
3756	3673
3614	3577
3563	3565
3568	3560
3536	3503
3470	3443
3432	3448
3500	3582
3673	3743
3767	3739
3659	3540
3403	3273
3181	3132
3109	3087
3052	3009
2972	2940
2916	2905
2908	2925
2951	2974
2992	3001
3003	3004
3001	2994
2985	2970
2936	2876
2796	2708
2634	2581
2547	2535
2545	2579
2630	2690
2750	2805
2845	2858
2838	2794
2735	2680
2642	2623
2627	2647
2654	2644
2627	2607
2589	2575
2573	2590
2624	2667
2710	2739
2747	2735
2705	2670
2641	2634
2647	2672
2696	2715
2718	2701
2670	2636
2618	2625
2659	2707
2746	2763
2765	2780
2842	2983
3228	3577
4002	4468
4929	5334
5643	5852
5985	6045
6021	5901
5696	5426
5116	4800
4520	4302
4146	4043
4007	4174
4813	6150
8056	9998
11414	12097
12203	12036
11802	11464
10875	10049
9213	8606
8335	8390
8679	9062
9419	9695
9889	9992
10032	10095
10252	10451
10601	10702
10828	11029
11283	11506
11593	11474
11138	10625
9995	9307
8603	7909
7236	6612
6077	5689
5478	5408
5429	5532
5724	5939
6047	5926
5529	4904
4107	3226
2408	1791
1399	1192
1195	1494
2178	3250
4575	5951
7211	8264
9081	9660
10014	10143
10013	9541
8629	7339
5981	4917
4284	3968
3802	3696
3621	3581
3569	3574
3579	3570
3542	3503
3463	3430
3414	3430
3492	3594
3709	3794
3825	3789
3694	3554
3398	3256
3159	3108
3086	3063
3028	2986
2949	2917
2891	2881
2886	2907
2936	2964
2986	2999
3004	3004
3001	2994
2981	2961
2919	2851
2762	2666
2585	2528
2499	2498
2523	2569
2626	2689
2750	2805
2844	2857
2839	2795
2736	2680
2641	2621
2622	2634
2632	2622
2607	2588
2569	2554
2551	2563
2590	2626
2660	2681
2681	2664
2634	2604
2586	2590
2614	2651
2688	2716
2721	2696
2652	2606
2580	2589
2632	2697
2751	2775
2774	2769
2803	2907
3113	3423
3814	4251
4685	5063
5345	5537
5661	5727
5718	5629
5463	5235
4961	4674
4415	4214
4076	4013
4071	4427
5355	6975
8969	10734
11843	12256
12197	11955
11705	11380
10813	10025
9233	8648
8346	8321
8518	8836
9175	9478
9725	9911
10062	10238
10465	10689
10839	10940
11069	11279
11563	11839
11997	11955
11697	11250
10649	9926
9120	8283
7481	6755
6141	5672
5371	5223
5189	5247
5391	5572
5695	5648
5365	4846
4144	3349
2597	2016
1647	1501
1619	2051
2829	3910
5153	6376
7448	8303
8927	9335
9559	9616
9497	9121
8370	7237
5979	4958
4329	4003
3818	3692
3609	3567
3555	3561
3565	3560
3537	3502
3464	3427
3406	3415
3475	3584
3713	3814
3851	3811
3704	3551
3384	3238
3139	3087
3064	3042
3007	2965
2925	2891
2866	2855
2866	2892
2926	2957
2982	2997
3005	3006
3002	2989
2970	2937
2886	2812
2720	2628
2550	2497
2473	2481
2516	2565
2624	2688
2750	2805
2843	2855
2836	2793
2736	2681
2640	2619
2614	2621
2610	2602
2589	2572
2555	2540
2534	2542
2565	2593
2621	2636
2632	2610
2580	2553
2543	2556
2589	2636
2683	2717
2723	2691
2634	2580
2550	2562
2612	2686
2751	2780
2775	2761
2771	2842
3007	3271
3614	4002
4390	4725
4973	5142
5254	5319
5324	5261
5131	4941
4702	4445
4212	4035
3928	3921
4116	4732
5999	7862
9839	11352
12150	12343
12171	11882
11614	11287
10749	10034
9336	8793
8436	8282
8340	8569
8891	9242
9569	9857
10128	10413
10711	10964
11128	11220
11321	11496
11757	12031
12202	12195
12003	11647
11136	10456
9625	8709
7808	6987
6283	5723
5325	5078
4957	4934
4995	5109
5216	5232
5080	4729
4204	3569
2938	2427
2102	2023
2235	2753
3543	4533
5593	6593
7433	8070
8501	8761
8898	8940
8884	8650
8086	7122
5964	4969
4332	3985
3786	3652
3570	3529
3516	3519
3525	3528
3518	3496
3463	3427
3400	3400
3450	3558
3691	3802
3846	3803
3689	3530
3362	3217
3121	3070
3045	3019
2982	2941
2900	2860
2831	2826
2845	2882
2922	2955
2980	2999
3010	3013
3005	2986
2954	2910
2848	2771
2684	2601
2533	2487
2473	2485
2521	2568
2626	2690
2753	2806
2840	2847
2829	2788
2733	2680
2639	2614
2604	2605
2589	2583
2573	2559
2545	2535
2529	2534
2552	2574
2596	2604
2597	2573
2541	2515
2507	2525
2565	2620
2675	2712
2717	2680
2617	2558
2532	2547
2601	2676
2741	2776
2774	2755
2754	2802
2933	3148
3430	3751
4073	4349
4556	4696
4790	4842
4848	4802
4704	4548
4342	4119
3921	3782
3722	3794
4166	5088
6693	8719
10571	11784
12307	12342
12118	11821
11543	11204
10686	10035
9413	8898
8488	8228
8184	8352
8665	9048
9439	9813
10190	10568
10919	11194
11353	11406
11431	11523
11709	11924
12056	12045
11916	11689
11328	10775
10018	9129
8215	7346
6557	5883
5355	4976
4736	4612
4580	4617
4680	4722
4681	4508
4188	3756
3295	2907
2672	2663
2922	3437
4149	4972
5806	6551
7155	7589
7867	8041
8171	8285
8359	8300
7926	7115
6026	5015
4324	3935
3720	3591
3516	3479
3463	3459
3469	3481
3486	3477
3453	3420
3389	3383
3425	3522
3651	3763
3809	3769
3652	3493
3329	3193
3102	3054
3027	2999
2957	2912
2862	2815
2784	2786
2821	2873
2920	2953
2978	2999
3014	3018
3009	2982
2940	2884
2817	2742
2664	2593
2538	2505
2496	2510
2539	2578
2630	2693
2758	2807
2832	2831
2809	2769
2721	2672
2632	2606
2591	2587
2570	2565
2558	2550
2542	2537
2536	2540
2554	2572
2586	2588
2573	2542
2507	2477
2469	2489
2532	2590
2650	2691
2696	2661
2600	2549
2532	2550
2603	2672
2734	2770
2773	2759
2757	2798
2903	3071
3290	3536
3777	3982
4134	4236
4300	4330
4327	4289
4214	4092
3924	3741
3591	3505
3509	3688
4264	5499
7385	9465
11119	12042
12347	12288
12053	11768
11487	11135
10615	9990
9395	8883
8453	8169
8111	8267
8566	8941
9346	9771
10221	10666
11043	11301
11402	11360
11269	11245
11319	11430
11486	11454
11382	11292
11114	10741
10141	9380
8561	7736
6924	6157
5487	4956
4587	4365
4250	4205
4204	4230
4251	4219
4085	3849
3573	3339
3223	3274
3518	3946
4520	5164
5786	6313
6719	7000
7186	7340
7530	7772
8017	8137
7931	7254
6210	5145
4355	3894
3653	3529
3464	3427
3405	3397
3405	3426
3444	3447
3433	3402
3373	3368
3403	3486
3601	3707
3751	3711
3596	3441
3285	3161
3078	3037
3010	2977
2929	2874
2812	2753
2717	2731
2785	2854
2911	2946
2970	2993
3012	3021
3010	2979
2932	2872
2804	2733
2666	2607
2564	2542
2538	2550
2570	2596
2638	2699
2764	2807
2818	2801
2770	2732
2690	2650
2615	2591
2575	2568
2550	2548
2546	2546
2546	2547
2551	2559
2570	2582
2588	2578
2551	2513
2472	2441
2433	2453
2497	2554
2612	2654
2665	2638
2593	2556
2549	2572
2621	2685
2741	2779
2790	2782
2787	2823
2909	3039
3200	3372
3535	3666
3758	3813
3840	3843
3825	3789
3729	3639
3515	3387
3296	3273
3352	3654
4450	5970
8047	10086
11516	12198
12353	12238
11991	11706
11412	11038
10507	9889
9302	8791
8375	8133
8119	8285
8553	8880
9255	9692
10190	10684
11072	11281
11281	11114
10906	10772
10724	10703
10649	10563
10496	10472
10411	10201
9791	9235
8613	7946
7225	6458
5714	5077
4607	4309
4128	4009
3933	3919
3974	4041
4035	3933
3790	3684
3656	3722
3893	4192
4622	5131
5620	6017
6308	6515
6669	6837
7089	7435
7808	8068
8008	7465
6487	5377
4467	3903
3619	3489
3423	3382
3351	3339
3346	3368
3393	3404
3398	3378
3358	3357
3387	3454
3549	3638
3676	3636
3524	3376
3231	3116
3045	3011
2988	2954
2898	2829
2754	2684
2646	2666
2737	2822
2888	2926
2951	2973
2998	3012
3008	2984
2942	2886
2823	2756
2696	2646
2611	2596
2598	2605
2612	2625
2656	2711
2772	2808
2800	2761
2713	2672
2638	2609
2585	2569
2556	2548
2530	2533
2537	2545
2554	2565
2574	2586
2597	2604
2601	2581
2544	2495
2450	2422
2421	2442
2484	2535
2587	2627
2642	2629
2600	2578
2580	2606
2654	2713
2769	2809
2824	2828
2838	2873
2942	3040
3152	3266
3362	3429
3465	3474
3465	3443
3412	3375
3330	3268
3193	3127
3099	3138
3294	3736
4758	6514
8688	10615
11823	12322
12372	12202
11928	11619
11297	10895
10364	9771
9212	8717
8328	8133
8152	8309
8528	8798
9139	9571
10098	10635
11043	11215
11126	10867
10591	10388
10233	10070
9882	9688
9526	9419
9325	9171
8920	8584
8207	7788
7280	6667
6003	5386
4899	4567
4349	4182
4042	3973
4025	4140
4191	4133
4033	3970
3951	3955
4011	4185
4525	4976
5429	5802
6084	6297
6468	6647
6906	7266
7671	7993
8050	7661
6800	5690
4671	3983
3629	3475
3402	3350
3311	3291
3292	3310
3333	3349
3352	3347
3343	3351
3378	3426
3495	3561
3587	3546
3441	3302
3166	3061
3000	2974
2959	2926
2863	2783
2694	2615
2579	2605
2687	2784
2859	2902
2926	2950
2977	3000
3012	3009
2985	2944
2887	2826
2768	2719
2685	2670
2667	2668
2664	2662
2684	2731
2784	2807
2781	2722
2658	2610
2580	2561
2548	2539
2532	2524
2507	2514
2527	2545
2565	2585
2602	2618
2630	2636
2629	2604
2560	2509
2466	2446
2450	2474
2513	2556
2600	2634
2650	2644
2626	2613
2618	2648
2697	2755
2810	2850
2873	2886
2902	2936
2988	3058
3134	3203
3251	3270
3262	3239
3207	3174
3141	3107
3072	3034
3003	2993
3023	3117
3358	3963
5217	7156
9323	11064
12053	12401
12367	12143
11839	11513
11172	10757
10240	9687
9170	8706
8345	8170
8185	8307
8483	8717
9033	9456
9991	10566
11011	11188
11074	10793
10508	10279
10048	9764
9439	9095
8755	8442
8171	7945
7763	7610
7476	7326
7103	6775
6374	5950
5560	5260
5060	4901
4718	4550
4494	4544
4558	4464
4324	4209
4106	3995
3935	4036
4354	4825
5315	5735
6074	6352
6571	6757
6972	7262
7604	7911
8035	7791
7077	6014
4925	4117
3675	3487
3406	3347
3295	3260
3248	3251
3264	3283
3300	3316
3332	3351
3373	3401
3441	3481
3492	3448
3347	3218
3093	2998
2946	2930
2923	2894
2831	2743
2645	2562
2528	2562
2654	2760
2843	2890
2914	2936
2964	3000
3036	3062
3071	3053
3011	2954
2890	2831
2787	2762
2749	2737
2721	2708
2720	2757
2800	2810
2772	2697
2620	2566
2536	2522
2515	2510
2503	2496
2483	2495
2519	2549
2578	2607
2631	2653
2670	2678
2673	2651
2610	2562
2522	2506
2513	2537
2570	2605
2640	2668
2680	2675
2659	2650
2658	2689
2739	2799
2855	2897
2925	2946
2969	3000
3040	3082
3129	3166
3182	3173
3142	3106
3073	3045
3023	3000
2973	2951
2947	2977
3048	3194
3540	4344
5837	7895
9953	11436
12183	12385
12274	12016
11707	11398
11071	10674
10183	9654
9150	8707
8381	8223
8216	8307
8467	8696
8995	9389
9911	10512
11016	11242
11163	10910
10639	10390
10102	9726
9277	8779
8253	7728
7257	6909
6735	6727
6818	6914
6951	6936
6887	6780
6597	6409
6303	6233
6050	5728
5415	5210
5051	4846
4613	4382
4146	3920
3799	3898
4253	4780
5324	5796
6195	6538
6817	7025
7198	7390
7620	7854
7985	7839
7252	6261
5146	4255
3740	3522
3432	3365
3301	3248
3215	3200
3204	3222
3251	3286
3324	3354
3371	3379
3391	3404
3399	3348
3252	3133
3019	2933
2890	2884
2886	2864
2806	2718
2619	2536
2506	2549
2649	2763
2852	2902
2926	2946
2978	3025
3086	3146
3191	3204
3184	3130
3058	2980
2914	2868
2836	2809
2777	2754
2755	2784
2816	2817
2773	2694
2613	2556
2526	2507
2496	2486
2476	2464
2453	2472
2506	2549
2592	2629
2659	2686
2706	2720
2724	2709
2679	2640
2604	2584
2585	2598
2621	2648
2678	2701
2711	2705
2691	2683
2692	2722
2773	2832
2889	2933
2964	2992
3023	3053
3082	3106
3126	3139
3137	3117
3084	3055
3040	3038
3037	3027
3009	2995
3005	3053
3147	3342
3819	4855
6588	8706
10575	11747
12230	12277
12103	11836
11553	11273
10985	10635
10179	9642
9111	8670
8379	8231
8198	8274
8455	8703
8985	9334
9826	10460
11044	11354
11335	11109
10820	10516
10153	9694
9137	8514
7870	7247
6696	6301
6160	6291
6574	6833
7013	7209
7477	7722
7828	7835
7884	7953
7824	7372
6733	6139
5667	5272
4906	4546
4186	3884
3755	3896
4309	4876
5445	5932
6347	6717
7037	7285
7455	7570
7671	7792
7883	7781
7287	6370
5269	4348
3802	3565
3466	3393
3317	3250
3197	3164
3156	3174
3215	3268
3322	3362
3376	3368
3354	3342
3316	3259
3166	3056
2952	2875
2841	2844
2855	2844
2795	2715
2621	2547
2523	2573
2679	2797
2888	2939
2963	2981
3014	3071
3153	3246
3330	3380
3382	3336
3256	3158
3063	2985
2923	2872
2826	2791
2782	2801
2825	2822
2779	2707
2635	2582
2546	2519
2496	2473
2451	2433
2422	2448
2495	2552
2605	2650
2685	2710
2734	2753
2763	2762
2742	2710
2676	2647
2630	2630
2643	2665
2690	2713
2723	2719
2708	2701
2711	2742
2792	2851
2906	2947
2979	3012
3047	3080
3104	3116
3120	3116
3107	3090
3074	3070
3084	3111
3135	3144
3136	3129
3141	3187
3288	3537
4165	5452
7394	9509
11148	12012
12251	12158
11941	11684
11413	11138
10871	10571
10158	9614
9045	8600
8325	8159
8076	8138
8355	8634
8898	9194
9669	10364
11062	11474
11500	11257
10893	10483
10017	9462
8812	8118
7455	6889
6440	6154
6118	6358
6722	6996
7155	7413
7903	8486
8926	9179
9385	9575
9533	9054
8209	7275
6473	5853
5346	4868
4403	4037
3896	4057
4490	5066
5638	6126
6525	6870
7181	7445
7623	7681
7662	7658
7686	7606
7190	6346
5287	4381
3837	3595
3486	3406
3329	3258
3198	3154
3139	3158
3203	3268
3332	3378
3391	3372
3340	3305
3261	3194
3102	2999
2904	2838
2810	2817
2837	2837
2805	2741
2664	2600
2586	2640
2745	2860
2947	2995
3016	3029
3058	3121
3224	3348
3467	3551
3580	3550
3469	3354
3229	3111
3009	2925
2857	2811
2793	2806
2824	2821
2782	2722
2665	2619
2581	2544
2506	2467
2431	2400
2389	2426
2486	2556
2621	2673
2709	2733
2751	2769
2784	2789
2779	2753
2717	2678
2647	2632
2633	2651
2675	2699
2713	2711
2702	2698
2709	2738
2787	2845
2897	2935
2965	2999
3040	3077
3103	3111
3105	3094
3082	3079
3088	3115
3159	3212
3258	3284
3291	3292
3302	3339
3443	3752
4544	6061
8153	10202
11605	12216
12285	12112
11874	11620
11329	11011
10722	10444
10069	9540
8973	8539
8265	8048
7894	7926
8166	8467
8707	8966
9456	10244
11066	11554
11576	11260
10790	10262
9685	9041
8339	7639
7044	6630
6401	6331
6433	6697
6979	7104
7130	7367
8014	8897
9660	10137
10435	10655
10663	10250
9404	8367
7416	6663
6044	5450
4868	4399
4187	4300
4699	5266
5867	6391
6793	7078
7303	7510
7660	7673
7556	7437
7400	7344
7011	6249
5246	4370
3841	3598
3482	3399
3333	3273
3216	3173
3159	3178
3225	3292
3358	3407
3421	3401
3357	3305
3242	3163
3069	2970
2883	2825
2800	2808
2831	2844
2832	2794
2738	2691
2685	2740
2835	2938
3011	3050
3062	3065
3086	3152
3271	3424
3574	3692
3749	3743
3676	3559
3408	3246
3097	2971
2876	2815
2792	2800
2817	2812
2779	2730
2685	2647
2612	2569
2519	2466
2417	2374
2367	2411
2482	2562
2637	2693
2729	2747
2759	2772
2785	2793
2788	2766
2728	2684
2645	2621
2617	2630
2652	2675
2685	2683
2672	2665
2675	2702
2750	2806
2854	2890
2920	2958
3005	3049
3081	3089
3081	3066
3058	3069
3103	3157
3225	3296
3357	3400
3420	3429
3437	3466
3581	3965
4924	6636
8803	10726
11897	12327
12319	12133
11901	11640
11311	10931
10585	10292
9938	9442
8908	8500
8214	7951
7746	7759
8009	8321
8553	8813
9354	10226
11107	11584
11527	11104
10529	9906
9245	8555
7867	7243
6769	6520
6495	6610
6786	6978
7085	7023
6931	7174
7966	9084
10070	10665
10942	11067
11030	10680
9971	9085
8253	7541
6868	6152
5419	4809
4477	4498
4846	5426
6105	6730
7167	7382
7462	7534
7611	7586
7410	7199
7101	7062
6806	6133
5192	4350
3832	3586
3466	3391
3340	3295
3252	3217
3209	3228
3275	3337
3401	3448
3465	3448
3402	3339
3262	3171
3072	2974
2890	2833
2809	2814
2837	2860
2869	2857
2824	2794
2795	2846
2930	3011
3063	3082
3075	3060
3070	3137
3269	3446
3628	3774
3861	3884
3843	3737
3574	3376
3182	3015
2891	2812
2784	2791
2806	2800
2769	2726
2689	2660
2627	2584
2527	2467
2407	2359
2370	2417
2493	2578
2655	2711
2743	2756
2760	2769
2780	2788
2783	2762
2728	2685
2646	2621
2613	2621
2634	2645
2647	2634
2614	2601
2606	2630
2674	2726
2775	2814
2849	2895
2952	3004
3041	3056
3050	3038
3035	3057
3109	3181
3262	3344
3416	3469
3499	3511
3515	3544
3691	4176
5306	7178
9350	11103
12050	12344
12308	12146
11934	11677
11335	10924
10534	10208
9849	9365
8839	8417
8106	7834
7653	7700
7984	8330
8606	8931
9542	10434
11245	11580
11376	10835
10167	9458
8733	8041
7447	6975
6665	6562
6647	6809
6946	7018
6985	6833
6746	7090
8039	9308
10376	10952
11103	11054
10893	10538
9962	9313
8728	8158
7473	6640
5769	5044
4624	4585
4922	5563
6356	7087
7553	7696
7628	7542
7522	7475
7285	7022
6862	6809
6604	6014
5142	4336
3829	3583
3468	3404
3368	3334
3299	3271
3266	3290
3334	3392
3450	3494
3514	3501
3460	3394
3311	3214
3111	3009
2920	2860
2832	2830
2848	2877
2903	2911
2899	2880
2886	2930
3000	3059
3084	3070
3033	2995
2992	3056
3198	3395
3600	3771
3887	3944
3935	3849
3688	3475
3253	3056
2904	2811
2776	2783
2798	2791
2760	2719
2686	2661
2632	2591
2533	2470
2410	2365
2398	2445
2519	2602
2674	2725
2752	2759
2760	2766
2777	2784
2778	2760
2728	2690
2657	2637
2630	2629
2627	2618
2598	2567
2534	2511
2508	2528
2565	2614
2662	2706
2755	2814
2881	2944
2989	3012
3013	3009
3015	3048
3109	3190
3278	3364
3441	3500
3535	3543
3545	3584
3786	4401
5715	7711
9838	11394
12129	12297
12229	12086
11902	11673
11363	10972
10580	10235
9853	9334
8741	8232
7867	7627
7546	7697
8055	8473
8853	9303
9992	10835
11463	11569
11179	10513
9746	8929
8124	7453
6995	6737
6638	6683
6813	6921
6944	6904
6811	6685
6711	7229
8344	9697
10742	11211
11216	11021
10757	10365
9829	9285
8812	8291
7570	6665
5740	4999
4580	4559
4950	5692
6598	7384
7821	7871
7687	7484
7387	7328
7161	6893
6684	6590
6402	5884
5091	4332
3839	3602
3498	3448
3418	3385
3346	3318
3314	3338
3383	3438
3492	3535
3553	3546
3512	3451
3371	3276
3170	3063
2967	2898
2862	2853
2866	2893
2925	2947
2948	2938
2942	2979
3034	3072
3068	3018
2943	2877
2857	2914
3059	3264
3483	3676
3820	3909
3931	3875
3729	3521
3293	3081
2915	2810
2772	2778
2795	2789
2756	2715
2683	2661
2634	2593
2536	2475
2421	2387
2444	2485
2554	2629
2693	2737
2758	2761
2759	2765
2775	2782
2777	2759
2731	2701
2677	2664
2660	2650
2628	2591
2543	2489
2440	2407
2393	2404
2435	2477
2527	2581
2645	2719
2799	2873
2929	2962
2975	2981
2996	3037
3103	3188
3278	3366
3444	3506
3540	3545
3545	3604
3882	4653
6160	8253
10295	11649
12194	12245
12130	11983
11820	11623
11351	10995
10624	10283
9883	9308
8611	7981
7552	7353
7389	7658
8096	8595
9102	9703
10471	11241
11658	11519
10941	10155
9282	8347
7453	6793
6474	6448
6592	6806
6989	7049
6981	6860
6743	6670
6835	7530
8789	10179
11159	11520
11442	11230
10994	10628
10066	9411
8754	8037
7188	6258
5395	4742
4398	4450
4946	5820
6815	7577
7896	7824
7567	7317
7180	7115
6994	6768
6546	6405
6213	5759
5053	4349
3873	3640
3543	3500
3468	3426
3378	3345
3339	3363
3407	3460
3511	3551
3571	3570
3543	3492
3421	3334
3231	3120
3020	2944
2898	2879
2884	2906
2937	2963
2968	2960
2959	2987
3030	3050
3020	2939
2829	2733
2693	2737
2871	3070
3294	3501
3669	3788
3843	3814
3696	3507
3291	3082
2916	2809
2769	2777
2794	2788
2755	2714
2681	2660
2634	2593
2538	2478
2433	2417
2491	2529
2590	2655
2710	2745
2759	2758
2756	2762
2774	2783
2778	2763
2738	2714
2701	2698
2695	2674
2629	2562
2486	2411
2346	2300
2277	2278
2298	2337
2389	2453
2532	2619
2712	2798
2866	2911
2935	2955
2982	3032
3102	3187
3276	3361
3436	3495
3531	3536
3539	3624
3989	4934
6636	8798
10725	11882
12268	12227
12066	11904
11744	11548
11273	10914
10550	10226
9841	9253
8503	7796
7314	7127
7234	7574
8057	8604
9212	9948
10784	11479
11708	11360
10626	9752
8813	7799
6843	6192
5991	6165
6535	6917
7179	7251
7159	6994
6841	6792
7052	7883
9239	10639
11541	11815
11721	11594
11519	11301
10755	9889
8821	7674
6569	5621
4892	4389
4153	4302
4932	5947
6988	7653
7793	7594
7323	7100
6950	6872
6792	6633
6433	6266
6065	5669
5046	4394
3927	3686
3583	3532
3488	3433
3377	3340
3334	3359
3402	3455
3505	3543
3565	3567
3549	3509
3446	3366
3272	3167
3067	2987
2933	2906
2901	2915
2940	2962
2966	2952
2945	2963
2994	3002
2956	2851
2716	2597
2532	2553
2664	2845
3060	3271
3455	3599
3682	3683
3595	3435
3241	3053
2899	2801
2765	2774
2792	2787
2754	2714
2681	2660
2634	2593
2539	2483
2444	2443
2533	2568
2621	2676
2720	2745
2753	2751
2751	2762
2775	2786
2784	2770
2750	2733
2728	2733
2730	2701
2635	2543
2439	2344
2263	2207
2174	2165
2177	2212
2267	2343
2434	2532
2634	2730
2809	2866
2905	2936
2975	3033
3107	3191
3275	3353
3420	3475
3513	3523
3534	3647
4104	5223
7102	9308
11107	12079
12339	12239
12051	11874
11694	11462
11132	10728
10350	10050
9718	9196
8487	7778
7262	7049
7155	7508
7992	8549
9217	10039
10901	11507
11572	11069
10242	9343
8401	7373
6411	5799
5694	6016
6543	7047
7381	7490
7406	7212
7015	6964
7288	8214
9629	11002
11813	11991
11869	11823
11926	11922
11497	10508
9038	7385
5935	4928
4333	3999
3891	4159
4932	6053
7073	7583
7558	7312
7121	6979
6817	6680
6593	6484
6327	6162
5966	5613
5056	4445
3983	3727
3608	3542
3481	3413
3352	3314
3309	3331
3375	3427
3477	3516
3536	3543
3533	3501
3447	3379
3293	3197
3103	3023
2966	2929
2915	2919
2934	2947
2943	2925
2909	2917
2938	2936
2883	2771
2625	2489
2404	2397
2479	2632
2827	3030
3219	3377
3481	3508
3450	3319
3156	2996
2869	2787
2760	2770
2788	2784
2752	2713
2681	2660
2634	2595
2540	2480
2439	2448
2565	2595
2641	2689
2725	2741
2742	2740
2744	2759
2779	2793
2794	2782
2767	2755
2756	2766
2765	2730
2649	2536
2413	2300
2208	2141
2099	2080
2088	2122
2183	2265
2366	2472
2578	2677
2763	2830
2879	2924
2978	3045
3123	3204
3281	3348
3404	3451
3490	3510
3528	3669
4209	5476
7497	9724
11403	12218
12379	12246
12051	11863
11654	11363
10967	10518
10129	9854
9594	9179
8574	7909
7366	7099
7165	7500
7969	8518
9209	10064
10899	11397
11332	10736
9881	9006
8098	7098
6174	5628
5608	6025
6635	7197
7562	7688
7602	7385
7160	7112
7491	8486
9929	11255
11960	12016
11817	11769
11957	12123
11876	10914
9217	7177
5407	4304
3803	3619
3641	4033
4925	6088
7025	7390
7290	7120
7088	7034
6823	6577
6426	6328
6207	6063
5883	5563
5052	4474
4017	3754
3625	3549
3474	3394
3326	3285
3279	3302
3346	3398
3446	3483
3504	3512
3504	3478
3435	3374
3301	3216
3129	3051
2991	2949
2926	2919
2923	2926
2913	2887
2864	2864
2877	2870
2816	2704
2560	2420
2320	2291
2343	2469
2638	2826
3009	3171
3289	3336
3298	3195
3061	2934
2833	2771
2753	2764
2781	2777
2746	2709
2680	2660
2636	2599
2542	2466
2392	2395
2580	2609
2651	2693
2722	2734
2732	2730
2739	2759
2782	2798
2804	2796
2781	2772
2777	2791
2790	2750
2663	2538
2405	2282
2180	2105
2056	2033
2039	2073
2137	2226
2331	2439
2545	2646
2734	2806
2865	2920
2983	3058
3139	3218
3286	3344
3393	3434
3473	3498
3523	3685
4280	5641
7746	9979
11577	12292
12391	12243
12048	11855
11620	11286
10847	10375
9985	9733
9526	9198
8681	8057
7497	7181
7207	7523
7980	8519
9214	10069
10860	11276
11133	10501
9651	8803
7926	6951
6073	5588
5631	6094
6734	7307
7675	7797
7699	7467
7235	7201
7622	8658
10110	11397
12017	11972
11682	11581
11775	12024
11911	11033
9273	7038
5074	3894
3436	3342
3459	3945
4907	6064
6916	7193
7101	7053
7166	7170
6896	6541
6320	6207
6106	5986
5820	5519
5035	4477
4029	3765
3637	3557
3476	3387
3312	3267
3260	3283
3324	3378
3426	3462
3481	3487
3482	3459
3422	3370
3304	3226
3144	3070
3006	2959
2929	2914
2912	2907
2888	2856
2829	2825
2833	2825
2772	2666
2527	2387
2282	2238
2274	2378
2529	2701
2877	3037
3158	3215
3194	3107
2994	2887
2806	2759
2746	2759
2775	2770
2741	2706
2678	2658
2637	2602
2542	2416
2058	1269
