4317	5302
6777	8135
8789	8592
7962	7460
7275	7237
7245	7391
7698	7933
7813	7323
6710	6209
5931	6078
6918	8301
9490	9775
9035	7653
6080	4650
3641	3235
3403	3901
4394	4690
4932	5415
6237	7219
8139	8832
9134	8989
8538	7943
7273	6679
6386	6507
6950	7466
7810	7917
7929	8029
8313	8688
8887	8698
8123	7382
6750	6272
5724	5080
4708	4837
5249	5715
6249	6780
7053	6998
6802	6595
6389	6270
6430	6991
7846	8695
9261	9473
9494	9528
9589	9504
9126	8460
7633	6809
6114	5619
5362	5397
5732	6262
6864	7507
8126	8572
8732	8604
8260	7813
7394	7171
7200	7320
7348	7296
7296	7450
7703	7807
7638	7455
7570	7921
8081	7679
6771	5834
5311	5293
5537	5725
5719	5607
5533	5525
5539	5588
5742	5975
6120	6020
5691	5321
5059	4943
4913	4823
4564	4274
4284	4808
5753	6794
7588	7988
8001	7527
6440	4970
3655	2865
2552	2477
2475	2492
2506	2516
2534	2556
2577	2593
2602	2630
2740	2980
3301	3538
3556	3366
3102	2901
2798	2744
2686	2617
2580	2687
3137	4101
5494	6831
7451	7024
5854	4633
3860	3565
3488	3377
3186	3028
2959	2931
2888	2819
2753	2747
2828	2972
3184	3487
3759	3816
5428	6373
7661	8675
8978	8595
7944	7477
7330	7339
7352	7416
7602	7766
7664	7278
6854	6618
6552	6644
7075	7908
8746	8971
8318	7048
5631	4453
3740	3598
3977	4648
5276	5651
5850	6099
6521	7094
7772	8451
8891	8894
8498	7868
7165	6602
6376	6526
6942	7423
7749	7827
7744	7710
7883	8176
8282	7986
7354	6658
6161	5870
5546	5118
4853	4942
5301	5841
6534	7137
7333	7132
6828	6596
6433	6390
6628	7247
8107	8902
9402	9594
9639	9656
9602	9331
8763	7965
7104	6358
5832	5557
5502	5632
5935	6363
6873	7477
8098	8526
8633	8494
8243	7934
7612	7402
7394	7490
7514	7409
7272	7261
7374	7408
7261	7160
7351	7708
7793	7294
6386	5590
5286	5438
5729	5842
5716	5511
5373	5310
5267	5259
5338	5491
5588	5508
5272	5017
4864	4853
4954	5033
4933	4707
4611	4846
5437	6258
7062	7617
7791	7451
6502	5146
3867	3028
2629	2489
2460	2474
2495	2512
2533	2556
2576	2591
2595	2619
2741	3061
3554	3994
4090	3787
3322	2962
2792	2731
2694	2647
2607	2663
3003	3835
5169	6599
7457	7319
6358	5174
4270	3772
3537	3380
3249	3193
3218	3236
3173	3040
2896	2820
2837	2926
3081	3337
3718	4212
6773	7579
8576	9197
9186	8687
8051	7593
7437	7482
7533	7531
7548	7561
7437	7185
7014	7088
7275	7350
7365	7540
7826	7834
7241	6165
5067	4330
4080	4260
4759	5445
6110	6564
6754	6762
6707	6752
7096	7767
8457	8756
8524	7907
7178	6615
6361	6388
6619	6965
7270	7368
7251	7120
7173	7323
7252	6824
6233	5761
5546	5504
5414	5206
5048	5077
5324	5848
6610	7257
7422	7141
6765	6534
6464	6568
6946	7631
8449	9130
9525	9683
9726	9681
9459	8953
8181	7293
6486	5908
5629	5631
5798	6002
6224	6516
6931	7493
8076	8413
8399	8205
8031	7878
7679	7490
7424	7481
7504	7344
7065	6893
6897	6902
6822	6853
7162	7543
7537	6924
6025	5408
5348	5665
5951	5931
5656	5355
5161	5055
4975	4927
4954	5041
5103	5051
4909	4772
4720	4787
4972	5177
5251	5163
5038	5012
5213	5737
6489	7160
7455	7205
6395	5231
4088	3254
2774	2550
2477	2477
2495	2514
2535	2558
2577	2589
2589	2611
2756	3161
3852	4533
4743	4328
3627	3072
2806	2727
2705	2678
2636	2646
2869	3534
4736	6204
7337	7633
7056	6018
4991	4225
3739	3460
3338	3361
3466	3518
3427	3222
3004	2863
2829	2882
3009	3271
3830	4806
7806	8403
9088	9417
9261	8790
8241	7802
7629	7710
7816	7746
7537	7317
7147	7072
7191	7544
7925	8015
7740	7334
6996	6634
6026	5229
4612	4475
4759	5191
5604	6037
6537	6990
7203	7083
6685	6274
6261	6867
7805	8483
8520	7996
7256	6629
6226	6000
5947	6128
6453	6660
6604	6447
6407	6382
6084	5533
5086	4979
5132	5323
5391	5330
5239	5193
5259	5605
6270	6933
7187	6988
6659	6504
6592	6895
7421	8118
8811	9305
9560	9659
9658	9505
9093	8382
7492	6635
5975	5608
5576	5825
6172	6416
6551	6732
7095	7620
8106	8274
8072	7754
7571	7525
7459	7314
7200	7210
7219	7030
6694	6486
6493	6533
6535	6692
7111	7507
7413	6718
5863	5417
5533	5898
6076	5894
5516	5183
4993	4896
4824	4759
4732	4750
4774	4748
4681	4642
4673	4786
4989	5240
5428	5480
5401	5233
5130	5345
5936	6601
6924	6722
6070	5181
4281	3532
2996	2677
2538	2506
2510	2521
2537	2558
2578	2587
2587	2611
2768	3224
4045	4910
5231	4762
3903	3204
2854	2743
2717	2696
2660	2645
2778	3255
4233	5607
6948	7730
7680	6939
5883	4854
4067	3599
3422	3456
3573	3619
3500	3263
3020	2859
2798	2827
2951	3250
3978	5299
7969	8380
8864	9126
9073	8798
8424	8084
7958	8086
8212	8035
7567	7089
6871	7001
7425	8005
8496	8585
8128	7295
6416	5669
5022	4536
4473	4954
5696	6247
6418	6437
6601	6919
7136	7022
6520	5855
5521	5942
6974	7948
8270	7888
7170	6484
5938	5486
5215	5309
5718	6075
6114	5967
5871	5711
5233	4606
4329	4570
5021	5340
5445	5424
5354	5234
5108	5188
5642	6291
6729	6773
6643	6665
6954	7447
8057	8669
9141	9390
9468	9467
9384	9112
8551	7732
6850	6108
5599	5385
5520	5948
6440	6752
6878	7043
7409	7900
8247	8204
7788	7289
6999	6968
6998	6919
6802	6789
6786	6595
6300	6189
6308	6432
6500	6727
7186	7549
7384	6687
5946	5644
5802	6055
6043	5733
5353	5090
4979	4951
4915	4821
4708	4634
4606	4584
4563	4590
4683	4839
5048	5299
5525	5651
5616	5397
5109	5034
5355	5872
6168	6048
5618	5064
4476	3880
3321	2892
2649	2553
2526	2526
2541	2560
2578	2587
2588	2612
2765	3219
4066	5006
5407	4972
4092	3344
2939	2781
2729	2704
2678	2658
2722	3012
3708	4861
6259	7432
7921	7599
6665	5479
4417	3738
3464	3447
3511	3515
3390	3176
2964	2822
2757	2766
2873	3175
3925	5269
7012	7330
7806	8274
8589	8683
8582	8430
8421	8588
8675	8374
7700	7021
6749	7033
7701	8459
9007	9063
8471	7356
6130	5152
4523	4315
4697	5619
6633	7191
7125	6762
6564	6656
6805	6735
6289	5564
5019	5183
6099	7159
7665	7437
6810	6155
5570	5036
4703	4832
5365	5847
5951	5812
5688	5473
4937	4324
4184	4614
5166	5457
5486	5425
5342	5180
4933	4789
5005	5584
6209	6590
6797	7090
7574	8169
8746	9176
9367	9338
9202	9058
8880	8535
7926	7121
6319	5667
5209	5028
5223	5769
6425	6911
7176	7442
7862	8307
8499	8258
7658	6976
6535	6439
6490	6462
6394	6411
6412	6228
6004	6030
6291	6513
6635	6878
7304	7584
7367	6746
6174	5971
6043	6079
5887	5549
5272	5152
5159	5217
5206	5068
4874	4723
4634	4577
4544	4578
4702	4895
5127	5369
5584	5709
5682	5453
5078	4772
4771	5032
5266	5274
5109	4898
4648	4276
3765	3241
2849	2635
2546	2526
2540	2565
2584	2591
2589	2609
2743	3157
3953	4880
5345	5008
4201	3467
3029	2824
2744	2713
2695	2679
2693	2832
3256	4121
5396	6727
7616	7751
7127	5982
4751	3868
3456	3352
3342	3304
3194	3030
2869	2760
2708	2712
2792	3028
3601	4595
5313	5620
6225	7071
7913	8471
8688	8760
8893	9084
9107	8729
7984	7228
6912	7226
7985	8815
9367	9373
8678	7420
6070	5070
4537	4504
5077	6144
7213	7737
7558	7014
6591	6466
6469	6356
5950	5264
4656	4633
5333	6286
6835	6747
6278	5736
5203	4699
4440	4696
5346	5894
6024	5902
5789	5597
5120	4599
4535	4963
5411	5547
5459	5342
5235	5057
4766	4486
4484	4927
5675	6431
7088	7712
8344	8916
9331	9500
9389	9077
8717	8428
8186	7847
7297	6584
5852	5201
4680	4421
4586	5200
6058	6836
7394	7876
8389	8781
8824	8430
7711	6913
6348	6146
6135	6117
6122	6206
6212	6016
5828	5953
6325	6634
6807	7047
7397	7570
7323	6804
6375	6187
6106	5954
5690	5431
5307	5335
5450	5561
5557	5414
5221	5047
4896	4749
4630	4608
4720	4932
5173	5396
5572	5668
5629	5413
5030	4604
4332	4303
4409	4496
4545	4613
4675	4592
4251	3715
3179	2796
2595	2531
2539	2570
2593	2599
2591	2600
2708	3061
3762	4627
5130	4914
4212	3518
3074	2854
2761	2730
2720	2707
2695	2739
2963	3535
4524	5739
6797	7360
7217	6355
5114	4043
3444	3223
3155	3103
3015	2887
2758	2671
2644	2664
2727	2869
3166	3640
3670	3992
4743	5949
7279	8257
8743	8985
9218	9426
9424	9064
8393	7699
7378	7625
8284	9001
9444	9358
8608	7342
6043	5146
4724	4729
5235	6174
7136	7638
7518	7044
6623	6396
6231	5966
5490	4826
4262	4202
4758	5552
6049	6048
5723	5298
4853	4461
4357	4758
5469	6005
6145	6088
6058	5961
5609	5193
5114	5379
5600	5560
5385	5241
5108	4890
4560	4196
4018	4302
5115	6234
7377	8355
9086	9550
9726	9597
9190	8629
8099	7728
7483	7196
6739	6114
5406	4692
4068	3700
3775	4398
5439	6550
7480	8244
8877	9231
9144	8643
7884	7079
6470	6162
6028	5966
6023	6156
6142	5900
5722	5920
6380	6756
6970	7193
7444	7504
7231	6779
6396	6143
5935	5714
5503	5369
5381	5524
5722	5868
5885	5810
5708	5555
5315	5030
4790	4686
4757	4952
5174	5355
5485	5547
5504	5325
5006	4592
4192	3925
3840	3885
4008	4204
4459	4646
4571	4164
3578	3039
2691	2548
2537	2574
2603	2608
2594	2593
2671	2945
3512	4253
4748	4636
4056	3445
3050	2855
2773	2747
2741	2733
2720	2724
2824	3148
3785	4689
5698	6581
6991	6611
5539	4339
3516	3142
3019	2964
2889	2777
2655	2578
2570	2612
2674	2749
2824	2879
2632	2968
3820	5266
6917	8168
8809	9111
9353	9557
9591	9346
8850	8318
8049	8179
8572	8973
9153	8912
8139	6967
5813	5042
4676	4621
4928	5598
6369	6867
6925	6711
6487	6317
6086	5696
5100	4385
3852	3839
4374	5078
5497	5487
5204	4839
4502	4299
4409	4929
5615	6074
6222	6284
6412	6466
6251	5888
5694	5713
5699	5528
5329	5186
5011	4712
4307	3871
3581	3748
4601	6016
7578	8855
9655	9992
9933	9540
8905	8188
7587	7208
6971	6702
6289	5704
4992	4226
3545	3110
3100	3682
4825	6208
7473	8495
9231	9537
9329	8753
8035	7339
6785	6399
6111	5952
6005	6136
6069	5789
5654	5951
6501	6924
7133	7285
7401	7339
7031	6597
6188	5863
5622	5462
5369	5349
5446	5673
5952	6155
6232	6256
6250	6080
5705	5267
4941	4800
4843	4997
5170	5297
5375	5406
5369	5248
5040	4735
4351	3969
3703	3614
3670	3828
4089	4391
4550	4381
3893	3300
2831	2591
2537	2567
2602	2611
2598	2588
2638	2824
3226	3782
4193	4151
3728	3267
2973	2833
2774	2750
2747	2750
2747	2748
2793	2946
3278	3832
4649	5668
6530	6689
5951	4749
3727	3174
2967	2885
2807	2704
2595	2523
2521	2565
2625	2671
2640	2487
2189	2556
3485	5050
6826	8182
8879	9161
9336	9512
9616	9543
9266	8930
8720	8677
8686	8637
8464	8049
7287	6272
5308	4659
4320	4189
4298	4699
5269	5749
5991	6070
6122	6151
6048	5702
5054	4237
3637	3614
4158	4839
5183	5077
4720	4347
4130	4179
4550	5170
5777	6124
6269	6451
6741	6936
6818	6453
6108	5900
5714	5485
5291	5151
4928	4536
4049	3574
3256	3405
4326	5950
7764	9193
9991	10210
9982	9438
8713	7969
7370	6975
6674	6339
5903	5332
4631	3876
3215	2791
2757	3298
4480	6041
7541	8707
9430	9605
9253	8637
8040	7547
7121	6694
6255	5967
5955	6030
5901	5629
5609	6064
6725	7171
7309	7298
7214	7002
6645	6214
5808	5505
5348	5310
5329	5382
5529	5825
6202	6499
6646	6719
6710	6446
5908	5352
5015	4920
4971	5081
5182	5248
5284	5296
5272	5219
5127	4960
4674	4293
3935	3718
3649	3678
3795	4012
4232	4263
3979	3476
2987	2679
2564	2563
2591	2603
2592	2582
2615	2727
2961	3302
3580	3581
3331	3053
2882	2800
2759	2740
2739	2750
2764	2778
2806	2875
3020	3305
3875	4817
5880	6473
6168	5159
4068	3347
3011	2855
2751	2659
2573	2516
2506	2530
2574	2608
2551	2345
2085	2502
3480	5028
6729	8035
8741	9017
9145	9296
9472	9556
9476	9295
9088	8815
8407	7925
7462	6950
6268	5450
4703	4194
3902	3735
3720	3936
4344	4783
5130	5416
5706	5986
6138	5976
5366	4461
3717	3562
4024	4669
4970	4770
4296	3877
3769	4080
4722	5447
5971	6197
6298	6520
6878	7129
7042	6664
6236	5901
5626	5369
5175	5019
4757	4325
3824	3379
3141	3406
4466	6209
8063	9435
10129	10239
9933	9372
8697	8015
7415	6919
6464	6005
5522	4968
4318	3635
3050	2702
2721	3286
4519	6192
7806	8967
9525	9462
8942	8321
7887	7623
7353	6939
6418	6028
5912	5873
5677	5456
5600	6235
7011	7470
7496	7262
6923	6524
6094	5688
5380	5227
5222	5287
5361	5451
5640	6003
6482	6875
7050	7068
6955	6564
5912	5311
5026	5016
5100	5166
5193	5206
5227	5244
5250	5257
5259	5195
5004	4685
4337	4076
3921	3818
3749	3753
3840	3909
3805	3493
3103	2791
2624	2575
2582	2589
2580	2575
2603	2667
2776	2940
3091	3114
3007	2884
2806	2763
2732	2716
2716	2734
2760	2788
2820	2864
2928	3055
3394	4104
5089	5894
6031	5424
4487	3704
3222	2936
2753	2643
2576	2529
2503	2501
2524	2550
2497	2302
2159	2628
3586	4945
6350	7459
8156	8506
8678	8844
9057	9219
9243	9131
8883	8418
7729	6997
6410	5927
5392	4782
4242	3882
3659	3500
3438	3565
3886	4287
4667	5038
5452	5897
6239	6227
5688	4773
3935	3596
3859	4402
4697	4487
3956	3516
3511	4050
4916	5717
6179	6293
6303	6457
6752	6946
6838	6482
6072	5717
5400	5112
4887	4699
4433	4041
3628	3319
3274	3770
5009	6776
8470	9608
10124	10167
9880	9394
8816	8190
7536	6881
6248	5672
5148	4621
4053	3466
2975	2716
2833	3506
4837	6580
8190	9224
9546	9248
8611	8020
7705	7589
7447	7128
6665	6269
6056	5873
5586	5403
5674	6433
7275	7731
7651	7207
6625	6037
5532	5183
5044	5092
5219	5318
5381	5478
5700	6117
6662	7093
7224	7118
6872	6412
5767	5224
5028	5097
5202	5222
5193	5188
5224	5266
5312	5374
5426	5406
5255	4992
4722	4530
4372	4168
3917	3681
3539	3496
3461	3331
3105	2861
2681	2596
2579	2576
2569	2573
2602	2639
2681	2747
2824	2857
2833	2790
2756	2726
2700	2687
2692	2715
2748	2782
2819	2859
2894	2943
3111	3546
4270	5060
5542	5473
4952	4308
3730	3248
2890	2688
2597	2545
2504	2477
2488	2524
2503	2338
2384	2894
3764	4787
5734	6525
7165	7606
7853	8037
8241	8412
8466	8387
8140	7646
6925	6185
5630	5235
4842	4397
4009	3762
3610	3489
3439	3562
3866	4251
4619	4982
5383	5814
6139	6129
5648	4843
4059	3607
3632	4005
4305	4173
3690	3292
3406	4120
5110	5930
6342	6393
6321	6360
6508	6566
6406	6093
5745	5398
5038	4704
4449	4245
4008	3723
3473	3385
3615	4380
5765	7446
8860	9691
10035	10080
9884	9490
8957	8310
7560	6760
5998	5345
4804	4322
3850	3371
2949	2735
2930	3724
5157	6914
8448	9344
9513	9129
8515	7989
7691	7559
7456	7264
6978	6699
6470	6179
5804	5611
5912	6675
7479	7863
7671	7072
6322	5626
5121	4890
4926	5109
5268	5318
5323	5402
5643	6076
6603	6980
7021	6809
6499	6080
5562	5170
5088	5210
5307	5286
5227	5236
5300	5372
5447	5528
5571	5523
5357	5136
4989	4948
4866	4591
4147	3680
3322	3134
3077	3049
2966	2822
2680	2594
2566	2561
2560	2570
2599	2625
2647	2681
2730	2768
2773	2755
2725	2694
2671	2660
2672	2699
2735	2772
2808	2836
2854	2869
2940	3160
3595	4225
4896	5351
5426	5136
4566	3846
3202	2809
2639	2565
2511	2476
2504	2605
2666	2535
2769	3309
4065	4735
5198	5612
6082	6496
6742	6899
7084	7280
7409	7427
7286	6915
6337	5725
5255	4926
4612	4259
3955	3780
3686	3611
3605	3768
4096	4472
4801	5099
5403	5681
5819	5683
5240	4622
4018	3564
3402	3587
3868	3845
3475	3172
3397	4207
5222	6008
6412	6494
6428	6386
6371	6260
6008	5696
5367	4997
4597	4242
3991	3810
3636	3471
3405	3566
4094	5107
6549	8049
9146	9698
9922	10004
9906	9555
8979	8240
7386	6504
5697	5028
4509	4098
3727	3339
2956	2732
2934	3779
5240	6960
8426	9278
9464	9195
8757	8336
7979	7693
7496	7354
7226	7110
6963	6683
6297	6089
6345	6998
7627	7819
7462	6739
5940	5296
4936	4886
5049	5246
5322	5259
5187	5257
5529	5952
6381	6624
6584	6364
6106	5801
5451	5221
5244	5398
5478	5435
5384	5420
5503	5577
5633	5658
5615	5474
5259	5082
5085	5236
5263	4936
4312	3642
3133	2846
2750	2749
2745	2693
2616	2562
2541	2539
2544	2559
2581	2604
2627	2659
2702	2741
2756	2741
2706	2670
2645	2639
2653	2685
2722	2756
2777	2788
2789	2791
2826	2934
3171	3626
4338	5169
5822	5994
5534	4599
3626	2980
2692	2588
2534	2516
2610	2859
3077	2987
3316	3848
4492	4887
4978	5032
5240	5498
5662	5779
5979	6277
6581	6779
6778	6529
6082	5583
5179	4885
4607	4304
4055	3923
3855	3803
3835	4046
4408	4769
5045	5274
5472	5563
5454	5135
4698	4261
3861	3486
3236	3291
3540	3601
3343	3120
3389	4202
5181	5944
6392	6587
6615	6559
6410	6116
5724	5333
4956	4553
4155	3840
3639	3513
3416	3361
3454	3850
4655	5856
7256	8503
9295	9638
9782	9882
9826	9456
8784	7923
6994	6104
5333	4726
4283	3960
3677	3355
2990	2739
2899	3718
5140	6808
8253	9143
9447	9387
9188	8899
8496	8053
7702	7477
7351	7307
7273	7122
6856	6708
6908	7366
7693	7576
7002	6214
5512	5084
4976	5108
5317	5432
5365	5174
5044	5150
5507	5940
6245	6337
6274	6155
6019	5816
5549	5386
5436	5586
5664	5658
5675	5764
5854	5884
5846	5739
5553	5291
5021	4890
5028	5323
5436	5101
4383	3586
2980	2646
2527	2524
2548	2554
2541	2523
2516	2516
2522	2534
2552	2573
2600	2635
2674	2713
2735	2725
2688	2649
2624	2623
2639	2671
2700	2719
2722	2717
2713	2719
2761	2857
3030	3371
4024	5012
6047	6623
6340	5293
4049	3159
2746	2607
2563	2592
2813	3297
3747	3720
4015	4468
4963	5161
5027	4838
4813	4916
5018	5132
5384	5820
6307	6639
6681	6434
6010	5563
5210	4955
4724	4478
4282	4179
4109	4045
4082	4321
4692	5025
5268	5478
5624	5552
5192	4670
4194	3883
3668	3414
3184	3206
3459	3578
3374	3152
3368	4123
5079	5863
6370	6658
6775	6725
6471	6010
5458	4952
4513	4116
3783	3555
3430	3369
3340	3371
3591	4180
5199	6485
7742	8694
9223	9426
9529	9634
9573	9147
8363	7389
6418	5577
4916	4433
4109	3887
3680	3411
3072	2806
2924	3697
5092	6739
8166	9059
9429	9515
9494	9328
8965	8510
8094	7741
7464	7342
7361	7382
7326	7311
7457	7640
7571	7103
6363	5641
5186	5069
5203	5432
5591	5581
5390	5116
4973	5154
5626	6098
6315	6330
6337	6389
6364	6154
5822	5572
5533	5625
5723	5824
5986	6175
6266	6199
6007	5744
5440	5103
4799	4681
4859	5186
5329	5049
4378	3581
2940	2573
2430	2408
2433	2467
2492	2502
2501	2500
2506	2515
2526	2543
2568	2600
2636	2676
2698	2692
2659	2625
2606	2608
2629	2655
2675	2677
2664	2648
2645	2675
2770	2945
3168	3462
3991	4912
6057	6868
6784	5770
4399	3334
2800	2621
2590	2692
3086	3849
4567	4637
4778	5083
5377	5413
5181	4911
4803	4857
4958	5104
5411	5922
6464	6769
6712	6369
5912	5490
5194	5009
4846	4665
4523	4446
4380	4306
4337	4556
4876	5162
5419	5698
5863	5666
5079	4367
3844	3634
3587	3465
3297	3355
3658	3821
3610	3306
3412	4107
5087	5917
6432	6703
6803	6712
6365	5778
5113	4535
4092	3758
3526	3396
3340	3321
3328	3407
3710	4423
5538	6775
7800	8464
8808	8973
9114	9248
9171	8679
7791	6727
5746	4988
4464	4132
3945	3835
3717	3518
3223	2963
3042	3780
5177	6819
8159	8925
9216	9314
9360	9287
9060	8784
8495	8115
7695	7447
7465	7611
7727	7792
7799	7632
7156	6421
5672	5180
5062	5239
5527	5749
5798	5661
5401	5118
4988	5202
5721	6213
6425	6501
6687	6914
6920	6599
6098	5668
5465	5466
5591	5837
6191	6508
6592	6390
6018	5630
5287	4963
4667	4526
4636	4889
5027	4846
4332	3652
3044	2648
2454	2386
2385	2420
2461	2485
2489	2491
2498	2508
2513	2519
2538	2567
2604	2636
2653	2645
2621	2598
2591	2601
2622	2644
2657	2653
2631	2608
2609	2681
2876	3191
3526	3807
4170	4861
5856	6700
6793	5959
4645	3513
2874	2636
2611	2795
3375	4403
5353	5512
5395	5547
5655	5583
5353	5136
5077	5157
5281	5444
5753	6227
6662	6807
6596	6164
5689	5305
5069	4948
4846	4716
4615	4579
4561	4527
4562	4714
4912	5125
5440	5867
6113	5843
5104	4295
3808	3743
3852	3814
3656	3712
4039	4230
3987	3582
3574	4224
5226	6070
6520	6670
6644	6445
6015	5377
4695	4142
3768	3534
3401	3342
3320	3313
3318	3396
3713	4437
5507	6585
7374	7853
8161	8420
8668	8829
8694	8110
7145	6053
5104	4439
4045	3850
3785	3782
3764	3657
3428	3170
3188	3863
5234	6806
7957	8472
8573	8585
8626	8629
8597	8613
8603	8379
7996	7753
7801	7987
8103	8049
7769	7219
6451	5655
5084	4897
5076	5453
5819	6000
5929	5691
5415	5172
5046	5182
5596	6038
6311	6560
6955	7301
7285	6864
6247	5688
5353	5270
5414	5787
6309	6734
6794	6434
5873	5388
5064	4811
4565	4398
4412	4568
4688	4611
4285	3781
3260	2848
2581	2434
2377	2386
2424	2455
2468	2479
2496	2511
2512	2509
2518	2547
2583	2611
2616	2606
2586	2576
2581	2596
2616	2636
2649	2647
2629	2604
2615	2739
3048	3516
3963	4235
4430	4815
5493	6180
6386	5843
4784	3723
3015	2687
2640	2898
3643	4872
5948	6112
5694	5765
5797	5722
5580	5474
5477	5568
5670	5783
6003	6332
6586	6566
6267	5827
5386	5042
4838	4740
4655	4556
4501	4533
4599	4643
4686	4741
4790	4922
5307	5886
6239	5981
5232	4498
4195	4341
4576	4527
4267	4207
4464	4633
4371	3918
3841	4415
5344	6101
6436	6440
6262	5946
5475	4883
4294	3843
3571	3439
3380	3357
3345	3328
3307	3344
3598	4224
5151	6072
6750	7231
7662	8075
8384	8451
8142	7436
6461	5441
4595	4032
3743	3651
3676	3750
3812	3788
3617	3349
3287	3851
5102	6496
7384	7621
7511	7404
7421	7510
7677	7973
8255	8301
8168	8131
8282	8422
8338	7955
7291	6451
5618	4992
4699	4766
5118	5602
6020	6179
6021	5708
5441	5251
5104	5088
5292	5607
5917	6311
6823	7202
7203	6847
6306	5775
5417	5302
5446	5868
6469	6947
6960	6445
5693	5095
4783	4610
4429	4265
4225	4319
4427	4426
4258	3938
3530	3120
2779	2538
2405	2364
2380	2411
2437	2463
2491	2510
2510	2503
2509	2535
2574	2596
2596	2582
2566	2564
2573	2591
2612	2629
2641	2644
2634	2617
2648	2820
3217	3784
4304	4578
4655	4774
5087	5490
5705	5484
4825	3979
3257	2820
2712	3014
3890	5240
6325	6390
5722	5789
5853	5872
5861	5851
5872	5915
5931	5911
5950	6086
6182	6091
5816	5457
5089	4771
4558	4432
4341	4274
4289	4406
4556	4649
4664	4606
4531	4604
5014	5680
6135	5992
5411	4928
4916	5274
5557	5418
4998	4756
4852	4932
4671	4260
4173	4624
5341	5882
6049	5931
5661	5300
4876	4417
3987	3660
3477	3409
3395	3396
3395	3376
3330	3307
3463	3957
4748	5596
6327	6959
7551	8024
8203	7988
7415	6611
5726	4891
4223	3787
3581	3557
3640	3757
3849	3861
3723	3452
3318	3733
4773	5922
6573	6613
6361	6162
6166	6342
6667	7133
7595	7886
8072	8323
8581	8588
8186	7418
6456	5544
4895	4580
4566	4793
5222	5764
6226	6364
6124	5741
5467	5306
5144	5013
5023	5178
5438	5834
6313	6671
6780	6668
6391	6048
5793	5703
5812	6183
6750	7210
7173	6524
5591	4858
4512	4386
4266	4134
4096	4176
4283	4326
4280	4117
3816	3420
3015	2685
2470	2369
2351	2373
2406	2445
2481	2504
2508	2499
2505	2532
2569	2590
2588	2572
2559	2558
2568	2585
2602	2616
2628	2632
2627	2625
2673	2867
3288	3886
4452	4763
4807	4765
4783	4874
4983	4996
4753	4223
3571	3048
2853	3163
4134	5554
6582	6496
5635	5715
5826	5936
6032	6092
6120	6114
6033	5854
5682	5622
5616	5543
5376	5142
4846	4537
4290	4132
4044	4039
4150	4345
4524	4588
4507	4339
4197	4238
4618	5273
5804	5865
5597	5468
5730	6170
6366	6107
5603	5262
5207	5158
4898	4591
4555	4861
5271	5493
5447	5231
4953	4652
4353	4058
3780	3558
3428	3390
3403	3435
3467	3465
3401	3335
3434	3854
4573	5412
6223	6977
7618	7971
7853	7283
6478	5668
4967	4391
3949	3660
3530	3547
3660	3785
3866	3866
3738	3490
3320	3569
4334	5223
5727	5731
5475	5268
5292	5551
5979	6507
7011	7414
7804	8217
8440	8214
7504	6498
5491	4763
4448	4481
4707	5051
5522	6073
6509	6572
6226	5753
5443	5286
5148	5011
4930	4939
5073	5366
5744	6081
6344	6525
6570	6493
6407	6374
6434	6684
7134	7517
7419	6668
5589	4724
4312	4190
4119	4048
4061	4165
4277	4350
4386	4334
4112	3721
3265	2860
2571	2411
2353	2356
2390	2432
2470	2496
2501	2497
2502	2531
2566	2587
2584	2569
2556	2555
2564	2578
2590	2602
2612	2617
2618	2621
2666	2840
3217	3785
4374	4757
4851	4770
4626	4467
4396	4460
4502	4303
3835	3308
3042	3353
4403	5870
6825	6586
5510	5563
5646	5759
5904	6043
6136	6150
6021	5730
5394	5178
5105	5084
5032	4895
4645	4340
4084	3939
3908	3998
4194	4413
4532	4475
4267	4028
3884	3927
4243	4820
5392	5686
5792	6018
6421	6736
6705	6348
5925	5679
5583	5418
5131	4921
4942	5105
5190	5074
4815	4545
4325	4147
3990	3833
3660	3500
3403	3382
3420	3489
3559	3574
3506	3437
3550	3980
4674	5470
6248	6954
7474	7596
7186	6374
5479	4764
4277	3962
3754	3620
3557	3587
3696	3815
3872	3841
3721	3516
3335	3409
3864	4494
4941	5051
4938	4840
4951	5302
5802	6336
6792	7168
7549	7872
7863	7344
6441	5452
4666	4277
4314	4645
5084	5540
6010	6454
6716	6610
6161	5648
5319	5184
5129	5077
4985	4875
4872	5070
5393	5744
6124	6513
6821	6992
7063	7072
7077	7205
7515	7793
7620	6794
5628	4675
4202	4067
4040	4061
4162	4307
4421	4497
4570	4579
4399	4003
3504	3044
2701	2490
2389	2365
2384	2421
2457	2482
2492	2493
2500	2528
2563	2583
2581	2567
2556	2555
2560	2570
2580	2589
2599	2607
2616	2617
2639	2754
3046	3532
4106	4554
4741	4711
4539	4256
4000	3948
4068	4115
3895	3482
3225	3563
4698	6200
7069	6681
5307	5293
5279	5323
5489	5741
5968	6049
5909	5567
5160	4867
4762	4773
4780	4682
4450	4165
3961	3903
3981	4165
4393	4547
4523	4305
3998	3764
3691	3773
4034	4510
5089	5601
6058	6547
6930	6962
6647	6256
6048	6039
6005	5756
5401	5205
5215	5223
5034	4663
4278	4015
3887	3830
3787	3717
3602	3478
3407	3415
3483	3580
3665	3682
3624	3592
3764	4226
4888	5586
6215	6718
6991	6876
6307	5457
4640	4075
3778	3661
3636	3631
3624	3650
3739	3846
3893	3850
3741	3582
3401	3310
3453	3830
4254	4542
4671	4781
5031	5469
6005	6504
6865	7110
7308	7355
7019	6271
5369	4620
4190	4133
4423	4957
5556	6074
6448	6638
6582	6263
5783	5347
5092	5034
5106	5174
5089	4879
4772	4935
5286	5676
6090	6555
7016	7371
7543	7545
7484	7528
7740	7921
7677	6809
5625	4660
4174	4038
4052	4161
4353	4541
4635	4678
4746	4778
4625	4240
3734	3252
2874	2614
2457	2388
2378	2402
2433	2460
2478	2486
2497	2524
2556	2575
2575	2563
2555	2554
2557	2562
2569	2578
2585	2597
2609	2612
2613	2668
2864	3243
3753	4220
4490	4551
4442	4157
3788	3560
3584	3722
3718	3493
3337	3755
4974	6487
7242	6675
4962	4909
4829	4824
5022	5397
5741	5848
5676	5316
4926	4653
4555	4566
4561	4447
4219	3995
3905	3990
4196	4430
4606	4629
4445	4105
3766	3594
3632	3794
4035	4432
5013	5706
6441	7069
7302	7013
6483	6145
6176	6383
6409	6090
5641	5363
5272	5126
4766	4276
3869	3668
3635	3667
3689	3662
3579	3490
3460	3510
3611	3714
3776	3771
3729	3760
3991	4458
5061	5644
6086	6318
6299	5989
5399	4678
4057	3674
3520	3521
3595	3663
3694	3721
3795	3894
3940	3904
3822	3714
3547	3329
3213	3363
3758	4225
4631	4993
5394	5856
6327	6706
6912	6967
6912	6662
6097	5321
4633	4242
4147	4289
4673	5277
5928	6406
6593	6462
6071	5584
5175	4915
4806	4864
5060	5221
5142	4865
4698	4860
5256	5677
6053	6468
6976	7447
7680	7639
7513	7525
7708	7834
7528	6648
5507	4613
4182	4073
4106	4251
4494	4714
4802	4806
4838	4869
4758	4438
3986	3526
3130	2808
2568	2422
2365	2367
2397	2432
2459	2476
2493	2518
2545	2561
2564	2558
2553	2552
2554	2557
2561	2564
2569	2577
2591	2599
2592	2609
2726	3000
3415	3851
4160	4303
4290	4083
3708	3353
3216	3300
3399	3354
3362	3904
5188	6659
7251	6467
4510	4506
4470	4492
4736	5175
5538	5592
5352	4997
4681	4484
4411	4396
4340	4182
3965	3829
3888	4126
4418	4630
4694	4584
4310	3939
3623	3518
3652	3898
4162	4527
5131	5979
6905	7559
7591	7060
6459	6231
6404	6673
6671	6291
5770	5388
5166	4905
4478	3980
3616	3487
3527	3603
3639	3620
3563	3525
3559	3668
3803	3894
3904	3858
3832	3927
4201	4645
5172	5635
5888	5857
5577	5133
4606	4097
3715	3511
3459	3510
3610	3702
3755	3792
3856	3937
3976	3956
3930	3908
3786	3494
3198	3175
3534	4144
4814	5434
5949	6338
6612	6758
6740	6571
6286	5852
5271	4707
4384	4355
4479	4658
4975	5505
6072	6411
6386	6005
5418	4890
4596	4499
4516	4665
4946	5168
5109	4823
4627	4757
5147	5560
5866	6171
6639	7174
7463	7392
7219	7245
7464	7571
7214	6328
5267	4495
4166	4105
4136	4261
4507	4769
4906	4910
4894	4907
4862	4668
4332	3935
3526	3120
2757	2499
2369	2339
2362	2403
2440	2466
2488	2511
2532	2548
2552	2552
2550	2551
2553	2554
2555	2555
2552	2553
2561	2569
2564	2563
2622	2804
3119	3485
3790	3982
4063	3978
3690	3310
3041	2994
3081	3156
3347	4039
5360	6725
7111	6093
4097	4217
4314	4403
4658	5073
5367	5326
5034	4713
4479	4351
4292	4246
4133	3937
3746	3712
3911	4256
4560	4683
4614	4426
4165	3851
3583	3510
3679	3970
4261	4642
5302	6270
7300	7923
7820	7217
6683	6545
6706	6857
6748	6336
5799	5346
5017	4684
4253	3808
3517	3452
3530	3614
3633	3602
3567	3586
3700	3888
4067	4139
4084	3988
3978	4125
4427	4837
5268	5579
5631	5380
4926	4437
4027	3738
3570	3498
3500	3563
3663	3757
3815	3849
3893	3940
3960	3964
4027	4132
4085	3770
3373	3243
3568	4272
5154	5989
6568	6812
6810	6653
6365	5980
5543	5086
4683	4471
4537	4789
5008	5103
5250	5594
5971	6118
5924	5444
4857	4407
4212	4188
4257	4464
4801	5063
5046	4799
4579	4618
4924	5296
5558	5780
6185	6738
7077	7005
6813	6870
7137	7242
6849	5970
4996	4346
4115	4107
4148	4251
4483	4795
5025	5069
5008	4989
5018	4984
4808	4503
4089	3580
3057	2651
2426	2347
2349	2386
2427	2460
2485	2505
2523	2537
2544	2548
2548	2549
2550	2551
2549	2547
2541	2534
2535	2538
2534	2525
2545	2649
2857	3130
3398	3626
3795	3850
3709	3392
3051	2861
2857	2985
3356	4225
5574	6791
6948	5720
3846	4092
4318	4447
4650	4974
5172	5069
4783	4517
4347	4252
4196	4126
3982	3770
3619	3677
3971	4357
4616	4628
4457	4249
4056	3833
3608	3528
3675	3951
4249	4664
5390	6429
7475	8056
7953	7452
7041	6918
6946	6918
6718	6323
5804	5287
4853	4465
4065	3714
3522	3514
3599	3665
3664	3627
3613	3684
3871	4134
4346	4390
4279	4160
4180	4371
4687	5049
5348	5461
5303	4893
4376	3937
3681	3584
3562	3557
3573	3637
3742	3840
3890	3903
3914	3926
3928	3964
4122	4347
4387	4090
3664	3486
3784	4531
5531	6476
7048	7125
6846	6398
5873	5341
4869	4519
4371	4491
4844	5254
5484	5477
5448	5577
5730	5677
5368	4906
4453	4147
4016	3999
4097	4371
4752	5021
5019	4793
4542	4479
4677	5001
5263	5469
5838	6380
6738	6681
6491	6559
6835	6935
6547	5718
4830	4267
4105	4158
4255	4368
4574	4898
5188	5254
5142	5084
5181	5311
5314	5130
4737	4138
3458	2899
2560	2409
2366	2380
2416	2453
2481	2501
2517	2530
2538	2543
2546	2547
2546	2546
2544	2540
2533	2524
2518	2518
2514	2507
2509	2551
2658	2827
3040	3282
3530	3721
3744	3538
3187	2880
2756	2893
3433	4501
5887	6940
6863	5465
3764	4085
4370	4482
4591	4803
4932	4824
4580	4366
4230	4153
4104	4034
3885	3685
3578	3696
4036	4424
4642	4589
4365	4156
4014	3851
3647	3538
3625	3844
4124	4585
5385	6453
7442	7974
7941	7583
7232	7023
6910	6802
6634	6325
5827	5222
4672	4242
3905	3671
3580	3611
3679	3715
3700	3669
3680	3789
4016	4295
4486	4492
4371	4293
4380	4624
4949	5240
5377	5276
4937	4445
3957	3628
3515	3541
3590	3607
3630	3712
3839	3946
3983	3976
3972	3984
3993	4052
4253	4540
4647	4412
4020	3832
4093	4819
5828	6765
7250	7151
6639	5973
5326	4785
4397	4205
4259	4568
5038	5484
5715	5693
5595	5568
5521	5295
4901	4484
4179	4008
3926	3927
4093	4459
4863	5068
4996	4734
4462	4366
4516	4810
5077	5295
5648	6163
6516	6484
6328	6396
6636	6713
6370	5632
4828	4327
4224	4370
4565	4705
4834	5054
5287	5317
5151	5059
5203	5467
5643	5613
5300	4676
3895	3213
2763	2515
2400	2376
2403	2446
2478	2498
2513	2526
2536	2543
2546	2545
2544	2541
2538	2536
2529	2520
2515	2517
2520	2524
2524	2533
2565	2640
2780	2998
3280	3562
3720	3641
3340	2981
2770	2911
3604	4858
6277	7157
6860	5344
3823	4162
4446	4499
4503	4612
4694	4602
4393	4201
4083	4028
3998	3941
3809	3648
3587	3740
4090	4483
4716	4674
4438	4203
4052	3898
3693	3545
3561	3704
3958	4476
5376	6472
7375	7820
7809	7502
7094	6753
6562	6513
6500	6332
5865	5186
4553	4117
3860	3725
3683	3705
3737	3740
3713	3693
3731	3858
4064	4274
4390	4375
4317	4354
4548	4856
5172	5371
5344	5075
4629	4128
3713	3486
3456	3522
3580	3607
3659	3780
3938	4051
4075	4067
4096	4160
4214	4283
4465	4737
4885	4745
4431	4242
4433	5077
6012	6852
7190	6905
6211	5436
4805	4393
4176	4120
4253	4576
4999	5392
5657	5762
5750	5653
5434	5059
4603	4222
4011	3918
3876	3937
4208	4647
5009	5082
4881	4572
4342	4315
4494	4764
4992	5184
5516	6005
6362	6390
6310	6387
6564	6605
6315	5678
4956	4499
4454	4714
5038	5198
5182	5166
5209	5151
4965	4867
5028	5370
5694	5831
5646	5083
4292	3555
3017	2666
2459	2381
2391	2436
2472	2496
2512	2525
2536	2543
2546	2546
2544	2539
2536	2532
2529	2525
2526	2533
2543	2555
2565	2566
2564	2578
2642	2792
3039	3337
3570	3605
3405	3077
2855	3039
3871	5270
6677	7377
6891	5329
4003	4339
4591	4572
4476	4490
4519	4415
4205	4014
3915	3890
3884	3839
3735	3630
3624	3801
4161	4590
4896	4918
4687	4397
4184	4005
3792	3619
3573	3645
3874	4452
5455	6578
7376	7693
7635	7304
6815	6377
6174	6237
6396	6359
5941	5252
4601	4188
3987	3885
3821	3780
3752	3725
3699	3707
3775	3897
4028	4121
4149	4155
4218	4402
4709	5071
5359	5451
5290	4920
4442	3974
3630	3473
3471	3524
3570	3617
3709	3861
4027	4127
4141	4146
4235	4388
4516	4601
4738	4964
5129	5082
4862	4685
4803	5342
6160	6847
6994	6525
5712	4924
4410	4208
4192	4243
4368	4592
4864	5145
5463	5779
5933	5794
5398	4889
4420	4090
3923	3854
3850	3991
4340	4774
5030	4962
4675	4387
4266	4358
4582	4804
4943	5070
5363	5842
6232	6351
6352	6419
6518	6518
6281	5752
5107	4674
4660	5022
5478	5672
5505	5211
4998	4836
4684	4632
4791	5147
5558	5824
5758	5294
4574	3862
3295	2865
2566	2415
2394	2429
2467	2492
2509	2524
2537	2544
2549	2548
2545	2540
2537	2534
2531	2532
2542	2556
2565	2573
2585	2595
2590	2579
2587	2660
2830	3078
3320	3438
3356	3128
2975	3246
4205	5687
7028	7542
6914	5370
4209	4539
4764	4686
4503	4423
4377	4234
4016	3839
3771	3780
3789	3747
3671	3622
3670	3881
4274	4774
5176	5269
5041	4693
4411	4195
3988	3824
3756	3779
3982	4595
5648	6723
7355	7506
7390	7081
6620	6201
6044	6193
6454	6499
6128	5469
4842	4453
4259	4126
3981	3836
3733	3690
3703	3761
3849	3935
3981	3974
3965	4022
4193	4490
4885	5286
5545	5541
5273	4835
4349	3925
3646	3541
3548	3591
3643	3725
3848	3997
4130	4193
4185	4201
4339	4572
4766	4876
4992	5179
5348	5374
5259	5151
5263	5724
6381	6830
6738	6122
5286	4577
4222	4233
4412	4573
4703	4824
4911	5043
5377	5848
6101	5873
5291	4691
4269	4025
3896	3845
3894	4108
4474	4838
4986	4847
4561	4343
4321	4483
4702	4849
4890	4952
5221	5692
6111	6286
6297	6293
6303	6281
6120	5721
5168	4742
4717	5139
5714	5978
5741	5247
4816	4570
4480	4507
4651	4952
5353	5653
5646	5274
4674	4073
3559	3105
2730	2502
2425	2433
2461	2487
2506	2524
2538	2546
2550	2551
2548	2545
2541	2538
2537	2540
2553	2566
2567	2564
2570	2582
2583	2567
2555	2577
2671	2849
3064	3227
3251	3151
3117	3498
4559	6068
7304	7642
6913	5408
4302	4634
4855	4758
4519	4349
4222	4050
3853	3718
3686	3714
3725	3689
3638	3627
3712	3954
4394	4960
5426	5558
5335	4962
4642	4411
4240	4147
4119	4126
4298	4901
5905	6819
7204	7159
6998	6792
6506	6252
6213	6433
6728	6784
6418	5773
5183	4829
4629	4435
4183	3918
3737	3692
3760	3866
3944	3973
3956	3920
3929	4043
4275	4622
5055	5477
5722	5660
5312	4806
4306	3928
3717	3654
3671	3714
3791	3916
4057	4173
4246	4257
4221	4228
4381	4647
4884	5020
5132	5300
5485	5605
5648	5694
5877	6249
6638	6730
6369	5692
4969	4437
4267	4457
4799	5092
5287	5353
5277	5251
5535	6009
6196	5817
5108	4508
4185	4035
3951	3949
4089	4382
4749	5059
5165	5025
4757	4547
4501	4605
4753	4826
4819	4875
5147	5585
5964	6101
6030	5910
5847	5837
5777	5520
5072	4668
4625	5071
5731	6085
5884	5339
4801	4491
4445	4533
4653	4837
5107	5328
5320	5036
4601	4174
3784	3370
2958	2658
2513	2469
2466	2479
2500	2521
2538	2548
2553	2553
2553	2551
2551	2549
2546	2546
2552	2558
2550	2537
2536	2544
2544	2531
2516	2521
2566	2679
2852	3033
3148	3180
3281	3773
4902	6404
7541	7755
6957	5447
4292	4614
4835	4746
4481	4243
4058	3891
3751	3670
3659	3677
3680	3663
3645	3660
3759	4012
4455	5008
5445	5557
5343	4991
4690	4496
4424	4476
4567	4617
4782	5335
6212	6899
7027	6795
6581	6473
6411	6417
6567	6855
7119	7100
6666	6016
5491	5221
5057	4810
4441	4054
3796	3746
3850	3964
3998	3973
3942	3945
4019	4177
4424	4761
5176	5578
5803	5716
5324	4779
4283	3963
3825	3795
3806	3844
3940	4096
4239	4310
4320	4282
4213	4201
4342	4617
4882	5044
5159	5322
5565	5846
6122	6367
6590	6762
6747	6416
5833	5211
4720	4449
4483	4808
5256	5670
5956	6004
5809	5660
5840	6173
6181	5678
4980	4501
4308	4224
4168	4231
4483	4870
5287	5626
5761	5620
5286	4935
4706	4650
4702	4754
4789	4914
5196	5546
5785	5791
5606	5401
5324	5367
5394	5248
4895	4534
4481	4909
5597	6043
5971	5516
4977	4619
4553	4654
4743	4792
4860	4919
4876	4699
4460	4234
3995	3660
3262	2923
2700	2569
2499	2477
2487	2509
2530	2544
2551	2553
2555	2558
2560	2561
2557	2550
2545	2538
2525	2510
2504	2506
2502	2490
2481	2480
2498	2561
2693	2875
3059	3215
3453	4058
5241	6725
7800	7960
7132	5584
4341	4605
4774	4660
4372	4097
3897	3771
3706	3672
3652	3640
3640	3656
3684	3729
3834	4062
4431	4850
5144	5179
4972	4683
4464	4373
4443	4684
4973	5178
5415	5928
6642	7109
7046	6676
6366	6258
6346	6609
6972	7312
7469	7284
6754	6133
5732	5591
5486	5203
4725	4224
3901	3825
3908	3983
3973	3932
3940	4025
4173	4362
4589	4870
5206	5519
5678	5566
5182	4669
4236	3998
3928	3926
3928	3956
4054	4207
4324	4342
4291	4205
4111	4090
4237	4535
4845	5053
5189	5381
5727	6212
6709	7065
7173	6995
6530	5868
5200	4720
4488	4498
4738	5147
5617	6077
6418	6463
6222	6011
6069	6206
6053	5557
5037	4776
4716	4662
4609	4715
5032	5483
5990	6431
6603	6388
5877	5292
4836	4630
4647	4765
4917	5135
5397	5590
5620	5463
5198	5003
4997	5123
5210	5117
4824	4484
4377	4714
5363	5905
6042	5778
5302	4882
4724	4777
4841	4808
4705	4595
4505	4433
4378	4332
4219	3973
3631	3295
2999	2751
2576	2491
2477	2495
2519	2539
2548	2553
2556	2562
2568	2571
2566	2552
2536	2521
2506	2494
2488	2486
2481	2472
2467	2465
2468	2498
2594	2766
2986	3233
3594	4314
5558	7025
8059	8214
7411	5875
4547	4688
4714	4509
4190	3915
3746	3682
3680	3671
3633	3599
3612	3670
3739	3810
3923	4112
4350	4562
4660	4594
4404	4213
4120	4153
4351	4765
5295	5765
6178	6690
7244	7516
7309	6815
6368	6176
6332	6790
7333	7693
7695	7323
6733	6215
5972	5929
5838	5502
4936	4357
3987	3870
3894	3916
3893	3891
3980	4152
4361	4561
4744	4929
5126	5289
5333	5185
4855	4455
4138	3989
3976	4002
4014	4042
4135	4257
4316	4274
4167	4040
3940	3946
4137	4487
4864	5151
5362	5639
6106	6721
7274	7530
7357	6791
6008	5227
4628	4305
4272	4505
4909	5344
5734	6112
6419	6484
6301	6109
6065	6030
5820	5490
5262	5239
5284	5250
5214	5332
5622	6053
6618	7135
7282	6920
6214	5456
4886	4643
4718	4958
5226	5487
5675	5682
5501	5210
4939	4842
4972	5188
5311	5242
4969	4588
4355	4537
5109	5746
6119	6075
5666	5170
4878	4831
4869	4829
4669	4462
4326	4312
4380	4448
4428	4268
4007	3694
3348	2991
2703	2541
2486	2490
2514	2537
2549	2552
2556	2562
2571	2575
2569	2554
2532	2511
2497	2487
2482	2479
2476	2473
2473	2475
2474	2489
2560	2710
2926	3209
3656	4487
5796	7244
8229	8391
7670	6237
4810	4794
4637	4322
3985	3749
3638	3631
3665	3661
3611	3581
3622	3710
3794	3875
3992	4140
4256	4290
4238	4110
3954	3874
3914	4047
4325	4861
5608	6349
6964	7486
7875	7938
7569	6936
6357	6104
6321	6924
7585	7936
7809	7295
6701	6316
6196	6166
6009	5598
4987	4392
4011	3861
3830	3821
3829	3908
4092	4340
4585	4770
4875	4922
4951	4950
4882	4719
4479	4220
4020	3935
3949	4001
4045	4100
4194	4273
4269	4168
4020	3880
3810	3885
4144	4545
4984	5372
5714	6114
6641	7202
7569	7538
7047	6234
5369	4673
4225	4031
4120	4490
4993	5401
5623	5783
5960	6055
6009	5905
5802	5667
5520	5452
5514	5661
5767	5776
5798	5920
6131	6486
7036	7525
7553	7025
6211	5446
4921	4735
4892	5225
5537	5759
5835	5693
5376	5038
4829	4872
5135	5410
5536	5476
5208	4766
4405	4444
4944	5648
6193	6294
5933	5396
5007	4857
4841	4819
4694	4481
4311	4289
4391	4512
4556	4478
4292	4016
3654	3242
2880	2644
2533	2508
2523	2544
2553	2552
2554	2562
2571	2575
2569	2554
2531	2511
2495	2486
2482	2480
2479	2483
2490	2497
2499	2509
2557	2666
2848	3133
3643	4572
5933	7338
8256	8426
7812	6533
5011	4871
4580	4197
3863	3670
3611	3640
3680	3666
3618	3613
3683	3771
3837	3910
4023	4137
4178	4137
4050	3931
3831	3836
3960	4150
4482	5118
6007	6892
7582	8033
8201	8001
7443	6718
6126	5934
6254	6942
7642	7982
7795	7236
6681	6397
6321	6224
5952	5476
4877	4334
3985	3826
3774	3773
3837	4009
4288	4601
4851	4973
4960	4860
4735	4609
4479	4346
4207	4065
3936	3868
3884	3952
4036	4134
4236	4282
4226	4093
3936	3824
3826	3989
4309	4737
5216	5700
6170	6632
7063	7363
7387	7048
6380	5556
4815	4299
4003	3913
4086	4529
5068	5410
5433	5330
5324	5418
5492	5469
5345	5211
5229	5451
5747	5967
6072	6119
6189	6298
6457	6784
7300	7673
7516	6840
6010	5350
4954	4836
5008	5334
5607	5743
5725	5521
5198	4909
4803	4963
5290	5552
5637	5573
5321	4870
4453	4412
4856	5575
6188	6354
6040	5555
5198	5007
4916	4872
4785	4597
4391	4305
4368	4496
4584	4571
4442	4208
3881	3492
3109	2806
2624	2550
2540	2551
2553	2551
2552	2559
2567	2572
2566	2551
2532	2512
2498	2489
2485	2484
2489	2499
2512	2525
2528	2529
2548	2612
2753	3046
3635	4660
6036	7358
8192	8368
7857	6728
5238	5029
4666	4243
3897	3715
3679	3716
3736	3699
3659	3687
3768	3829
3860	3918
4025	4114
4138	4129
4122	4090
4056	4103
4236	4432
4815	5529
6455	7284
7835	8073
7958	7489
6797	6117
5684	5670
6094	6783
7442	7781
7638	7149
6693	6488
6397	6188
5795	5275
4727	4261
3960	3817
3772	3799
3927	4194
4566	4926
5139	5161
5030	4817
4587	4380
4221	4129
4079	4011
3907	3826
3829	3912
4036	4175
4282	4300
4222	4094
3970	3918
4006	4251
4613	5050
5552	6091
6587	6942
7094	7024
6731	6231
5595	4949
4429	4093
3916	3920
4171	4657
5169	5411
5276	4984
4832	4880
4973	4957
4836	4795
5039	5539
6017	6267
6333	6346
6369	6412
6562	6954
7487	7756
7438	6656
5834	5272
4979	4885
4985	5201
5378	5444
5386	5214
4989	4812
4795	5004
5320	5521
5550	5477
5269	4871
4459	4355
4719	5404
6039	6267
6064	5743
5539	5399
5257	5151
5045	4832
4545	4351
4338	4448
4561	4596
4516	4333
4075	3756
3382	3019
2746	2603
2557	2549
2545	2543
2547	2556
2564	2567
2564	2553
2537	2522
2509	2500
2495	2495
2503	2519
2537	2551
2553	2544
2538	2567
2697	3047
3756	4868
6204	7396
8142	8337
7924	6935
5599	5348
4930	4450
4061	3856
3813	3828
3811	3751
3722	3771
3842	3866
3868	3921
4018	4092
4132	4215
4359	4480
4551	4622
4711	4867
5266	5988
6799	7366
7593	7535
7179	6565
5896	5403
5213	5373
5832	6447
7036	7404
7395	7083
6786	6667
6551	6235
5732	5167
4646	4231
3964	3842
3812	3871
4076	4445
4895	5251
5396	5341
5161	4904
4605	4322
4134	4075
4087	4058
3948	3836
3823	3923
4084	4247
4345	4345
4279	4203
4145	4160
4313	4619
5013	5456
5957	6465
6833	6915
6706	6321
5864	5377
4896	4485
4183	3994
3915	4009
4335	4821
5238	5347
5119	4781
4593	4602
4652	4593
4471	4534
4976	5680
6304	6611
6643	6556
6433	6360
6519	7020
7627	7876
7516	6722
5910	5374
5117	5000
4954	4973
5022	5043
5004	4924
4835	4762
4781	4969
5250	5429
5449	5388
5228	4895
4481	4271
4492	5104
5785	6152
6137	6015
5983	5938
5805	5656
5483	5175
4758	4432
4332	4412
4544	4623
4606	4493
4312	4047
3676	3246
2887	2672
2579	2546
2534	2535
2545	2558
2567	2570
2567	2562
2553	2543
2532	2522
2516	2515
2524	2541
2561	2575
2575	2562
2549	2576
2745	3202
4040	5193
6424	7454
8121	8356
8051	7205
5925	5629
5157	4643
4241	4029
3962	3937
3884	3818
3800	3842
3885	3884
3889	3951
4041	4094
4142	4301
4601	4926
5168	5298
5342	5441
5799	6410
6938	7092
6933	6630
6189	5631
5143	4895
4903	5124
5520	6039
6597	7042
7196	7079
6929	6865
6728	6351
5776	5162
4629	4228
3987	3889
3886	3999
4297	4753
5210	5492
5559	5504
5381	5149
4796	4439
4224	4194
4249	4235
4096	3933
3886	3991
4168	4327
4407	4413
4400	4408
4427	4485
4677	5029
5461	5906
6346	6718
6851	6626
6134	5589
5119	4724
4401	4172
4026	3945
3958	4149
4531	4959
5212	5176
4933	4688
4601	4653
4684	4571
4412	4497
5001	5774
6471	6846
6884	6701
6438	6280
6471	7065
7738	8039
7771	7091
6344	5815
5547	5358
5112	4878
4769	4770
4801	4833
4846	4808
4784	4911
5188	5433
5525	5495
5354	5039
4586	4241
4289	4805
5545	6103
6300	6327
6374	6389
6302	6152
5915	5495
4955	4520
4341	4383
4528	4671
4736	4701
4571	4324
3928	3449
3030	2764
2628	2563
2537	2538
2555	2570
2580	2583
2583	2584
2583	2580
2570	2560
2549	2546
2552	2568
2584	2594
2594	2586
2588	2658
2911	3479
4390	5495
6568	7443
8054	8336
8127	7391
5926	5599
5122	4665
4344	4174
4091	4023
3952	3906
3894	3905
3913	3922
3968	4064
4148	4166
4179	4343
4739	5257
5700	5933
5982	6050
6341	6747
6896	6622
6162	5757
5381	4995
4731	4695
4815	5001
5288	5739
6314	6839
7113	7106
6995	6896
6721	6336
5760	5137
4606	4234
4043	4005
4066	4252
4618	5091
5470	5630
5645	5657
5655	5485
5109	4706
4487	4493
4589	4577
4383	4132
4022	4102
4263	4389
4444	4474
4540	4639
4723	4808
5025	5436
5927	6346
6650	6800
6683	6243
5631	5071
4655	4348
4124	3995
3935	3931
4038	4323
4724	5034
5105	4983
4840	4813
4928	5080
5109	4926
4676	4681
5114	5804
6450	6844
6914	6712
6406	6261
6524	7170
7854	8202
8078	7593
6988	6515
6233	5945
5489	5013
4767	4788
4930	5059
5087	4975
4836	4891
5198	5561
5758	5759
5602	5264
4767	4320
4220	4620
5371	6088
6465	6567
6593	6597
6539	6404
6129	5650
5069	4591
4354	4352
4505	4699
4834	4859
4750	4493
4081	3591
3160	2879
2716	2615
2567	2563
2581	2598
2607	2611
2613	2619
2625	2624
2615	2601
2587	2579
2581	2589
2602	2609
2609	2611
2656	2810
3172	3811
4687	5657
6575	7353
7942	8245
8070	7350
5603	5281
4867	4541
4361	4268
4181	4084
4015	3991
3978	3957
3955	4013
4135	4272
4346	4320
4273	4382
4775	5378
5959	6312
6427	6514
6733	6908
6715	6156
5580	5207
4940	4700
4592	4685
4854	5006
5231	5652
6229	6771
7081	7094
6924	6702
6446	6092
5609	5074
4616	4320
4224	4301
4465	4698
5036	5422
5694	5789
5815	5906
5999	5889
5514	5084
4862	4903
5043	5039
4776	4418
4222	4258
4378	4446
4461	4503
4635	4819
4959	5067
5319	5814
6370	6736
6839	6726
6397	5867
5273	4782
4441	4192
4021	3931
3919	3988
4192	4535
4880	5046
5017	4963
5047	5292
5596	5798
5756	5448
5087	5004
5318	5830
6304	6640
6754	6616
6372	6323
6678	7323
7936	8264
8238	7929
7504	7148
6886	6523
5929	5318
5022	5108
5364	5546
5501	5225
4931	4910
5235	5664
5924	5951
5795	5453
4953	4468
4267	4530
5210	5977
6466	6620
6625	6602
6537	6388
6099	5645
5115	4661
4393	4348
4484	4685
4839	4880
4783	4538
4152	3690
3288	3019
2839	2703
2623	2606
2623	2640
2649	2652
2654	2660
2667	2667
2656	2639
2621	2607
2600	2605
2617	2626
2635	2676
2805	3079
3545	4184
4929	5727
6554	7329
7933	8219
7993	7191
5236	4940
4600	4393
4327	4297
4223	4121
4056	4040
4024	4002
4035	4165
4357	4515
4568	4516
4453	4520
4824	5348
5935	6379
6594	6706
6811	6764
6372	5754
5254	4989
4805	4624
4570	4704
4900	5074
5319	5724
6228	6693
6983	7001
6773	6424
6084	5789
5486	5151
4836	4631
4630	4830
5085	5297
5510	5762
5990	6135
6236	6370
6488	6400
6016	5531
5247	5284
5472	5494
5186	4745
4487	4484
4555	4549
4491	4506
4676	4941
5146	5284
5567	6120
6720	7013
6914	6557
6070	5528
5025	4646
4384	4186
4034	3960
4001	4174
4467	4787
4991	5028
5036	5209
5588	6053
6422	6539
6318	5842
5400	5292
5518	5826
6083	6334
6516	6497
6370	6428
6822	7377
7835	8064
8046	7847
7598	7400
7208	6850
6265	5687
5433	5568
5874	6050
5902	5468
5039	4940
5207	5580
5822	5883
5789	5511
5053	4573
4306	4443
4987	5684
6194	6418
6508	6551
6484	6275
5961	5575
5156	4770
4501	4429
4539	4706
4819	4843
4766	4567
4237	3821
3450	3201
3009	2826
2698	2656
2668	2688
2698	2697
2695	2698
2702	2700
2687	2669
2647	2629
2618	2619
2628	2644
2692	2826
3095	3514
4050	4618
5176	5819
6620	7465
8106	8337
7995	7067
4992	4725
4433	4279
4252	4251
4205	4129
4071	4046
4036	4054
4155	4349
4570	4716
4753	4745
4767	4857
5037	5357
5824	6297
6584	6657
6584	6342
5904	5421
5109	4969
4835	4659
4586	4697
4908	5147
5445	5797
6145	6479
6753	6834
6637	6250
5893	5709
5647	5570
5409	5245
5253	5482
5742	5878
5969	6147
6410	6667
6855	6995
7077	6969
6556	5973
5571	5562
5784	5844
5536	5090
4840	4833
4854	4751
4585	4538
4728	5065
5344	5511
5784	6325
6903	7123
6879	6366
5799	5284
4883	4615
4431	4269
4123	4067
4193	4508
4873	5087
5084	5012
5144	5605
6251	6834
7149	7082
6627	5980
5497	5410
5582	5714
5791	5999
6289	6422
6410	6518
6834	7174
7399	7487
7440	7315
7230	7207
7134	6881
6452	6030
5842	5941
6185	6313
6116	5618
5129	4958
5106	5334
5490	5580
5586	5407
5012	4551
4266	4327
4732	5284
5740	6049
6333	6544
6503	6199
5815	5487
5202	4920
4694	4633
4736	4868
4927	4919
4853	4691
4397	4012
3669	3432
3227	2992
2799	2713
2708	2727
2737	2734
2728	2726
2731	2728
2716	2697
2675	2655
2644	2642
2648	2680
2804	3091
3537	4089
4640	5082
5443	5949
6744	7645
8287	8423
7943	6908
4804	4580
4330	4187
4149	4157
4157	4128
4081	4043
4046	4126
4301	4532
4740	4856
4915	5021
5201	5360
5434	5544
5845	6265
6537	6503
6234	5867
5503	5240
5125	5093
4997	4798
4648	4687
4893	5195
5523	5780
5949	6157
6450	6656
6583	6274
6000	5979
6143	6270
6209	6028
5946	6055
6196	6244
6307	6521
6863	7208
7451	7574
7600	7455
7011	6352
5843	5773
6006	6105
5859	5504
5351	5379
5342	5107
4802	4673
4860	5251
5591	5772
5987	6433
6918	7058
6744	6196
5656	5225
4917	4707
4550	4395
4251	4236
4488	4957
5356	5413
5182	5017
5263	5948
6778	7413
7652	7422
6778	5994
5475	5388
5502	5517
5508	5745
6175	6465
6535	6597
6706	6739
6699	6660
6614	6578
6635	6757
6816	6735
6536	6295
6117	6082
6181	6261
6093	5649
5193	4993
5022	5094
5151	5241
5322	5224
4877	4445
4189	4241
4557	4975
5359	5736
6183	6540
6515	6112
5645	5349
5193	5048
4915	4909
5049	5192
5233	5200
5112	4917
4599	4228
3918	3703
3491	3216
2953	2800
2750	2750
2757	2753
2748	2750
2756	2755
2743	2723
2701	2682
2672	2670
2684	2761
3005	3472
4090	4722
5234	5534
5722	6093
6814	7661
8222	8231
7632	6558
4589	4425
4232	4108
4067	4094
4146	4160
4119	4072
4098	4242
4478	4722
4894	4983
5085	5312
5626	5850
5890	5898
6066	6347
6482	6300
5904	5534
5333	5286
5319	5349
5263	5016
4758	4688
4877	5235
5575	5728
5756	5891
6226	6553
6624	6466
6361	6509
6801	6996
6956	6743
6537	6430
6356	6313
6432	6768
7203	7596
7862	7977
7970	7802
7361	6686
6112	5961
6162	6326
6240	6086
6076	6131
5999	5603
5156	4951
5118	5522
5888	6062
6195	6489
6812	6843
6508	6038
5655	5389
5156	4921
4704	4515
4383	4454
4863	5468
5850	5725
5295	5053
5361	6165
7089	7753
7966	7679
6966	6123
5559	5413
5437	5376
5356	5670
6244	6670
6776	6708
6547	6283
6045	5947
5939	5988
6128	6315
6470	6575
6603	6490
6250	6029
5968	6006
5914	5603
5257	5073
5023	4983
4964	5039
5146	5082
4766	4374
4176	4270
4565	4921
5260	5631
6085	6440
6391	5935
5424	5147
5091	5076
5053	5127
5344	5567
5674	5657
5508	5199
4787	4413
4157	3985
3787	3500
3182	2942
2815	2766
2754	2753
2759	2770
2780	2781
2769	2749
2727	2709
2700	2704
2753	2931
3347	3998
4739	5402
5863	6052
6090	6278
6789	7428
7823	7717
7064	6040
4378	4269
4138	4056
4059	4143
4235	4255
4208	4173
4240	4445
4725	4964
5087	5140
5265	5560
5935	6194
6283	6327
6422	6492
6380	6032
5607	5356
5371	5518
5637	5663
5533	5220
4872	4730
4925	5345
5694	5771
5705	5808
6163	6543
6713	6721
6813	7089
7389	7524
7452	7222
6912	6578
6274	6145
6345	6824
7364	7800
8083	8214
8224	8083
7684	7032
6392	6106
6227	6492
6683	6808
6935	6958
6693	6149
5601	5348
5485	5867
6222	6376
6424	6533
6633	6517
6191	5885
5748	5683
5493	5166
4831	4582
4485	4688
5277	5990
6307	6001
5420	5141
5487	6331
7262	7916
8139	7903
7264	6485
5917	5675
5557	5399
5374	5764
6454	6976
7068	6833
6435	6014
5740	5674
5710	5784
5904	6062
6260	6520
6727	6684
6357	5965
5758	5755
5747	5593
5372	5208
5097	4995
4950	5023
5126	5064
4769	4426
4299	4469
4814	5184
5490	5751
6034	6241
6146	5714
5226	4959
4934	4990
5050	5202
5506	5863
6121	6183
5976	5506
4955	4550
4342	4222
4068	3811
3470	3143
2912	2794
2755	2756
2779	2802
2816	2812
2796	2774
2755	2739
2730	2755
2888	3244
3884	4705
5511	6173
6608	6744
6661	6606
6767	7068
7246	7066
6454	5550
4230	4155
4078	4072
4179	4340
4435	4409
4345	4354
4498	4772
5090	5314
5377	5375
5489	5797
6176	6455
6626	6759
6804	6638
6239	5736
5351	5277
5506	5810
5970	5933
5712	5341
4974	4849
5098	5563
5894	5902
5772	5829
6146	6513
6756	6935
7203	7535
7754	7781
7661	7412
7008	6492
6024	5854
6133	6735
7373	7861
8171	8344
8413	8335
7993	7355
6631	6179
6196	6577
7065	7469
7698	7660
7282	6658
6073	5791
5886	6225
6550	6677
6648	6572
6437	6184
5907	5790
5862	5914
5718	5303
4875	4593
4552	4904
5667	6452
6680	6217
5541	5264
5643	6476
7336	7922
8150	8024
7584	7004
6526	6206
5906	5593
5513	5924
6666	7228
7269	6879
6342	5938
5806	5866
5942	5970
5986	6050
6246	6595
6911	6906
6532	6037
5725	5680
5742	5717
5581	5402
5236	5112
5088	5178
5267	5179
4887	4595
4558	4842
5297	5721
5982	6070
6093	6088
5941	5579
5147	4866
4804	4859
4961	5170
5552	6050
6493	6670
6432	5824
5131	4655
4447	4361
4274	4096
3782	3395
3066	2877
2810	2815
2847	2878
2887	2872
2843	2815
2796	2782
2784	2856
3126	3719
4600	5541
6341	6959
7386	7528
7379	7108
6911	6839
6787	6576
6053	5261
4158	4118
4102	4193
4410	4623
4672	4568
4498	4590
4845	5211
5586	5815
5826	5762
5841	6128
6473	6740
6954	7126
7099	6724
6100	5506
5195	5280
5659	6047
6204	6097
5804	5421
5106	5064
5360	5795
6046	5988
5809	5787
6002	6330
6656	7006
7407	7741
7860	7785
7618	7323
6827	6207
5698	5568
5916	6579
7272	7812
8169	8404
8542	8512
8192	7547
6761	6194
6131	6567
7235	7813
8105	8047
7654	7060
6508	6201
6234	6516
6805	6911
6825	6612
6311	5995
5802	5814
5948	5968
5717	5281
4857	4596
4622	5101
5983	6783
6907	6320
5593	5341
5738	6507
7236	7717
7956	7981
7809	7519
7208	6856
6389	5906
5718	6071
6783	7309
7266	6753
6180	5917
6027	6276
6411	6381
6271	6223
6378	6748
7096	7120
6765	6257
5898	5818
5909	5953
5849	5655
5474	5379
5402	5505
5549	5395
5076	4831
4913	5345
5916	6389
6611	6567
6379	6181
5963	5636
5226	4890
4743	4758
4879	5126
5575	6190
6780	7049
6803	6116
5317	4752
4497	4427
4418	4353
4115	3718
3328	3090
3017	3035
3078	3102
3091	3050
2998	2948
2912	2897
2922	3072
3512	4345
5411	6375
7069	7587
7989	8167
8036	7684
7269	6924
6696	6485
6038	5243
4158	4169
4227	4398
4662	4856
4833	4683
4650	4852
5240	5723
6189	6458
6441	6316
6346	6581
6850	7046
7222	7347
7210	6687
5960	5368
5155	5356
5795	6172
6285	6145
5860	5532
5306	5335
5605	5903
6015	5908
5716	5624
5733	6023
6428	6904
7390	7724
7781	7638
7404	7033
6474	5856
5429	5389
5761	6389
7052	7606
8025	8350
8565	8565
8235	7578
6784	6190
6076	6472
7130	7718
8020	7999
7714	7276
6826	6511
6469	6689
6949	7042
6935	6671
6317	6014
5896	5956
6023	5912
5594	5196
4854	4658
4753	5301
6210	6940
6944	6272
5535	5306
5682	6338
6910	7291
7565	7771
7885	7890
7760	7429
6871	6268
5968	6205
6793	7195
7034	6454
5943	5878
6231	6664
6885	6834
6635	6496
6603	6955
7290	7330
7032	6579
6222	6106
6164	6202
6115	5963
5860	5853
5929	6007
5956	5693
5323	5135
5357	5922
6553	7023
7236	7177
6920	6605
6293	5926
5471	5046
4798	4756
4872	5153
5656	6358
7030	7333
7076	6355
5513	4896
4608	4549
4604	4640
4502	4160
3785	3560
3521	3587
3650	3664
3628	3561
3473	3376
3295	3257
3303	3542
4140	5138
6259	7118
7626	7992
8334	8538
8478	8177
7734	7303
7033	6868
6439	5481
4242	4306
4427	4614
4833	4953
4892	4789
4867	5203
5717	6314
6869	7176
7125	6921
6879	7038
7204	7287
7348	7345
7087	6503
5797	5294
5199	5488
5932	6234
6273	6131
5912	5684
5553	5605
5761	5858
5825	5694
5535	5434
5507	5803
6256	6779
7285	7626
7670	7471
7140	6680
6111	5591
5303	5333
5644	6122
6654	7164
7634	8077
8416	8479
8158	7512
6757	6191
6040	6319
6827	7286
7538	7583
7495	7307
7020	6718
6604	6758
6991	7083
6991	6753
6429	6159
6078	6139
6129	5907
5542	5190
4928	4803
4950	5504
6335	6923
6805	6097
5393	5182
5492	6005
6419	6721
7046	7439
7807	8038
8045	7766
7223	6603
6239	6347
6741	6940
6656	6106
5775	5948
6486	7036
7330	7307
7086	6912
7008	7340
7645	7688
7448	7072
6747	6585
6552	6526
6452	6397
6438	6554
6668	6684
6513	6136
5728	5603
5947	6588
7192	7593
7800	7814
7610	7262
6864	6416
5901	5409
5088	4989
5072	5344
5872	6615
7308	7604
7332	6616
5794	5197
4922	4870
4938	5020
4974	4754
4489	4353
4403	4551
4672	4711
4682	4609
4493	4342
4195	4112
4160	4455
5123	6132
7145	7798
8091	8298
8554	8751
8759	8564
8229	7889
7708	7614
7132	5915
4440	4529
4655	4798
4929	4983
4965	5012
5277	5764
6369	7007
7568	7840
7712	7409
7274	7354
7439	7415
7322	7150
6787	6220
5633	5282
5317	5681
6110	6327
6288	6142
5989	5857
5800	5827
5838	5753
5611	5478
5365	5320
5463	5844
6348	6849
7301	7608
7630	7369
6930	6391
5862	5484
5334	5374
5540	5797
6137	6547
7032	7591
8084	8261
7996	7394
6699	6180
5999	6151
6477	6772
6953	7086
7230	7299
7165	6875
6698	6789
6991	7088
7035	6857
6574	6316
6238	6301
6275	6026
5659	5331
5097	5002
5162	5664
6351	6770
6558	5876
5250	5062
5288	5646
5920	6154
6525	7065
7601	7934
7988	7775
7347	6836
6501	6499
6669	6650
6309	5925
5889	6309
6962	7541
7866	7894
7727	7602
7724	8038
8299	8338
8159	7873
7599	7399
7268	7162
7089	7115
7270	7469
7589	7548
7298	6871
6462	6384
6775	7408
7925	8218
8389	8454
8331	8003
7564	7076
6569	6109
5791	5651
5664	5864
6337	7036
7690	7963
7707	7049
6309	5784
5543	5476
5497	5560
5580	5503
5396	5392
5552	5805
6022	6138
6167	6129
6018	5839
5648	5523
5554	5836
6445	7288
8050	8460
8577	8661
8830	8997
9047	8962
8782	8606
8543	8475
7883	6430
4736	4812
4908	5000
5082	5146
5238	5480
5945	6552
7171	7731
8162	8296
8056	7668
7464	7497
7549	7452
7216	6885
6449	5944
5517	5339
5506	5931
6333	6474
6380	6242
6145	6079
6043	6004
5887	5688
5487	5343
5263	5300
5574	6090
6655	7111
7458	7665
7616	7287
6778	6226
5790	5575
5534	5537
5534	5581
5740	6035
6496	7120
7719	7981
7769	7215
6591	6129
5939	6008
6212	6408
6573	6812
7145	7381
7311	6998
6767	6812
6996	7111
7115	7002
6752	6484
6394	6460
6453	6245
5917	5593
5335	5213
5338	5752
6293	6572
6318	5709
5190	5036
5187	5413
5563	5732
6120	6736
7320	7611
7609	7457
7227	6945
6721	6652
6630	6470
6195	6082
6370	6988
7669	8200
8510	8599
8532	8495
8641	8912
9124	9164
9052	8868
8670	8485
8314	8170
8090	8134
8301	8496
8602	8546
8303	7919
7569	7509
7853	8388
8793	8985
9083	9127
9033	8747
8336	7900
7501	7177
6945	6794
6723	6800
7134	7693
8238	8482
8290	7762
7161	6732
6519	6421
6380	6390
6427	6437
6439	6529
6767	7098
7401	7596
7687	7689
7608	7453
7274	7153
7168	7382
7823	8392
8857	9068
9094	9119
9222	9345
9412	9405
9349	9295
9287	9165
8451	6871
5036	5102
5194	5302
5433	5586
5813	6207
6782	7401
7918	8295
8508	8459
8122	7709
7493	7512
7551	7413
7083	6652
6189	5759
5474	5446
5716	6165
6520	6601
6505	6434
6426	6400
6314	6166
5949	5695
5468	5309
5239	5338
5713	6321
6921	7334
7576	7657
7510	7137
6643	6187
5918	5871
5903	5851
5715	5628
5682	5900
6322	6935
7515	7748
7526	7011
6461	6057
5874	5902
6068	6270
6507	6862
7293	7544
7403	6998
6715	6756
6975	7165
7262	7225
7008	6743
6636	6680
6676	6510
6227	5904
5598	5415
5474	5801
6237	6439
6188	5665
5249	5142
5259	5391
5440	5540
5904	6502
7007	7154
7049	6957
6959	6947
6878	6784
6664	6501
6399	6558
7059	7747
8375	8821
9100	9230
9256	9289
9425	9630
9787	9825
9771	9675
9567	9445
9313	9191
9119	9140
9251	9389
9473	9446
9278	9006
8758	8711
8953	9335
9623	9742
9769	9753
9644	9412
9093	8784
8545	8385
8260	8133
8010	7985
8166	8540
8933	9135
9033	8681
8261	7945
7763	7648
7567	7538
7549	7558
7578	7681
7918	8245
8549	8748
8835	8836
8774	8671
8563	8494
8513	8650
8909	9216
9453	9553
9566	9579
9631	9703
9751	9762
9753	9743
9719	9516
8717	7125
5257	5345
5496	5701
5951	6230
6567	7018
7554	8034
8354	8523
8552	8378
8011	7634
7444	7448
7456	7285
6928	6485
6050	5692
5503	5561
5868	6286
6572	6615
6571	6627
6741	6741
6577	6312
6020	5747
5523	5368
5311	5430
5813	6399
6968	7353
7540	7525
7294	6915
6527	6264
6215	6326
6401	6301
6095	5961
5989	6188
6577	7105
7532	7611
7316	6837
6374	6030
5849	5856
6035	6320
6684	7135
7558	7681
7343	6763
6409	6501
6850	7205
7452	7512
7348	7103
6975	6969
6933	6765
6488	6150
5809	5578
5586	5859
6240	6412
6185	5730
5402	5363
5490	5567
5533	5558
5855	6346
6691	6683
6510	6488
6680	6879
6933	6869
6772	6723
6809	7119
7654	8272
8801	9180
9432	9585
9665	9733
9843	9978
10077	10104
10082	10043
9994	9927
9852	9781
9733	9740
9803	9895
9974	9992
9912	9754
9608	9585
9733	9969
10155	10227
10213	10141
10014	9833
9632	9464
9363	9316
9271	9187
9077	9026
9113	9330
9580	9733
9710	9529
9289	9089
8954	8853
8775	8734
8718	8698
8689	8748
8907	9130
9331	9449
9473	9432
9366	9314
9291	9295
9336	9427
9558	9697
9804	9864
9891	9901
9912	9923
9923	9909
9894	9878
9820	9555
8730	7204
5402	5524
5742	6042
6394	6771
7173	7602
7998	8252
8346	8363
8324	8148
7838	7538
7387	7360
7314	7125
6799	6417
6041	5738
5588	5651
5908	6235
6448	6497
6541	6723
6929	6940
6714	6387
6080	5835
5658	5549
5520	5629
5938	6407
6893	7276
7469	7409
7124	6773
6530	6496
6661	6892
6990	6871
6649	6516
6548	6742
7076	7449
7640	7506
7129	6708
6353	6075
5902	5904
6116	6497
6974	7452
7756	7652
7051	6265
5845	6045
6622	7225
7657	7820
7710	7482
7323	7257
7169	6947
6606	6227
5891	5681
5698	5963
6315	6465
6250	5849
5599	5636
5798	5847
5744	5694
5886	6216
6388	6284
6121	6182
6481	6781
6913	6923
6933	7024
7224	7545
7978	8453
8880	9214
9452	9610
9716	9808
9903	9987
10036	10045
10032	10010
9967	9910
9857	9815
9793	9804
9862	9953
10053	10115
10102	10028
9954	9948
10034	10170
10283	10323
10282	10178
10040	9905
9801	9740
9723	9727
9725	9690
9636	9616
9666	9786
9932	10042
10070	10008
9899	9789
9708	9648
9601	9575
9560	9542
9526	9534
9581	9655
9719	9741
9704	9623
9550	9541
9592	9662
9729	9798
9865	9918
9966	10011
10041	10039
10012	9977
9934	9892
9859	9828
9746	9454
8643	7199
5501	5633
5868	6186
6565	6978
7405	7790
8033	8075
7994	7939
7914	7802
7581	7375
7283	7261
7199	7034
6781	6469
6137	5853
5693	5698
5847	6063
6232	6334
6487	6744
6961	6945
6699	6396
6155	5993
5897	5858
5870	5959
6165	6486
6881	7274
7515	7461
7170	6873
6780	6942
7263	7560
7666	7547
7331	7188
7193	7335
7559	7731
7674	7357
6942	6602
6363	6171
6041	6068
6314	6751
7257	7655
7752	7383
6550	5618
5194	5549
6395	7263
7869	8116
8036	7797
7585	7459
7305	6979
6515	6086
5816	5729
5845	6136
6450	6544
6318	5964
5784	5882
6077	6114
5968	5862
5945	6107
6136	6011
5931	6083
6419	6736
6917	7019
7140	7315
7533	7788
8080	8404
8727	9011
9227	9375
9486	9591
9685	9747
9771	9767
9747	9711
9648	9572
9513	9478
9459	9474
9549	9671
9807	9911
9951	9931
9903	9904
9952	10030
10093	10102
10036	9910
9770	9670
9634	9650
9681	9706
9720	9722
9723	9731
9760	9821
9909	9991
10036	10031
9990	9943
9917	9909
9904	9904
9915	9931
9934	9914
9873	9829
9795	9769
9720	9642
9584	9611
9718	9837
9920	9973
10002	10016
10033	10060
10079	10066
10024	9968
9910	9856
9814	9773
9681	9386
8592	7195
5591	5716
5926	6203
6542	6937
7346	7669
7789	7703
7556	7490
7463	7339
7122	6972
6978	7061
7095	7030
6861	6583
6244	5938
5741	5678
5745	5893
6069	6270
6527	6801
6947	6865
6628	6404
6272	6211
6189	6203
6246	6317
6423	6594
6885	7280
7592	7617
7398	7203
7250	7546
7940	8243
8329	8199
7969	7784
7723	7775
7852	7823
7578	7162
6754	6491
6354	6265
6221	6303
6571	6998
7431	7666
7531	6939
5959	4994
4647	5182
6266	7340
8064	8362
8287	8009
7729	7532
7280	6800
6195	5759
5641	5771
6048	6382
6630	6628
6366	6040
5903	6028
6231	6272
6139	6027
6036	6065
6005	5913
5949	6182
6521	6830
7049	7220
7388	7558
7729	7894
8056	8231
8434	8641
8813	8929
9023	9124
9220	9283
9307	9302
9280	9235
9164	9085
9025	8983
8948	8951
9030	9181
9351	9487
9567	9601
9612	9622
9649	9692
9721	9698
9606	9466
9333	9267
9289	9361
9430	9464
9480	9501
9529	9543
9547	9567
9624	9695
9739	9750
9738	9737
9767	9817
9858	9886
9929	9986
10024	10001
9921	9824
9759	9735
9720	9685
9663	9717
9852	9992
10076	10109
10107	10087
10075	10081
10087	10072
10036	9989
9934	9876
9826	9779
9687	9397
8609	7225
5692	5817
6016	6257
6536	6853
7166	7373
7396	7298
7215	7186
7089	6811
6451	6265
6383	6669
6913	7007
6915	6635
6245	5882
5645	5571
5646	5815
6043	6337
6664	6906
6942	6782
6560	6417
6374	6383
6393	6415
6465	6521
6543	6561
6718	7083
7471	7632
7574	7545
7730	8096
8485	8739
8774	8599
8318	8065
7939	7921
7887	7716
7368	6927
6544	6315
6230	6235
6294	6443
6724	7089
7379	7429
7133	6435
5435	4533
4307	4995
6228	7400
8161	8467
8388	8074
7735	7454
7064	6410
5702	5339
5454	5841
6279	6635
6803	6704
6397	6078
5951	6056
6235	6292
6218	6153
6138	6094
6009	5989
6131	6410
6738	7041
7289	7481
7613	7704
7782	7846
7876	7900
7969	8083
8192	8271
8341	8439
8546	8620
8654	8664
8665	8647
8603	8546
8497	8446
8383	8354
8419	8575
8756	8903
9011	9096
9156	9190
9213	9244
9251	9201
9088	8944
8831	8809
8880	8994
9085	9125
9139	9170
9210	9224
9206	9203
9243	9308
9357	9381
9399	9443
9529	9630
9712	9772
9841	9933
10004	10007
9938	9849
9795	9795
9821	9833
9842	9904
10031	10155
10214	10205
10155	10097
10052	10029
10022	10016
10001	9970
9916	9849
9785	9726
9634	9355
8592	7242
5766	5902
6118	6367
6604	6801
6929	6955
6907	6903
6985	7022
6819	6325
5754	5469
5658	6151
6621	6866
6829	6532
6081	5654
5403	5394
5564	5798
6064	6404
6756	6947
6887	6678
6489	6409
6421	6449
6436	6404
6425	6474
6446	6344
6358	6633
7044	7350
7505	7688
8009	8404
8738	8914
8879	8641
8276	7936
7760	7728
7654	7410
7017	6589
6228	5983
5878	5907
6035	6255
6562	6854
6976	6871
6530	5901
5025	4261
4159	4940
6217	7371
8079	8341
8243	7917
7545	7184
6661	5882
5152	4923
5272	5876
6407	6739
6840	6692
6375	6068
5932	5985
6106	6156
6143	6146
6154	6111
6068	6136
6347	6641
6949	7240
7480	7632
7685	7673
7638	7571
7460	7349
7306	7341
7401	7452
7518	7630
7759	7845
7885	7922
7980	8029
8035	8001
7954	7883
7785	7718
7761	7909
8083	8223
8332	8446
8552	8613
8643	8675
8687	8637
8519	8375
8291	8324
8449	8584
8663	8690
8716	8771
8829	8850
8830	8821
8856	8924
8995	9059
9129	9228
9353	9485
9595	9682
9772	9878
9970	10006
9980	9930
9900	9910
9941	9963
9980	10026
10111	10180
10174	10091
9968	9851
9759	9705
9690	9702
9712	9688
9616	9516
9419	9339
9242	8988
8309	7107
5728	5872
6124	6420
6649	6718
6618	6437
6350	6494
6767	6872
6588	5948
5235	4858
5055	5662
6271	6595
6583	6285
5809	5358
5145	5247
5518	5762
5982	6302
6645	6795
6690	6498
6387	6398
6465	6483
6384	6235
6178	6226
6216	6076
5976	6117
6476	6874
7227	7601
8030	8428
8690	8776
8672	8373
7925	7492
7277	7257
7182	6898
6485	6089
5753	5462
5257	5213
5343	5624
5976	6207
6178	5968
5686	5268
4651	4097
4113	4924
6158	7216
7796	7951
7800	7463
7080	6677
6101	5323
4668	4559
5036	5711
6226	6496
6567	6446
6185	5934
5808	5803
5836	5832
5830	5891
5968	6010
6063	6214
6469	6768
7069	7329
7504	7564
7528	7423
7274	7074
6841	6647
6557	6566
6615	6670
6753	6882
7013	7086
7119	7192
7329	7461
7513	7483
7410	7298
7157	7059
7093	7252
7429	7550
7629	7724
7828	7883
7902	7949
8007	7998
7891	7741
7677	7776
7973	8118
8144	8121
8158	8260
8359	8401
8408	8414
8444	8507
8601	8721
8865	9024
9179	9315
9428	9523
9609	9696
9773	9820
9833	9828
9821	9815
9806	9794
9790	9805
9824	9807
9705	9517
9294	9094
8939	8846
8830	8870
8909	8880
8772	8621
8478	8364
8254	8045
7535	6651
5517	5668
5963	6330
6579	6546
6241	5873
5759	6035
6454	6607
6303	5640
4908	4497
4671	5295
5922	6242
6237	5982
5557	5157
5028	5232
5535	5690
5778	6014
6319	6431
6324	6215
6252	6408
6554	6544
6316	6000
5844	5909
5983	5892
5746	5766
6039	6461
6911	7374
7838	8218
8409	8397
8223	7889
7393	6890
6634	6613
6529	6212
5792	5442
5148	4811
4474	4296
4375	4690
5077	5264
5131	4869
4690	4523
4214	3904
4032	4839
6000	6935
7351	7350
7100	6727
6341	5955
5452	4813
4299	4248
4675	5236
5625	5827
5923	5891
5738	5585
5508	5473
5413	5315
5272	5375
5576	5779
5964	6176
6454	6776
7088	7312
7391	7342
7217	7038
6798	6502
6205	5998
5928	5963
6036	6111
6202	6317
6411	6438
6458	6565
6771	6968
7054	7021
6916	6754
6565	6447
6499	6693
6898	7001
7016	7029
7058	7044
7018	7080
7215	7283
7193	7014
6951	7123
7413	7574
7512	7397
7422	7575
7727	7820
7875	7909
7910	7918
7986	8133
8341	8563
8742	8868
8959	9032
9088	9122
9142	9160
9189	9228
9258	9243
9183	9114
9072	9045
8994	8878
8666	8370
8051	7771
7556	7430
7415	7487
7553	7520
7379	7192
7015	6873
6753	6599
6305	5854
5188	5350
5687	6122
6403	6312
5859	5351
5207	5551
6043	6228
5952	5350
4677	4284
4448	5048
5625	5890
5889	5716
5407	5110
5070	5332
5608	5642
5580	5703
5925	5980
5887	5890
6101	6417
6646	6598
6231	5764
5535	5638
5813	5811
5677	5648
5860	6257
6697	7128
7551	7887
8008	7894
7647	7306
6816	6288
5996	5949
5834	5484
5068	4772
4531	4176
3743	3452
3471	3782
4167	4321
4143	3875
3777	3801
3737	3634
3859	4658
5758	6587
6854	6688
6325	5900
5519	5205
4852	4408
4037	3976
4236	4568
4786	4943
5102	5173
5126	5076
5073	5048
4930	4744
4642	4777
5124	5516
5830	6085
6368	6715
7049	7248
7257	7121
6923	6685
6389	6048
5746	5575
5555	5626
5719	5797
5868	5937
5969	5954
5968	6100
6335	6556
6661	6644
6533	6339
6112	5983
6061	6307
6550	6636
6570	6465
6373	6258
6167	6235
6444	6585
6501	6277
6194	6429
6814	6992
6844	6627
6614	6793
6995	7151
7274	7321
7248	7135
7110	7232
7472	7735
7933	8046
8112	8158
8172	8145
8090	8057
8084	8172
8257	8263
8179	8068
7991	7922
7804	7603
7309	6946
6579	6265
6030	5896
5889	5983
6064	6031
5885	5702
5532	5386
5261	5137
4996	4924
4905	5078
5448	5927
6236	6120
5586	4999
4825	5184
5696	5900
5664	5126
4512	4152
4324	4905
5432	5645
5651	5553
5345	5137
5157	5441
5688	5640
5482	5512
5648	5643
5560	5650
5986	6415
6695	6613
6149	5591
5332	5475
5723	5783
5685	5659
5854	6218
6604	6961
7322	7617
7681	7489
7186	6850
6388	5864
5549	5471
5324	4948
4542	4289
4092	3743
3269	2926
2911	3199
3561	3692
3507	3251
3198	3312
3378	3396
3682	4479
5546	6312
6475	6197
5755	5293
4924	4683
4460	4161
3877	3784
3894	4032
4121	4262
4477	4617
4633	4649
4706	4707
4571	4336
4195	4352
4808	5337
5738	6009
6287	6646
7000	7197
7174	6998
6757	6481
6157	5809
5527	5397
5412	5499
5591	5652
5691	5713
5703	5670
5688	5833
6066	6278
6394	6402
6308	6104
5859	5724
5822	6105
6376	6452
6323	6120
5929	5733
5593	5661
5910	6094
6005	5741
5637	5908
6353	6547
6348	6056
6005	6187
6420	6630
6803	6848
6695	6462
6338	6415
6653	6933
7140	7245
7294	7325
7317	7246
7139	7065
7088	7211
7344	7383
7304	7181
7082	6984
6825	6576
6243	5859
5492	5191
4971	4848
4854	4959
5045	5013
4880	4723
4579	4442
4314	4138
3592	2255
