548	538
517	489
464	463
521	665
893	1150
1355	1460
1489	1478
1452	1417
1385	1353
1333	1328
1336	1320
1229	1055
866	732
686	730
873	1116
1406	1679
1907	2093
2229	2310
2335	2327
2302	2268
2236	2215
2208	2217
2260	2332
2417	2496
2558	2611
2657	2680
2699	2733
2787	2852
2924	2994
3039	3069
3098	3142
3178	3192
3181	3170
3182	3209
3227	3218
3161	3057
2928	2818
2762	2750
2757	2778
2828	2917
3037	3168
3290	3414
3566	3763
3962	4119
4221	4287
4351	4422
4520	4633
4745	4830
4886	4919
4944	4980
4971	4723
3892	2423
548	538
520	494
473	475
531	672
897	1151
1355	1460
1489	1478
1452	1417
1386	1358
1340	1340
1344	1315
1205	1021
833	710
680	737
872	1078
1314	1537
1720	1866
1974	2031
2044	2030
2002	1967
1934	1912
1902	1911
1952	2029
2120	2197
2259	2310
2357	2389
2413	2451
2506	2571
2640	2706
2753	2784
2818	2866
2908	2928
2921	2919
2935	2971
2995	2994
2946	2852
2737	2641
2591	2580
2587	2613
2664	2757
2882	3010
3130	3247
3389	3581
3787	3954
4073	4160
4241	4336
4451	4581
4698	4788
4846	4879
4905	4931
4919	4671
3847	2396
548	541
527	509
493	497
552	687
904	1154
1356	1460
1489	1478
1452	1418
1388	1362
1348	1346
1344	1301
1180	989
806	703
695	766
887	1050
1223	1382
1507	1603
1669	1701
1700	1677
1641	1602
1571	1553
1549	1554
1586	1655
1742	1819
1876	1922
1961	1987
2011	2052
2111	2177
2242	2303
2344	2371
2408	2456
2503	2530
2530	2532
2553	2590
2616	2613
2579	2511
2425	2351
2314	2309
2322	2345
2398	2493
2617	2748
2864	2968
3102	3283
3484	3658
3789	3895
3999	4116
4254	4398
4524	4618
4684	4728
4763	4800
4794	4552
3751	2342
550	544
537	527
524	537
587	709
915	1158
1357	1461
1489	1478
1452	1418
1387	1362
1349	1344
1333	1280
1153	971
802	723
741	829
943	1064
1177	1271
1340	1389
1416	1427
1418	1392
1349	1304
1277	1275
1281	1285
1296	1330
1391	1452
1501	1536
1557	1568
1583	1623
1683	1749
1806	1852
1880	1897
1928	1977
2023	2056
2065	2072
2094	2119
2131	2125
2104	2069
2026	1982
1965	1967
1981	2005
2058	2146
2265	2392
2504	2598
2711	2871
3057	3225
3358	3475
3595	3729
3873	4023
4152	4256
4333	4396
4455	4520
4534	4317
3565	2239
550	549
546	549
557	575
622	734
929	1165
1359	1461
1489	1478
1452	1418
1388	1361
1345	1333
1308	1246
1117	947
808	763
818	927
1039	1128
1197	1240
1258	1265
1264	1267
1259	1233
1186	1141
1130	1154
1181	1190
1167	1148
1149	1174
1202	1223
1228	1222
1229	1265
1320	1378
1421	1441
1444	1450
1476	1518
1566	1601
1617	1626
1636	1640
1629	1613
1602	1608
1614	1605
1600	1604
1620	1644
1683	1754
1858	1975
2084	2163
2252	2378
2534	2679
2804	2921
3047	3184
3326	3473
3600	3705
3795	3885
3977	4067
4104	3923
3254	2065
548	548
553	560
576	598
643	750
938	1168
1360	1461
1490	1478
1452	1418
1387	1358
1338	1313
1280	1204
1075	921
812	808
904	1042
1165	1244
1282	1291
1274	1252
1236	1234
1227	1203
1158	1129
1149	1212
1275	1286
1228	1137
1060	1020
1012	1013
1011	1002
1008	1039
1090	1133
1153	1146
1128	1121
1136	1174
1218	1253
1270	1275
1271	1252
1218	1188
1186	1220
1256	1267
1263	1263
1274	1291
1316	1364
1442	1544
1638	1711
1777	1867
1983	2096
2196	2302
2422	2551
2687	2819
2937	3038
3133	3243
3358	3465
3516	3372
2816	1819
544	544
547	558
574	598
645	751
938	1168
1361	1461
1490	1478
1452	1418
1387	1356
1333	1303
1259	1178
1048	908
825	850
983	1154
1296	1383
1418	1412
1381	1349
1327	1315
1301	1271
1235	1237
1303	1418
1520	1538
1449	1287
1124	1008
949	932
930	930
941	969
1007	1034
1031	1003
965	945
960	998
1041	1071
1080	1076
1059	1023
976	932
929	961
1000	1013
1001	994
998	1007
1020	1045
1094	1172
1256	1322
1375	1434
1509	1580
1648	1728
1827	1936
2052	2168
2263	2350
2445	2560
2689	2792
2842	2737
2306	1529
527	527
531	541
553	575
626	738
932	1167
1359	1461
1489	1478
1452	1417
1385	1353
1326	1293
1248	1171
1053	922
852	894
1045	1239
1407	1512
1565	1575
1561	1543
1523	1499
1464	1417
1398	1439
1559	1725
1854	1879
1767	1553
1317	1127
1016	974
969	979
993	1013
1034	1043
1026	988
948	928
942	982
1026	1054
1054	1041
1015	973
920	872
852	868
887	888
873	860
860	868
875	881
906	958
1029	1086
1129	1165
1202	1232
1263	1309
1374	1455
1544	1625
1695	1761
1843	1954
2073	2166
2206	2124
1806	1237
492	492
495	503
513	532
589	713
919	1158
1356	1459
1489	1478
1452	1417
1383	1351
1320	1285
1247	1182
1078	961
890	927
1082	1291
1483	1619
1705	1752
1775	1799
1814	1799
1754	1691
1671	1744
1912	2114
2263	2282
2147	1893
1605	1356
1192	1115
1104	1117
1128	1138
1141	1128
1101	1069
1039	1033
1053	1097
1140	1162
1161	1145
1118	1081
1030	978
941	928
926	914
896	884
883	895
906	912
915	942
988	1041
1080	1104
1114	1109
1105	1116
1145	1191
1240	1284
1324	1370
1438	1537
1639	1712
1732	1658
1418	1000
451	451
451	455
463	484
546	682
898	1144
1345	1456
1485	1477
1450	1413
1378	1342
1311	1278
1245	1190
1100	989
916	945
1096	1314
1531	1702
1830	1926
2017	2119
2224	2309
2302	2225
2166	2232
2425	2656
2811	2810
2637	2339
1994	1684
1462	1340
1304	1306
1314	1316
1305	1282
1248	1220
1206	1213
1243	1287
1329	1351
1354	1345
1333	1305
1264	1205
1151	1111
1088	1067
1048	1034
1037	1059
1085	1093
1088	1091
1120	1163
1202	1218
1214	1190
1167	1162
1170	1182
1192	1198
1209	1235
1295	1379
1466	1521
1520	1438
1221	867
414	414
415	415
423	445
511	650
869	1119
1327	1441
1478	1470
1446	1408
1367	1330
1297	1266
1234	1186
1104	994
916	941
1089	1325
1574	1791
1978	2152
2355	2609
2916	3217
3361	3293
3163	3171
3366	3627
3797	3773
3525	3108
2628	2195
1867	1665
1568	1538
1528	1523
1505	1470
1432	1405
1402	1420
1458	1503
1545	1573
1589	1604
1610	1597
1557	1498
1433	1375
1339	1309
1286	1270
1272	1303
1340	1357
1350	1339
1355	1396
1436	1454
1445	1420
1402	1399
1406	1396
1374	1349
1338	1356
1410	1490
1568	1605
1587	1481
1239	862
396	396
396	397
401	423
486	624
840	1088
1296	1419
1466	1467
1441	1403
1360	1321
1284	1250
1220	1177
1098	986
903	918
1073	1338
1641	1936
2214	2530
2945	3469
4099	4758
5206	5275
5137	5111
5309	5614
5833	5790
5412	4745
3951	3211
2628	2228
1987	1850
1780	1746
1716	1681
1641	1615
1615	1638
1676	1718
1756	1789
1824	1858
1883	1884
1849	1793
1726	1666
1620	1589
1561	1543
1542	1574
1619	1645
1642	1638
1652	1690
1732	1750
1748	1734
1735	1755
1773	1762
1723	1680
1658	1675
1728	1809
1876	1909
1880	1752
1446	971
394	395
397	397
400	421
478	608
813	1056
1265	1397
1453	1462
1442	1406
1365	1326
1291	1257
1225	1179
1102	988
898	906
1068	1382
1792	2225
2670	3214
3964	4910
5979	7097
7996	8407
8464	8536
8805	9179
9445	9380
8841	7835
6564	5296
4226	3412
2816	2401
2145	2013
1943	1895
1854	1830
1832	1854
1889	1927
1958	1990
2029	2076
2112	2124
2099	2056
2002	1947
1901	1872
1846	1827
1826	1850
1893	1925
1939	1950
1977	2018
2056	2078
2077	2080
2104	2152
2192	2194
2157	2108
2085	2108
2165	2242
2310	2347
2324	2174
1792	1168
397	397
399	400
408	426
480	600
798	1034
1244	1383
1445	1460
1449	1422
1390	1354
1321	1288
1252	1206
1128	1017
922	921
1098	1503
2101	2809
3555	4422
5581	7045
8642	10224
11568	12416
12832	13146
13551	13992
14277	14188
13562	12365
10734	8953
7277	5811
4554	3550
2852	2441
2227	2119
2057	2024
2024	2051
2088	2119
2146	2174
2213	2259
2299	2318
2312	2290
2254	2217
2180	2151
2130	2113
2105	2121
2155	2194
2223	2259
2307	2350
2385	2404
2412	2432
2478	2548
2607	2628
2608	2575
2556	2575
2632	2708
2782	2842
2845	2697
2224	1413
385	389
390	398
408	428
481	597
789	1023
1234	1375
1442	1463
1457	1441
1421	1394
1363	1325
1292	1250
1175	1072
982	988
1200	1732
2633	3809
5072	6366
7907	9816
11872	13781
15351	16439
17134	17671
18193	18666
18937	18866
18348	17320
15797	13926
11904	9812
7720	5816
4328	3324
2728	2411
2255	2193
2187	2210
2246	2283
2309	2335
2365	2414
2464	2494
2505	2504
2495	2474
2446	2425
2409	2394
2381	2383
2406	2441
2485	2544
2606	2655
2689	2713
2739	2779
2842	2923
2992	3029
3033	3019
3013	3027
3073	3141
3229	3326
3384	3253
2701	1684
356	357
368	381
396	419
476	594
788	1019
1231	1372
1443	1467
1468	1458
1447	1427
1397	1361
1328	1289
1226	1147
1095	1152
1443	2144
3406	5189
7158	9004
10826	12892
15092	17050
18526	19530
20239	20830
21378	21841
22123	22143
21893	21341
20404	19030
17224	14957
12301	9539
7063	5115
3759	2934
2513	2346
2301	2316
2353	2394
2428	2454
2491	2546
2610	2660
2697	2718
2726	2716
2700	2689
2681	2664
2642	2627
2633	2663
2714	2782
2858	2917
2958	2995
3043	3107
3184	3263
3328	3374
3402	3423
3433	3447
3476	3535
3631	3765
3880	3786
3164	1943
309	314
326	346
371	404
464	585
783	1018
1230	1372
1443	1468
1471	1467
1457	1440
1412	1379
1348	1318
1275	1253
1311	1540
2023	2918
4475	6761
9408	11805
13782	15671
17618	19329
20530	21282
21838	22348
22829	23261
23591	23769
23819	23764
23514	22903
21768	19955
17428	14372
11160	8160
5685	3941
2961	2545
2412	2394
2422	2467
2512	2546
2591	2661
2747	2825
2886	2927
2946	2949
2939	2935
2932	2914
2882	2849
2835	2856
2909	2983
3063	3128
3178	3230
3299	3377
3459	3527
3580	3630
3684	3738
3778	3805
3833	3887
3989	4147
4307	4244
3566	2161
257	264
281	308
341	378
443	572
775	1018
1233	1376
1443	1470
1470	1466
1455	1437
1410	1378
1355	1337
1338	1432
1747	2367
3270	4434
6071	8450
11359	14054
16043	17570
19043	20388
21340	21917
22348	22762
23146	23533
23922	24258
24542	24818
25030	25023
24605	23590
21823	19248
15972	12262
8601	5630
3775	2898
2579	2494
2500	2545
2596	2641
2694	2770
2875	2976
3060	3119
3147	3152
3145	3148
3146	3127
3082	3036
3014	3028
3079	3154
3230	3300
3357	3417
3490	3566
3636	3688
3728	3778
3853	3940
4014	4068
4116	4186
4299	4472
4659	4619
3896	2342
225	233
254	286
325	369
438	573
782	1025
1240	1382
1447	1467
1466	1457
1443	1423
1395	1369
1356	1365
1442	1740
2481	3761
5361	6931
8482	10449
12989	15494
17275	18410
19420	20462
21293	21842
22263	22638
22967	23318
23747	24195
24622	25052
25472	25787
25859	25561
24712	23064
20388	16613
12158	8018
5113	3563
2905	2678
2632	2663
2715	2762
2814	2893
3000	3114
3214	3283
3322	3329
3324	3321
3316	3291
3244	3195
3165	3181
3229	3300
3377	3445
3508	3569
3636	3692
3738	3769
3798	3844
3929	4037
4139	4225
4304	4405
4542	4734
4938	4907
4144	2482
233	242
269	309
353	402
473	605
811	1049
1257	1391
1451	1465
1459	1441
1424	1399
1376	1363
1377	1437
1644	2223
3477	5503
7910	10012
11517	12879
14601	16431
17738	18461
19119	19970
20789	21395
21847	22227
22553	22920
23392	23909
24402	24879
25375	25833
26170	26318
26143	25374
23587	20367
15838	11017
7156	4755
3527	2999
2831	2823
2863	2907
2950	3018
3120	3238
3345	3423
3467	3475
3466	3459
3445	3413
3361	3317
3293	3309
3352	3422
3496	3564
3627	3687
3744	3782
3808	3820
3841	3882
3961	4069
4178	4290
4410	4542
4705	4906
5117	5082
4294	2583
290	303
334	382
438	490
560	681
871	1093
1283	1403
1454	1464
1450	1430
1402	1378
1369	1389
1468	1653
2075	2993
4694	7235
10169	12704
14326	15309
16241	17214
17874	18178
18570	19314
20169	20834
21273	21606
21932	22347
22899	23500
24045	24544
25065	25603
26089	26457
26630	26423
25446	23143
19291	14557
10118	6774
4664	3555
3107	2997
3005	3035
3064	3120
3214	3330
3438	3523
3571	3583
3570	3550
3526	3492
3448	3412
3400	3413
3459	3521
3590	3660
3725	3787
3834	3864
3873	3877
3894	3932
3994	4077
4180	4301
4443	4607
4786	4991
5187	5136
4342	2640
385	405
445	502
566	624
690	797
961	1156
1320	1419
1459	1465
1447	1418
1389	1372
1393	1496
1739	2201
3002	4324
6322	8954
11862	14432
16162	17070
17567	17886
17988	17949
18148	18806
19673	20363
20730	20924
21171	21597
22223	22942
23602	24169
24719	25302
25875	26350
26671	26755
26370	25051
22362	18426
13950	9771
6520	4483
3503	3167
3101	3109
3135	3182
3265	3374
3482	3572
3625	3641
3625	3601
3575	3542
3509	3484
3479	3500
3542	3602
3671	3738
3808	3870
3920	3948
3957	3968
3983	4016
4052	4098
4163	4269
4420	4599
4786	4983
5160	5092
4315	2669
538	561
605	666
732	788
842	927
1061	1220
1354	1433
1464	1464
1444	1413
1387	1389
1478	1749
2320	3280
4662	6461
8615	10992
13396	15535
17101	17983
18332	18345
18152	17940
18024	18570
19384	20059
20358	20400
20480	20804
21408	22208
23040	23770
24405	25019
25621	26160
26563	26812
26826	26323
24848	22087
18117	13482
9119	5912
4116	3367
3152	3129
3153	3196
3268	3363
3467	3562
3627	3651
3641	3616
3593	3570
3553	3545
3546	3567
3609	3664
3730	3800
3872	3944
4003	4043
4070	4091
4114	4131
4139	4135
4148	4216
4348	4519
4712	4908
5074	5002
4265	2712
751	773
815	869
924	967
1003	1057
1152	1275
1385	1447
1469	1463
1444	1413
1392	1432
1633	2173
3229	4856
6922	9192
11411	13417
15163	16634
17750	18427
18673	18585
18326	18088
18104	18519
19214	19855
20163	20155
20084	20191
20597	21340
22308	23273
24084	24758
25368	25939
26428	26811
27080	27113
26563	24944
21847	17340
12267	7908
5071	3689
3211	3120
3138	3175
3229	3308
3407	3508
3590	3626
3625	3606
3588	3581
3583	3585
3597	3621
3658	3706
3767	3839
3917	3996
4069	4132
4186	4229
4260	4269
4248	4195
4151	4165
4258	4417
4605	4810
4976	4920
4242	2799
1015	1030
1055	1087
1119	1145
1150	1166
1225	1316
1404	1457
1473	1466
1445	1418
1413	1508
1873	2751
4341	6607
9239	11817
14027	15718
16942	17828
18436	18763
18814	18660
18410	18209
18190	18479
19039	19644
20024	20092
19970	19848
19941	20450
21420	22597
23659	24486
25140	25738
26300	26799
27230	27546
27544	26783
24663	20801
15613	10386
6439	4229
3339	3119
3110	3135
3171	3234
3331	3439
3531	3580
3587	3570
3557	3563
3583	3602
3627	3656
3690	3733
3789	3859
3941	4026
4112	4196
4272	4337
4378	4386
4349	4271
4192	4163
4220	4356
4534	4734
4909	4872
4259	2932
1283	1281
1274	1270
1275	1271
1247	1235
1264	1342
1417	1463
1477	1470
1449	1432
1456	1640
2208	3447
5502	8187
11043	13614
15658	17117
18076	18650
18927	18957
18803	18560
18317	18147
18112	18311
18767	19342
19801	19987
19906	19665
19484	19695
20512	21774
23076	24139
24937	25591
26203	26783
27310	27754
28007	27787
26517	23553
18771	13117
8180	5027
3590	3155
3084	3085
3102	3159
3254	3366
3464	3519
3527	3517
3509	3526
3562	3597
3635	3675
3711	3750
3800	3869
3949	4038
4127	4216
4302	4377
4432	4450
4421	4352
4276	4237
4275	4388
4543	4725
4894	4877
4319	3086
1509	1481
1430	1381
1346	1314
1275	1248
1270	1346
1424	1470
1481	1474
1462	1460
1538	1855
2670	4243
6588	9363
12040	14253
15933	17176
18068	18639
18882	18826
18571	18256
17997	17846
17823	17977
18369	18923
19428	19704
19709	19479
19187	19173
19755	20931
22358	23663
24675	25447
26120	26761
27346	27839
28198	28262
27601	25509
21428	15781
10129	6055
3972	3239
3067	3037
3049	3100
3194	3301
3399	3449
3463	3456
3457	3482
3520	3568
3620	3671
3721	3766
3817	3879
3953	4034
4118	4195
4271	4349
4413	4453
4456	4426
4383	4368
4406	4498
4629	4783
4931	4917
4391	3225
1667	1610
1513	1415
1341	1282
1232	1209
1246	1337
1424	1476
1488	1482
1479	1513
1680	2180
3269	5094
7503	10045
12259	13938
15198	16234
17146	17880
18305	18357
18127	17797
17535	17409
17429	17582
17927	18450
18964	19297
19384	19251
18994	18882
19239	20218
21618	23066
24277	25212
25986	26694
27329	27855
28251	28446
28168	26772
23453	18113
12055	7196
4451	3370
3068	3007
3016	3067
3155	3254
3339	3386
3400	3405
3417	3442
3476	3519
3575	3646
3714	3776
3829	3881
3947	4018
4084	4143
4205	4273
4347	4413
4459	4477
4479	4498
4554	4643
4754	4880
5002	4970
4455	3325
1749	1661
1524	1383
1277	1207
1156	1147
1207	1319
1426	1483
1493	1489
1502	1587
1891	2626
3990	5958
8219	10350
12065	13347
14347	15260
16168	17003
17581	17754
17589	17290
17073	17035
17143	17335
17639	18082
18564	18912
19073	19048
18888	18763
18973	19745
21013	22454
23758	24824
25724	26534
27242	27816
28242	28500
28439	27527
24868	19973
13777	8324
4970	3528
3089	2994
2999	3050
3138	3230
3299	3337
3354	3371
3395	3414
3429	3456
3509	3590
3685	3766
3822	3870
3918	3982
4038	4075
4119	4182
4264	4354
4429	4489
4536	4591
4671	4768
4879	4984
5075	5016
4493	3372
1760	1648
1477	1312
1192	1121
1079	1087
1173	1304
1427	1487
1502	1497
1530	1696
2170	3168
4760	6751
8761	10509
11942	13132
14159	15069
15899	16626
17131	17269
17095	16829
16710	16826
17098	17380
17649	17969
18332	18647
18854	18928
18864	18787
18958	19596
20685	21979
23221	24325
25328	26252
27062	27716
28192	28502
28557	27944
25782	21335
15183	9333
5472	3699
3122	2992
2995	3049
3129	3215
3274	3306
3323	3347
3373	3382
3381	3390
3436	3527
3636	3730
3791	3829
3874	3929
3979	4009
4039	4094
4182	4285
4384	4471
4552	4641
4745	4861
4973	5069
5133	5040
4494	3370
1741	1608
1415	1235
1114	1046
1016	1040
1142	1292
1423	1491
1506	1507
1566	1819
2478	3710
5438	7347
9114	10656
12068	13417
14636	15614
16325	16812
17061	17021
16743	16470
16447	16739
17197	17607
17873	18058
18250	18475
18703	18859
18899	18914
19131	19720
20648	21722
22792	23838
24890	25910
26826	27576
28128	28483
28598	28151
26316	22229
16192	10113
5888	3852
3161	2999
2994	3046
3124	3203
3260	3288
3306	3330
3353	3355
3338	3333
3375	3470
3585	3683
3745	3780
3822	3874
3920	3951
3976	4028
4116	4224
4333	4435
4536	4653
4781	4917
5034	5122
5165	5036
4445	3313
1720	1578
1369	1183
1066	1003
979	1011
1126	1286
1423	1495
1509	1514
1592	1913
2707	4088
5865	7670
9279	10761
12269	13808
15198	16233
16851	17133
17161	16943
16559	16254
16280	16690
17289	17802
18085	18179
18230	18367
18595	18814
18933	19038
19325	19915
20740	21642
22553	23516
24570	25649
26638	27461
28074	28465
28609	28238
26574	22697
16759	10575
6148	3956
3193	3008
2995	3045
3120	3197
3250	3277
3296	3320
3338	3332
3310	3303
3341	3433
3550	3651
3711	3747
3786	3838
3884	3912
3940	3990
4077	4187
4301	4409
4522	4653
4801	4946
5067	5152
5178	5003
4247	2707
