2527	2540
2571	2628
2712	2800
2863	2885
2861	2787
2664	2520
2400	2341
2353	2420
2518	2637
2784	2949
3103	3215
3304	3501
4089	5390
7386	9477
10906	11399
11175	10585
9946	9436
9001	8515
8094	8010
8305	8688
8767	8343
7530	6696
6245	6298
6599	6838
7066	7631
8670	9812
10516	10461
9584	8036
6220	4684
3899	4027
4861	5950
6759	6903
6412	5706
5143	4729
4328	3936
3634	3444
3342	3305
3312	3330
3337	3322
3283	3211
3106	2985
2866	2759
2665	2586
2522	2469
2433	2423
2446	2494
2549	2589
2608	2613
2622	2630
2625	2609
2587	2559
2526	2500
2477	2490
2520	2580
2672	2774
2852	2887
2874	2816
2721	2613
2525	2482
2487	2529
2596	2685
2809	2959
3104	3208
3301	3532
4203	5616
7667	9695
10988	11358
11056	10432
9796	9320
8927	8463
8010	7842
8026	8296
8302	7871
7106	6334
5919	5981
6256	6452
6629	7125
8074	9151
9869	9903
9119	7656
5980	4649
4041	4242
5028	5966
6591	6619
6120	5454
4947	4610
4286	3939
3644	3447
3337	3292
3293	3308
3311	3297
3264	3201
3106	2989
2870	2758
2657	2568
2501	2462
2449	2461
2488	2519
2546	2561
2567	2573
2585	2594
2591	2578
2559	2531
2496	2461
2423	2433
2458	2514
2610	2724
2822	2876
2881	2846
2782	2713
2659	2632
2629	2644
2673	2726
2819	2948
3079	3181
3287	3573
4366	5923
8027	9952
11059	11270
10877	10226
9602	9160
8802	8349
7865	7614
7686	7850
7786	7342
6615	5888
5494	5527
5744	5878
5991	6382
7159	8066
8720	8828
8206	6953
5539	4503
4148	4464
5182	5893
6265	6182
5734	5173
4762	4521
4288	3991
3699	3479
3347	3289
3282	3288
3283	3269
3242	3192
3109	3002
2889	2778
2670	2572
2501	2469
2475	2505
2537	2555
2555	2544
2532	2531
2540	2547
2544	2532
2518	2497
2464	2425
2392	2397
2414	2460
2550	2669
2782	2856
2881	2865
2825	2780
2746	2726
2712	2706
2707	2731
2792	2894
3013	3121
3260	3627
4558	6254
8379	10169
11080	11138
10678	10026
9429	9009
8659	8201
7690	7384
7387	7488
7381	6924
6213	5502
5081	5035
5151	5203
5250	5511
6063	6726
7239	7368
6944	6017
4960	4237
4098	4480
5085	5562
5734	5632
5324	4935
4661	4535
4393	4134
3825	3563
3391	3310
3287	3282
3271	3255
3233	3194
3123	3029
2924	2820
2712	2611
2531	2496
2505	2544
2578	2587
2568	2536
2510	2499
2500	2500
2494	2486
2479	2469
2447	2415
2407	2408
2415	2445
2520	2635
2751	2838
2876	2872
2842	2804
2769	2742
2720	2702
2691	2696
2732	2810
2916	3036
3220	3686
4761	6573
8682	10318
11048	10999
10519	9898
9346	8942
8575	8095
7562	7227
7190	7253
7119	6658
5955	5232
4740	4570
4564	4543
4532	4666
4992	5417
5785	5918
5676	5090
4407	3956
3922	4248
4679	4974
5080	5065
4935	4738
4635	4645
4589	4348
4002	3678
3456	3345
3310	3302
3292	3279
3262	3227
3161	3074
2978	2880
2777	2672
2586	2539
2540	2572
2605	2610
2582	2538
2503	2484
2478	2472
2461	2452
2452	2454
2450	2437
2463	2459
2456	2472
2530	2631
2741	2828
2870	2871
2842	2801
2757	2719
2690	2672
2661	2659
2678	2733
2825	2954
3190	3761
4979	6884
8944	10420
11003	10898
10443	9888
9392	9002
8610	8091
7531	7166
7083	7099
6935	6476
5782	5037
4457	4156
4047	3987
3951	3992
4146	4404
4691	4841
4735	4406
4022	3774
3770	3959
4194	4378
4523	4619
4617	4576
4644	4787
4789	4543
4148	3768
3501	3368
3333	3341
3352	3356
3349	3312
3240	3144
3046	2949
2847	2745
2653	2594
2579	2602
2627	2626
2592	2544
2508	2493
2488	2479
2458	2440
2439	2453
2469	2480
2525	2517
2508	2515
2562	2647
2746	2825
2865	2866
2839	2797
2751	2711
2685	2672
2665	2661
2670	2708
2783	2914
3196	3876
5237	7213
9199	10512
10975	10851
10452	9978
9542	9163
8739	8177
7575	7158
7006	6948
6742	6281
5603	4839
4188	3796
3631	3578
3555	3555
3619	3803
4079	4279
4272	4097
3890	3771
3765	3810
3865	3984
4181	4343
4398	4461
4668	4906
4918	4630
4188	3776
3492	3359
3348	3396
3454	3499
3515	3481
3391	3264
3135	3019
2915	2813
2720	2651
2626	2634
2650	2639
2602	2558
2531	2527
2531	2519
2488	2455
2445	2463
2492	2521
2549	2539
2529	2535
2579	2658
2749	2821
2856	2856
2834	2804
2771	2746
2730	2723
2720	2718
2721	2745
2801	2929
3258	4053
5556	7588
9478	10627
10982	10851
10513	10114
9729	9359
8906	8295
7634	7146
6914	6776
6518	6044
5377	4614
3939	3513
3345	3321
3330	3336
3392	3585
3898	4166
4248	4169
4050	3974
3927	3837
3738	3778
3972	4149
4239	4402
4727	5012
4978	4607
4115	3696
3427	3322
3354	3464
3595	3710
3776	3758
3636	3452
3257	3096
2971	2869
2777	2704
2667	2662
2663	2646
2610	2576
2564	2573
2584	2570
2528	2481
2458	2470
2501	2527
2508	2498
2493	2510
2562	2644
2734	2805
2841	2845
2832	2820
2812	2810
2806	2804
2801	2800
2807	2823
2866	2994
3373	4293
5936	7999
9773	10753
11007	10870
10583	10248
9905	9545
9075	8428
7710	7145
6828	6612
6292	5785
5115	4376
3730	3326
3179	3184
3227	3276
3394	3650
4012	4332
4491	4496
4429	4342
4214	3991
3746	3669
3792	3954
4116	4419
4865	5162
5037	4552
3995	3573
3335	3269
3353	3535
3754	3962
4102	4108
3955	3686
3397	3166
3009	2903
2816	2743
2696	2675
2662	2640
2612	2595
2599	2617
2629	2612
2561	2504
2471	2472
2487	2493
2410	2405
2411	2446
2514	2606
2699	2775
2817	2830
2828	2831
2847	2866
2874	2871
2866	2870
2885	2904
2946	3083
3525	4577
6344	8404
10032	10847
11014	10875
10638	10363
10064	9720
9251	8599
7856	7240
6841	6532
6123	5550
4862	4158
3574	3217
3095	3116
3200	3330
3551	3886
4272	4597
4792	4860
4834	4729
4526	4206
3856	3658
3675	3821
4090	4558
5115	5405
5177	4558
3910	3464
3241	3206
3331	3574
3873	4168
4376	4410
4224	3876
3496	3197
3013	2907
2829	2762
2709	2671
2644	2622
2607	2611
2628	2647
2653	2631
2581	2522
2482	2466
2456	2425
2295	2297
2320	2377
2462	2560
2655	2732
2783	2805
2813	2827
2855	2886
2901	2897
2894	2906
2934	2968
3019	3182
3698	4876
6735	8749
10215	10873
10972	10843
10659	10457
10218	9905
9458	8835
8125	7503
7039	6615
6082	5416
4692	4017
3490	3177
3070	3113
3257	3491
3818	4207
4573	4848
5020	5105
5099	4986
4757	4422
4051	3792
3735	3887
4271	4882
5513	5776
5437	4677
3909	3399
3164	3137
3278	3548
3886	4220
4457	4496
4290	3903
3484	3161
2973	2881
2820	2761
2704	2655
2617	2594
2596	2619
2646	2661
2657	2633
2589	2535
2491	2460
2423	2358
2214	2227
2265	2337
2432	2527
2612	2683
2735	2769
2786	2805
2835	2868
2887	2890
2892	2913
2955	3004
3075	3277
3871	5160
7078	9017
10320	10849
10901	10789
10664	10546
10385	10126
9718	9155
8524	7952
7453	6911
6244	5476
4699	4015
3512	3226
3143	3226
3444	3771
4163	4551
4857	5050
5162	5221
5208	5099
4895	4618
4314	4086
4033	4231
4721	5428
6079	6279
5822	4912
4000	3393
3117	3074
3202	3450
3764	4066
4269	4287
4083	3722
3341	3059
2905	2839
2799	2752
2699	2643
2597	2575
2588	2621
2651	2658
2647	2624
2589	2546
2504	2464
2407	2319
2198	2219
2268	2348
2441	2524
2586	2637
2685	2722
2747	2765
2792	2824
2848	2862
2876	2907
2957	3017
3108	3350
4026	5414
7365	9223
10392	10830
10860	10766
10697	10666
10600	10414
10063	9572
9042	8551
8044	7412
6632	5774
4927	4194
3671	3403
3367	3510
3793	4162
4551	4884
5104	5215
5266	5293
5270	5174
5016	4823
4625	4491
4517	4805
5388	6148
6770	6889
6319	5262
4189	3461
3121	3046
3135	3323
3554	3764
3886	3866
3689	3410
3133	2939
2845	2812
2786	2750
2703	2650
2604	2580
2589	2619
2639	2638
2623	2609
2589	2562
2526	2481
2416	2323
2245	2269
2321	2399
2481	2542
2578	2606
2639	2674
2700	2719
2741	2768
2798	2827
2858	2899
2948	3005
3106	3387
4143	5617
7594	9391
10474	10871
10901	10832
10807	10851
10875	10770
10482	10064
9632	9220
8720	8034
7187	6266
5356	4561
4006	3753
3763	3955
4255	4599
4926	5174
5308	5352
5368	5383
5368	5298
5186	5060
4961	4935
5076	5470
6126	6896
7483	7544
6897	5721
4488	3616
3191	3072
3111	3222
3344	3441
3477	3429
3298	3124
2968	2872
2833	2819
2801	2773
2737	2699
2658	2628
2620	2624
2621	2608
2597	2593
2593	2582
2556	2511
2445	2363
2317	2341
2390	2462
2530	2572
2584	2586
2607	2635
2657	2671
2686	2713
2749	2793
2843	2891
2931	2973
3069	3383
4208	5757
7760	9526
10580	10985
11044	11004
11009	11092
11174	11130
10901	10554
10202	9843
9354	8657
7800	6864
5927	5101
4526	4275
4296	4479
4733	5001
5241	5408
5469	5462
5461	5489
5501	5469
5398	5323
5291	5361
5606	6084
6779	7546
8118	8181
7530	6278
4893	3863
3336	3164
3150	3182
3209	3215
3194	3142
3063	2976
2913	2884
2877	2868
2847	2822
2803	2784
2757	2718
2681	2645
2609	2580
2569	2577
2593	2598
2580	2540
2481	2412
2377	2399
2443	2507
2567	2596
2589	2575
2578	2597
2613	2622
2635	2662
2707	2767
2836	2890
2916	2931
3010	3342
4225	5836
7868	9633
10701	11152
11269	11271
11288	11360
11435	11403
11212	10925
10626	10296
9825	9162
8355	7462
6552	5738
5160	4885
4862	4976
5146	5328
5492	5591
5595	5549
5541	5585
5631	5638
5609	5580
5604	5743
6057	6576
7274	8031
8623	8753
8164	6889
5376	4185
3543	3303
3236	3204
3165	3120
3079	3040
3000	2968
2953	2954
2953	2935
2906	2885
2882	2887
2876	2833
2766	2688
2614	2560
2539	2553
2579	2597
2587	2554
2502	2444
2402	2421
2460	2520
2576	2599
2582	2554
2543	2548
2556	2561
2574	2608
2668	2750
2836	2898
2909	2894
2955	3296
4223	5889
7950	9731
10832	11344
11534	11582
11586	11591
11585	11508
11329	11080
10817	10504
10066	9474
8757	7952
7108	6334
5756	5440
5343	5374
5466	5583
5694	5740
5697	5623
5607	5664
5734	5775
5787	5805
5879	6063
6404	6924
7599	8347
8982	9211
8721	7460
5852	4516
3755	3443
3325	3248
3175	3115
3078	3055
3036	3027
3028	3035
3028	2996
2956	2932
2942	2969
2979	2944
2862	2750
2638	2554
2515	2521
2550	2570
2568	2542
2499	2446
2389	2407
2444	2499
2552	2573
2555	2520
2495	2485
2481	2483
2500	2544
2623	2729
2841	2911
2914	2881
2930	3286
4254	5966
8060	9859
10983	11543
11790	11866
11825	11717
11584	11423
11223	10998
10760	10469
10076	9566
8954	8248
7484	6757
6185	5835
5684	5664
5713	5791
5857	5856
5777	5688
5672	5730
5811	5875
5923	5982
6092	6298
6637	7132
7777	8519
9201	9525
9133	7908
6235	4780
3912	3531
3374	3273
3192	3137
3112	3100
3093	3094
3106	3115
3098	3049
2990	2953
2962	3002
3033	3015
2934	2809
2672	2559
2497	2486
2504	2521
2524	2508
2473	2424
2355	2371
2407	2457
2503	2522
2507	2474
2443	2423
2411	2407
2422	2472
2567	2698
2832	2919
2930	2902
2969	3363
4382	6138
8250	10049
11176	11746
12003	12067
11958	11728
11457	11189
10943	10727
10513	10254
9905	9465
8937	8321
7637	6964
6417	6064
5897	5862
5898	5950
5977	5939
5841	5750
5733	5786
5868	5943
6015	6102
6230	6435
6758	7225
7846	8583
9297	9691
9382	8194
6484	4935
3979	3542
3360	3254
3178	3138
3126	3125
3133	3156
3191	3216
3193	3119
3027	2962
2953	2988
3025	3021
2954	2839
2698	2569
2482	2447
2446	2453
2458	2453
2430	2384
2316	2331
2362	2404
2443	2459
2449	2426
2402	2380
2363	2350
2356	2406
2507	2648
2800	2911
2956	2977
3117	3604
4702	6484
8570	10330
11430	11976
12203	12208
12012	11672
11276	10893
10577	10344
10149	9921
9609	9210
8736	8188
7583	6983
6487	6160
6006	5983
6018	6055
6051	5989
5889	5811
5796	5841
5911	5989
6070	6165
6294	6489
6795	7245
7853	8582
9305	9739
9489	8346
6618	5000
3965	3484
3289	3190
3127	3098
3096	3110
3143	3212
3302	3364
3340	3227
3082	2973
2932	2945
2971	2963
2908	2813
2691	2566
2465	2402
2371	2362
2370	2381
2375	2341
2287	2299
2322	2353
2382	2397
2397	2392
2383	2371
2353	2330
2325	2363
2455	2593
2749	2889
3002	3144
3449	4113
5326	7091
9061	10707
11750	12263
12429	12345
12052	11617
11111	10613
10203	9922
9719	9507
9223	8849
8406	7911
7383	6870
6445	6164
6041	6037
6082	6110
6089	6019
5932	5871
5861	5895
5951	6020
6095	6182
6303	6491
6791	7235
7837	8551
9260	9703
9503	8416
6700	5029
3920	3392
3186	3095
3045	3024
3027	3056
3125	3255
3422	3540
3519	3355
3144	2981
2904	2886
2880	2852
2793	2719
2630	2530
2431	2344
2282	2255
2268	2302
2321	2309
2276	2282
2296	2317
2336	2351
2365	2379
2395	2399
2384	2352
2335	2360
2439	2561
2712	2889
3120	3476
4066	5003
6342	8003
9725	11161
12107	12577
12674	12489
12097	11572
10975	10378
9872	9507
9252	9030
8764	8421
8018	7583
7134	6706
6351	6119
6029	6047
6104	6133
6107	6042
5973	5932
5928	5952
5993	6044
6101	6172
6284	6475
6782	7230
7824	8517
9191	9617
9451	8435
6760	5062
3887	3303
3076	2988
2945	2926
2936	2979
3079	3265
3502	3673
3652	3442
3172	2967
2861	2811
2765	2701
2631	2572
2522	2460
2375	2276
2192	2154
2175	2234
2282	2293
2283	2284
2288	2299
2314	2332
2355	2390
2430	2453
2441	2404
2377	2397
2470	2580
2731	2970
3385	4060
5033	6276
7674	9103
10454	11601
12422	12845
12879	12602
12117	11514
10854	10198
9617	9150
8799	8524
8260	7957
7621	7269
6907	6556
6262	6072
6009	6041
6102	6132
6110	6059
6011	5987
5987	6003
6030	6064
6102	6159
6268	6467
6789	7244
7827	8491
9119	9506
9346	8389
6778	5091
3876	3245
2990	2891
2847	2833
2849	2903
3016	3222
3490	3681
3656	3423
3127	2905
2785	2712
2634	2538
2454	2407
2389	2366
2304	2210
2119	2080
2114	2190
2257	2291
2301	2299
2297	2305
2317	2338
2372	2423
2480	2515
2504	2464
2435	2461
2541	2659
2842	3198
3870	4927
6288	7735
9039	10113
11040	11897
12603	12994
12989	12645
12090	11431
10742	10072
9452	8893
8420	8051
7755	7485
7227	6977
6711	6439
6201	6050
6002	6035
6086	6110
6095	6059
6030	6018
6019	6031
6052	6078
6108	6164
6276	6489
6824	7279
7843	8471
9048	9380
9189	8254
6704	5068
3867	3223
2947	2833
2781	2768
2790	2844
2950	3137
3377	3544
3508	3282
3006	2806
2694	2614
2515	2402
2310	2271
2274	2274
2236	2158
2077	2046
2083	2160
2237	2287
2322	2320
2320	2324
2338	2365
2410	2475
2541	2576
2561	2515
2488	2524
2627	2791
3071	3619
4599	6014
7620	9064
10097	10757
11303	11940
12586	12987
12980	12609
12015	11332
10646	10000
9378	8758
8174	7696
7337	7065
6862	6694
6519	6321
6140	6026
5996	6019
6054	6068
6057	6035
6023	6020
6022	6033
6059	6092
6135	6204
6330	6557
6898	7340
7866	8437
8955	9226
8982	8031
6527	4974
3840	3225
2951	2828
2767	2750
2768	2815
2896	3034
3207	3316
3267	3073
2855	2704
2620	2550
2454	2340
2248	2209
2211	2215
2189	2131
2069	2042
2065	2126
2201	2272
2348	2346
2345	2350
2369	2405
2465	2538
2604	2631
2603	2548
2523	2575
2721	2979
3445	4278
5575	7202
8800	9990
10625	10889
11158	11678
12339	12807
12853	12498
11903	11227
10573	9969
9369	8724
8071	7505
7078	6776
6577	6444
6320	6180
6049	5973
5959	5982
6003	6010
6004	5996
5999	6006
6010	6027
6063	6116
6182	6268
6413	6654
6995	7409
7871	8364
8812	9021
8718	7741
6272	4817
3786	3236
2987	2868
2801	2773
2778	2808
2861	2947
3045	3092
3028	2878
2730	2642
2601	2559
2483	2378
2285	2230
2209	2198
2179	2142
2099	2066
2056	2083
2151	2247
2382	2381
2380	2385
2405	2450
2520	2601
2664	2675
2632	2571
2553	2628
2830	3234
3975	5166
6734	8374
9687	10416
10592	10524
10628	11128
11876	12472
12624	12329
11766	11124
10518	9957
9377	8729
8058	7462
6995	6655
6422	6270
6152	6033
5932	5879
5882	5911
5937	5949
5954	5963
5983	6000
6008	6028
6077	6151
6234	6332
6484	6728
7065	7444
7834	8238
8607	8752
8393	7390
5968	4621
3708	3241
3033	2927
2857	2814
2799	2811
2840	2883
2925	2925
2856	2748
2663	2632
2637	2632
2583	2489
2385	2306
2259	2236
2227	2215
2184	2133
2078	2057
2110	2235
2439	2438
2433	2433
2452	2499
2573	2655
2711	2711
2658	2599
2594	2694
2968	3548
4606	6153
7898	9374
10233	10417
10155	9841
9873	10422
11291	12041
12335	12135
11627	11029
10464	9927
9348	8706
8064	7498
7037	6671
6393	6198
6057	5934
5831	5779
5785	5823
5868	5902
5927	5956
5991	6014
6017	6030
6083	6170
6261	6357
6496	6729
7051	7405
7742	8072
8364	8437
8021	7002
5637	4406
3610	3223
3059	2968
2898	2844
2815	2808
2814	2828
2834	2812
2751	2680
2644	2655
2694	2719
2693	2605
2492	2399
2346	2336
2356	2372
2346	2264
2153	2077
2105	2251
2514	2512
2504	2497
2509	2551
2621	2695
2741	2733
2681	2633
2647	2778
3126	3886
5233	7050
8846	10054
10433	10143
9564	9131
9165	9770
10722	11596
12031	11941
11497	10937
10394	9854
9262	8633
8050	7555
7133	6757
6441	6211
6048	5909
5785	5709
5704	5750
5817	5879
5926	5969
6011	6029
6018	6015
6063	6153
6245	6327
6437	6639
6939	7278
7594	7884
8114	8111
7628	6601
5307	4194
3505	3184
3052	2974
2906	2848
2811	2791
2778	2766
2751	2723
2679	2642
2644	2684
2738	2771
2750	2664
2552	2470
2449	2489
2562	2610
2579	2456
2283	2147
2140	2291
2591	2587
2577	2567
2573	2608
2666	2726
2756	2744
2700	2667
2699	2859
3286	4209
5780	7755
9495	10411
10390	9770
9050	8625
8717	9338
10283	11198
11732	11750
11373	10840
10297	9739
9129	8528
8018	7604
7224	6846
6509	6263
6094	5939
5787	5682
5658	5706
5789	5875
5943	5992
6027	6026
5990	5970
6012	6105
6195	6258
6331	6488
6756	7081
7400	7681
7868	7794
7253	6229
5015	4013
3414	3139
3022	2950
2884	2830
2793	2764
2732	2695
2663	2633
2610	2607
2641	2698
2751	2775
2743	2657
2561	2515
2548	2657
2790	2865
2823	2659
2432	2237
2191	2334
2650	2648
2638	2627
2630	2659
2705	2747
2761	2744
2709	2691
2739	2927
3423	4479
6212	8268
9920	10591
10281	9470
8724	8386
8546	9140
10005	10884
11473	11575
11254	10739
10190	9611
8996	8426
7983	7631
7281	6904
6562	6317
6147	5983
5808	5681
5641	5685
5776	5878
5961	6016
6036	6008
5946	5912
5954	6052
6139	6186
6228	6340
6567	6876
7200	7486
7646	7521
6943	5937
4800	3893
3356	3107
2995	2919
2854	2804
2769	2732
2681	2623
2574	2543
2537	2565
2624	2693
2740	2747
2703	2619
2545	2536
2623	2791
2968	3063
3009	2815
2548	2309
2222	2355
2683	2681
2674	2664
2666	2691
2730	2759
2761	2740
2712	2705
2761	2965
3506	4649
6480	8579
10169	10691
10219	9316
8584	8320
8524	9083
9865	10696
11302	11453
11170	10668
10111	9519
8905	8361
7958	7641
7308	6931
6591	6350
6180	6009
5824	5687
5638	5677
5770	5880
5974	6031
6037	5988
5908	5866
5913	6015
6103	6139
6161	6245
6442	6736
7062	7348
7496	7344
6753	5768
4685	3834
3332	3095
2980	2899
2833	2786
2751	2710
2645	2571
2510	2479
2484	2530
2609	2685
2727	2722
2669	2588
2528	2546
2664	2863
3066	3167
3106	2896
2609	2343
2219	2316
