20287	20314
20344	20353
20350	20343
20347	20361
20380	20398
20424	20458
20495	20519
20533	20540
20556	20580
20600	20617
20640	20680
20727	20760
20765	20674
20253	19009
16538	13330
11005	11117
13617	16891
19335	20513
20866	20881
20754	20538
20319	20173
20095	20044
19992	19954
19986	20120
20298	20385
20354	20326
20350	20374
20353	20296
20231	20171
20122	20096
20089	20077
20053	20017
19978	19946
19924	19909
19899	19881
19846	19801
19761	19741
19724	19683
19630	19574
19531	19489
19451	19421
19403	19396
19390	19387
19381	19373
19367	19355
19327	19285
19236	19188
19137	19082
19027	18980
18938	18901
18887	18948
19140	19457
19301	19330
19360	19371
19364	19354
19358	19375
19396	19418
19445	19478
19517	19547
19569	19594
19635	19685
19721	19739
19754	19791
19842	19887
19903	19814
19380	18123
15697	12638
10540	10801
13278	16409
18700	19785
20087	20018
19729	19301
18888	18627
18519	18477
18438	18418
18500	18751
19087	19312
19367	19386
19459	19529
19545	19511
19454	19396
19352	19334
19333	19331
19317	19287
19257	19231
19217	19210
19199	19179
19140	19088
19045	19023
19010	18979
18931	18884
18845	18808
18772	18747
18736	18739
18745	18745
18741	18735
18730	18722
18701	18666
18620	18575
18529	18480
18432	18392
18353	18310
18280	18286
18334	18408
17591	17624
17659	17667
17655	17642
17640	17654
17673	17696
17720	17754
17799	17842
17874	17914
17976	18046
18096	18114
18131	18170
18232	18300
18345	18278
17866	16655
14381	11629
9879	10312
12668	15489
17487	18396
18608	18449
18013	17393
16815	16460
16324	16287
16261	16257
16368	16689
17134	17479
17635	17732
17868	17993
18053	18049
18007	17956
17923	17916
17934	17943
17938	17919
17901	17883
17874	17869
17865	17848
17805	17746
17700	17677
17662	17633
17592	17556
17527	17495
17465	17445
17445	17458
17477	17486
17482	17474
17472	17477
17475	17447
17406	17362
17323	17284
17248	17221
17188	17144
17100	17048
16950	16775
15608	15641
15677	15686
15673	15652
15640	15639
15649	15667
15689	15723
15778	15836
15878	15920
15981	16050
16099	16118
16143	16196
16282	16381
16460	16427
16051	14925
12875	10519
9178	9773
11932	14340
15955	16639
16757	16575
16133	15510
14930	14573
14434	14404
14394	14397
14494	14766
15157	15486
15669	15799
15953	16096
16181	16207
16186	16139
16108	16114
16147	16168
16168	16160
16153	16142
16139	16140
16146	16132
16090	16029
15977	15945
15918	15884
15844	15810
15785	15762
15742	15735
15747	15773
15798	15812
15808	15799
15806	15832
15850	15833
15787	15736
15699	15669
15649	15638
15619	15580
15531	15458
15308	15049
14107	14141
14176	14194
14187	14163
14129	14107
14109	14127
14143	14172
14232	14305
14352	14377
14412	14465
14501	14523
14558	14632
14740	14863
14964	14940
14557	13469
11585	9569
8607	9371
11374	13419
14696	15190
15267	15135
14822	14379
13956	13687
13582	13568
13579	13590
13639	13768
13966	14137
14234	14304
14403	14515
14612	14666
14663	14626
14592	14597
14627	14644
14641	14642
14649	14651
14648	14659
14675	14671
14640	14581
14524	14476
14428	14377
14329	14285
14249	14230
14221	14229
14255	14287
14313	14325
14322	14318
14333	14379
14420	14410
14351	14289
14241	14209
14202	14210
14214	14189
14148	14098
14005	13849
13536	13576
13619	13645
13644	13617
13578	13548
13562	13594
13605	13620
13666	13735
13770	13765
13762	13786
13814	13831
13856	13919
14021	14143
14237	14191
13744	12581
10724	8927
8276	9236
11187	13025
14106	14510
14581	14513
14343	14106
13880	13729
13672	13691
13739	13759
13739	13705
13680	13648
13608	13583
13595	13667
13776	13869
13906	13883
13846	13828
13833	13831
13820	13826
13841	13843
13840	13857
13895	13917
13898	13856
13805	13747
13683	13615
13546	13470
13401	13369
13377	13398
13427	13455
13475	13478
13470	13466
13490	13550
13611	13608
13536	13448
13381	13345
13343	13375
13417	13423
13404	13388
13406	13454
13845	13907
13982	14029
14046	14034
14007	14007
14056	14119
14142	14135
14150	14182
14175	14119
14066	14057
14071	14054
14016	13997
14030	14112
14182	14082
13519	12190
10253	8574
8181	9348
11333	13083
14075	14458
14535	14490
14390	14293
14236	14212
14225	14291
14380	14398
14303	14121
13908	13718
13573	13464
13406	13442
13571	13718
13807	13814
13778	13736
13708	13682
13665	13666
13664	13630
13606	13634
13707	13772
13778	13750
13717	13672
13612	13541
13448	13330
13221	13174
13188	13226
13260	13282
13281	13261
13236	13216
13229	13298
13374	13376
13291	13180
13095	13050
13057	13128
13215	13265
13265	13283
13416	13703
14643	14764
14921	15055
15150	15212
15262	15327
15435	15542
15592	15594
15580	15560
15495	15378
15274	15225
15188	15090
14928	14766
14676	14663
14663	14463
13707	12120
10021	8417
8264	9634
11665	13342
14266	14618
14687	14626
14541	14527
14613	14731
14836	14958
15072	15077
14917	14623
14290	14010
13806	13646
13531	13520
13632	13797
13922	13975
13963	13927
13891	13866
13852	13855
13824	13732
13644	13651
13747	13854
13894	13881
13864	13847
13812	13753
13647	13504
13375	13327
13363	13424
13473	13498
13485	13443
13387	13332
13326	13385
13462	13456
13355	13221
13128	13096
13128	13232
13360	13439
13447	13476
13690	14162
15211	15415
15711	16017
16292	16540
16769	16989
17208	17398
17518	17568
17576	17539
17439	17292
17161	17075
16975	16780
16500	16212
15990	15848
15700	15287
14194	12229
9918	8391
8496	10072
12122	13679
14468	14727
14741	14641
14544	14562
14731	14949
15129	15279
15386	15375
15184	14859
14496	14195
13975	13788
13621	13544
13590	13705
13824	13901
13935	13943
13944	13944
13960	13976
13933	13796
13640	13590
13667	13786
13849	13855
13850	13857
13858	13820
13731	13608
13509	13493
13556	13641
13707	13740
13743	13711
13647	13573
13543	13579
13627	13595
13481	13342
13247	13231
13298	13423
13552	13621
13618	13633
13830	14274
14816	15082
15500	15985
16486	16992
17491	17960
18385	18733
18986	19153
19251	19281
19224	19114
19007	18923
18805	18587
18278	17949
17658	17392
17047	16315
14775	12366
9861	8484
8916	10735
12796	14192
14771	14859
14752	14571
14414	14377
14498	14679
14828	14924
14972	14931
14758	14486
14186	13927
13722	13536
13358	13236
13211	13256
13323	13390
13446	13487
13520	13552
13598	13642
13618	13496
13328	13229
13253	13343
13408	13427
13431	13454
13478	13476
13439	13379
13339	13357
13431	13522
13590	13642
13686	13701
13679	13622
13585	13586
13583	13521
13402	13266
13177	13171
13244	13356
13451	13486
13463	13446
13509	13690
13488	13741
14161	14695
15304	15978
16685	17383
18026	18575
19010	19349
19611	19783
19858	19865
19854	19841
19781	19632
19403	19137
18852	18519
18001	16958
15005	12269
9744	8664
9497	11572
13654	14904
15291	15206
14957	14662
14402	14237
14186	14183
14160	14106
14034	13931
13775	13576
13362	13166
12990	12830
12683	12576
12531	12528
12548	12576
12607	12637
12666	12705
12758	12813
12824	12762
12648	12557
12538	12578
12624	12641
12648	12671
12708	12737
12747	12754
12760	12789
12850	12921
12989	13062
13145	13217
13247	13234
13210	13186
13143	13059
12945	12830
12752	12737
12778	12843
12880	12875
12842	12794
12722	12622
12037	12206
12506	12915
13429	14047
14740	15466
16171	16816
17379	17861
18280	18622
18875	19053
19190	19303
19361	19336
19237	19075
18845	18507
17892	16649
14478	11709
9450	8829
10049	12272
14288	15393
15668	15515
15214	14883
14571	14314
14110	13917
13703	13476
13266	13071
12885	12698
12509	12332
12168	12027
11917	11841
11799	11779
11767	11760
11754	11750
11757	11780
11824	11870
11902	11893
11848	11798
11770	11773
11790	11799
11797	11808
11837	11871
11907	11934
11951	11963
11992	12042
12109	12189
12288	12387
12451	12477
12470	12446
12394	12319
12227	12148
12093	12064
12065	12075
12066	12033
11990	11933
11821	11629
11136	11213
11361	11582
11889	12290
12770	13298
13850	14396
14916	15405
15868	16297
16673	16993
17270	17509
17687	17790
17816	17757
17600	17291
16646	15335
13181	10686
8969	8883
10357	12487
14239	15132
15331	15195
14956	14703
14463	14244
14030	13793
13519	13232
12960	12714
12490	12274
12063	11857
11675	11531
11423	11348
11293	11248
11216	11185
11157	11134
11125	11134
11162	11203
11235	11246
11239	11215
11191	11179
11182	11178
11166	11159
11166	11189
11220	11239
11238	11220
11214	11240
11294	11361
11438	11521
11587	11628
11640	11628
11595	11548
11500	11463
11431	11406
11388	11378
11350	11311
11271	11230
11161	11038
10826	10850
10899	10980
11112	11302
11540	11812
12110	12441
12791	13146
13507	13876
14239	14577
14896	15189
15439	15622
15729	15745
15652	15376
14721	13408
11427	9431
8397	8838
10396	12219
13546	14153
14256	14145
13986	13836
13709	13598
13484	13338
13152	12942
12733	12527
12324	12116
11903	11693
11509	11361
11252	11162
11087	11016
10961	10919
10883	10851
10834	10837
10860	10890
10912	10918
10910	10895
10877	10865
10862	10854
10830	10804
10788	10795
10819	10834
10817	10777
10744	10746
10771	10805
10848	10895
10944	10976
10989	10984
10971	10952
10938	10930
10921	10904
10893	10883
10869	10842
10815	10805
10806	10806
10842	10845
10852	10870
10911	10981
11067	11162
11276	11421
11595	11784
11986	12207
12441	12682
12928	13174
13407	13597
13725	13771
13696	13403
12687	11360
9616	8196
7872	8762
10309	11764
12669	13013
13032	12927
12809	12715
12650	12607
12573	12526
12452	12362
12267	12160
12032	11885
11726	11566
11424	11306
11216	11137
11062	10994
10938	10897
10864	10832
10807	10809
10825	10836
10836	10821
10801	10781
10774	10775
10780	10771
10736	10688
10653	10649
10676	10695
10683	10636
10592	10574
10574	10577
10581	10598
10627	10648
10655	10651
10643	10638
10640	10642
10636	10621
10607	10604
10602	10589
10579	10597
10662	10769
10964	10958
10951	10946
10958	10982
11006	11024
11049	11098
11165	11242
11322	11412
11516	11631
11767	11923
12082	12217
12309	12329
12206	11800
10922	9543
8055	7211
7524	8776
10277	11421
12012	12193
12171	12084
11994	11921
11868	11838
11828	11823
11804	11781
11757	11723
11667	11594
11511	11422
11340	11271
11217	11174
11124	11076
11039	11010
10984	10961
10942	10938
10938	10923
10893	10859
10831	10818
10823	10841
10858	10848
10802	10736
10691	10686
10717	10746
10741	10704
10663	10640
10628	10609
10593	10589
10594	10603
10605	10601
10601	10600
10602	10601
10589	10570
10550	10543
10543	10537
10531	10560
10660	10828
11064	11047
11026	11010
11013	11026
11030	11025
11025	11037
11059	11084
11108	11132
11163	11202
11264	11343
11430	11500
11536	11487
11234	10608
9502	8084
6901	6617
7444	8938
10360	11274
11675	11775
11755	11700
11633	11575
11525	11499
11492	11489
11480	11473
11468	11463
11452	11433
11405	11371
11327	11289
11268	11253
11231	11206
11184	11167
11153	11136
11124	11116
11098	11064
11016	10974
10952	10952
10972	11006
11028	11017
10968	10904
10860	10860
10892	10926
10927	10906
10880	10870
10856	10830
10799	10779
10769	10769
10766	10771
10780	10784
10783	10771
10749	10717
10689	10676
10673	10667
10658	10674
10758	10914
11071	11041
11003	10975
10974	10981
10980	10969
10961	10963
10973	10986
10995	11003
11009	11014
11035	11074
11111	11134
11117	10964
10514	9616
8318	6979
6183	6390
7574	9160
10465	11200
11486	11557
11555	11531
11486	11437
11397	11378
11377	11377
11373	11367
11366	11378
11392	11401
11403	11389
11359	11330
11317	11316
11312	11302
11287	11273
11265	11256
11248	11241
11219	11182
11137	11102
11095	11105
11137	11176
11197	11188
11147	11097
11073	11082
11117	11147
11158	11153
11149	11150
11144	11118
11084	11057
11044	11041
11045	11059
11073	11075
11062	11044
11016	10978
10945	10927
10925	10917
10897	10881
10907	10977
10956	10914
10860	10830
10825	10832
10834	10826
10822	10826
10838	10853
10869	10873
10870	10865
10863	10870
10872	10854
10769	10485
9819	8706
7362	6254
5859	6423
7762	9302
10457	11050
11269	11333
11354	11350
11326	11285
11254	11246
11255	11261
11258	11258
11267	11286
11313	11338
11351	11342
11312	11279
11262	11265
11268	11264
11251	11235
11225	11228
11235	11235
11225	11201
11173	11158
11160	11182
11217	11247
11262	11255
11229	11204
11202	11221
11251	11277
11295	11307
11317	11324
11322	11304
11274	11256
11251	11257
11275	11295
11308	11302
11280	11253
11228	11194
11170	11162
11163	11152
11116	11064
11012	10958
10732	10689
10642	10611
10619	10640
10655	10657
10660	10667
10689	10717
10738	10749
10745	10732
10718	10704
10671	10603
10437	10019
9198	8032
6836	6039
5950	6655
7955	9344
10337	10829
11012	11080
11120	11131
11114	11082
11065	11066
11073	11073
11064	11063
11080	11114
11153	11187
11206	11198
11162	11118
11090	11087
11099	11098
11080	11056
11048	11061
11081	11096
11101	11094
11088	11092
11104	11128
11163	11191
11204	11198
11182	11173
11179	11201
11221	11239
11261	11278
11290	11299
11296	11284
11271	11265
11273	11289
11311	11336
11343	11331
11304	11281
11261	11243
11231	11233
11241	11232
11192	11119
10999	10830
10448	10420
10387	10379
10404	10448
10483	10499
10507	10526
10561	10601
10633	10647
10651	10643
10630	10607
10556	10452
10223	9739
8926	7910
7000	6488
6536	7172
8255	9403
10234	10652
10820	10897
10941	10955
10942	10919
10909	10918
10917	10901
10878	10870
10896	10945
11000	11042
11058	11045
11005	10950
10906	10891
10903	10905
10886	10866
10861	10882
10912	10936
10947	10947
10947	10954
10972	10998
11033	11068
11085	11080
11061	11048
11053	11063
11070	11080
11099	11117
11125	11127
11126	11122
11120	11122
11133	11146
11167	11183
11185	11170
11150	11129
11117	11106
11107	11116
11127	11129
11103	11033
10876	10626
10159	10149
10141	10158
10206	10271
10326	10352
10366	10399
10454	10511
10551	10576
10587	10591
10591	10576
10532	10431
10216	9798
9162	8444
7863	7563
7614	8046
8802	9636
10264	10604
10759	10837
10877	10886
10868	10844
10841	10850
10846	10818
10781	10769
10795	10856
10926	10970
10982	10968
10925	10861
10799	10776
10784	10795
10785	10769
10768	10796
10827	10850
10854	10844
10835	10839
10849	10875
10912	10951
10980	10976
10945	10914
10902	10904
10904	10914
10935	10952
10956	10954
10951	10950
10948	10946
10942	10941
10949	10961
10964	10955
10936	10919
10900	10892
10887	10897
10916	10929
10927	10870
10693	10394
9860	9867
9890	9945
10026	10113
10178	10205
10226	10274
10353	10435
10496	10529
10541	10552
10569	10576
10551	10492
10357	10101
9728	9335
9031	8876
8894	9117
9534	10026
10427	10670
10796	10859
10884	10875
10847	10820
10818	10829
10831	10808
10772	10753
10773	10827
10896	10939
10951	10940
10900	10835
10770	10739
10746	10761
10760	10759
10767	10792
10820	10834
10821	10792
10768	10767
10779	10801
10831	10877
10908	10906
10867	10819
10787	10779
10785	10802
10828	10849
10856	10854
10853	10848
10838	10816
10794	10775
10774	10787
10799	10796
10780	10753
10723	10700
10687	10693
10713	10738
10753	10699
10505	10151
9528	9558
9620	9720
9840	9947
10018	10045
10067	10126
10228	10338
10426	10476
10495	10514
10540	10558
10558	10542
10497	10402
10254	10098
9984	9927
9936	10021
10191	10413
10618	10762
10844	10876
10875	10852
10818	10790
10781	10794
10807	10803
10780	10757
10760	10796
10852	10892
10900	10890
10858	10804
10747	10716
10722	10738
10746	10758
10776	10797
10807	10801
10769	10725
10693	10692
10712	10732
10758	10791
10823	10826
10794	10742
10699	10686
10699	10725
10756	10782
10797	10801
10806	10802
10784	10754
10717	10685
10673	10684
10705	10718
10705	10666
10622	10584
10560	10560
10577	10603
10614	10552
10319	9900
9205	9256
9356	9496
9639	9760
9832	9857
9874	9939
10058	10200
10321	10392
10425	10454
10488	10510
10516	10528
10544	10548
10528	10503
10490	10493
10510	10538
10588	10659
10741	10816
10856	10858
10835	10804
10776	10755
10739	10744
10762	10768
10757	10739
10732	10750
10789	10821
10826	10811
10788	10755
10712	10685
10683	10695
10711	10731
10749	10756
10742	10711
10674	10628
10596	10600
10624	10647
10660	10675
10696	10712
10702	10660
10616	10597
10610	10637
10669	10696
10720	10740
10754	10758
10746	10719
10681	10643
10618	10622
10650	10677
10675	10631
10571	10521
10491	10479
10487	10500
10494	10404
10133	9661
8965	9040
9170	9327
9473	9581
9648	9678
9698	9766
9896	10054
10195	10283
10335	10382
10426	10455
10460	10475
10514	10561
10598	10631
10662	10685
10704	10721
10735	10754
10786	10824
10840	10829
10796	10767
10754	10740
10717	10707
10716	10722
10715	10709
10711	10729
10758	10775
10764	10741
10725	10705
10673	10646
10641	10648
10659	10676
10689	10675
10636	10595
10566	10537
10518	10522
10544	10564
10568	10568
10577	10597
10605	10581
10543	10523
10530	10549
10570	10590
10620	10653
10681	10696
10691	10670
10641	10608
10576	10568
10591	10630
10638	10593
10524	10465
10425	10405
10398	10394
10361	10242
9945	9462
8863	8959
9113	9269
9393	9479
9540	9585
9627	9708
9840	9993
10121	10210
10277	10347
10414	10448
10455	10460
10499	10558
10617	10672
10705	10724
10727	10738
10752	10768
10796	10820
10829	10814
10790	10773
10769	10754
10720	10696
10692	10691
10688	10694
10716	10746
10773	10777
10749	10712
10694	10676
10645	10614
10602	10603
10606	10613
10613	10586
10538	10499
10490	10494
10493	10497
10515	10537
10545	10534
10530	10538
10546	10529
10501	10480
10478	10479
10482	10498
10537	10582
10615	10625
10614	10597
10573	10546
10513	10499
10521	10560
10571	10529
10456	10388
10340	10310
10296	10270
10212	10065
9767	9321
8906	9018
9183	9339
9446	9523
9591	9656
9734	9831
9952	10069
10164	10239
10316	10411
10491	10531
10525	10519
10547	10610
10679	10731
10752	10744
10727	10719
10731	10763
10799	10826
10831	10828
10819	10814
10809	10781
10733	10691
10680	10680
10685	10696
10725	10761
10797	10803
10768	10725
10700	10676
10636	10586
10556	10546
10545	10555
10557	10538
10492	10459
10462	10486
10508	10522
10547	10573
10586	10577
10556	10540
10526	10504
10478	10464
10456	10439
10427	10443
10485	10536
10569	10566
10533	10499
10468	10444
10426	10424
10448	10478
10485	10446
10381	10310
10255	10216
10187	10148
10063	9902
9631	9269
9094	9211
9381	9535
9643	9725
9807	9901
10000	10103
10196	10263
10314	10373
10457	10559
10639	10658
10638	10619
10645	10709
10777	10823
10836	10809
10760	10729
10735	10771
10819	10853
10866	10872
10875	10872
10853	10802
10728	10672
10663	10677
10688	10694
10705	10738
10787	10808
10790	10748
10717	10690
10638	10568
10512	10483
10488	10517
10545	10547
10514	10472
10464	10496
10540	10575
10604	10629
10638	10627
10594	10554
10515	10479
10459	10459
10454	10432
10415	10427
10470	10518
10541	10524
10473	10414
10366	10335
10329	10343
10370	10392
10391	10362
10305	10243
10181	10128
10082	10022
9925	9773
9560	9323
9395	9512
9675	9821
9929	10018
10117	10223
10328	10411
10465	10486
10505	10549
10633	10730
10790	10784
10739	10711
10740	10803
10864	10912
10932	10910
10848	10789
10785	10825
10876	10907
10924	10937
10940	10924
10880	10796
10695	10626
10623	10654
10675	10671
10669	10698
10753	10798
10791	10754
10721	10693
10646	10577
10502	10456
10453	10498
10561	10602
10579	10523
10494	10520
10581	10632
10656	10659
10645	10626
10594	10542
10483	10438
10432	10451
10463	10450
10434	10435
10463	10505
10528	10506
10441	10363
10292	10249
10242	10267
10293	10302
10298	10282
10248	10194
10125	10053
9979	9904
9807	9680
9538	9446
9708	9820
9970	10102
10200	10284
10380	10486
10584	10650
10674	10664
10655	10684
10761	10853
10901	10873
10804	10770
10795	10841
10889	10956
11013	11010
10944	10878
10867	10905
10950	10978
10993	11000
10987	10953
10885	10772
10647	10568
10561	10599
10631	10641
10643	10674
10738	10791
10785	10738
10703	10687
10665	10612
10538	10470
10448	10495
10591	10662
10646	10570
10524	10556
10634	10688
10693	10656
10616	10590
10558	10504
10436	10396
10406	10450
10480	10482
10462	10444
10459	10501
10534	10509
10434	10338
10255	10200
10186	10205
10219	10219
10218	10219
10206	10167
10090	9995
9900	9814
9718	9602
9542	9603
9920	10025
10163	10278
10363	10438
10528	10633
10725	10779
10785	10761
10736	10751
10823	10912
10961	10922
10839	10800
10815	10837
10874	10960
11055	11072
11009	10943
10933	10968
11006	11027
11042	11039
11013	10964
10880	10748
10608	10519
10507	10543
10585	10612
10631	10672
10744	10796
10780	10721
10681	10678
10678	10651
10579	10496
10450	10490
10601	10695
10684	10596
10545	10585
10671	10729
10717	10650
10582	10549
10523	10475
10405	10370
10393	10451
10494	10504
10481	10449
10452	10502
10548	10527
10443	10334
10241	10179
10156	10165
10166	10158
10160	10178
10182	10150
10074	9966
9856	9764
9665	9604
10063	11736
