32664	32664
32664	32664
32664	32664
32664	32664
32664	32664
32664	32664
32664	32664
32664	32664
32664	32664
32664	32664
32664	32664
32664	32664
32664	32664
32664	32664
32664	32660
32656	32652
32647	32647
32649	32652
32652	32654
32654	32654
32654	32654
32654	32653
32649	32635
32602	32550
32501	32477
32492	32525
32538	32486
32293	31816
30739	28580
25026	20391
15585	11492
8514	6651
5739	5499
5613	5860
6110	6244
6175	5946
5744	5735
5974	6423
7048	7842
8787	9813
10901	12094
13375	14557
15431	15929
16189	16538
17283	18433
19615	20437
20789	20851
20824	20705
20352	19725
18972	18141
17023	15415
13392	11224
9207	7633
6734	6546
6908	7528
8097	8360
8203	7707
7124	6756
6745	6989
7255	7373
7318	7116
6779	6370
6006	5775
5606	5355
4994	4645
4368	4072
3650	3182
2823	2648
2621	2698
2863	3084
3288	3418
3461	3448
3457	3577
3869	4314
4855	5481
6240	7146
8086	8885
9492	10036
10623	11148
11272	10741
9890	9510
10044	11095
11898	11974
11301	10036
8320	6722
6486	8929
14305	21106
26939	30453
31981	32483
32621	32656
32664	32664
32664	32664
32664	32664
32664	32664
32664	32664
32664	32664
32664	32664
32664	32664
32664	32664
32664	32664
32664	32664
32664	32664
32664	32664
32664	32664
32664	32664
32664	32664
32664	32664
32664	32664
32664	32664
32664	32664
32664	32664
32664	32664
32664	32664
32664	32664
32664	32664
32664	32664
32664	32664
32664	32664
32664	32661
32659	32655
32652	32651
32653	32656
32657	32658
32658	32658
32658	32658
32658	32657
32652	32640
32613	32571
32532	32513
32520	32549
32565	32532
32406	32093
31395	29959
27452	23863
19618	15338
11558	8669
6858	5998
5767	5847
6027	6150
6119	5933
5730	5666
5814	6153
6669	7364
8209	9124
10032	10975
12041	13197
14268	15068
15538	15895
16512	17516
18632	19465
19847	19902
19832	19705
19449	19040
18582	18121
17491	16511
15183	13610
11897	10248
8963	8259
8130	8389
8745	8936
8807	8397
7871	7435
7206	7160
7177	7143
7014	6797
6498	6179
5941	5842
5774	5566
5189	4800
4528	4293
3916	3394
2891	2543
2387	2412
2593	2872
3144	3319
3376	3362
3354	3447
3709	4120
4630	5232
5973	6870
7823	8674
9350	9958
10592	11164
11366	10933
10120	9677
10089	11068
11898	12075
11554	10477
8926	7298
6742	8696
13681	20396
26432	30215
31909	32471
32620	32657
32664	32664
32664	32664
32664	32664
32664	32664
32664	32664
32664	32664
32664	32664
32664	32664
32664	32664
32664	32664
32664	32664
32664	32664
32664	32664
32664	32664
32664	32664
32664	32664
32664	32664
32664	32664
32664	32664
32664	32664
32664	32664
32664	32664
32664	32664
32664	32664
32664	32664
32664	32664
32664	32664
32664	32664
32664	32664
32661	32659
32658	32658
32658	32659
32660	32662
32663	32663
32662	32661
32661	32660
32654	32644
32621	32588
32555	32538
32543	32566
32582	32571
32503	32331
31964	31206
29778	27467
24242	20315
16115	12249
9265	7365
6393	6023
5966	6008
6018	5927
5784	5707
5772	5991
6370	6940
7705	8554
9327	9989
10692	11598
12689	13726
14470	14972
15551	16410
17379	18143
18553	18686
18675	18589
18433	18264
18185	18170
18050	17667
17027	16166
15057	13746
12438	11393
10724	10362
10140	9906
9579	9160
8687	8190
7709	7301
6984	6726
6495	6276
6070	5926
5900	5988
6050	5893
5480	5009
4696	4509
4224	3718
3094	2550
2218	2148
2315	2635
2964	3188
3266	3252
3233	3301
3522	3886
4351	4914
5630	6517
7487	8386
9140	9811
10492	11122
11427	11110
10353	9849
10142	11048
11924	12250
11911	11045
9696	8081
7179	8524
12943	19464
25711	29853
31791	32448
32619	32657
32664	32664
32664	32664
32664	32664
32664	32664
32664	32664
32664	32664
32664	32664
32664	32664
32664	32664
32664	32664
32664	32664
32664	32664
32664	32664
32664	32664
32664	32664
32664	32664
32664	32664
32664	32664
32664	32664
32664	32664
32664	32664
32664	32664
32664	32664
32664	32664
32664	32664
32664	32664
32664	32664
32664	32664
32664	32664
32664	32663
32662	32661
32662	32663
32664	32664
32664	32664
32664	32664
32664	32664
32659	32647
32629	32600
32570	32554
32556	32573
32590	32590
32552	32456
32276	31937
31273	30051
28029	25072
21284	17123
13237	10151
8044	6803
6177	5936
5882	5871
5843	5842
5908	6049
6299	6726
7394	8212
8961	9451
9795	10302
11143	12174
13099	13827
14529	15364
16229	16919
17360	17634
17794	17830
17775	17792
18040	18428
18677	18617
18338	17983
17557	16960
16169	15292
14415	13515
12558	11579
10675	9935
9324	8713
8016	7284
6635	6149
5813	5620
5555	5643
5869	6156
6331	6216
5772	5204
4789	4607
4454	4081
3458	2778
2270	2061
2151	2454
2807	3057
3157	3150
3126	3172
3347	3659
4069	4585
5273	6150
7128	8068
8878	9594
10299	10975
11372	11180
10499	9970
10183	11056
12013	12510
12357	11659
10484	8931
7775	8509
12248	18426
24823	29358
31607	32407
32615	32657
32664	32664
32664	32664
32664	32664
32664	32664
32664	32664
32664	32664
32664	32664
32664	32664
32664	32664
32664	32664
32664	32664
32664	32664
32664	32664
32664	32664
32664	32664
32664	32664
32664	32664
32664	32664
32664	32664
32664	32664
32664	32664
32664	32664
32664	32664
32664	32664
32664	32664
32664	32664
32664	32664
32664	32664
32664	32664
32664	32664
32664	32664
32664	32664
32664	32664
32664	32664
32664	32664
32664	32664
32661	32651
32634	32609
32583	32565
32562	32576
32595	32596
32567	32496
32393	32247
31982	31454
30427	28636
25908	22344
18358	14499
11240	8811
7209	6301
5887	5768
5802	5924
6075	6226
6399	6689
7202	7930
8650	9094
9261	9453
9950	10760
11686	12579
13471	14420
15335	16072
16600	17030
17405	17635
17701	17818
18229	18832
19262	19307
19100	18950
18987	19080
19014	18688
18076	17110
15766	14153
12503	11063
9932	8986
8048	7089
6223	5574
5171	5010
5088	5380
5809	6231
6470	6375
5923	5276
4744	4531
4521	4372
3886	3185
2547	2175
2132	2354
2685	2952
3070	3070
3037	3054
3186	3438
3789	4259
4914	5775
6756	7725
8578	9313
10021	10720
11201	11130
10536	10008
10179	11056
12122	12813
12843	12267
11217	9767
8465	8645
11626	17306
23758	28698
31336	32331
32600	32654
32664	32664
32664	32664
32664	32664
32664	32664
32664	32664
32664	32664
32664	32664
32664	32664
32664	32664
32664	32664
32664	32664
32664	32664
32664	32664
32664	32664
32664	32664
32664	32664
32664	32664
32664	32664
32664	32664
32664	32664
32664	32664
32664	32664
32664	32664
32664	32664
32664	32664
32664	32664
32664	32664
32664	32664
32664	32664
32664	32664
32664	32664
32664	32664
32664	32664
32664	32664
32664	32664
32664	32664
32662	32653
32638	32615
32591	32571
32566	32580
32598	32600
32571	32506
32427	32352
32259	32072
31650	30776
29202	26783
23565	19827
16002	12539
9748	7756
6527	5918
5763	5884
6103	6311
6490	6710
7063	7593
8174	8576
8724	8812
9092	9669
10489	11442
12465	13548
14603	15484
16168	16775
17370	17826
18045	18191
18557	19139
19618	19753
19633	19564
19766	20183
20581	20756
20600	20013
18884	17191
15086	12902
10964	9385
8071	6919
5956	5249
4825	4688
4835	5224
5718	6143
6353	6249
5802	5126
4527	4295
4404	4490
4226	3618
2925	2403
2199	2303
2589	2857
2999	3011
2964	2944
3025	3218
3513	3931
4545	5382
6358	7350
8240	8996
9698	10411
10954	10991
10483	9954
10079	10964
12142	13036
13265	12811
11864	10534
9167	8859
11050	16126
22526	27873
30961	32216
32576	32650
32663	32664
32664	32664
32664	32664
32664	32664
32664	32664
32664	32664
32664	32664
32664	32664
32664	32664
32664	32664
32664	32664
32664	32664
32664	32664
32664	32664
32664	32664
32664	32664
32664	32664
32664	32664
32664	32664
32664	32664
32664	32664
32664	32664
32664	32664
32664	32664
32664	32664
32664	32664
32664	32664
32664	32664
32664	32664
32664	32664
32664	32664
32664	32664
32664	32664
32664	32664
32664	32664
32664	32664
32663	32656
32644	32624
32599	32578
32575	32585
32601	32603
32580	32519
32450	32400
32368	32319
32179	31829
31090	29783
27747	24936
21492	17741
14102	10951
8537	6965
6166	5941
6016	6205
6431	6674
6946	7287
7664	7959
8104	8191
8397	8845
9576	10525
11600	12732
13858	14865
15734	16554
17369	18044
18423	18588
18800	19195
19654	19990
20152	20253
20458	20836
21268	21594
21730	21600
21027	19782
17797	15298
12725	10449
8594	7140
6058	5319
4888	4737
4868	5201
5586	5870
5956	5794
5355	4714
4142	3940
4140	4413
4387	3953
3285	2669
2312	2289
2496	2758
2929	2963
2900	2840
2873	3019
3258	3622
4180	4969
5931	6943
7876	8665
9370	10078
10653	10774
10341	9810
9867	10732
12005	13091
13533	13237
12412	11226
9865	9158
10590	14981
21230	26934
30503	32057
32537	32644
32661	32664
32664	32664
32664	32664
32664	32664
32664	32664
32664	32664
32664	32664
32664	32664
32664	32664
32664	32664
32664	32664
32664	32664
32664	32664
32664	32664
32664	32664
32664	32664
32664	32664
32664	32664
32664	32664
32664	32664
32664	32664
32664	32664
32664	32664
32664	32664
32664	32664
32664	32664
32664	32664
32664	32664
32664	32664
32664	32664
32664	32664
32664	32664
32664	32664
32664	32664
32664	32664
32664	32664
32664	32659
32647	32627
32606	32589
32583	32593
32606	32610
32592	32548
32494	32458
32450	32444
32409	32281
31989	31413
30393	28747
26354	23239
19622	15863
12396	9616
7713	6638
6173	6111
6293	6569
6843	7091
7336	7535
7644	7708
7856	8222
8890	9818
10891	11997
13081	14126
15143	16181
17195	18036
18566	18806
18926	19133
19532	20086
20616	20975
21190	21385
21594	21770
21920	22044
21972	21351
19912	17691
15042	12394
10024	8081
6646	5709
5187	4988
5031	5198
5352	5400
5320	5087
4666	4113
3647	3529
3798	4199
4384	4159
3599	2958
2487	2319
2414	2643
2844	2917
2860	2772
2759	2863
3057	3358
3840	4564
5494	6521
7508	8344
9053	9723
10285	10459
10107	9584
9575	10395
11731	12978
13637	13540
12885	11884
10610	9641
10387	14043
19995	25952
29979	31863
32484	32633
32660	32664
32664	32664
32664	32664
32664	32664
32664	32664
32664	32664
32664	32664
32664	32664
32664	32664
32664	32664
32664	32664
32664	32664
32664	32664
32664	32664
32664	32664
32664	32664
32664	32664
32664	32664
32664	32664
32664	32664
32664	32664
32664	32664
32664	32664
32664	32664
32664	32664
32664	32664
32664	32664
32664	32664
32664	32664
32664	32664
32664	32664
32664	32664
32664	32664
32664	32664
32664	32664
32664	32664
32664	32660
32648	32632
32611	32599
32598	32603
32612	32615
32607	32584
32552	32529
32524	32529
32521	32473
32359	32131
31704	30941
29652	27665
24906	21484
17725	14090
11002	8694
7229	6520
6381	6538
6778	7003
7223	7411
7521	7545
7600	7851
8419	9298
10346	11411
12438	13473
14583	15758
16884	17822
18488	18882
19073	19211
19522	20129
20871	21434
21699	21769
21742	21686
21697	21865
22065	21954
21169	19597
17411	14892
12283	9811
7755	6305
5475	5132
5063	5050
4959	4793
4590	4330
3957	3509
3168	3138
3451	3933
4292	4287
3887	3281
2729	2403
2349	2505
2726	2856
2835	2738
2694	2755
2905	3148
3551	4195
5082	6117
7149	8034
8752	9364
9871	10071
9800	9307
9244	10020
11389	12765
13626	13756
13319	12539
11445	10366
10542	13415
18908	24967
29396	31625
32415	32616
32658	32664
32664	32664
32664	32664
32664	32664
32664	32664
32664	32664
32664	32664
32664	32664
32664	32664
32664	32664
32664	32664
32664	32664
32664	32664
32664	32664
32664	32664
32664	32664
32664	32664
32664	32664
32664	32664
32664	32664
32664	32664
32664	32664
32664	32664
32664	32664
32664	32664
32664	32664
32664	32664
32664	32664
32664	32664
32664	32664
32664	32664
32664	32664
32664	32664
32664	32664
32664	32664
32664	32664
32664	32661
32651	32636
32620	32610
32607	32610
32614	32617
32613	32603
32590	32580
32578	32580
32575	32550
32490	32382
32210	31911
31366	30391
28776	26390
23277	19673
15951	12534
9826	8056
7167	6875
6878	7007
7212	7450
7614	7650
7635	7763
8201	8992
10016	11095
12146	13206
14339	15522
16651	17626
18408	18986
19347	19540
19759	20230
20907	21498
21806	21855
21726	21517
21395	21508
21818	22036
21798	20903
19366	17300
14802	12035
9337	7150
5741	5066
4826	4682
4471	4219
4003	3789
3494	3126
2861	2856
3158	3664
4142	4343
4143	3631
3029	2548
2320	2371
2585	2769
2803	2726
2653	2666
2772	2969
3305	3875
4710	5736
6799	7741
8472	9026
9464	9670
9468	9015
8913	9636
11021	12500
13551	13930
13725	13174
12308	11257
11003	13097
17974	23966
28738	31333
32324	32598
32654	32664
32664	32664
32664	32664
32664	32664
32664	32664
32664	32664
32664	32664
32664	32664
32664	32664
32664	32664
32664	32664
32664	32664
32664	32664
32664	32664
32664	32664
32664	32664
32664	32664
32664	32664
32664	32664
32664	32664
32664	32664
32664	32664
32664	32664
32664	32664
32664	32664
32664	32664
32664	32664
32664	32664
32664	32664
32664	32664
32664	32664
32664	32664
32664	32664
32664	32664
32664	32664
32664	32664
32664	32661
32651	32639
32625	32616
32614	32613
32616	32616
32615	32609
32603	32597
32597	32597
32592	32572
32527	32450
32360	32245
32062	31695
30969	29686
27704	24960
21544	17777
14180	11253
9240	8052
7450	7236
7293	7505
7719	7822
7836	7912
8233	8912
9905	11052
12227	13387
14542	15680
16746	17699
18512	19182
19686	19976
20141	20413
20872	21351
21670	21758
21637	21389
21208	21280
21633	22039
22161	21747
20719	19119
16956	14246
11211	8357
6214	4983
4440	4207
4018	3838
3709	3588
3362	3040
2769	2709
2926	3378
3909	4285
4309	3950
3356	2758
2365	2281
2445	2662
2760	2716
2623	2589
2647	2804
3094	3599
4378	5381
6463	7460
8225	8745
9117	9316
9169	8760
8632	9293
10669	12223
13443	14049
14064	13707
13072	12166
11669	13062
17216	22972
28006	30986
32213	32574
32651	32663
32664	32664
32664	32664
32664	32664
32664	32664
32664	32664
32664	32664
32664	32664
32664	32664
32664	32664
32664	32664
32664	32664
32664	32664
32664	32664
32664	32664
32664	32664
32664	32664
32664	32664
32664	32664
32664	32664
32664	32664
32664	32664
32664	32664
32664	32664
32664	32664
32664	32664
32664	32664
32664	32664
32664	32664
32664	32664
32664	32664
32664	32664
32664	32664
32664	32664
32664	32664
32664	32664
32664	32661
32652	32641
32628	32620
32615	32615
32614	32613
32610	32600
32595	32588
32585	32583
32580	32565
32529	32468
32399	32338
32287	32189
31943	31414
30431	28808
26395	23228
19620	16064
12990	10634
9017	8070
7664	7628
7771	7939
8066	8193
8456	9024
9944	11130
12437	13769
15049	16210
17227	18089
18818	19439
19974	20349
20538	20700
20987	21338
21625	21743
21663	21450
21294	21382
21759	22241
22517	22320
21549	20243
18427	16019
13046	9866
7090	5167
4149	3772
3678	3655
3642	3593
3420	3114
2802	2646
2730	3068
3585	4087
4340	4190
3691	3043
2514	2281
2349	2554
2701	2704
2610	2527
2531	2644
2890	3342
4066	5037
6125	7175
7989	8506
8831	9018
8926	8580
8447	9037
10356	11942
13289	14086
14288	14094
13672	13016
12497	13358
16759	22123
27294	30622
32093	32547
32647	32663
32664	32664
32664	32664
32664	32664
32664	32664
32664	32664
32664	32664
32664	32664
32664	32664
32664	32664
32664	32664
32664	32664
32664	32664
32664	32664
32664	32664
32664	32664
32664	32664
32664	32664
32664	32664
32664	32664
32664	32664
32664	32664
32664	32664
32664	32664
32664	32664
32664	32664
32664	32664
32664	32664
32664	32664
32664	32664
32664	32664
32664	32664
32664	32664
32664	32664
32664	32664
32664	32664
32664	32661
32653	32643
32632	32624
32621	32617
32615	32611
32604	32595
32583	32575
32572	32570
32565	32551
32522	32468
32405	32356
32335	32331
32286	32124
31736	30975
29645	27595
24833	21560
18104	14836
12078	10032
8737	8095
7933	8049
8269	8499
8783	9271
10073	11196
12570	14090
15579	16856
17841	18595
19201	19748
20285	20736
21015	21198
21417	21683
21916	22031
21991	21855
21773	21898
22252	22690
22960	22803
22094	20898
19296	17227
14572	11446
8307	5730
4128	3483
3422	3530
3601	3583
3430	3140
2815	2591
2555	2760
3208	3776
4226	4325
3995	3392
2779	2396
2325	2471
2644	2695
2616	2500
2446	2504
2700	3095
3760	4678
5766	6856
7734	8272
8575	8756
8728	8475
8362	8875
10096	11658
13071	14007
14382	14349
14137	13815
13522	14135
16879	21711
26808	30339
31994	32526
32644	32663
32664	32664
32664	32664
32664	32664
32664	32664
32664	32664
32664	32664
32664	32664
32664	32664
32664	32664
32664	32664
32664	32664
32664	32664
32664	32664
32664	32664
32664	32664
32664	32664
32664	32664
32664	32664
32664	32664
32664	32664
32664	32664
32664	32664
32664	32664
32664	32664
32664	32664
32664	32664
32664	32664
32664	32664
32664	32664
32664	32664
32664	32664
32664	32664
32664	32664
32664	32664
32664	32664
32664	32661
32654	32644
32633	32625
32622	32619
32617	32611
32603	32593
32581	32575
32570	32568
32559	32546
32517	32469
32412	32368
32351	32369
32388	32363
32238	31941
31355	30319
28692	26390
23452	20078
16630	13516
11055	9423
8602	8408
8562	8840
9185	9661
10363	11372
12716	14324
15954	17310
18277	18968
19560	20173
20818	21385
21777	22019
22217	22406
22572	22675
22699	22666
22658	22752
22977	23274
23473	23318
22623	21421
19877	18030
15738	12885
9640	6567
4364	3337
3169	3305
3405	3386
3244	2998
2717	2490
2392	2493
2854	3428
4013	4342
4242	3760
3127	2614
2383	2427
2588	2688
2642	2512
2401	2394
2533	2862
3451	4309
5369	6486
7426	8020
8333	8515
8553	8408
8329	8761
9863	11358
12781	13813
14357	14498
14499	14559
14733	15486
17833	22067
26808	30267
31956	32516
32643	32663
32664	32664
32664	32664
32664	32664
32664	32664
32664	32664
32664	32664
32664	32664
32664	32664
32664	32664
32664	32664
32664	32664
32664	32664
32664	32664
32664	32664
32664	32664
32664	32664
32664	32664
32664	32664
32664	32664
32664	32664
32664	32664
32664	32664
32664	32664
32664	32664
32664	32664
32664	32664
32664	32664
32664	32664
32664	32664
32664	32664
32664	32664
32664	32664
32664	32664
32664	32664
32664	32664
32664	32661
32656	32646
32638	32633
32629	32625
32622	32616
32609	32599
32592	32587
32584	32578
32571	32554
32525	32483
32439	32407
32393	32406
32435	32449
32414	32308
32090	31676
30936	29697
27783	25130
21858	18296
14900	12142
10316	9426
9207	9349
9685	10205
10920	11868
13098	14599
16174	17516
18487	19225
19966	20813
21686	22405
22875	23131
23264	23346
23429	23533
23642	23718
23734	23703
23696	23795
23949	23883
23262	22030
20429	18659
16640	14076
10859	7456
4743	3275
2866	2917
2986	2953
2831	2657
2481	2328
2238	2288
2578	3118
3767	4270
4396	4093
3505	2899
2503	2413
2534	2673
2680	2561
2410	2336
2401	2655
3153	3927
4940	6066
7067	7738
8094	8304
8411	8354
8295	8641
9628	11048
12448	13540
14233	14550
14747	15197
16020	17319
19658	23352
27451	30498
32017	32528
32644	32663
32664	32664
32664	32664
32664	32664
32664	32664
32664	32664
32664	32664
32664	32664
32664	32664
32664	32664
32664	32664
32664	32664
32664	32664
32664	32664
32664	32664
32664	32664
32664	32664
32664	32664
32664	32664
32664	32664
32664	32664
32664	32664
32664	32664
32664	32664
32664	32664
32664	32664
32664	32664
32664	32664
32664	32664
32664	32664
32664	32664
32664	32664
32664	32664
32664	32664
32664	32664
32664	32664
32664	32661
32658	32652
32647	32643
32641	32638
32635	32628
32624	32620
32616	32614
32610	32605
32595	32578
32553	32521
32493	32477
32468	32472
32491	32510
32506	32467
32392	32253
31989	31479
30523	28911
26518	23383
19806	16309
13448	11547
10559	10226
10353	10886
11715	12699
13778	15013
16385	17687
18766	19704
20689	21791
22842	23634
24095	24284
24302	24255
24250	24336
24497	24642
24653	24480
24240	24153
24302	24402
23931	22697
20989	19196
17320	14953
11793	8196
5104	3242
2552	2456
2465	2413
2328	2246
2187	2134
2088	2136
2378	2869
3510	4109
4427	4330
3857	3215
2673	2428
2483	2646
2720	2640
2472	2336
2320	2490
2889	3566
4513	5631
6691	7457
7894	8157
8322	8317
8243	8501
9389	10742
12116	13226
14022	14507
14882	15660
17154	19269
21986	25306
28611	30987
32161	32556
32649	32663
32664	32664
32664	32664
32664	32664
32664	32664
32664	32664
32664	32664
32664	32664
32664	32664
32664	32664
32664	32664
32664	32664
32664	32664
32664	32664
32664	32664
32664	32664
32664	32664
32664	32664
32664	32664
32664	32664
32664	32664
32664	32664
32664	32664
32664	32664
32664	32664
32664	32664
32664	32664
32664	32664
32664	32664
32664	32664
32664	32664
32664	32664
32664	32664
32664	32664
32664	32664
32664	32664
32664	32663
32660	32655
32652	32649
32648	32648
32648	32646
32643	32641
32640	32638
32636	32632
32624	32612
32592	32574
32560	32554
32550	32549
32561	32576
32579	32562
32535	32491
32416	32256
31887	31127
29752	27588
24652	21232
17824	14963
12926	11726
11339	11721
12634	13676
14630	15624
16831	18188
19506	20716
21889	23055
24068	24763
25097	25149
25035	24882
24797	24841
24993	25159
25175	24954
24602	24413
24572	24815
24513	23312
21506	19628
17777	15504
12377	8683
5368	3232
2311	2073
2023	1969
1929	1929
1960	1979
1972	2014
2221	2645
3238	3857
4320	4437
4139	3539
2904	2508
2453	2619
2771	2758
2591	2393
2289	2364
2669	3252
4125	5224
6333	7201
7737	8065
8272	8291
8187	8355
9155	10457
11801	12898
13736	14344
14882	15885
17888	20802
24095	27272
29879	31552
32337	32594
32655	32664
32664	32664
32664	32664
32664	32664
32664	32664
32664	32664
32664	32664
32664	32664
32664	32664
32664	32664
32664	32664
32664	32664
32664	32664
32664	32664
32664	32664
32664	32664
32664	32664
32664	32664
32664	32664
32664	32664
32664	32664
32664	32664
32664	32664
32664	32664
32664	32664
32664	32664
32664	32664
32664	32664
32664	32664
32664	32664
32664	32664
32664	32664
32664	32664
32664	32664
32664	32664
32664	32664
32664	32664
32662	32660
32657	32656
32656	32656
32655	32655
32655	32654
32654	32653
32652	32651
32644	32638
32628	32621
32615	32614
32612	32611
32617	32624
32627	32623
32613	32600
32582	32544
32430	32140
31502	30305
28392	25757
22599	19318
16361	14110
12885	12815
13588	14623
15577	16545
17769	19273
20822	22184
23321	24284
25037	25488
25612	25480
25236	25015
24903	24918
25056	25238
25322	25187
24888	24696
24859	25178
25005	23868
22005	20014
18107	15846
12736	8995
5561	3266
2190	1846
1761	1729
1732	1784
1857	1900
1896	1921
2088	2435
2940	3528
4074	4395
4323	3855
3208	2684
2496	2609
2813	2883
2745	2499
2303	2279
2495	2995
3797	4856
5989	6949
7589	7984
8221	8254
8132	8225
8931	10173
11486	12544
13371	14070
14739	15845
18081	21518
25348	28601
30801	31987
32477	32626
32660	32664
32664	32664
32664	32664
32664	32664
32664	32664
32664	32664
32664	32664
32664	32664
32664	32664
32664	32664
32664	32664
32664	32664
32664	32664
32664	32664
32664	32664
32664	32664
32664	32664
32664	32664
32664	32664
32664	32664
32664	32664
32664	32664
32664	32664
32664	32664
32664	32664
32664	32664
32664	32664
32664	32664
32664	32664
32664	32664
32664	32664
32664	32664
32664	32664
32664	32664
32664	32664
32664	32664
32664	32664
32664	32663
32662	32661
32661	32660
32660	32659
32659	32659
32659	32659
32659	32659
32656	32654
32652	32648
32648	32648
32648	32648
32648	32651
32652	32651
32647	32645
32640	32635
32603	32503
32244	31683
30661	29032
26703	23747
20463	17389
15185	14296
14590	15525
16636	17836
19254	20880
22453	23681
24512	25082
25473	25643
25526	25198
24836	24584
24484	24522
24693	24956
25192	25249
25123	25033
25227	25573
25469	24406
22542	20485
18515	16238
13120	9313
5760	3346
2172	1761
1661	1658
1690	1760
1839	1878
1860	1858
1978	2251
2660	3174
3734	4202
4370	4121
3555	2963
2624	2627
2819	2964
2902	2659
2395	2265
2376	2782
3502	4496
5622	6653
7398	7859
8118	8179
8067	8097
8680	9832
11116	12139
12929	13673
14454	15592
17811	21421
25600	29071
31201	32192
32546	32642
32661	32664
32664	32664
32664	32664
32664	32664
32664	32664
32664	32664
32664	32664
32664	32664
32664	32664
32664	32664
32664	32664
32664	32664
32664	32664
32664	32664
32664	32664
32664	32664
32664	32664
32664	32664
32664	32664
32664	32664
32664	32664
32664	32664
32664	32664
32664	32664
32664	32664
32664	32664
32664	32664
32664	32664
32664	32664
32664	32664
32664	32664
32664	32664
32664	32664
32664	32664
32664	32664
32664	32664
32664	32664
32664	32664
32664	32664
32664	32664
32664	32664
32664	32664
32664	32664
32664	32664
32661	32660
32659	32659
32659	32659
32659	32659
32659	32661
32661	32661
32659	32659
32659	32657
32648	32608
32494	32233
31743	30893
29496	27362
24474	21173
18184	16281
15808	16522
17860	19408
21026	22629
23976	24839
25219	25327
25333	25210
24866	24367
23928	23683
23636	23738
23984	24369
24795	25100
25224	25335
25640	26012
25906	24869
23062	21061
19137	16890
13739	9794
6045	3481
2222	1776
1673	1682
1724	1790
1858	1882
1840	1818
1905	2129
2452	2869
3377	3916
4296	4298
3895	3300
2830	2670
2784	2980
3048	2901
2620	2374
2340	2601
3190	4089
5186	6276
7132	7667
7954	8047
7971	7946
8379	9406
10664	11682
12434	13180
14050	15206
17288	20808
25142	28883
31183	32213
32558	32645
32662	32664
32664	32664
32664	32664
32664	32664
32664	32664
32664	32664
32664	32664
32664	32664
32664	32664
32664	32664
32664	32664
32664	32664
32664	32664
32664	32664
32664	32664
32664	32664
32664	32664
32664	32664
32664	32664
32664	32664
32664	32664
32664	32664
32664	32664
32664	32664
32664	32664
32664	32664
32664	32664
32664	32664
32664	32664
32664	32664
32664	32664
32664	32664
32664	32664
32664	32664
32664	32664
32664	32664
32664	32664
32664	32664
32664	32664
32664	32664
32664	32664
32664	32664
32664	32664
32664	32664
32664	32664
32664	32664
32663	32664
32664	32664
32664	32664
32664	32664
32664	32664
32663	32663
32655	32626
32553	32393
32122	31701
30996	29741
27676	24772
21495	18765
17471	17828
19275	21046
22717	24125
25113	25551
25490	25152
24751	24298
23722	23106
22651	22484
22549	22760
23089	23562
24135	24673
25090	25502
26022	26453
26290	25206
23458	21615
19869	17750
14607	10494
6478	3696
2336	1864
1756	1757
1789	1841
1892	1897
1835	1792
1866	2069
2343	2676
3102	3638
4148	4377
4171	3644
3086	2756
2742	2946
3164	3192
2978	2655
2440	2492
2892	3655
4698	5830
6791	7417
7743	7870
7831	7765
8038	8910
10135	11189
11921	12629
13541	14734
16669	19974
24320	28321
30914	32120
32531	32636
32657	32661
32664	32664
32664	32664
32664	32664
32664	32664
32664	32664
32664	32664
32664	32664
32664	32664
32664	32664
32664	32664
32664	32664
32664	32664
32664	32664
32664	32664
32664	32664
32664	32664
32664	32664
32664	32664
32664	32664
32664	32664
32664	32664
32664	32664
32664	32664
32664	32664
32664	32664
32664	32664
32664	32664
32664	32664
32664	32664
32664	32664
32664	32664
32664	32664
32664	32664
32664	32664
32664	32664
32664	32664
32664	32664
32664	32664
32664	32664
32664	32664
32664	32664
32664	32664
32664	32664
32664	32664
32664	32664
32664	32664
32664	32664
32664	32664
32664	32664
32664	32664
32664	32663
32654	32625
32546	32401
32196	31965
31653	31045
29799	27624
24605	21539
19638	19552
20842	22572
24104	25223
25830	25882
25449	24740
23969	23185
22378	21640
21177	21085
21295	21654
22076	22586
23220	23934
24676	25462
26276	26825
26627	25479
23768	22082
20550	18634
15573	11344
7061	4008
2498	1979
1858	1849
1867	1901
1933	1917
1845	1793
1859	2058
2326	2618
2973	3461
4014	4392
4366	3951
3372	2910
2744	2890
3195	3407
3352	3065
2724	2549
2712	3289
4228	5357
6400	7127
7510	7668
7676	7595
7717	8410
9573	10665
11391	12035
12955	14198
16027	19082
23335	27565
30508	31960
32482	32619
32649	32656
32660	32664
32664	32664
32664	32664
32664	32664
32664	32664
32664	32664
32664	32664
32664	32664
32664	32664
32664	32664
32664	32664
32664	32664
32664	32664
32664	32664
32664	32664
32664	32664
32664	32664
32664	32664
32664	32664
32664	32664
32664	32664
32664	32664
32664	32664
32664	32664
32664	32664
32664	32664
32664	32664
32664	32664
32664	32664
32664	32664
32664	32664
32664	32664
32664	32664
32664	32664
32664	32664
32664	32664
32664	32664
32664	32664
32664	32664
32664	32664
32664	32664
32664	32664
32664	32664
32664	32664
32664	32664
32664	32664
32664	32664
32664	32664
32664	32664
32664	32664
32664	32661
32652	32618
32536	32391
32216	32072
31949	31702
31038	29585
27166	24283
22125	21578
22450	23882
25154	25942
26159	25836
25105	24173
23203	22245
21287	20409
19795	19607
19836	20311
20834	21367
22014	22881
23962	25169
26317	27044
26911	25794
24135	22555
21178	19439
16514	12258
7743	4398
2689	2093
1953	1947
1965	1983
1991	1960
1886	1833
1889	2089
2368	2664
2994	3438
3975	4409
4513	4220
3676	3124
2801	2819
3106	3443
3601	3477
3140	2809
2730	3067
3836	4897
5988	6818
7271	7471
7531	7476
7497	7984
9019	10103
10818	11402
12310	13612
15383	18192
22286	26684
29989	31739
32402	32586
32629	32643
32654	32660
32664	32664
32664	32664
32664	32664
32664	32664
32664	32664
32664	32664
32664	32664
32664	32664
32664	32664
32664	32664
32664	32664
32664	32664
32664	32664
32664	32664
32664	32664
32664	32664
32664	32664
32664	32664
32664	32664
32664	32664
32664	32664
32664	32664
32664	32664
32664	32664
32664	32664
32664	32664
32664	32664
32664	32664
32664	32664
32664	32664
32664	32664
32664	32664
32664	32664
32664	32664
32664	32664
32664	32664
32664	32664
32664	32664
32664	32664
32664	32664
32664	32664
32664	32664
32664	32664
32664	32664
32664	32664
32664	32664
32664	32664
32664	32664
32664	32664
32664	32663
32652	32621
32545	32422
32286	32196
32156	32073
31745	30849
29114	26750
24648	23703
24014	24975
25891	26306
26058	25281
24270	23275
22381	21538
20655	19701
18821	18304
18320	18765
19351	19917
20598	21619
23042	24655
26125	27066
27107	26151
24620	23116
21820	20206
17416	13175
8471	4824
2880	2177
2024	2033
2068	2087
2072	2029
1966	1922
1972	2162
2457	2776
3113	3534
4040	4476
4650	4461
3974	3373
2914	2762
2938	3307
3651	3751
3537	3156
2886	2970
3517	4463
5561	6480
7030	7284
7407	7425
7412	7698
8509	9486
10170	10702
11595	12969
14739	17340
21222	25711
29359	31446
32290	32543
32606	32629
32644	32653
32659	32662
32664	32664
32664	32664
32664	32664
32664	32664
32664	32664
32664	32664
32664	32664
32664	32664
32664	32664
32664	32664
32664	32664
32664	32664
32664	32664
32664	32664
32664	32664
32664	32664
32664	32664
32664	32664
32664	32664
32664	32664
32664	32664
32664	32664
32664	32664
32664	32664
32664	32664
32664	32664
32664	32664
32664	32664
32664	32664
32664	32664
32664	32664
32664	32664
32664	32664
32664	32664
32664	32664
32664	32664
32664	32664
32664	32664
32664	32664
32664	32664
32664	32664
32664	32664
32664	32664
32664	32664
32664	32664
32664	32664
32664	32664
32664	32664
32664	32662
32655	32629
32573	32486
32396	32344
32337	32320
32163	31652
30526	28783
26935	25713
25452	25866
26337	26275
25425	24048
22668	21643
20977	20496
19967	19187
18190	17351
17064	17368
17953	18569
19323	20512
22205	24103
25796	26940
27205	26486
25132	23716
22469	20941
18266	14061
9202	5265
3064	2234
2057	2092
2159	2190
2173	2124
2073	2047
2097	2273
2562	2888
3234	3658
4156	4591
4796	4678
4243	3634
3080	2769
2788	3099
3529	3814
3772	3447
3071	2940
3258	4046
5114	6116
6774	7097
7285	7411
7445	7579
8095	8852
9446	9935
10815	12264
14095	16546
20179	24662
28629	31085
32157	32498
32585	32614
32631	32645
32653	32659
32663	32664
32664	32664
32664	32664
32664	32664
32664	32664
32664	32664
32664	32664
32664	32664
32664	32664
32664	32664
32664	32664
32664	32664
32664	32664
32664	32664
32664	32664
32664	32664
32664	32664
32664	32664
32664	32664
32664	32664
32664	32664
32664	32664
32664	32664
32664	32664
32664	32664
32664	32664
32664	32664
32664	32664
32664	32664
32664	32664
32664	32664
32664	32664
32664	32664
32664	32664
32664	32664
32664	32664
32664	32664
32664	32664
32664	32664
32664	32664
32664	32664
32664	32664
32664	32664
32664	32664
32664	32664
32664	32664
32664	32664
32664	32664
32664	32664
32656	32639
32600	32544
32487	32463
32470	32471
32401	32125
31458	30277
28763	27414
26679	26557
26526	25890
24325	22220
20332	19139
18621	18517
18501	18208
17492	16675
16303	16553
17160	17848
18700	20003
21789	23736
25484	26752
27233	26760
25589	24254
23034	21566
19011	14887
9936	5737
3270	2292
2078	2127
2226	2292
2292	2245
2201	2188
2239	2400
2669	2975
3311	3750
4280	4745
4974	4890
4504	3915
3309	2872
2726	2908
3307	3686
3807	3607
3230	2952
3054	3663
4653	5703
6481	6897
7138	7373
7533	7622
7847	8279
8702	9131
9998	11522
13455	15818
19180	23571
27804	30654
31998	32450
32567	32600
32616	32626
32639	32652
32661	32664
32664	32664
32664	32664
32664	32664
32664	32664
32664	32664
32664	32664
32664	32664
32664	32664
32664	32664
32664	32664
32664	32664
32664	32664
32664	32664
32664	32664
32664	32664
32664	32664
32664	32664
32664	32664
32664	32664
32664	32664
32664	32664
32664	32664
32664	32664
32664	32664
32664	32664
32664	32664
32664	32664
32664	32664
32664	32664
32664	32664
32664	32664
32664	32664
32664	32664
32664	32664
32664	32664
32664	32664
32664	32664
32664	32664
32664	32664
32664	32664
32664	32664
32664	32664
32664	32664
32664	32664
32664	32664
32664	32664
32664	32664
32664	32664
32658	32644
32616	32578
32541	32528
32538	32548
32517	32378
32001	31232
30045	28712
27664	27075
26530	25315
23084	20314
17911	16439
15879	15990
16445	16793
16687	16315
16206	16617
17328	18082
18965	20237
21886	23641
25256	26547
27193	26959
25980	24719
23483	22030
19596	15625
10671	6265
3531	2387
2117	2164
2298	2407
2442	2407
2356	2342
2389	2533
2776	3054
3379	3849
4444	4963
5210	5140
4786	4235
3618	3086
2775	2776
3057	3441
3685	3642
3340	2998
2920	3330
4196	5250
6129	6642
6937	7272
7616	7790
7819	7883
8024	8331
9173	10766
12813	15145
18271	22512
26933	30163
31797	32380
32539	32579
32591	32602
32621	32644
32656	32664
32664	32664
32664	32664
32664	32664
32664	32664
32664	32664
32664	32664
32664	32664
32664	32664
32664	32664
32664	32664
32664	32664
32664	32664
32664	32664
32664	32664
32664	32664
32664	32664
32664	32664
32664	32664
32664	32664
32664	32664
32664	32664
32664	32664
32664	32664
32664	32664
32664	32664
32664	32664
32664	32664
32664	32664
32664	32664
32664	32664
32664	32664
32664	32664
32664	32664
32664	32664
32664	32664
32664	32664
32664	32664
32664	32664
32664	32664
32664	32664
32664	32664
32664	32664
32664	32664
32664	32664
32664	32664
32664	32664
32664	32664
32664	32664
32660	32647
32625	32594
32568	32561
32571	32582
32567	32493
32276	31774
30874	29652
28444	27482
26481	24804
22149	19047
16412	14784
14153	14337
15104	15992
16517	16713
17013	17655
18439	19152
19918	20976
22308	23711
25065	26256
27010	27029
26298	25132
23846	22355
20034	16267
11397	6841
3855	2527
2192	2235
2391	2548
2629	2619
2577	2552
2577	2693
2912	3186
3530	4044
4699	5257
5515	5437
5105	4594
3992	3397
2938	2737
2848	3166
3479	3578
3396	3060
2856	3070
3772	4775
5719	6327
6687	7101
7637	8013
8006	7738
7501	7583
8340	9975
12158	14560
17565	21652
26153	29665
31562	32285
32492	32541
32559	32575
32606	32636
32655	32662
32664	32664
32664	32664
32664	32664
32664	32664
32664	32664
32664	32664
32664	32664
32664	32664
32664	32664
32664	32664
32664	32664
32664	32664
32664	32664
32664	32664
32664	32664
32664	32664
32664	32664
32664	32664
32664	32664
32664	32664
32664	32664
32664	32664
32664	32664
32664	32664
32664	32664
32664	32664
32664	32664
32664	32664
32664	32664
32664	32664
32664	32664
32664	32664
32664	32664
32664	32664
32664	32664
32664	32664
32664	32664
32664	32664
32664	32664
32664	32664
32664	32664
32664	32664
32664	32664
32664	32664
32664	32664
32664	32664
32664	32664
32664	32664
32661	32650
32631	32608
32588	32582
32591	32602
32591	32541
32406	32073
31395	30326
29061	27825
26482	24552
21842	18870
16470	15048
14540	14812
15719	16864
17739	18267
18784	19469
20152	20670
21174	21888
22809	23792
24784	25764
26556	26852
26456	25469
24155	22591
20354	16810
12076	7417
4192	2681
2263	2297
2474	2680
2825	2883
2886	2867
2865	2942
3139	3433
3828	4389
5057	5606
5836	5745
5424	4957
4389	3770
3196	2809
2733	2931
3237	3438
3387	3114
2854	2897
3408	4307
5266	5966
6402	6878
7565	8186
8296	7832
7189	6917
7500	9132
11490	14136
17238	21228
25662	29273
31339	32175
32428	32494
32525	32558
32599	32633
32654	32664
32664	32664
32664	32664
32664	32664
32664	32664
32664	32664
32664	32664
32664	32664
32664	32664
32664	32664
32664	32664
32664	32664
32664	32664
32664	32664
32664	32664
32664	32664
32664	32664
32664	32664
32664	32664
32664	32664
32664	32664
32664	32664
32664	32664
32664	32664
32664	32664
32664	32664
32664	32664
32664	32664
32664	32664
32664	32664
32664	32664
32664	32664
32664	32664
32664	32664
32664	32664
32664	32664
32664	32664
32664	32664
32664	32664
32664	32664
32664	32664
32664	32664
32664	32664
32664	32664
32664	32664
32664	32664
32664	32664
32664	32664
32664	32664
32661	32652
32638	32619
32604	32601
32609	32613
32602	32565
32472	32237
31719	30791
29524	28123
26586	24632
22180	19728
17942	17063
16906	17309
18182	19243
20073	20588
21031	21536
21964	22213
22421	22776
23278	23821
24386	25059
25814	26376
26385	25675
24402	22780
20603	17253
12651	7916
4480	2789
2285	2299
2496	2759
3004	3179
3279	3299
3276	3306
3483	3810
4266	4857
5484	5952
6120	6007
5700	5274
4762	4158
3522	2996
2732	2773
3006	3247
3312	3148
2894	2818
3135	3872
4798	5578
6100	6612
7381	8213
8552	8061
7078	6381
6679	8258
10821	13872
17293	21291
25546	29069
31179	32086
32375	32457
32505	32553
32600	32637
32655	32663
32664	32664
32664	32664
32664	32664
32664	32664
32664	32664
32664	32664
32664	32664
32664	32664
32664	32664
32664	32664
32664	32664
32664	32664
32664	32664
32664	32664
32664	32664
32664	32664
32664	32664
32664	32664
32664	32664
32664	32664
32664	32664
32664	32664
32664	32664
32664	32664
32664	32664
32664	32664
32664	32664
32664	32664
32664	32664
32664	32664
32664	32664
32664	32664
32664	32664
32664	32664
32664	32664
32664	32664
32664	32664
32664	32664
32664	32664
32664	32664
32664	32664
32664	32664
32664	32664
32664	32664
32664	32664
32664	32664
32664	32664
32664	32664
32662	32655
32643	32626
32615	32614
32617	32620
32609	32580
32513	32338
31917	31098
29862	28386
26791	24974
22959	21168
20112	19837
20044	20499
21162	21888
22427	22742
23001	23282
23474	23516
23518	23603
23769	23923
24087	24424
25058	25792
26160	25762
24610	22977
20817	17577
13054	8257
4664	2824
2233	2222
2451	2792
3163	3493
3723	3807
3772	3756
3908	4256
4764	5369
5923	6268
6348	6199
5899	5518
5069	4519
3876	3264
2848	2715
2829	3046
3182	3136
2947	2806
2947	3497
4339	5164
5766	6305
7090	8073
8673	8319
7150	6045
5972	7390
10101	13593
17462	21577
25645	28993
31084	32033
32349	32446
32506	32563
32610	32644
32658	32664
32664	32664
32664	32664
32664	32664
32664	32664
32664	32664
32664	32664
32664	32664
32664	32664
32664	32664
32664	32664
32664	32664
32664	32664
32664	32664
32664	32664
32664	32664
32664	32664
32664	32664
32664	32664
32664	32664
32664	32664
32664	32664
32664	32664
32664	32664
32664	32664
32664	32664
32664	32664
32664	32664
32664	32664
32664	32664
32664	32664
32664	32664
32664	32664
32664	32664
32664	32664
32664	32664
32664	32664
32664	32664
32664	32664
32664	32664
32664	32664
32664	32664
32664	32664
32664	32664
32664	32664
32664	32664
32664	32664
32664	32664
32664	32664
32663	32660
32647	32635
32623	32620
32621	32622
32616	32596
32541	32397
32038	31297
30104	28609
27017	25389
23820	22646
22173	22312
22680	23038
23401	23757
24009	24154
24296	24448
24532	24502
24425	24381
24357	24283
24184	24260
24716	25455
26008	25863
24866	23242
21031	17759
13218	8371
4704	2788
2147	2117
2376	2808
3320	3815
4188	4344
4294	4227
4335	4689
5238	5862
6351	6576
6549	6351
6042	5684
5298	4827
4236	3596
3059	2767
2732	2869
3025	3078
2979	2829
2836	3192
3899	4707
5366	5927
6708	7772
8622	8523
7356	5959
5480	6598
9290	13088
17385	21705
25700	28929
31008	32006
32357	32460
32520	32572
32617	32644
32658	32664
32664	32664
32664	32664
32664	32664
32664	32664
32664	32664
32664	32664
32664	32664
32664	32664
32664	32664
32664	32664
32664	32664
32664	32664
32664	32664
32664	32664
32664	32664
32664	32664
32664	32664
32664	32664
32664	32664
32664	32664
32664	32664
32664	32664
32664	32664
32664	32664
32664	32664
32664	32664
32664	32664
32664	32664
32664	32664
32664	32664
32664	32664
32664	32664
32664	32664
32664	32664
32664	32664
32664	32664
32664	32664
32664	32664
32664	32664
32664	32664
32664	32664
32664	32664
32664	32664
32664	32664
32664	32664
32664	32664
32664	32664
32664	32664
32664	32660
32652	32640
32628	32622
32620	32620
32615	32601
32556	32424
32102	31414
30243	28718
27121	25654
24458	23749
23651	23961
24302	24493
24605	24716
24807	24885
24992	25109
25181	25183
25144	25103
25047	24923
24746	24688
24966	25564
26115	26093
25219	23585
21237	17798
13136	8250
4595	2704
2059	2019
2297	2808
3456	4119
4645	4877
4819	4687
4727	5058
5642	6298
6754	6882
6764	6506
6169	5807
5453	5064
4560	3950
3351	2920
2726	2748
2875	2984
2973	2855
2778	2960
3484	4200
4868	5460
6234	7341
8391	8597
7601	6065
5210	5922
8406	12314
16944	21544
25617	28833
30938	31985
32367	32477
32527	32569
32612	32642
32656	32664
32664	32664
32664	32664
32664	32664
32664	32664
32664	32664
32664	32664
32664	32664
32664	32664
32664	32664
32664	32664
32664	32664
32664	32664
32664	32664
32664	32664
32664	32664
32664	32664
32664	32664
32664	32664
32664	32664
32664	32664
32664	32664
32664	32664
32664	32664
32664	32664
32664	32664
32664	32664
32664	32664
32664	32664
32664	32664
32664	32664
32664	32664
32664	32664
32664	32664
32664	32664
32664	32664
32664	32664
32664	32664
32664	32664
32664	32664
32664	32664
32664	32664
32664	32664
32664	32664
32664	32664
32664	32664
32664	32664
32664	32664
32664	32664
32664	32660
32651	32639
32628	32620
32617	32616
32613	32601
32561	32439
32133	31455
30255	28640
26982	25618
24710	24348
24490	24863
25129	25182
25150	25145
25172	25226
25315	25425
25526	25611
25683	25736
25745	25663
25511	25420
25567	25981
26413	26406
25611	23972
21459	17765
12916	7989
4406	2597
1985	1935
2209	2761
3524	4359
5055	5397
5353	5152
5086	5359
5970	6675
7125	7193
7008	6701
6324	5926
5562	5219
4811	4280
3683	3162
2832	2718
2773	2888
2933	2862
2754	2792
3115	3674
4301	4912
5681	6797
7990	8497
7777	6252
5098	5366
7508	11369
16260	21224
25531	28812
30912	31969
32357	32468
32512	32555
32601	32636
32655	32662
32664	32664
32664	32664
32664	32664
32664	32664
32664	32664
32664	32664
32664	32664
32664	32664
32664	32664
32664	32664
32664	32664
32664	32664
32664	32664
32664	32664
32664	32664
32664	32664
32664	32664
32664	32664
32664	32664
32664	32664
32664	32664
32664	32664
32664	32664
32664	32664
32664	32664
32664	32664
32664	32664
32664	32664
32664	32664
32664	32664
32664	32664
32664	32664
32664	32664
32664	32664
32664	32664
32664	32664
32664	32664
32664	32664
32664	32664
32664	32664
32664	32664
32664	32664
32664	32664
32664	32664
32664	32664
32664	32664
32664	32664
32664	32664
32664	32660
32652	32639
32627	32619
32612	32610
32609	32601
32565	32443
32137	31429
30132	28360
26591	25297
24640	24577
24933	25377
25603	25569
25436	25346
25322	25352
25429	25534
25673	25853
26052	26227
26316	26293
26181	26093
26154	26410
26706	26682
25967	24357
21714	17775
12725	7750
4239	2513
1926	1852
2089	2641
3476	4465
5354	5858
5883	5632
5447	5609
6206	6963
7446	7502
7284	6947
6535	6077
5651	5298
4962	4544
4022	3481
3045	2804
2754	2820
2881	2851
2746	2689
2821	3197
3735	4334
5081	6167
7441	8216
7818	6412
5054	4900
6637	10337
15444	20874
25563	28952
30998	31980
32335	32438
32488	32537
32588	32630
32653	32662
32664	32664
32664	32664
32664	32664
32664	32664
32664	32664
32664	32664
32664	32664
32664	32664
32664	32664
32664	32664
32664	32664
32664	32664
32664	32664
32664	32664
32664	32664
32664	32664
32664	32664
32664	32664
32664	32664
32664	32664
32664	32664
32664	32664
32664	32664
32664	32664
32664	32664
32664	32664
32664	32664
32664	32664
32664	32664
32664	32664
32664	32664
32664	32664
32664	32664
32664	32664
32664	32664
32664	32664
32664	32664
32664	32664
32664	32664
32664	32664
32664	32664
32664	32664
32664	32664
32664	32664
32664	32664
32664	32664
32664	32664
32664	32664
32662	32659
32646	32634
32622	32614
32608	32604
32603	32597
32563	32442
32123	31362
29941	27995
26118	24894
24473	24690
25250	25778
25981	25849
25596	25401
25315	25322
25388	25499
25681	25940
26249	26518
26676	26699
26622	26534
26541	26693
26898	26890
26278	24745
22027	17891
12662	7637
4165	2480
1896	1784
1958	2460
3301	4390
5460	6172
6344	6114
5813	5817
6334	7121
7681	7787
7576	7229
6794	6277
5761	5337
5019	4706
4312	3830
3357	3013
2839	2809
2838	2831
2754	2645
2630	2822
3236	3775
4468	5480
6771	7757
7695	6499
5047	4530
5821	9255
14503	20430
25615	29192
31165	32035
32335	32426
32477	32528
32584	32629
32653	32662
32664	32664
32664	32664
32664	32664
32664	32664
32664	32664
32664	32664
32664	32664
32664	32664
32664	32664
32664	32664
32664	32664
32664	32664
32664	32664
32664	32664
32664	32664
32664	32664
32664	32664
32664	32664
32664	32664
32664	32664
32664	32664
32664	32664
32664	32664
32664	32664
32664	32664
32664	32664
32664	32664
32664	32664
32664	32664
32664	32664
32664	32664
32664	32664
32664	32664
32664	32664
32664	32664
32664	32664
32664	32664
32664	32664
32664	32664
32664	32664
32664	32664
32664	32664
32664	32664
32664	32664
32664	32664
32664	32664
32664	32664
32664	32664
32661	32653
32641	32624
32611	32604
32601	32598
32595	32591
32560	32444
32114	31320
29820	27764
25839	24705
24484	24907
25601	26163
26304	26044
25649	25349
25207	25189
25259	25396
25615	25922
26271	26582
26791	26864
26825	26754
26744	26854
27037	27075
26578	25134
22380	18107
12740	7656
4186	2513
1915	1760
1862	2267
3033	4127
5328	6265
6661	6539
6170	5997
6365	7135
7792	8002
7838	7505
7071	6528
5927	5396
5026	4764
4498	4143
3718	3325
3034	2874
2823	2816
2769	2652
2538	2569
2831	3268
3863	4761
5994	7121
7379	6477
5057	4266
5103	8171
13421	19769
25479	29335
31317	32108
32362	32435
32480	32532
32587	32630
32653	32662
32664	32664
32664	32664
32664	32664
32664	32664
32664	32664
32664	32664
32664	32664
32664	32664
32664	32664
32664	32664
32664	32664
32664	32664
32664	32664
32664	32664
32664	32664
32664	32664
32664	32664
32664	32664
32664	32664
32664	32664
32664	32664
32664	32664
32664	32664
32664	32664
32664	32664
32664	32664
32664	32664
32664	32664
32664	32664
32664	32664
32664	32664
32664	32664
32664	32664
32664	32664
32664	32664
32664	32664
32664	32664
32664	32664
32664	32664
32664	32664
32664	32664
32664	32664
32664	32664
32664	32664
32664	32664
32664	32664
32664	32664
32664	32664
32661	32651
32636	32617
32602	32596
32592	32592
32588	32584
32554	32445
32131	31357
29870	27821
25924	24874
24768	25278
25993	26506
26553	26180
25680	25295
25097	25054
25140	25322
25579	25889
26222	26519
26740	26852
26862	26827
26846	26974
27185	27288
26893	25537
22784	18417
12940	7781
4282	2600
1996	1811
1838	2109
2723	3732
4988	6126
6785	6843
6487	6164
6337	7026
7757	8097
8023	7729
7327	6797
6153	5515
5029	4735
4551	4346
4051	3682
3308	3014
2858	2818
2798	2697
2537	2448
2547	2838
3301	4044
5150	6325
6861	6313
5062	4122
4560	7229
12366	18983
25126	29290
31370	32151
32382	32443
32484	32534
32589	32632
32655	32662
32664	32664
32664	32664
32664	32664
32664	32664
32664	32664
32664	32664
32664	32664
32664	32664
32664	32664
32664	32664
32664	32664
32664	32664
32664	32664
32664	32664
32664	32664
32664	32664
32664	32664
32664	32664
32664	32664
32664	32664
32664	32664
32664	32664
32664	32664
32664	32664
32664	32664
32664	32664
32664	32664
32664	32664
32664	32664
32664	32664
32664	32664
32664	32664
32664	32664
32664	32664
32664	32664
32664	32664
32664	32664
32664	32664
32664	32664
32664	32664
32664	32664
32664	32664
32664	32664
32664	32664
32664	32664
32664	32664
32664	32664
32664	32664
32661	32650
32632	32612
32595	32591
32588	32586
32584	32578
32551	32457
32171	31461
30065	28109
26290	25299
25221	25715
26366	26794
26763	26338
25788	25343
25089	25021
25130	25362
25645	25935
26205	26444
26633	26756
26806	26827
26905	27086
27340	27499
27198	25944
23238	18827
13254	7997
4435	2726
2124	1924
1883	2014
2442	3290
4510	5786
6696	6988
6736	6341
6321	6862
7610	8079
8126	7900
7542	7049
6404	5689
5066	4665
4478	4400
4276	4015
3628	3233
2970	2874
2856	2784
2619	2450
2403	2530
2835	3391
4309	5427
6164	5992
5029	4085
4252	6597
11603	18354
24764	29152
31336	32144
32372	32431
32474	32532
32593	32635
32655	32664
32664	32664
32664	32664
32664	32664
32664	32664
32664	32664
32664	32664
32664	32664
32664	32664
32664	32664
32664	32664
32664	32664
32664	32664
32664	32664
32664	32664
32664	32664
32664	32664
32664	32664
32664	32664
32664	32664
32664	32664
32664	32664
32664	32664
32664	32664
32664	32664
32664	32664
32664	32664
32664	32664
32664	32664
32664	32664
32664	32664
32664	32664
32664	32664
32664	32664
32664	32664
32664	32664
32664	32664
32664	32664
32664	32664
32664	32664
32664	32664
32664	32664
32664	32664
32664	32664
32664	32664
32664	32664
32664	32664
32664	32664
32664	32664
32661	32651
32634	32613
32597	32592
32590	32586
32585	32577
32554	32469
32220	31584
30304	28484
26763	25804
25711	26148
26708	27049
26976	26553
26014	25554
25262	25171
25289	25546
25827	26069
26267	26429
26554	26640
26700	26767
26907	27142
27438	27644
27440	26307
23683	19278
13641	8285
4637	2888
2271	2070
1980	1995
2239	2877
3971	5297
6417	6970
6909	6536
6367	6723
7416	7980
8158	8024
7711	7253
6626	5871
5125	4575
4314	4295
4345	4261
3955	3530
3180	3009
2965	2918
2784	2590
2439	2412
2542	2892
3573	4544
5385	5557
4951	4134
4177	6337
11271	18085
24599	29056
31281	32110
32346	32412
32465	32531
32595	32638
32657	32664
32664	32664
32664	32664
32664	32664
32664	32664
32664	32664
32664	32664
32664	32664
32664	32664
32664	32664
32664	32664
32664	32664
32664	32664
32664	32664
32664	32664
32664	32664
32664	32664
32664	32664
32664	32664
32664	32664
32664	32664
32664	32664
32664	32664
32664	32664
32664	32664
32664	32664
32664	32664
32664	32664
32664	32664
32664	32664
32664	32664
32664	32664
32664	32664
32664	32664
32664	32664
32664	32664
32664	32664
32664	32664
32664	32664
32664	32664
32664	32664
32664	32664
32664	32664
32664	32664
32664	32664
32664	32664
32664	32664
32664	32664
32664	32664
32661	32652
32638	32619
32606	32599
32596	32592
32589	32583
32559	32485
32270	31698
30532	28849
27227	26299
26190	26564
27025	27281
27185	26805
26323	25904
25617	25513
25611	25838
26077	26259
26388	26465
26502	26519
26550	26633
26816	27106
27447	27713
27591	26566
24041	19691
14043	8616
4878	3065
2425	2212
2103	2044
2127	2535
3432	4706
5964	6782
6982	6732
6482	6643
7220	7831
8143	8112
7844	7407
6792	6016
5190	4494
4103	4060
4234	4363
4239	3887
3494	3238
3133	3091
3011	2846
2653	2522
2508	2663
3087	3828
4647	5083
4840	4231
4264	6339
11262	18110
24622	29040
31240	32073
32322	32404
32467	32540
32602	32640
32657	32664
32664	32664
32664	32664
32664	32664
32664	32664
32664	32664
32664	32664
32664	32664
32664	32664
32664	32664
32664	32664
32664	32664
32664	32664
32664	32664
32664	32664
32664	32664
32664	32664
32664	32664
32664	32664
32664	32664
32664	32664
32664	32664
32664	32664
32664	32664
32664	32664
32664	32664
32664	32664
32664	32664
32664	32664
32664	32664
32664	32664
32664	32664
32664	32664
32664	32664
32664	32664
32664	32664
32664	32664
32664	32664
32664	32664
32664	32664
32664	32664
32664	32664
32664	32664
32664	32664
32664	32664
32664	32664
32664	32664
32664	32664
32664	32664
32662	32657
32645	32629
32617	32608
32603	32598
32592	32588
32566	32503
32312	31796
30731	29169
27644	26751
26624	26937
27296	27459
27353	27035
26650	26303
26053	25943
25995	26160
26337	26466
26530	26532
26484	26421
26389	26454
26663	27008
27413	27728
27662	26710
24287	20042
14444	8976
5142	3248
2566	2347
2230	2130
2092	2290
2944	4068
5369	6413
6917	6887
6649	6642
7054	7648
8075	8158
7946	7521
6910	6125
5241	4428
3893	3765
3995	4324
4452	4273
3914	3573
3370	3294
3256	3165
3004	2849
2769	2801
3001	3460
4114	4660
4711	4336
4421	6455
11358	18212
24684	29035
31201	32042
32316	32415
32486	32556
32611	32644
32658	32664
32664	32664
32664	32664
32664	32664
32664	32664
32664	32664
32664	32664
32664	32664
32664	32664
32664	32664
32664	32664
32664	32664
32664	32664
32664	32664
32664	32664
32664	32664
32664	32664
32664	32664
32664	32664
32664	32664
32664	32664
32664	32664
32664	32664
32664	32664
32664	32664
32664	32664
32664	32664
32664	32664
32664	32664
32664	32664
32664	32664
32664	32664
32664	32664
32664	32664
32664	32664
32664	32664
32664	32664
32664	32664
32664	32664
32664	32664
32664	32664
32664	32664
32664	32664
32664	32664
32664	32664
32664	32664
32664	32664
32664	32664
32664	32664
32663	32659
32647	32637
32624	32614
32607	32602
32596	32588
32563	32505
32336	31878
30907	29462
28014	27142
26988	27223
27475	27564
27464	27217
26906	26610
26391	26278
26288	26396
26531	26627
26653	26608
26510	26394
26316	26354
26573	26957
27402	27739
27690	26800
24497	20405
14900	9393
5434	3428
2694	2465
2345	2224
2112	2157
2573	3464
4672	5855
6669	6945
6829	6715
6933	7449
7942	8144
8002	7604
7006	6215
5291	4390
3725	3494
3719	4196
4587	4654
4408	4027
3699	3525
3487	3474
3402	3302
3263	3295
3385	3586
3970	4420
4614	4432
4600	6587
11406	18213
24657	28982
31152	32018
32325	32438
32508	32569
32616	32644
32658	32664
32664	32664
32664	32664
32664	32664
32664	32664
32664	32664
32664	32664
32664	32664
32664	32664
32664	32664
32664	32664
32664	32664
32664	32664
32664	32664
32664	32664
32664	32664
32664	32664
32664	32664
32664	32664
32664	32664
32664	32664
32664	32664
32664	32664
32664	32664
32664	32664
32664	32664
32664	32664
32664	32664
32664	32664
32664	32664
32664	32664
32664	32664
32664	32664
32664	32664
32664	32664
32664	32664
32664	32664
32664	32664
32664	32664
32664	32664
32664	32664
32664	32664
32664	32664
32664	32664
32664	32664
32664	32664
32664	32664
32664	32664
32664	32664
32664	32660
32652	32641
32628	32617
32607	32602
32593	32578
32548	32484
32336	31933
31065	29726
28342	27465
27248	27392
27551	27587
27498	27288
26979	26666
26443	26342
26350	26446
26584	26692
26726	26679
26586	26486
26415	26446
26651	27017
27433	27738
27696	26900
24779	20886
15474	9891
5755	3603
2807	2557
2433	2301
2166	2129
2353	2965
3958	5151
6217	6840
6957	6842
6894	7271
7769	8062
8015	7668
7094	6300
5343	4377
3625	3305
3501	4059
4645	4954
4891	4547
4113	3798
3688	3713
3735	3738
3804	3950
4086	4165
4274	4484
4620	4545
4785	6683
11318	18003
24450	28848
31089	32008
32343	32469
32534	32578
32615	32643
32656	32664
32664	32664
32664	32664
32664	32664
32664	32664
32664	32664
32664	32664
32664	32664
32664	32664
32664	32664
32664	32664
32664	32664
32664	32664
32664	32664
32664	32664
32664	32664
32664	32664
32664	32664
32664	32664
32664	32664
32664	32664
32664	32664
32664	32664
32664	32664
32664	32664
32664	32664
32664	32664
32664	32664
32664	32664
32664	32664
32664	32664
32664	32664
32664	32664
32664	32664
32664	32664
32664	32664
32664	32664
32664	32664
32664	32664
32664	32664
32664	32664
32664	32664
32664	32664
32664	32664
32664	32664
32664	32664
32664	32664
32664	32664
32664	32664
32664	32660
32654	32642
32630	32617
32608	32601
32588	32566
32524	32454
32320	31975
31205	29966
28620	27702
27405	27457
27544	27544
27448	27200
26796	26392
26150	26095
26159	26307
26501	26671
26755	26756
26726	26698
26682	26725
26890	27169
27481	27709
27686	27034
25155	21483
16149	10448
6092	3763
2894	2629
2497	2367
2242	2177
2263	2607
3311	4376
5574	6523
6967	6992
6955	7167
7594	7939
7986	7715
7180	6388
5407	4393
3589	3223
3395	3962
4626	5097
5235	5019
4563	4112
3872	3857
3934	4030
4201	4487
4776	4910
4886	4833
4793	4715
4979	6719
11028	17471
23953	28559
30980	31985
32351	32485
32546	32582
32616	32641
32656	32664
32664	32664
32663	32664
32664	32664
32664	32664
32664	32664
32664	32664
32664	32664
32664	32664
32664	32664
32664	32664
32664	32664
32664	32664
32664	32664
32664	32664
32664	32664
32664	32664
32664	32664
32664	32664
32664	32664
32664	32664
32664	32664
32664	32664
32664	32664
32664	32664
32664	32664
32664	32664
32664	32664
32664	32664
32664	32664
32664	32664
32664	32664
32664	32664
32664	32664
32664	32664
32664	32664
32664	32664
32664	32664
32664	32664
32664	32664
32664	32664
32664	32664
32664	32664
32664	32664
32664	32664
32664	32664
32664	32664
32664	32664
32664	32664
32664	32661
32654	32643
32631	32618
32609	32601
32585	32557
32503	32430
32302	32005
31325	30174
28846	27866
27470	27448
27485	27458
27312	26969
26425	25900
25626	25625
25792	26041
26338	26607
26781	26864
26919	26972
27015	27063
27166	27326
27504	27651
27662	27186
25562	22117
16855	11026
6437	3919
2968	2690
2556	2433
2326	2261
2260	2400
2815	3644
4813	5988
6792	7087
7088	7158
7454	7798
7929	7746
7256	6475
5474	4430
3601	3232
3386	3919
4544	5051
5337	5310
4948	4437
4058	3934
4002	4154
4396	4768
5203	5498
5518	5332
5110	4965
5199	6698
10520	16552
23033	27972
30730	31906
32326	32475
32540	32578
32612	32641
32656	32664
32664	32662
32662	32661
32663	32664
32664	32664
32664	32664
32664	32664
32664	32664
32664	32664
32664	32664
32664	32664
32664	32664
32664	32664
32664	32664
32664	32664
32664	32664
32664	32664
32664	32664
32664	32664
32664	32664
32664	32664
32664	32664
32664	32664
32664	32664
32664	32664
32664	32664
32664	32664
32664	32664
32664	32664
32664	32664
32664	32664
32664	32664
32664	32664
32664	32664
32664	32664
32664	32664
32664	32664
32664	32664
32664	32664
32664	32664
32664	32664
32664	32664
32664	32664
32664	32664
32664	32664
32664	32664
32664	32664
32664	32664
32664	32664
32664	32661
32654	32643
32631	32619
32610	32601
32583	32554
32498	32420
32308	32050
31447	30364
29038	27978
27480	27392
27400	27351
27165	26744
26093	25459
25118	25122
25356	25720
26139	26525
26799	26975
27107	27216
27280	27308
27341	27411
27503	27610
27663	27335
25942	22725
17569	11654
6837	4115
3056	2746
2621	2515
2429	2366
2314	2318
2503	3057
4043	5280
6379	7020
7190	7199
7358	7652
7847	7755
7326	6556
5543	4482
3654	3297
3463	3948
4455	4858
5178	5338
5174	4722
4250	3990
3992	4168
4452	4849
5355	5805
5970	5803
5496	5280
5447	6664
9878	15321
21703	27037
30276	31739
32262	32435
32510	32561
32608	32640
32657	32664
32661	32659
32658	32658
32661	32662
32664	32664
32664	32664
32664	32664
32664	32664
32664	32664
32664	32664
32664	32664
32664	32664
32664	32664
32664	32664
32664	32664
32664	32664
32664	32664
32664	32664
32664	32664
32664	32664
32664	32664
32664	32664
32664	32664
32664	32664
32664	32664
32664	32664
32664	32664
32664	32664
32664	32664
32664	32664
32664	32664
32664	32664
32664	32664
32664	32664
32664	32664
32664	32664
32664	32664
32664	32664
32664	32664
32664	32664
32664	32664
32664	32664
32664	32664
32664	32664
32664	32664
32664	32664
32664	32664
32664	32664
32664	32664
32664	32661
32654	32643
32632	32622
32613	32603
32588	32562
32509	32436
32337	32116
31578	30559
29236	28089
27480	27321
27317	27284
27126	26725
26066	25360
24885	24773
24985	25420
25956	26448
26816	27067
27253	27378
27416	27375
27349	27399
27509	27640
27723	27472
26247	23265
18298	12380
7370	4411
3193	2820
2688	2602
2536	2485
2415	2341
2357	2640
3359	4481
5731	6697
7138	7208
7270	7489
7721	7725
7369	6624
5602	4536
3724	3405
3611	4077
4453	4647
4855	5128
5216	4946
4467	4071
3955	4118
4439	4855
5375	5908
6227	6174
5879	5621
5709	6641
9239	14010
20181	25882
29670	31498
32163	32375
32464	32531
32591	32634
32655	32663
32660	32656
32655	32655
32659	32661
32664	32664
32664	32664
32664	32664
32664	32664
32664	32664
32664	32664
32664	32664
32664	32664
32664	32664
32664	32664
32664	32664
32664	32664
32664	32664
32664	32664
32664	32664
32664	32664
32664	32664
32664	32664
32664	32664
32664	32664
32664	32664
32664	32664
32664	32664
32664	32664
32664	32664
32664	32664
32664	32664
32664	32664
32664	32664
32664	32664
32664	32664
32664	32664
32664	32664
32664	32664
32664	32664
32664	32664
32664	32664
32664	32664
32664	32664
32664	32664
32664	32664
32664	32664
32664	32664
32664	32664
32664	32664
32664	32661
32653	32643
32632	32623
32614	32604
32592	32570
32527	32462
32378	32198
31724	30776
29459	28231
27498	27263
27263	27296
27245	26979
26417	25683
25049	24740
24828	25252
25841	26394
26815	27118
27343	27462
27429	27294
27222	27332
27558	27768
27851	27591
26454	23710
19019	13210
8063	4845
3416	2927
2759	2679
2638	2603
2531	2415
2320	2397
2834	3724
4941	6113
6850	7096
7148	7300
7537	7629
7358	6659
5637	4570
3785	3528
3807	4319
4607	4547
4515	4785
5116	5120
4733	4225
3944	4041
4403	4850
5363	5921
6343	6431
6211	5944
5944	6631
8699	12839
18737	24718
29016	31229
32066	32330
32431	32505
32574	32627
32652	32661
32659	32655
32655	32653
32657	32661
32664	32664
32664	32664
32664	32664
32664	32664
32664	32664
32664	32664
32664	32664
32664	32664
32664	32664
32664	32664
32664	32664
32664	32664
32664	32664
32664	32664
32664	32664
32664	32664
32664	32664
32664	32664
32664	32664
32664	32664
32664	32664
32664	32664
32664	32664
32664	32664
32664	32664
32664	32664
32664	32664
32664	32664
32664	32664
32664	32664
32664	32664
32664	32664
32664	32664
32664	32664
32664	32664
32664	32664
32664	32664
32664	32664
32664	32664
32664	32664
32664	32664
32664	32664
32664	32664
32664	32664
32664	32664
32664	32661
32653	32643
32632	32625
32614	32605
32596	32578
32544	32490
32422	32278
31868	30991
29696	28397
27552	27251
27270	27400
27485	27375
26943	26245
25506	25011
24921	25222
25734	26253
26678	27022
27300	27434
27351	27127
27028	27239
27633	27958
28041	27720
26626	24144
19817	14221
8979	5466
3754	3095
2856	2758
2724	2696
2631	2499
2345	2300
2523	3148
4175	5363
6313	6799
6955	7078
7292	7440
7263	6630
5637	4584
3831	3644
4035	4653
4911	4614
4262	4404
4908	5221
5020	4468
4019	3995
4345	4827
5340	5887
6365	6576
6457	6199
6122	6600
8254	11858
17445	23575
28320	30929
31977	32311
32424	32498
32567	32622
32652	32658
32659	32655
32654	32653
32657	32660
32664	32664
32664	32664
32664	32664
32664	32664
32664	32664
32664	32664
32664	32664
32664	32664
32664	32664
32664	32664
32664	32664
32664	32664
32664	32664
32664	32664
32664	32664
32664	32664
32664	32664
32664	32664
32664	32664
32664	32664
32664	32664
32664	32664
32664	32664
32664	32664
32664	32664
32664	32664
32664	32664
32664	32664
32664	32664
32664	32664
32664	32664
32664	32664
32664	32664
32664	32664
32664	32664
32664	32664
32664	32664
32664	32664
32664	32664
32664	32664
32664	32664
32664	32664
32664	32664
32664	32664
32664	32664
32664	32661
32653	32643
32632	32624
32614	32603
32597	32587
32560	32516
32461	32346
31986	31174
29914	28581
27659	27317
27365	27564
27725	27685
27326	26666
25894	25288
25028	25123
25441	25827
26212	26600
26955	27156
27081	26834
26742	27053
27628	28104
28225	27879
26872	24725
20910	15681
10395	6494
4345	3409
3033	2875
2813	2781
2719	2587
2427	2331
2421	2817
3575	4600
5605	6307
6652	6827
7014	7165
7056	6511
5585	4581
3880	3768
4280	5014
5291	4812
4134	4045
4597	5184
5262	4803
4240	4033
4281	4757
5274	5802
6304	6612
6599	6376
6230	6538
7853	10958
16141	22279
27426	30502
31841	32295
32434	32506
32571	32622
32652	32659
32660	32656
32655	32656
32659	32661
32664	32664
32664	32664
32664	32664
32664	32664
32664	32664
32664	32664
32664	32664
32664	32664
32664	32664
32664	32664
32664	32664
32664	32664
32664	32664
32664	32664
32664	32664
32664	32664
32664	32664
32664	32664
32664	32664
32664	32664
32664	32664
32664	32664
32664	32664
32664	32664
32664	32664
32664	32664
32664	32664
32664	32664
32664	32664
32664	32664
32664	32664
32664	32664
32664	32664
32664	32664
32664	32664
32664	32664
32664	32664
32664	32664
32664	32664
32664	32664
32664	32664
32664	32664
32664	32664
32664	32664
32664	32664
32664	32661
32653	32643
32632	32624
32614	32603
32599	32596
32577	32541
32497	32393
32074	31323
30108	28772
27811	27453
27528	27750
27889	27788
27371	26673
25855	25174
24800	24734
24866	25108
25424	25808
26189	26429
26408	26211
26180	26614
27388	28066
28307	28032
27206	25525
22454	17884
12723	8349
5514	4046
3376	3082
2954	2896
2833	2716
2569	2462
2480	2704
3199	3964
4864	5680
6242	6558
6756	6871
6772	6292
5471	4576
3971	3947
4544	5364
5678	5080
4112	3726
4189	4959
5363	5156
4602	4199
4236	4630
5143	5664
6175	6558
6653	6482
6297	6460
7465	10055
14705	20701
26224	29862
31600	32232
32434	32519
32581	32627
32648	32658
32659	32659
32658	32660
32661	32664
32664	32664
32664	32664
32664	32664
32664	32664
32664	32664
32664	32664
32664	32664
32664	32664
32664	32664
32664	32664
32664	32664
32664	32664
32664	32664
32664	32664
32664	32664
32664	32664
32664	32664
32664	32664
32664	32664
32664	32664
32664	32664
32664	32664
32664	32664
32664	32664
32664	32664
32664	32664
32664	32664
32664	32664
32664	32664
32664	32664
32664	32664
32664	32664
32664	32664
32664	32664
32664	32664
32664	32664
32664	32664
32664	32664
32664	32664
32664	32664
32664	32664
32664	32664
32664	32664
32664	32664
32664	32664
32664	32661
32653	32643
32632	32624
32614	32603
32602	32601
32591	32565
32521	32422
32128	31427
30251	28905
27897	27516
27622	27861
27942	27711
27151	26333
25421	24667
24247	24148
24228	24387
24596	24841
25087	25257
25257	25134
25226	25847
26868	27797
28237	28122
27540	26401
24275	20749
16101	11380
7646	5277
4016	3420
3165	3059
2990	2893
2763	2651
2616	2725
3027	3541
4243	5036
5752	6258
6536	6625
6487	6040
5340	4603
4136	4200
4841	5698
6044	5391
4201	3497
3763	4594
5297	5435
5030	4486
4263	4490
4965	5492
6014	6454
6654	6562
6371	6415
7140	9214
13268	19006
24840	29071
31277	32138
32420	32530
32592	32630
32648	32656
32658	32660
32660	32662
32664	32664
32664	32664
32664	32664
32664	32664
32664	32664
32664	32664
32664	32664
32664	32664
32664	32664
32664	32664
32664	32664
32664	32664
32664	32664
32664	32664
32664	32664
32664	32664
32664	32664
32664	32664
32664	32664
32664	32664
32664	32664
32664	32664
32664	32664
32664	32664
32664	32664
32664	32664
32664	32664
32664	32664
32664	32664
32664	32664
32664	32664
32664	32664
32664	32664
32664	32664
32664	32664
32664	32664
32664	32664
32664	32664
32664	32664
32664	32664
32664	32664
32664	32664
32664	32664
32664	32664
32664	32664
32664	32664
32664	32661
32653	32643
32632	32624
32614	32603
32603	32605
32598	32571
32525	32423
32138	31451
30243	28776
27618	27171
27336	27685
27810	27540
26911	26027
25066	24282
23869	23806
23918	24026
24054	24016
23991	24008
23974	23909
24139	24981
26256	27416
28056	28114
27758	27101
25933	23710
20083	15472
10931	7399
5172	4004
3482	3277
3187	3102
2983	2850
2768	2805
2992	3336
3837	4497
5236	5885
6300	6432
6291	5896
5321	4735
4383	4506
5163	6040
6425	5762
4406	3419
3444	4235
5132	5596
5424	4855
4405	4413
4797	5320
5860	6347
6634	6637
6471	6435
6928	8558
12055	17482
23509	28263
30940	32038
32405	32531
32594	32629
32643	32652
32655	32657
32658	32660
32662	32664
32664	32664
32664	32664
32664	32664
32664	32664
32664	32664
32664	32664
32664	32664
32664	32664
32664	32664
32664	32664
32664	32664
32664	32664
32664	32664
32664	32664
32664	32664
32664	32664
32664	32664
32664	32664
32664	32664
32664	32664
32664	32664
32664	32664
32664	32664
32664	32664
32664	32664
32664	32664
32664	32664
32664	32664
32664	32664
32664	32664
32664	32664
32664	32664
32664	32664
32664	32664
32664	32664
32664	32664
32664	32664
32664	32664
32664	32664
32664	32664
32664	32664
32664	32664
32664	32664
32664	32664
32664	32664
32664	32661
32653	32643
32633	32626
32616	32606
32604	32605
32595	32562
32504	32389
32083	31330
29935	28126
26606	26003
26308	26954
27354	27279
26800	26054
25214	24511
24133	24077
24174	24180
23961	23587
23286	23184
23135	23098
23422	24411
25825	27090
27833	28011
27802	27484
27087	26131
23860	19994
15176	10588
7144	5056
4016	3582
3418	3331
3214	3059
2935	2919
3049	3298
3647	4134
4761	5437
5969	6231
6206	5936
5494	5009
4707	4840
5494	6392
6829	6182
4713	3498
3306	4012
4991	5664
5727	5251
4675	4452
4685	5175
5729	6237
6590	6683
6577	6503
6814	8094
11118	16206
22306	27481
30598	31943
32382	32521
32587	32620
32637	32645
32652	32653
32655	32656
32660	32663
32664	32664
32664	32664
32664	32664
32664	32664
32664	32664
32664	32664
32664	32664
32664	32664
32664	32664
32664	32664
32664	32664
32664	32664
32664	32664
32664	32664
32664	32664
32664	32664
32664	32664
32664	32664
32664	32664
32664	32664
32664	32664
32664	32664
32664	32664
32664	32664
32664	32664
32664	32664
32664	32664
32664	32664
32664	32664
32664	32664
32664	32664
32664	32664
32664	32664
32664	32664
32664	32664
32664	32664
32664	32664
32664	32664
32664	32664
32664	32664
32664	32664
32664	32664
32664	32664
32664	32664
32664	32664
32664	32661
32653	32643
32634	32627
32619	32608
32605	32603
32583	32536
32455	32313
31955	31040
29254	26811
24665	23802
24352	25538
26487	26853
26745	26340
25788	25267
24937	24840
24844	24703
24234	23566
23076	22962
22984	22992
23334	24312
25676	26884
27616	27844
27732	27618
27716	27713
26767	24116
19788	14728
10180	6921
5020	4100
3726	3575
3453	3296
3148	3093
3172	3360
3620	3956
4414	4992
5566	5977
6155	6090
5797	5376
5064	5168
5810	6730
7228	6615
5071	3681
3331	3971
4975	5741
5970	5641
5043	4624
4660	5067
5609	6121
6505	6678
6641	6556
6742	7743
10369	15118
21204	26716
30241	31830
32350	32506
32575	32611
32631	32640
32647	32648
32648	32651
32656	32660
32664	32664
32664	32664
32664	32664
32664	32664
32664	32664
32664	32664
32664	32664
32664	32664
32664	32664
32664	32664
32664	32664
32664	32664
32664	32664
32664	32664
32664	32664
32664	32664
32664	32664
32664	32664
32664	32664
32664	32664
32664	32664
32664	32664
32664	32664
32664	32664
32664	32664
32664	32664
32664	32664
32664	32664
32664	32664
32664	32664
32664	32664
32664	32664
32664	32664
32664	32664
32664	32664
32664	32664
32664	32664
32664	32664
32664	32664
32664	32664
32664	32664
32664	32664
32664	32664
32664	32664
32664	32664
32664	32661
32653	32643
32634	32627
32620	32609
32603	32598
32571	32501
32399	32232
31806	30664
28346	25069
22105	20903
21761	23650
25328	26285
26638	26626
26401	26096
25836	25690
25592	25308
24647	23760
23154	23090
23265	23380
23699	24540
25701	26737
27404	27667
27649	27659
27991	28522
28564	27222
24015	19332
14250	9880
6828	5071
4230	3882
3714	3563
3419	3333
3354	3485
3689	3936
4248	4676
5191	5685
6061	6219
6098	5751
5434	5498
6114	7047
7590	7010
5416	3892
3422	4043
5086	5899
6205	6001
5446	4896
4717	4986
5490	5999
6403	6629
6661	6589
6678	7456
9747	14192
20227	26002
29878	31692
32298	32478
32558	32603
32628	32638
32641	32639
32637	32640
32649	32659
32662	32664
32664	32664
32664	32664
32664	32664
32664	32664
32664	32664
32664	32664
32664	32664
32664	32664
32664	32664
32664	32664
32664	32664
32664	32664
32664	32664
32664	32664
32664	32664
32664	32664
32664	32664
32664	32664
32664	32664
32664	32664
32664	32664
32664	32664
32664	32664
32664	32664
32664	32664
32664	32664
32664	32664
32664	32664
32664	32664
32664	32664
32664	32664
32664	32664
32664	32664
32664	32664
32664	32664
32664	32664
32664	32664
32664	32664
32664	32664
32664	32664
32664	32664
32664	32664
32664	32664
32664	32664
32664	32661
32653	32643
32634	32628
32621	32609
32603	32594
32558	32475
32360	32180
31709	30385
27614	23605
19874	18283
19347	21856
24221	25731
26501	26805
26831	26706
26524	26362
26192	25803
25006	23978
23285	23274
23628	23904
24222	24874
25779	26614
27198	27497
27577	27664
28045	28765
29400	29155
27306	23704
18905	13919
9709	6800
5149	4366
4027	3845
3699	3590
3560	3638
3808	4015
4238	4530
4934	5419
5904	6249
6313	6089
5812	5856
6432	7342
7896	7342
5710	4069
3500	4130
5272	6150
6465	6310
5822	5214
4847	4935
5367	5880
6300	6563
6653	6609
6634	7226
9234	13402
19355	25320
29495	31526
32231	32444
32539	32595
32624	32635
32635	32628
32626	32630
32644	32656
32662	32664
32664	32664
32664	32664
32664	32664
32664	32664
32664	32664
32664	32664
32664	32664
32664	32664
32664	32664
32664	32664
32664	32664
32664	32664
32664	32664
32664	32664
32664	32664
32664	32664
32664	32664
32664	32664
32664	32664
32664	32664
32664	32664
32664	32664
32664	32664
32664	32664
32664	32664
32664	32664
32664	32664
32664	32664
32664	32664
32664	32664
32664	32664
32664	32664
32664	32664
32664	32664
32664	32664
32664	32664
32664	32664
32664	32664
32664	32664
32664	32664
32664	32664
32664	32664
32664	32664
32664	32664
32664	32661
32653	32643
32634	32628
32621	32609
32602	32592
32553	32468
32353	32181
31718	30386
27528	23239
19056	17060
18024	20771
23524	25405
26452	26946
27110	27092
26973	26816
26597	26140
25274	24166
23404	23411
23907	24366
24719	25220
25894	26533
27007	27294
27430	27557
27904	28646
29582	30094
29454	27211
23401	18569
13647	9561
6783	5222
4476	4127
3939	3813
3749	3780
3927	4126
4318	4528
4830	5256
5768	6234
6470	6402
6211	6261
6786	7627
8148	7596
5944	4211
3538	4177
5448	6435
6739	6547
6106	5523
5036	4934
5247	5739
6177	6480
6631	6634
6621	7056
8791	12653
18465	24559
29030	31319
32156	32419
32526	32588
32618	32629
32628	32620
32619	32625
32639	32653
32662	32664
32664	32664
32664	32664
32664	32664
32664	32664
32664	32664
32664	32664
32664	32664
32664	32664
32664	32664
32664	32664
32664	32664
32664	32664
32664	32664
32664	32664
32664	32664
32664	32664
32664	32664
32664	32664
32664	32664
32664	32664
32664	32664
32664	32664
32664	32664
32664	32664
32664	32664
32664	32664
32664	32664
32664	32664
32664	32664
32664	32664
32664	32664
32664	32664
32664	32664
32664	32664
32664	32664
32664	32664
32664	32664
32664	32664
32664	32664
32664	32664
32664	32664
32664	32664
32664	32664
32664	32664
32664	32660
32653	32643
32634	32628
32621	32609
32602	32589
32551	32474
32373	32224
31834	30698
28174	24200
20037	17711
18228	20677
23381	25360
26528	27099
27302	27313
27222	27071
26833	26354
25487	24380
23582	23555
24114	24710
25131	25554
26054	26512
26831	27021
27142	27283
27613	28330
29397	30359
30581	29563
27055	23115
18258	13402
9428	6750
5244	4510
4171	4001
3901	3899
4024	4227
4424	4608
4846	5211
5700	6224
6598	6696
6620	6696
7162	7897
8347	7794
6144	4342
3555	4157
5539	6676
6995	6715
6270	5766
5265	5008
5153	5571
6020	6368
6588	6657
6650	6961
8416	11919
17511	23701
28487	31084
32093	32411
32527	32585
32611	32624
32620	32615
32611	32621
32638	32652
32662	32664
32664	32664
32664	32664
32664	32664
32664	32664
32664	32660
32658	32659
32664	32664
32664	32664
32664	32664
32664	32664
32664	32664
32664	32664
32664	32664
32664	32664
32664	32664
32664	32664
32664	32664
32664	32664
32664	32664
32664	32664
32664	32664
32664	32664
32664	32664
32664	32664
32664	32664
32664	32664
32664	32664
32664	32664
32664	32664
32664	32664
32664	32664
32664	32664
32664	32664
32664	32664
32664	32664
32664	32664
32664	32664
32664	32664
32664	32664
32664	32664
32664	32664
32664	32664
32664	32664
32664	32664
32663	32660
32650	32641
32630	32624
32617	32608
32602	32589
32555	32490
32409	32291
31999	31158
29207	25938
22217	19748
19634	21390
23652	25472
26617	27187
27380	27378
27282	27132
26898	26450
25662	24640
23841	23736
24269	24935
25438	25837
26212	26509
26673	26739
26798	26935
27268	27962
29047	30229
30979	30854
29549	26864
22840	17963
13139	9234
6639	5213
4538	4227
4066	4019
4123	4331
4546	4729
4939	5253
5697	6226
6687	6923
6974	7092
7503	8127
8505	7959
6339	4483
3574	4079
5508	6813
7213	6858
6354	5930
5500	5154
5122	5428
5865	6260
6549	6685
6705	6945
8159	11301
16637	22876
27959	30865
32049	32420
32534	32584
32606	32616
32613	32606
32609	32619
32637	32652
32662	32664
32664	32664
32664	32664
32664	32664
32664	32664
32658	32639
32615	32614
32664	32664
32664	32664
32664	32664
32664	32664
32664	32664
32664	32664
32664	32664
32664	32664
32664	32664
32664	32664
32664	32664
32664	32664
32664	32664
32664	32664
32664	32664
32664	32664
32664	32664
32664	32664
32664	32664
32664	32664
32664	32664
32664	32664
32664	32664
32664	32664
32664	32664
32664	32664
32664	32664
32664	32664
32664	32664
32664	32664
32664	32664
32664	32664
32664	32664
32664	32664
32664	32664
32664	32664
32664	32664
32664	32664
32662	32658
32646	32633
32623	32620
32612	32604
32601	32594
32566	32510
32443	32355
32151	31568
30160	27657
24558	22148
21478	22438
24078	25574
26599	27140
27325	27305
27198	27045
26826	26442
25786	24903
24141	23953
24393	25068
25632	26022
26301	26476
26546	26547
26561	26686
27004	27645
28681	29940
30983	31409
30975	29462
26642	22485
17508	12673
8879	6464
5181	4572
4279	4169
4243	4456
4690	4881
5070	5343
5731	6219
6706	7035
7194	7366
7742	8294
8633	8122
6538	4645
3604	3964
5382	6848
7412	7038
6426	6014
5687	5342
5179	5359
5765	6195
6528	6709
6770	6993
8048	10914
16028	22278
27564	30697
32013	32422
32538	32581
32602	32609
32608	32603
32605	32619
32637	32652
32662	32664
32664	32664
32664	32664
32664	32664
32664	32660
32633	32532
32370	32350
32664	32664
32664	32664
32664	32664
32664	32664
32664	32664
32664	32664
32664	32664
32664	32664
32664	32664
32664	32664
32664	32664
32664	32664
32664	32664
32664	32664
32664	32664
32664	32664
32664	32664
32664	32664
32664	32664
32664	32664
32664	32664
32664	32664
32664	32664
32664	32664
32664	32664
32664	32664
32664	32664
32664	32664
32664	32664
32664	32664
32664	32664
32664	32664
32664	32664
32664	32664
32664	32664
32664	32664
32664	32664
32664	32664
32661	32653
32641	32623
32609	32604
32601	32600
32600	32597
32574	32530
32470	32398
32251	31835
30801	28868
26307	24054
23027	23355
24437	25601
26484	26994
27192	27185
27072	26917
26713	26392
25864	25128
24430	24172
24506	25151
25742	26121
26317	26416
26478	26509
26531	26625
26891	27448
28409	29674
30860	31577
31640	30947
29218	26101
21594	16389
11620	8127
6048	5004
4526	4345
4390	4598
4846	5045
5221	5457
5784	6206
6660	7026
7256	7483
7862	8390
8729	8267
6726	4797
3637	3859
5228	6828
7596	7261
6518	6050
5802	5517
5294	5371
5737	6178
6529	6729
6829	7065
8054	10765
15728	21950
27336	30590
31978	32412
32531	32574
32593	32602
32604	32602
32608	32620
32639	32653
32662	32664
32664	32664
32664	32664
32664	32664
32664	32652
32565	32224
31589	31422
32664	32664
32664	32664
32664	32664
32664	32664
32664	32664
32664	32664
32664	32664
32664	32664
32664	32664
32664	32664
32664	32664
32664	32664
32664	32664
32664	32664
32664	32664
32664	32664
32664	32664
32664	32664
32664	32664
32664	32664
32664	32664
32664	32664
32664	32664
32664	32664
32664	32664
32664	32664
32664	32664
32664	32664
32664	32664
32664	32664
32664	32664
32664	32664
32664	32664
32664	32664
32664	32664
32664	32664
32664	32664
32664	32664
32661	32651
32636	32614
32601	32593
32594	32597
32600	32600
32581	32541
32486	32419
32298	31966
31121	29488
27235	25104
23916	23895
24640	25586
26375	26874
27092	27103
26999	26844
26651	26364
25912	25273
24627	24337
24592	25199
25789	26153
26300	26366
26458	26557
26608	26675
26882	27373
28273	29522
30759	31599
31887	31604
30540	28217
24286	19095
13780	9509
6779	5356
4722	4482
4504	4712
4967	5173
5339	5551
5833	6195
6605	6973
7240	7504
7901	8429
8784	8362
6855	4902
3664	3792
5123	6809
7731	7439
6606	6065
5859	5630
5390	5408
5736	6175
6531	6743
6867	7125
8098	10740
15625	21818
27236	30536
31955	32402
32525	32569
32589	32597
32599	32600
32608	32621
32640	32654
32662	32664
32664	32664
32664	32664
32664	32664
32663	32641
32475	31469
27195	16878
