1337	1397
1503	1634
1737	1779
1764	1715
1668	1678
1779	1968
2213	2474
2708	2868
2902	2829
2752	2751
2838	2970
3084	3191
3349	3575
3822	4033
4189	4299
4395	4524
4742	5077
5475	5847
6168	6523
7094	8003
9194	10633
12557	15220
18343	21152
23050	24000
24355	24486
24583	24617
24453	23962
23109	21946
20590	19211
18018	17232
17047	17525
18513	19699
20805	21734
22508	23158
23572	23496
22687	21162
19289	17578
16415	15850
15623	15454
15233	14946
14523	13792
12646	11188
9681	8349
7296	6493
5793	4999
3958	2731
1588	783
356	170
101	71
61	64
91	189
434	828
1334	1384
1480	1591
1677	1717
1715	1687
1664	1698
1821	2020
2261	2510
2740	2897
2930	2861
2783	2773
2858	2999
3137	3262
3422	3639
3871	4071
4219	4328
4432	4575
4801	5121
5490	5842
6170	6590
7344	8621
10418	12571
14996	17616
20118	22050
23186	23641
23715	23668
23615	23499
23183	22541
21538	20245
18824	17515
16591	16316
16803	17882
19151	20216
20950	21481
22030	22690
23315	23607
23297	22336
20923	19402
18104	17188
16600	16186
15835	15459
14908	14007
12712	11189
9699	8416
7390	6597
5925	5182
4198	2985
1787	898
408	191
109	74
63	64
91	189
434	825
1333	1376
1451	1538
1604	1639
1648	1644
1652	1721
1866	2068
2291	2513
2714	2854
2890	2840
2782	2781
2876	3030
3185	3328
3496	3708
3928	4110
4237	4339
4444	4600
4838	5154
5501	5846
6222	6786
7796	9496
11893	14680
17424	19743
21404	22346
22677	22597
22333	22056
21815	21526
21053	20290
19237	17995
16774	15840
15480	15914
17102	18622
19866	20468
20538	20527
20854	21579
22423	22971
22960	22350
21271	19933
18603	17559
16912	16583
16384	16090
15470	14363
12838	11182
9694	8471
7489	6710
6061	5372
4455	3266
2018	1041
472	219
120	79
65	64
91	189
432	823
1333	1371
1431	1495
1542	1572
1591	1609
1645	1739
1897	2090
2280	2462
2623	2738
2779	2763
2746	2780
2891	3048
3208	3358
3538	3755
3967	4130
4240	4327
4439	4610
4866	5191
5550	5955
6499	7359
8764	10867
13574	16468
18946	20595
21372	21477
21153	20615
20055	19592
19220	18827
18303	17585
16714	15833
15139	14852
15164	16170
17678	19123
19881	19726
19052	18572
18771	19571
20481	21011
20947	20321
19276	17966
16665	15736
15396	15550
15873	15978
15541	14426
12783	11038
9569	8435
7524	6771
6136	5491
4644	3501
2235	1186
545	248
131	82
65	64
91	189
429	821
1338	1372
1421	1468
1505	1537
1565	1597
1652	1753
1910	2082
2246	2392
2519	2613
2660	2684
2713	2785
2908	3056
3202	3352
3539	3763
3981	4143
4248	4332
4450	4645
4930	5293
5738	6340
7252	8617
10513	12857
15384	17663
19263	19993
19969	19438
18620	17757
17038	16539
16177	15837
15445	14993
14545	14224
14161	14445
15141	16238
17496	18404
18467	17624
16434	15702
15831	16561
17297	17593
17324	16575
15476	14187
13007	12326
12389	13065
13937	14532
14481	13623
12140	10508
9172	8193
7407	6715
6110	5510
4743	3679
2433	1337
627	283
142	86
65	64
91	187
430	823
1351	1381
1422	1458
1487	1523
1563	1605
1667	1762
1904	2060
2208	2337
2444	2528
2591	2644
2710	2804
2928	3057
3182	3324
3511	3741
3972	4155
4280	4378
4515	4739
5080	5553
6223	7221
8676	10587
12761	14884
16657	17844
18343	18187
17521	16517
15380	14383
13713	13347
13154	13032
12951	12905
12923	13065
13381	13841
14415	15093
15743	16024
15598	14467
13160	12366
12363	12818
13223	13277
12936	12271
11378	10404
9617	9335
9732	10661
11735	12528
12696	12084
10869	9510
8433	7685
7079	6500
5964	5440
4780	3825
2632	1505
727	323
155	89
66	64
91	189
430	827
1367	1396
1434	1464
1494	1532
1577	1623
1679	1768
1893	2035
2179	2306
2410	2494
2562	2637
2727	2829
2940	3047
3157	3288
3470	3699
3945	4166
4349	4509
4697	4983
5440	6153
7221	8731
10658	12745
14609	15933
16620	16710
16302	15500
14397	13127
11916	11026
10563	10437
10505	10693
10952	11219
11471	11736
12033	12301
12470	12573
12637	12522
12008	11046
9963	9246
9076	9208
9331	9301
9117	8807
8420	8053
7873	8057
8681	9614
10561	11181
11201	10540
9425	8300
7490	6984
6571	6135
5707	5286
4754	3936
2822	1683
837	372
167	93
67	65
91	190
438	839
1393	1421
1456	1485
1514	1553
1597	1643
1695	1772
1879	2014
2159	2294
2402	2484
2554	2633
2728	2830
2924	3020
3126	3261
3437	3653
3897	4160
4455	4782
5139	5597
6293	7360
8856	10694
12607	14202
15157	15407
15104	14427
13480	12323
11037	9778
8755	8147
7964	8096
8425	8852
9272	9572
9727	9811
9878	9869
9710	9461
9234	9037
8723	8177
7517	7018
6822	6824
6882	6957
7048	7158
7282	7437
7680	8098
8743	9534
10226	10516
10193	9296
8154	7183
6580	6253
5992	5688
5371	5067
4670	3995
2977	1849
947	417
180	94
66	64
91	190
443	854
1418	1445
1480	1512
1540	1577
1620	1659
1707	1773
1874	2000
2146	2286
2400	2480
2545	2614
2704	2794
2879	2973
3091	3242
3418	3609
3827	4131
4617	5293
6065	6897
7921	9272
10877	12466
13681	14252
14133	13491
12573	11519
10364	9147
7970	6976
6320	6068
6173	6529
7014	7485
7799	7890
7810	7680
7572	7429
7173	6849
6610	6519
6492	6393
6216	6098
6128	6278
6495	6770
7101	7459
7803	8087
8326	8602
9001	9484
9830	9768
9161	8153
7092	6301
5856	5639
5469	5259
5034	4822
4540	3991
3078	1983
1044	462
193	94
66	64
91	193
448	866
1430	1459
1498	1529
1559	1596
1634	1668
1712	1778
1872	1991
2136	2276
2392	2471
2528	2585
2658	2737
2816	2923
3064	3235
3410	3582
3778	4149
4924	6160
7597	8949
10196	11420
12510	13202
13312	12832
11920	10814
9676	8569
7491	6482
5633	5054
4819	4939
5334	5875
6389	6718
6788	6662
6461	6296
6192	6070
5816	5495
5295	5334
5552	5823
6106	6456
6895	7374
7850	8314
8759	9135
9393	9499
9486	9422
9380	9334
9159	8717
7971	7074
6262	5698
5384	5218
5082	4921
4754	4600
4385	3937
3131	2088
1137	515
213	100
67	64
91	192
448	867
1421	1454
1501	1537
1574	1610
1643	1673
1713	1774
1863	1977
2119	2263
2379	2454
2507	2560
2618	2684
2765	2886
3048	3233
3420	3601
3841	4383
5561	7433
9519	11209
12281	12823
12882	12441
11577	10444
9215	8037
6987	6076
5284	4635
4181	4006
4163	4662
5392	6139
6670	6850
6751	6556
6418	6390
6438	6405
6109	5631
5310	5365
5733	6258
6892	7661
8527	9365
10086	10679
11123	11392
11453	11340
11071	10639
10046	9323
8533	7733
6968	6285
5750	5380
5148	4987
4848	4697
4554	4419
4240	3867
3166	2193
1243	580
240	108
67	65
91	191
443	855
1395	1432
1487	1535
1579	1615
1647	1672
1712	1770
1855	1965
2105	2254
2372	2449
2495	2542
2592	2655
2740	2872
3043	3242
3459	3711
4126	4999
6651	8968
11242	12699
13093	12658
11699	10449
9105	7814
6661	5688
4920	4334
3897	3591
3448	3556
4021	4889
6024	7114
7826	8052
7965	7847
7862	8035
8280	8317
7868	7062
6426	6348
6748	7404
8232	9259
10409	11490
12365	13003
13399	13535
13421	13094
12538	11687
10535	9236
8021	7054
6357	5865
5516	5258
5054	4877
4709	4552
4404	4270
4108	3799
3196	2309
1371	663
277	119
71	65
91	190
436	838
1364	1405
1464	1523
1571	1609
1636	1660
1701	1765
1848	1957
2103	2259
2389	2470
2530	2588
2648	2701
2776	2900
3071	3283
3550	3943
4657	5983
8015	10322
12083	12696
12182	10962
9468	7971
6641	5548
4696	4065
3620	3332
3163	3080
3110	3368
4019	5184
6748	8336
9497	10036
10152	10192
10362	10692
11046	11075
10445	9324
8376	8105
8454	9132
10004	11071
12250	13341
14193	14762
15031	14979
14617	13977
13032	11747
10218	8699
7448	6578
6023	5670
5413	5195
4990	4790
4600	4425
4273	4131
3977	3717
3213	2415
1501	756
317	132
74	65
90	185
426	819
1337	1378
1437	1500
1545	1581
1606	1636
1683	1752
1842	1960
2115	2286
2438	2567
2699	2835
2929	2950
2953	3009
3150	3371
3713	4292
5337	7016
9085	10834
11581	11173
9965	8461
6987	5695
4666	3929
3441	3126
2927	2822
2792	2817
2922	3230
3945	5269
7174	9278
11025	12083
12563	12828
13144	13531
13859	13806
13102	11926
10894	10516
10777	11394
12178	13076
14010	14832
15421	15714
15667	15250
14491	13452
12162	10667
9134	7799
6820	6189
5793	5524
5307	5100
4886	4675
4475	4300
4140	3994
3841	3620
3205	2504
1632	856
365	147
77	66
89	185
420	807
1315	1355
1412	1464
1507	1538
1569	1605
1659	1732
1831	1960
2133	2329
2542	2795
3118	3448
3634	3579
3398	3273
3319	3543
3981	4749
6000	7678
9271	10076
9793	8690
7295	5975
4859	3966
3322	2932
2733	2633
2577	2561
2587	2652
2789	3104
3806	5145
7186	9626
11875	13461
14385	14947
15401	15790
16021	15921
15348	14430
13600	13250
13417	13889
14465	15042
15539	15874
15964	15743
15157	14223
13043	11740
10391	9060
7864	6925
6285	5868
5582	5360
5157	4951
4740	4531
4340	4170
4009	3857
3705	3516
3175	2565
1740	947
413	163
80	65
89	181
414	792
1298	1336
1387	1433
1467	1500
1532	1575
1631	1707
1812	1953
2145	2389
2709	3166
3774	4383
4710	4592
4170	3777
3652	3855
4387	5273
6478	7705
8418	8245
7309	6067
4920	4019
3345	2848
2527	2375
2337	2347
2367	2403
2462	2559
2726	3061
3738	5003
6991	9501
11997	13962
15263	16094
16658	17023
17205	17180
16902	16419
15932	15680
15734	15981
16254	16411
16374	16110
15584	14748
13608	12270
10909	9664
8580	7650
6887	6316
5914	5622
5391	5188
4987	4782
4579	4380
4207	4041
3886	3735
3586	3418
3127	2590
1814	1019
456	180
83	66
89	180
410	783
1282	1317
1363	1404
1437	1470
1508	1550
1603	1678
1783	1935
2148	2449
2895	3548
4371	5159
5634	5593
5117	4546
4244	4376
4928	5760
6603	7067
6851	6017
4930	3952
3238	2765
2450	2236
2116	2085
2114	2171
2236	2310
2405	2549
2785	3185
3888	5092
6939	9305
11774	13869
15374	16362
16980	17339
17538	17670
17711	17600
17377	17163
17050	16998
16881	16554
15965	15132
14085	12835
11457	10101
8924	7998
7295	6740
6298	5949
5666	5429
5217	5014
4819	4623
4428	4246
4080	3927
3777	3625
3479	3321
3062	2576
1847	1068
490	195
87	67
87	178
405	773
1271	1305
1348	1382
1412	1448
1490	1532
1582	1655
1759	1915
2143	2479
2984	3674
4459	5184
5743	5996
5841	5424
5093	5121
5502	5985
6209	5899
5076	4065
3201	2622
2299	2130
2034	1965
1928	1932
1979	2060
2161	2283
2431	2654
3003	3539
4356	5578
7297	9424
11665	13656
15180	16215
16844	17189
17422	17662
17860	17868
17635	17263
16877	16493
15978	15209
14188	13017
11781	10542
9370	8357
7567	6997
6579	6249
5963	5713
5484	5266
5051	4847
4654	4468
4293	4126
3969	3819
3669	3523
3378	3224
2986	2541
1860	1106
522	210
92	68
87	175
400	766
1260	1290
1329	1359
1387	1422
1464	1507
1557	1626
1734	1896
2123	2440
2877	3405
3915	4391
4941	5545
5970	6068
5979	5911
5892	5750
5286	4475
3528	2736
2242	2012
1943	1941
1931	1891
1845	1834
1884	1990
2145	2337
2584	2934
3452	4186
5196	6526
8190	10092
12027	13761
15132	16075
16597	16825
16965	17139
17253	17086
16557	15836
15126	14471
13731	12781
11664	10538
9506	8610
7859	7261
6814	6481
6210	5969
5742	5527
5314	5091
4869	4659
4468	4304
4154	4007
3856	3706
3556	3410
3265	3118
2901	2498
1866	1138
553	226
98	68
87	174
398	759
1239	1268
1302	1329
1355	1391
1434	1476
1526	1596
1708	1868
2082	2344
2640	2920
3121	3324
3765	4527
5401	6092
6424	6337
5844	5049
4104	3193
2478	2064
1916	1935
2018	2080
2060	1956
1832	1771
1816	1968
2212	2540
2960	3516
4263	5246
6481	7958
9630	11365
12987	14349
15355	15933
16080	15946
15776	15708
15591	15130
14257	13221
12318	11615
10952	10192
9356	8573
7919	7411
7009	6689
6426	6199
5988	5777
5566	5350
5122	4882
4644	4427
4252	4112
3990	3865
3723	3571
3415	3271
3136	3003
2806	2447
1862	1168
584	245
103	70
87	173
390	745
1204	1231
1266	1291
1316	1352
1398	1443
1491	1560
1670	1830
2033	2248
2436	2540
2539	2561
2820	3453
4388	5369
6022	5979
5207	4089
3068	2373
2023	1952
2063	2262
2444	2522
2420	2177
1927	1801
1850	2083
2485	3045
3741	4587
5617	6848
8275	9841
11448	12949
14167	14985
15362	15286
14818	14162
13604	13275
12972	12353
11366	10318
9510	9001
8636	8259
7836	7432
7094	6830
6612	6409
6208	6012
5822	5621
5402	5161
4897	4627
4373	4159
4000	3883
3794	3693
3561	3408
3252	3113
2992	2872
2698	2375
1844	1184
610	260
110	72
86	169
379	722
1157	1185
1217	1249
1279	1322
1369	1413
1463	1529
1633	1792
1995	2199
2355	2404
2343	2267
2340	2696
3364	4224
4891	4885
4164	3194
2467	2135
2118	2303
2611	2957
3223	3270
3032	2619
2251	2092
2196	2573
3223	4108
5158	6321
7593	8965
10401	11821
13108	14122
14708	14807
14438	13690
12712	11725
10977	10533
10174	9607
8810	8041
7529	7302
7234	7174
7054	6891
6724	6573
6419	6248
6064	5874
5682	5479
5242	4966
4670	4375
4117	3911
3760	3662
3588	3503
3383	3231
3084	2959
2850	2736
2571	2278
1792	1174
618	270
115	73
83	164
363	690
1107	1134
1170	1208
1246	1295
1345	1391
1437	1496
1598	1762
1976	2197
2370	2447
2408	2300
2241	2343
2672	3185
3625	3646
3218	2705
2437	2463
2699	3083
3563	4035
4336	4306
3927	3407
3038	2975
3235	3830
4766	5972
7302	8625
9892	11092
12194	13120
13784	14086
13948	13380
12488	11435
10369	9450
8790	8392
8075	7655
7144	6704
6470	6453
6561	6667
6691	6636
6539	6426
6295	6136
5957	5765
5567	5343
5082	4785
4478	4189
3942	3742
3595	3493
3419	3337
3223	3083
2953	2846
2748	2633
2466	2179
1725	1148
618	273
116	73
83	159
350	659
1057	1086
1128	1170
1217	1269
1323	1369
1410	1469
1572	1746
1975	2213
2416	2541
2554	2469
2357	2316
2405	2616
2841	2934
2889	2869
2996	3270
3679	4225
4839	5372
5629	5489
5052	4632
4517	4770
5317	6142
7258	8555
9825	10885
11701	12324
12771	13010
12997	12688
12070	11210
10251	9339
8553	7943
7508	7202
6933	6626
6309	6075
5991	6073
6253	6422
6501	6484
6410	6310
6187	6040
5865	5676
5466	5222
4944	4647
4358	4094
3864	3673
3521	3406
3319	3227
3115	2989
2881	2794
2709	2595
2418	2130
1689	1133
619	277
119	74
83	154
334	629
1009	1040
1085	1136
1190	1245
1299	1346
1385	1443
1558	1748
1995	2247
2461	2623
2691	2657
2554	2467
2460	2564
2776	3057
3370	3689
4004	4353
4829	5453
6105	6575
6688	6473
6190	6176
6595	7342
8228	9181
10198	11174
11883	12205
12212	12067
11855	11567
11168	10635
9980	9257
8565	7992
7552	7220
6955	6717
6465	6203
5962	5801
5772	5877
6080	6276
6377	6373
6304	6206
6086	5944
5778	5592
5380	5133
4855	4571
4309	4072
3856	3669
3512	3386
3286	3186
3076	2956
2855	2779
2704	2597
2422	2138
1703	1153
634	286
124	75
81	150
323	604
970	1001
1049	1103
1160	1222
1276	1320
1363	1428
1555	1769
2032	2295
2512	2682
2795	2817
2764	2693
2707	2891
3285	3835
4395	4823
5097	5353
5759	6324
6852	7114
7070	6940
7066	7672
8704	9904
11001	11877
12508	12818
12679	12111
11353	10657
10117	9681
9277	8877
8464	8052
7679	7382
7160	6973
6777	6550
6292	6031
5809	5666
5635	5743
5946	6156
6273	6278
6209	6106
5988	5853
5697	5519
5315	5078
4818	4556
4312	4087
3877	3689
3532	3406
3304	3202
3091	2969
2863	2779
2709	2612
2452	2180
1751	1195
660	299
127	75
80	147
311	581
940	969
1019	1077
1134	1193
1247	1288
1333	1413
1569	1809
2093	2361
2573	2742
2873	2948
2949	2930
3016	3361
3988	4740
5358	5677
5776	5875
6147	6541
6821	6836
6725	6847
7480	8635
10071	11450
12502	13101
13224	12864
12036	10911
9823	9020
8520	8210
7993	7820
7666	7501
7330	7175
7040	6894
6708	6465
6188	5921
5702	5565
5529	5618
5812	6026
6158	6174
6106	6004
5886	5759
5610	5443
5254	5040
4806	4571
4339	4116
3901	3712
3554	3430
3329	3232
3120	2996
2880	2784
2707	2616
2475	2220
1799	1238
689	311
130	76
80	143
305	571
926	957
1004	1058
1110	1163
1209	1250
1301	1404
1594	1869
2170	2439
2646	2802
2933	3034
3084	3118
3270	3713
4443	5200
5676	5793
5729	5740
5925	6159
6219	6083
6017	6384
7336	8715
10202	11469
12283	12529
12236	11493
10439	9305
8375	7795
7500	7369
7317	7308
7311	7277
7191	7085
6967	6820
6624	6363
6075	5812
5606	5471
5426	5492
5667	5877
6018	6048
5988	5892
5783	5657
5514	5357
5183	4995
4790	4578
4356	4135
3920	3727
3565	3437
3333	3232
3121	2999
2882	2779
2695	2604
2471	2235
1824	1261
704	316
132	77
80	143
306	571
930	958
1000	1045
1091	1135
1176	1215
1276	1411
1642	1949
2263	2524
2713	2849
2966	3075
3155	3224
3386	3792
4424	5015
5281	5226
5101	5121
5302	5471
5450	5293
5293	5735
6666	7901
9161	10171
10703	10687
10211	9463
8623	7867
7336	7052
6944	6927
6967	7049
7127	7145
7089	6985
6857	6695
6482	6221
5944	5699
5510	5382
5324	5363
5510	5709
5861	5905
5864	5777
5672	5548
5408	5250
5086	4918
4740	4547
4342	4129
3914	3716
3546	3403
3288	3182
3076	2965
2857	2762
2672	2576
2448	2219
1819	1260
703	316
132	77
80	142
307	574
931	960
998	1037
1073	1115
1153	1196
1269	1432
1706	2043
2360	2603
2764	2875
2970	3066
3164	3246
3367	3642
4074	4457
4571	4459
4352	4412
4603	4759
4752	4654
4684	5032
5715	6613
7531	8247
8572	8465
8061	7575
7145	6838
6668	6607
6609	6645
6723	6842
6955	7002
6955	6847
6705	6534
6315	6064
5809	5588
5415	5294
5224	5240
5361	5548
5703	5766
5742	5670
5565	5439
5290	5132
4976	4821
4663	4489
4300	4090
3876	3669
3489	3331
3202	3090
2990	2898
2816	2738
2648	2544
2409	2184
1788	1241
693	313
130	76
80	143
305	572
927	955
993	1030
1063	1102
1143	1193
1279	1467
1773	2130
2442	2660
2794	2879
2952	3039
3132	3209
3285	3429
3684	3927
3991	3901
3836	3912
4076	4206
4226	4186
4220	4441
4869	5440
6036	6499
6700	6635
6447	6287
6218	6227
6274	6328
6379	6438
6527	6655
6777	6836
6801	6695
6555	6381
6171	5930
5696	5492
5335	5217
5141	5138
5240	5419
5578	5658
5648	5582
5476	5342
5187	5027
4871	4726
4583	4425
4243	4037
3821	3610
3416	3247
3104	2990
2899	2832
2783	2730
2639	2518
2369	2141
1754	1216
680	306
129	74
77	136
297	568
923	949
989	1024
1055	1097
1141	1197
1292	1495
1819	2186
2492	2691
2803	2874
2937	3012
3099	3167
3212	3286
3445	3627
3690	3636
3602	3667
3796	3893
3922	3908
3944	4090
4370	4748
5142	5448
5592	5605
5594	5651
5782	5939
6076	6177
6246	6308
6397	6522
6645	6702
6675	6582
6449	6284
6081	5852
5624	5433
5282	5165
5085	5076
5170	5342
5505	5592
5596	5533
5427	5286
5125	4959
4806	4666
4529	4376
4198	3996
3778	3564
3362	3185
3039	2920
2840	2791
2769	2731
2641	2508
2345	2115
1735	1204
673	303
125	69
75	136
341	751
