10802	10850
10923	10998
11066	11121
11164	11194
11216	11240
11270	11292
11247	11062
10795	10697
10973	11497
11971	12237
12339	12376
12395	12407
12422	12451
12495	12545
12589	12627
12660	12683
12696	12702
12707	12713
12709	12688
12649	12599
12543	12495
12461	12440
12430	12425
12417	12406
12388	12361
12331	12298
12275	12267
12278	12291
12294	12286
12275	12266
12259	12251
12237	12218
12201	12189
12175	12153
12122	12075
12001	11889
11747	11590
11430	11277
11136	11018
10917	10827
10749	10679
10613	10548
10478	10410
10338	10267
10197	10129
10059	9988
9910	9815
9695	9558
9425	9316
9237	9182
9171	9262
9556	10064
10702	10744
10810	10884
10958	11027
11086	11131
11166	11199
11230	11233
11126	10811
10377	10190
10527	11214
11826	12157
12273	12305
12322	12336
12354	12388
12442	12500
12553	12598
12636	12663
12682	12692
12697	12699
12692	12672
12637	12593
12548	12507
12475	12454
12439	12429
12418	12406
12387	12364
12336	12311
12294	12297
12314	12333
12334	12321
12299	12282
12270	12255
12231	12195
12157	12127
12099	12071
12037	11995
11930	11835
11714	11584
11450	11320
11199	11093
10995	10900
10808	10723
10643	10567
10493	10417
10336	10251
10164	10080
9997	9912
9826	9732
9626	9514
9410	9329
9272	9233
9226	9309
9572	10024
10573	10614
10677	10752
10835	10921
11001	11064
11114	11155
11185	11172
11008	10577
10003	9748
10158	10990
11718	12091
12206	12226
12232	12242
12263	12306
12368	12441
12506	12562
12609	12646
12671	12686
12694	12696
12691	12676
12649	12620
12592	12568
12547	12527
12505	12486
12468	12452
12436	12417
12395	12375
12364	12368
12386	12400
12390	12358
12320	12287
12264	12237
12191	12128
12065	12014
11974	11941
11907	11864
11804	11720
11619	11514
11411	11310
11215	11123
11031	10935
10834	10734
10644	10563
10483	10399
10313	10217
10119	10020
9920	9827
9735	9649
9568	9492
9426	9376
9336	9304
9296	9359
9581	9971
10450	10492
10562	10644
10737	10838
10933	11012
11072	11120
11151	11133
10950	10476
9857	9597
10057	10954
11714	12080
12166	12156
12140	12141
12164	12215
12291	12377
12462	12538
12599	12648
12681	12702
12713	12719
12722	12717
12705	12693
12688	12683
12677	12662
12635	12605
12577	12558
12542	12527
12510	12492
12476	12471
12473	12466
12433	12379
12319	12269
12228	12178
12107	12021
11939	11877
11832	11797
11762	11717
11649	11562
11467	11378
11299	11224
11148	11071
10988	10893
10789	10687
10592	10504
10418	10330
10238	10140
10038	9935
9831	9734
9645	9574
9520	9480
9442	9407
9371	9335
9314	9360
9548	9896
10349	10399
10477	10569
10670	10778
10880	10965
11030	11082
11122	11117
10952	10514
9944	9728
10193	11069
11796	12120
12161	12108
12058	12041
12067	12131
12225	12334
12446	12545
12625	12683
12723	12748
12762	12771
12781	12789
12792	12796
12809	12824
12831	12819
12787	12747
12710	12685
12670	12657
12640	12613
12585	12558
12536	12505
12451	12380
12306	12238
12172	12097
12005	11908
11819	11754
11710	11677
11639	11584
11505	11409
11313	11232
11162	11098
11032	10962
10884	10792
10691	10589
10491	10395
10300	10205
10114	10019
9920	9820
9719	9624
9541	9481
9441	9416
9391	9358
9318	9270
9238	9270
9451	9797
10269	10324
10409	10506
10610	10715
10812	10896
10963	11022
11077	11097
10983	10637
10183	10031
10466	11266
11927	12201
12192	12088
11998	11962
11989	12070
12189	12324
12461	12585
12685	12754
12797	12820
12830	12841
12858	12874
12887	12901
12925	12946
12951	12935
12897	12848
12804	12776
12759	12748
12728	12697
12654	12611
12568	12521
12460	12385
12306	12225
12138	12041
11936	11835
11746	11675
11624	11583
11539	11481
11399	11302
11205	11121
11049	10981
10914	10844
10764	10670
10569	10467
10367	10268
10167	10071
9981	9891
9799	9704
9608	9514
9432	9371
9335	9310
9281	9243
9192	9137
9095	9127
9319	9687
10194	10251
10336	10432
10529	10625
10714	10791
10859	10929
11002	11057
11019	10819
10548	10505
10902	11574
12123	12326
12253	12092
11959	11906
11937	12036
12178	12332
12486	12627
12745	12829
12873	12887
12889	12897
12915	12933
12948	12965
12987	13003
13000	12973
12927	12874
12826	12794
12778	12768
12755	12726
12679	12626
12575	12522
12465	12401
12330	12247
12149	12042
11933	11831
11735	11651
11580	11522
11468	11408
11331	11242
11149	11058
10973	10897
10824	10747
10657	10554
10444	10344
10247	10149
10053	9963
9881	9801
9720	9633
9538	9444
9358	9294
9255	9225
9190	9142
9079	9011
8966	8999
9202	9587
10109	10162
10245	10336
10427	10514
10595	10669
10736	10815
10908	11004
11063	11051
11031	11171
11562	12070
12431	12494
12327	12098
11930	11863
11901	12012
12163	12320
12469	12613
12754	12862
12911	12909
12894	12891
12903	12920
12932	12946
12960	12968
12956	12920
12873	12821
12773	12730
12706	12699
12698	12682
12646	12594
12538	12485
12433	12382
12323	12250
12160	12061
11959	11858
11757	11656
11565	11485
11416	11352
11282	11200
11105	11006
10912	10827
10751	10670
10570	10454
10338	10236
10143	10055
9970	9893
9826	9764
9698	9621
9531	9434
9346	9283
9244	9212
9170	9106
9027	8949
8899	8932
9133	9512
10014	10065
10141	10229
10317	10401
10479	10550
10620	10704
10815	10952
11107	11288
11545	11926
12377	12734
12859	12718
12409	12096
11888	11814
11850	11959
12100	12244
12381	12533
12708	12852
12900	12868
12819	12797
12800	12812
12817	12822
12830	12831
12815	12782
12739	12690
12631	12570
12527	12518
12534	12543
12522	12476
12418	12362
12312	12264
12212	12149
12075	11996
11914	11825
11729	11624
11522	11428
11343	11265
11183	11088
10988	10888
10798	10724
10661	10588
10491	10375
10260	10155
10067	9986
9912	9851
9801	9757
9705	9638
9550	9454
9368	9304
9265	9229
9175	9100
9012	8931
8884	8916
9106	9457
9922	9969
10041	10125
10213	10299
10376	10446
10519	10607
10731	10900
11132	11457
11943	12562
13130	13422
13346	12981
12500	12086
11833	11739
11763	11854
11983	12129
12286	12481
12711	12879
12892	12792
12683	12629
12621	12624
12622	12619
12621	12618
12602	12573
12534	12481
12404	12308
12236	12224
12258	12295
12294	12257
12202	12144
12089	12038
11986	11928
11867	11806
11745	11677
11596	11507
11408	11308
11201	11080
10941	10794
10665	10571
10510	10485
10475	10452
10396	10308
10206	10106
10019	9940
9871	9816
9772	9734
9687	9623
9538	9444
9355	9291
9247	9202
9140	9059
8973	8902
8864	8903
9082	9412
9852	9893
9957	10036
10119	10206
10285	10358
10432	10523
10654	10838
11101	11505
12132	12936
13645	13954
13763	13218
12577	12062
11758	11637
11638	11715
11850	12038
12286	12591
12896	13044
12955	12730
12534	12437
12412	12408
12400	12389
12384	12379
12361	12330
12287	12224
12123	11991
11888	11868
11922	11983
11998	11970
11923	11870
11816	11764
11709	11652
11599	11553
11508	11459
11401	11329
11244	11134
10982	10762
10480	10194
9987	9887
9882	9958
10083	10195
10242	10220
10152	10066
9981	9899
9825	9764
9713	9665
9612	9544
9463	9375
9290	9221
9166	9109
9041	8961
8884	8824
8800	8848
9034	9363
9802	9835
9890	9956
10034	10119
10204	10280
10355	10449
10576	10758
11017	11433
12118	13032
13857	14216
13983	13337
12593	12007
11664	11520
11505	11579
11738	12005
12394	12855
13232	13323
13085	12705
12404	12258
12222	12217
12204	12189
12178	12165
12140	12101
12051	11976
11853	11694
11569	11550
11618	11692
11716	11695
11655	11611
11567	11518
11465	11411
11366	11327
11295	11259
11217	11160
11079	10941
10695	10292
9764	9255
8913	8782
8834	9051
9392	9741
9981	10075
10066	10005
9925	9842
9762	9687
9622	9564
9501	9433
9361	9285
9206	9133
9063	8992
8915	8834
8763	8711
8694	8751
8949	9300
9758	9786
9829	9885
9953	10037
10125	10209
10290	10384
10505	10668
10895	11275
11950	12900
13785	14184
13950	13279
12512	11913
11563	11414
11394	11469
11652	11988
12495	13082
13510	13538
13172	12666
12275	12090
12057	12070
12069	12052
12032	12010
11977	11932
11874	11787
11648	11475
11344	11332
11411	11486
11508	11489
11453	11416
11379	11335
11287	11239
11198	11168
11144	11117
11083	11031
10929	10719
10312	9664
8864	8137
7672	7497
7566	7884
8438	9069
9571	9842
9925	9906
9844	9768
9685	9605
9531	9463
9398	9335
9273	9208
9138	9062
8980	8895
8805	8719
8647	8595
8578	8640
8855	9231
9717	9738
9773	9819
9881	9963
10055	10143
10232	10327
10444	10583
10761	11069
11676	12590
13473	13887
13679	13050
12333	11781
11460	11325
11311	11387
11573	11922
12461	13080
13511	13506
13094	12535
12095	11890
11887	11954
11989	11976
11948	11917
11877	11827
11760	11665
11517	11340
11221	11225
11308	11372
11383	11358
11323	11288
11250	11207
11162	11118
11083	11059
11043	11022
10987	10913
10748	10401
9785	8908
7939	7129
6632	6425
6456	6766
7404	8238
9001	9498
9721	9772
9742	9682
9607	9530
9456	9390
9326	9269
9213	9154
9088	9011
8923	8826
8727	8634
8556	8500
8480	8542
8769	9166
9677	9696
9725	9766
9822	9902
9996	10090
10183	10281
10390	10504
10625	10834
11325	12146
12980	13393
13236	12700
12090	11623
11356	11245
11235	11300
11455	11756
12230	12780
13168	13176
12812	12295
11862	11677
11734	11878
11955	11948
11907	11864
11821	11768
11696	11587
11428	11258
11162	11190
11272	11322
11318	11285
11243	11203
11163	11118
11072	11030
10997	10978
10965	10943
10889	10757
10463	9916
9085	8078
7115	6388
5953	5746
5719	5932
6491	7358
8294	9021
9435	9597
9621	9587
9530	9465
9402	9341
9284	9227
9173	9117
9052	8973
8879	8775
8669	8573
8489	8424
8396	8454
8687	9103
9638	9656
9685	9725
9782	9858
9950	10046
10140	10237
10337	10425
10476	10568
10914	11610
12376	12790
12709	12299
11825	11461
11250	11161
11137	11156
11231	11424
11775	12218
12567	12638
12411	12021
11671	11548
11678	11882
11976	11948
11879	11824
11783	11735
11658	11533
11363	11203
11139	11189
11269	11304
11288	11246
11196	11146
11099	11052
11005	10962
10932	10916
10901	10867
10763	10511
10020	9241
8253	7257
6441	5883
5547	5363
5304	5415
5807	6540
7497	8400
9035	9364
9479	9487
9452	9406
9359	9308
9257	9202
9147	9088
9019	8937
8839	8731
8619	8518
8427	8355
8314	8364
8602	9037
9602	9622
9654	9695
9750	9826
9914	10007
10100	10194
10285	10341
10318	10281
10469	11036
11736	12168
12178	11907
11569	11306
11145	11051
10969	10865
10777	10811
11045	11435
11825	12040
12016	11822
11624	11607
11800	12010
12063	11965
11838	11764
11743	11719
11640	11491
11304	11156
11127	11197
11275	11307
11292	11243
11175	11105
11047	10998
10952	10911
10880	10860
10835	10761
10557	10123
9397	8436
7421	6559
5951	5564
5315	5166
5105	5148
5365	5871
6691	7654
8488	9030
9291	9373
9375	9352
9319	9278
9230	9177
9122	9060
8987	8899
8796	8683
8568	8460
8361	8274
8214	8253
8495	8958
9566	9588
9622	9668
9726	9797
9880	9966
10053	10144
10223	10247
10148	9982
10019	10468
11130	11598
11705	11559
11341	11156
11018	10878
10658	10325
9974	9810
9984	10451
11018	11472
11704	11748
11754	11877
12112	12269
12206	11986
11770	11679
11700	11723
11649	11463
11239	11096
11096	11190
11285	11339
11347	11295
11192	11082
11002	10950
10907	10868
10833	10799
10740	10579
10213	9557
8636	7620
6727	6086
5688	5438
5258	5130
5066	5057
5128	5394
5977	6855
7800	8561
9022	9231
9296	9300
9280	9244
9196	9144
9087	9022
8946	8854
8746	8628
8507	8392
8279	8166
8071	8079
8324	8834
9521	9549
9591	9641
9699	9767
9841	9921
10001	10082
10150	10143
9975	9692
9592	9945
10587	11112
11312	11268
11131	10987
10826	10572
10134	9500
8853	8509
8682	9321
10168	10933
11458	11768
12009	12294
12562	12624
12399	12018
11703	11604
11690	11777
11699	11448
11159	10996
11015	11146
11298	11424
11483	11424
11263	11086
10969	10907
10872	10834
10784	10708
10562	10253
9677	8815
7807	6884
6217	5822
5607	5463
5335	5224
5143	5090
5059	5130
5457	6129
7044	7953
8638	9030
9199	9249
9240	9204
9151	9092
9033	8966
8888	8792
8682	8557
8429	8297
8154	7983
7816	7761
8009	8615
9459	9495
9548	9607
9668	9731
9797	9866
9939	10015
10070	10036
9812	9431
9209	9474
10115	10705
10993	11018
10917	10752
10496	10059
9369	8480
7640	7206
7411	8205
9309	10378
11200	11783
12270	12723
13026	12987
12592	12062
11678	11604
11776	11928
11820	11457
11051	10824
10847	11038
11297	11545
11680	11606
11363	11105
10945	10879
10855	10819
10729	10554
10243	9725
8944	7973
7015	6283
5853	5659
5578	5517
5441	5359
5287	5215
5134	5088
5196	5600
6340	7267
8128	8727
9043	9160
9173	9136
9078	9012
8947	8876
8788	8685
8567	8432
8279	8108
7894	7621
7325	7180
7458	8238
9348	9403
9479	9554
9622	9686
9745	9806
9875	9946
9995	9943
9681	9220
8883	9059
9700	10357
10715	10770
10643	10387
9969	9319
8436	7446
6609	6213
6442	7272
8488	9761
10839	11674
12375	12977
13322	13218
12708	12094
11703	11701
11987	12205
12048	11533
10956	10621
10620	10872
11247	11617
11817	11728
11422	11110
10934	10891
10902	10870
10696	10328
9761	9005
8097	7154
6362	5841
5594	5526
5528	5528
5509	5484
5452	5397
5310	5208
5168	5320
5794	6583
7492	8258
8731	8940
8993	8973
8919	8852
8779	8691
8577	8446
8301	8135
7929	7674
7348	6934
6502	6290
6654	7683
9125	9219
9344	9457
9546	9619
9681	9744
9814	9889
9933	9876
9591	9075
8637	8721
9342	10044
10435	10466
10251	9856
9264	8450
7498	6584
5903	5619
5840	6581
7732	9063
10316	11356
12211	12909
13297	13193
12678	12084
11758	11862
12261	12544
12358	11722
10995	10547
10501	10764
11173	11559
11756	11660
11357	11063
10927	10953
11041	11021
10716	10076
9195	8228
7291	6485
5901	5569
5441	5444
5503	5556
5592	5619
5628	5597
5515	5392
5263	5226
5416	5941
6733	7538
8112	8407
8521	8546
8524	8475
8397	8270
8095	7903
7710	7490
7209	6854
6418	5903
5412	5220
5718	6978
8680	8848
9065	9252
9395	9507
9598	9679
9762	9841
9890	9832
9547	9004
8489	8473
9038	9736
10108	10066
9745	9239
8549	7695
6806	6060
5567	5380
5552	6122
7079	8331
9659	10832
11776	12507
12929	12903
12509	12048
11831	12012
12462	12782
12616	11976
11219	10732
10652	10868
11180	11426
11510	11400
11161	10948
10891	11013
11199	11194
10759	9863
8720	7619
6718	6061
5654	5473
5450	5517
5624	5718
5787	5842
5874	5846
5745	5575
5362	5174
5119	5333
5863	6539
7091	7415
7580	7662
7695	7686
7612	7440
7189	6921
6671	6407
6084	5686
5227	4732
4309	4214
4808	6146
7876	8142
8489	8803
9060	9278
9450	9590
9703	9802
9857	9806
9535	8989
8420	8297
8764	9396
9710	9598
9225	8721
8091	7343
6596	6003
5631	5480
5567	5938
6653	7726
9010	10213
11165	11876
12329	12447
12277	12022
11910	12085
12477	12777
12679	12158
11504	11075
11005	11162
11307	11314
11210	11061
10891	10760
10762	10940
11182	11202
10720	9728
8516	7421
6591	6021
5714	5652
5745	5894
6040	6142
6204	6269
6318	6280
6105	5795
5411	5045
4787	4740
4978	5407
5808	6073
6235	6345
6415	6442
6386	6196
5905	5603
5337	5084
4795	4459
4093	3725
3441	3441
4017	5215
6696	7043
7513	7972
8397	8795
9140	9409
9608	9745
9815	9778
9530	8999
8383	8140
8465	8995
9248	9125
8814	8461
8046	7517
6931	6428
6092	5925
5917	6107
6582	7425
8539	9623
10476	11123
11616	11926
12039	12008
11961	12050
12299	12529
12498	12137
11641	11316
11290	11408
11405	11196
10919	10717
10580	10475
10466	10610
10830	10870
10478	9645
8633	7727
7015	6491
6223	6244
6448	6685
6855	6916
6917	6966
7043	6997
6705	6150
5465	4850
4428	4229
4256	4439
4641	4786
4884	4959
5014	5045
5003	4841
4586	4327
4110	3918
3718	3504
3279	3057
2895	2930
3376	4277
5410	5780
6292	6827
7387	7982
8560	9049
9401	9621
9729	9716
9499	8993
8341	7972
8135	8549
8772	8712
8550	8421
8278	7989
7548	7095
6758	6556
6470	6520
6800	7411
8270	9110
9762	10301
10833	11342
11730	11903
11903	11895
11989	12114
12095	11846
11489	11256
11252	11322
11220	10897
10547	10324
10184	10052
9975	10021
10159	10217
10007	9505
8879	8298
7779	7335
7115	7208
7498	7785
7931	7890
7772	7756
7846	7812
7418	6607
5599	4733
4187	3917
3831	3849
3889	3917
3931	3938
3945	3947
3910	3797
3624	3454
3312	3192
3077	2961
2840	2715
2619	2647
2940	3532
4492	4833
5289	5759
6292	6957
7718	8444
8997	9339
9511	9543
9375	8915
8253	7779
7795	8115
8352	8394
8381	8426
8459	8326
7991	7588
7258	7033
6898	6868
7028	7465
8089	8656
9070	9468
10004	10651
11232	11559
11621	11578
11572	11586
11517	11304
11030	10854
10823	10808
10636	10306
9992	9803
9666	9508
9372	9331
9382	9442
9401	9215
8961	8705
8418	8129
8013	8178
8503	8777
8839	8653
8369	8238
8310	8316
7904	6970
5786	4784
4167	3856
3712	3647
3603	3560
3518	3476
3444	3418
3378	3304
3205	3108
3022	2946
2876	2806
2730	2651
2591	2610
2805	3210
4277	4570
4913	5200
5532	6067
6831	7672
8367	8817
9063	9156
9060	8677
8056	7543
7475	7754
8037	8174
8251	8349
8401	8280
7974	7613
7308	7085
6942	6901
7041	7408
7893	8270
8489	8748
9230	9897
10536	10933
11058	11041
11003	10942
10804	10580
10346	10195
10119	10016
9804	9525
9306	9184
9079	8940
8808	8732
8726	8774
8818	8807
8764	8710
8608	8475
8478	8698
9011	9218
9174	8849
8412	8159
8205	8284
7982	7125
5975	4971
4336	4003
3856	3798
3754	3695
3627	3562
3514	3479
3444	3396
3336	3271
3208	3146
3089	3032
2972	2915
2875	2898
3063	3422
4676	4912
5141	5248
5342	5632
6209	6951
7625	8097
8380	8528
8509	8227
7701	7237
7165	7456
7795	8005
8118	8188
8155	7941
7585	7224
6945	6751
6641	6659
6858	7245
7688	7973
8079	8234
8630	9221
9790	10154
10294	10309
10274	10182
10008	9783
9583	9455
9358	9211
8999	8787
8654	8593
8530	8445
8364	8303
8272	8293
8348	8379
8384	8387
8354	8302
8349	8564
8840	8984
8862	8453
7933	7613
7665	7864
7782	7166
6180	5228
4589	4290
4243	4303
4337	4302
4222	4137
4073	4038
4014	3982
3936	3879
3815	3751
3696	3645
3595	3550
3518	3539
3700	4065
5300	5466
5605	5617
5581	5671
5998	6496
7000	7386
7644	7802
7832	7645
7241	6876
6854	7178
7562	7815
7942	7974
7858	7546
7115	6733
6479	6333
6286	6381
6650	7072
7503	7749
7807	7909
8236	8722
9165	9426
9519	9530
9499	9407
9241	9046
8896	8811
8729	8586
8399	8243
8170	8141
8100	8058
8034	8005
7962	7948
7968	7968
7935	7898
7846	7773
7774	7935
8173	8294
8139	7698
7159	6841
6945	7307
7501	7195
6405	5491
4844	4632
4777	5039
5203	5210
5117	4998
4907	4864
4845	4819
4776	4716
4647	4580
4523	4475
4435	4395
4358	4360
4499	4839
5794	5889
5968	5963
5914	5921
6066	6332
6633	6886
7075	7207
7248	7118
6812	6539
6570	6914
7318	7593
7729	7749
7605	7260
6807	6427
6205	6110
6115	6248
6531	6939
7344	7570
7612	7697
7988	8403
8740	8896
8920	8903
8869	8786
8647	8500
8406	8365
8311	8188
8026	7911
7874	7859
7816	7789
7804	7798
7740	7683
7652	7595
7492	7392
7290	7156
7078	7171
7389	7520
7359	6906
6369	6080
6260	6784
7238	7210
6587	5693
5031	4908
5249	5713
6000	6048
5944	5789
5662	5604
5581	5552
5502	5436
5364	5295
5239	5195
5156	5115
5067	5049
5169	5466
6034	6084
6132	6139
6118	6115
6179	6316
6483	6641
6772	6871
6904	6800
6544	6320
6378	6727
7132	7411
7558	7585
7453	7123
6693	6338
6146	6082
6108	6238
6493	6862
7235	7443
7485	7569
7849	8233
8517	8609
8586	8548
8508	8434
8317	8202
8143	8131
8096	7986
7840	7747
7733	7724
7670	7642
7675	7680
7607	7513
7438	7333
7176	7026
6886	6710
6576	6626
6844	6993
6833	6365
5828	5562
5798	6432
7053	7199
6679	5794
5123	5053
5513	6098
6459	6532
6422	6243
6094	6021
5991	5955
5896	5825
5755	5689
5633	5587
5546	5503
5450	5466
5956	7440
