12582	12580
12577	12574
12576	12579
12583	12581
12574	12563
12555	12553
12553	12550
12548	12542
12529	12511
12502	12508
12522	12538
12546	12548
12545	12536
12514	12481
12443	12411
12388	12370
12348	12322
12291	12260
12232	12213
12199	12190
12180	12170
12159	12144
12129	12105
12081	12058
12054	12089
12193	12356
12513	12513
12515	12519
12526	12533
12535	12529
12517	12506
12500	12499
12499	12498
12497	12495
12487	12474
12463	12462
12470	12479
12483	12483
12481	12473
12455	12425
12389	12358
12330	12307
12284	12254
12223	12191
12162	12138
12120	12102
12083	12063
12043	12022
12001	11976
11954	11935
11934	11977
12088	12263
12419	12420
12425	12434
12446	12453
12453	12444
12430	12418
12412	12414
12414	12413
12413	12415
12409	12398
12386	12379
12381	12383
12383	12382
12382	12376
12362	12339
12307	12276
12248	12221
12196	12168
12137	12104
12074	12045
12018	11989
11957	11926
11898	11872
11847	11822
11800	11785
11787	11833
11953	12142
12311	12312
12317	12327
12341	12350
12348	12338
12324	12312
12306	12306
12306	12305
12305	12304
12299	12288
12274	12266
12263	12262
12262	12260
12256	12251
12242	12224
12202	12173
12148	12123
12099	12073
12043	12011
11979	11948
11914	11877
11839	11803
11771	11742
11716	11692
11672	11655
11656	11700
11823	12020
12198	12198
12202	12211
12223	12230
12230	12222
12210	12200
12195	12194
12197	12196
12193	12189
12182	12171
12160	12152
12149	12147
12144	12139
12134	12127
12117	12104
12084	12061
12038	12018
11997	11975
11949	11920
11889	11855
11820	11783
11745	11709
11678	11653
11629	11607
11585	11568
11566	11603
11721	11912
12090	12091
12096	12103
12112	12117
12117	12114
12107	12100
12097	12100
12105	12106
12103	12095
12087	12077
12069	12064
12061	12058
12053	12045
12034	12023
12009	11994
11975	11954
11935	11917
11899	11880
11857	11833
11807	11775
11742	11707
11671	11639
11612	11589
11569	11549
11528	11510
11505	11537
11644	11823
11996	11997
12000	12005
12012	12017
12018	12019
12016	12013
12013	12021
12031	12035
12032	12024
12014	12007
12001	11998
11997	11993
11988	11978
11965	11949
11931	11911
11888	11866
11847	11830
11814	11795
11776	11755
11731	11703
11671	11638
11603	11572
11546	11525
11507	11487
11467	11448
11442	11473
11575	11746
11916	11914
11912	11912
11915	11919
11923	11925
11924	11925
11930	11941
11951	11959
11958	11952
11943	11937
11935	11935
11934	11933
11928	11918
11905	11888
11869	11844
11817	11792
11769	11749
11730	11712
11694	11674
11651	11624
11591	11556
11522	11489
11462	11440
11422	11402
11380	11361
11354	11386
11493	11670
11840	11832
11824	11818
11817	11820
11822	11823
11825	11830
11836	11846
11856	11864
11865	11860
11855	11852
11850	11851
11851	11850
11847	11840
11828	11811
11792	11767
11740	11712
11687	11664
11643	11624
11607	11586
11561	11532
11498	11461
11423	11387
11358	11335
11314	11291
11269	11248
11242	11279
11394	11582
11750	11737
11723	11713
11709	11707
11707	11709
11712	11719
11727	11736
11742	11746
11744	11739
11735	11733
11733	11734
11734	11734
11732	11725
11715	11701
11685	11663
11639	11613
11592	11572
11552	11536
11517	11495
11467	11436
11401	11362
11319	11280
11248	11221
11198	11175
11152	11133
11128	11169
11288	11479
11642	11631
11617	11605
11599	11594
11590	11589
11590	11597
11606	11612
11613	11611
11604	11598
11594	11593
11593	11594
11595	11595
11593	11587
11580	11570
11558	11543
11525	11509
11495	11483
11469	11453
11434	11410
11380	11345
11308	11264
11220	11178
11144	11117
11092	11070
11050	11033
11030	11071
11189	11377
11544	11537
11525	11515
11505	11495
11484	11478
11474	11476
11479	11480
11479	11473
11467	11460
11456	11456
11457	11460
11461	11458
11454	11449
11443	11438
11434	11427
11420	11413
11410	11404
11396	11383
11362	11333
11296	11255
11213	11168
11122	11082
11049	11023
11001	10982
10965	10950
10949	10988
11102	11287
11473	11469
11461	11450
11436	11420
11404	11387
11376	11369
11365	11361
11355	11349
11343	11340
11339	11343
11347	11350
11349	11345
11337	11328
11325	11327
11333	11338
11340	11339
11342	11340
11330	11311
11285	11250
11208	11163
11115	11070
11028	10991
10961	10940
10923	10907
10892	10877
10876	10912
11026	11216
11421	11418
11410	11399
11385	11367
11347	11326
11308	11295
11285	11275
11265	11257
11253	11252
11257	11264
11273	11279
11279	11268
11253	11243
11242	11253
11269	11282
11286	11286
11284	11277
11260	11230
11192	11150
11108	11063
11019	10976
10935	10903
10877	10860
10848	10835
10820	10805
10798	10831
10947	11151
11375	11372
11364	11353
11339	11325
11308	11289
11271	11255
11243	11229
11214	11203
11199	11200
11207	11217
11229	11238
11238	11224
11204	11189
11192	11212
11235	11249
11251	11244
11233	11217
11188	11145
11098	11051
11011	10971
10933	10893
10855	10824
10801	10788
10781	10772
10756	10735
10722	10754
10884	11106
11342	11337
11328	11317
11305	11295
11284	11268
11252	11240
11227	11209
11191	11179
11173	11175
11182	11194
11208	11218
11216	11203
11179	11163
11167	11191
11216	11231
11229	11215
11197	11174
11137	11086
11030	10983
10944	10911
10876	10838
10801	10770
10751	10740
10735	10727
10710	10686
10669	10711
10947	11480
