2585	2613
2655	2698
2728	2741
2735	2724
2713	2712
2724	2748
2774	2791
2785	2755
2715	2683
2668	2667
2674	2682
2681	2674
2674	2698
2741	2797
2869	2991
3263	3905
5172	7082
9262	11143
12356	12851
12747	12183
11304	10298
9392	8750
8389	8217
8154	8187
8286	8367
8373	8319
8275	8359
8701	9354
10187	10931
11350	11397
11204	10936
10698	10511
10353	10155
9854	9426
8924	8452
8111	7934
7860	7819
7780	7715
7563	7302
7011	6799
6700	6647
6554	6406
6269	6190
6129	6004
5817	5650
5564	5546
5533	5510
5533	5616
5691	5701
5686	5723
5844	5998
6117	6162
6138	6070
5978	5865
5724	5557
5392	5293
5326	5502
5761	5999
6138	6170
6138	6088
6030	5957
5887	5873
5952	6113
6307	6495
6664	6825
6994	7173
7327	7400
7363	7230
7007	6668
6181	5575
4956	4428
4020	3701
3458	3299
3210	3161
3113	3039
2936	2828
2748	2715
2723	2754
2793	2820
2817	2770
2672	2538
2393	2266
2179	2137
2128	2143
2177	2242
2337	2448
2558	2647
2706	2732
2738	2735
2731	2718
2692	2649
2598	2554
2528	2519
2532	2557
2593	2644
2721	2837
2981	3122
3223	3249
3189	3055
2893	2745
2628	2537
2459	2384
2315	2271
2286	2378
2535	2567
2618	2669
2707	2726
2725	2713
2701	2697
2706	2725
2746	2758
2754	2728
2695	2669
2655	2650
2646	2645
2639	2628
2625	2642
2689	2752
2834	2965
3264	3961
5296	7251
9411	11211
12323	12728
12552	11924
10986	9941
9032	8429
8129	8004
7957	7978
8069	8173
8221	8194
8128	8134
8372	8935
9730	10494
10980	11114
11003	10805
10620	10467
10314	10104
9788	9361
8873	8416
8077	7884
7785	7728
7693	7642
7507	7273
7017	6846
6779	6734
6624	6441
6261	6142
6059	5938
5763	5608
5529	5516
5512	5496
5519	5603
5676	5680
5652	5674
5785	5943
6074	6129
6112	6046
5963	5862
5732	5570
5402	5289
5303	5464
5717	5959
6115	6164
6142	6089
6019	5939
5873	5872
5969	6144
6351	6543
6698	6831
6966	7117
7250	7291
7195	6973
6669	6312
5901	5426
4924	4465
4083	3769
3523	3357
3267	3219
3173	3096
2988	2874
2790	2754
2762	2792
2827	2850
2842	2787
2680	2537
2381	2249
2159	2121
2121	2150
2199	2275
2372	2478
2575	2651
2698	2718
2722	2721
2719	2707
2678	2636
2589	2551
2527	2519
2527	2549
2577	2616
2678	2773
2894	3016
3103	3124
3066	2942
2793	2658
2555	2478
2418	2362
2311	2278
2289	2356
2470	2507
2564	2627
2677	2706
2713	2706
2696	2691
2695	2707
2719	2725
2718	2698
2671	2650
2634	2620
2608	2597
2585	2571
2562	2573
2618	2693
2790	2945
3293	4071
5483	7454
9540	11211
12188	12485
12204	11463
10437	9375
8528	8023
7803	7718
7684	7715
7841	8019
8166	8206
8127	8023
8088	8481
9168	9923
10490	10746
10752	10640
10514	10389
10235	10008
9676	9249
8779	8348
8028	7829
7711	7635
7603	7581
7484	7283
7062	6925
6881	6839
6707	6482
6247	6082
5975	5855
5699	5556
5487	5485
5489	5478
5498	5575
5648	5648
5610	5616
5711	5865
6002	6067
6056	6002
5935	5858
5753	5606
5440	5312
5302	5434
5666	5906
6074	6148
6143	6091
6014	5926
5864	5874
5983	6172
6391	6587
6733	6836
6930	7032
7103	7057
6841	6479
6071	5712
5427	5148
4819	4461
4119	3817
3576	3414
3325	3283
3241	3167
3056	2939
2852	2813
2816	2840
2869	2883
2868	2808
2695	2547
2389	2255
2169	2137
2153	2201
2271	2354
2447	2538
2614	2668
2696	2705
2704	2702
2700	2688
2659	2619
2575	2538
2515	2509
2513	2526
2544	2568
2610	2679
2771	2869
2941	2958
2907	2801
2673	2556
2468	2408
2363	2326
2290	2268
2273	2319
2397	2439
2505	2580
2641	2681
2699	2703
2701	2698
2698	2700
2702	2701
2690	2668
2642	2619
2600	2582
2564	2550
2537	2524
2512	2517
2561	2644
2760	2961
3401	4298
5793	7749
9712	11210
12029	12177
11734	10819
9681	8643
7940	7599
7473	7420
7400	7465
7650	7920
8182	8320
8261	8075
7967	8144
8644	9321
9940	10325
10460	10439
10361	10257
10104	9872
9540	9116
8664	8270
7990	7811
7672	7563
7525	7537
7485	7317
7110	6985
6951	6911
6764	6507
6229	6021
5891	5775
5635	5507
5447	5456
5472	5460
5468	5534
5604	5609
5568	5560
5636	5773
5906	5972
5967	5927
5884	5840
5769	5650
5496	5362
5324	5422
5623	5846
6019	6112
6129	6087
6009	5917
5854	5866
5981	6175
6401	6602
6743	6825
6875	6905
6865	6674
6287	5764
5267	4946
4823	4761
4619	4375
4082	3802
3575	3425
3351	3317
3283	3215
3112	2997
2909	2868
2864	2879
2897	2905
2885	2823
2713	2570
2420	2297
2223	2209
2244	2314
2402	2490
2569	2637
2685	2711
2715	2705
2692	2684
2679	2666
2638	2597
2555	2522
2498	2488
2486	2490
2496	2508
2529	2573
2638	2713
2770	2786
2747	2663
2561	2466
2395	2346
2311	2279
2251	2230
2231	2262
2321	2367
2442	2526
2601	2653
2684	2699
2707	2707
2702	2695
2687	2676
2658	2631
2602	2575
2555	2538
2525	2516
2508	2499
2490	2494
2536	2622
2762	3041
3621	4686
6294	8229
10051	11357
11978	11922
11252	10135
8907	7935
7399	7219
7188	7171
7177	7279
7507	7830
8164	8384
8386	8197
7996	7981
8255	8777
9376	9848
10093	10156
10123	10038
9905	9701
9392	8987
8560	8213
7988	7834
7666	7504
7439	7467
7448	7298
7095	6973
6950	6921
6773	6503
6201	5967
5822	5709
5582	5465
5415	5434
5457	5442
5434	5481
5548	5563
5534	5518
5570	5679
5791	5849
5845	5819
5806	5798
5765	5677
5545	5417
5363	5428
5589	5784
5951	6058
6092	6063
5984	5890
5826	5840
5954	6150
6378	6579
6715	6776
6778	6720
6546	6180
5614	4964
4431	4181
4206	4321
4332	4187
3949	3700
3502	3378
3323	3303
3279	3221
3124	3020
2939	2898
2889	2895
2904	2905
2883	2825
2726	2600
2470	2370
2318	2327
2388	2477
2575	2661
2725	2764
2782	2777
2754	2720
2688	2668
2659	2645
2616	2577
2535	2501
2477	2463
2455	2449
2444	2442
2450	2476
2520	2575
2620	2636
2612	2553
2477	2406
2347	2304
2267	2232
2199	2176
2172	2194
2252	2302
2383	2476
2560	2621
2662	2685
2696	2697
2690	2674
2655	2633
2611	2581
2549	2523
2505	2499
2494	2490
2490	2492
2492	2503
2547	2634
2807	3183
3940	5206
6939	8858
10546	11663
12073	11779
10874	9608
8371	7501
7093	7007
7034	7070
7129	7269
7507	7823
8153	8393
8446	8315
8107	7969
8026	8341
8835	9316
9627	9749
9755	9706
9624	9483
9232	8862
8473	8180
8014	7875
7669	7445
7332	7339
7319	7176
6983	6878
6876	6868
6740	6479
6173	5928
5774	5662
5545	5438
5395	5421
5448	5424
5395	5422
5482	5515
5505	5488
5512	5585
5668	5710
5709	5698
5710	5736
5736	5681
5574	5461
5403	5440
5561	5724
5881	5991
6035	6009
5929	5831
5767	5786
5906	6108
6337	6532
6649	6676
6621	6474
6175	5664
4972	4260
3746	3568
3678	3877
3968	3895
3710	3506
3353	3273
3249	3250
3235	3182
3092	2997
2924	2886
2876	2877
2882	2880
2864	2817
2735	2630
2527	2454
2434	2469
2552	2660
2765	2842
2885	2897
2885	2852
2804	2746
2693	2661
2644	2627
2597	2557
2516	2482
2457	2439
2424	2410
2397	2389
2389	2407
2439	2479
2514	2532
2521	2481
2428	2373
2324	2278
2234	2187
2144	2112
2104	2125
2199	2249
2331	2426
2512	2579
2623	2646
2655	2656
2650	2632
2600	2566
2543	2521
2499	2478
2467	2470
2472	2471
2472	2480
2495	2524
2578	2677
2887	3364
4286	5727
7556	9446
11013	11969
12193	11697
10630	9322
8174	7437
7112	7056
7117	7222
7362	7547
7784	8044
8288	8461
8514	8431
8247	8033
7907	7999
8322	8736
9060	9219
9255	9252
9251	9210
9040	8727
8385	8151
8028	7893
7654	7377
7204	7152
7095	6956
6798	6736
6771	6791
6688	6450
6160	5914
5749	5633
5523	5427
5394	5420
5442	5407
5360	5364
5418	5466
5476	5462
5459	5493
5545	5577
5579	5584
5620	5672
5696	5661
5576	5483
5428	5443
5526	5658
5804	5920
5968	5939
5852	5753
5693	5720
5850	6060
6290	6470
6552	6525
6404	6183
5807	5222
4484	3776
3301	3155
3265	3446
3542	3502
3368	3227
3143	3128
3153	3181
3174	3117
3026	2933
2869	2835
2824	2827
2834	2840
2833	2801
2739	2656
2579	2537
2545	2607
2710	2830
2934	2999
3020	3007
2968	2913
2845	2771
2707	2666
2643	2619
2586	2542
2498	2463
2435	2415
2395	2376
2362	2354
2358	2374
2401	2430
2457	2474
2472	2451
2411	2363
2311	2256
2199	2142
2091	2052
2042	2070
2167	2212
2284	2368
2447	2513
2553	2572
2577	2586
2595	2583
2540	2489
2464	2461
2460	2457
2459	2465
2465	2457
2448	2453
2480	2532
2612	2735
2988	3539
4568	6104
7962	9796
11249	12065
12136	11510
10404	9180
8201	7623
7390	7375
7490	7671
7877	8087
8294	8469
8585	8646
8662	8611
8447	8166
7867	7726
7835	8125
8422	8595
8657	8712
8815	8894
8820	8571
8284	8104
8010	7872
7611	7300
7063	6925
6813	6687
6592	6595
6672	6716
6640	6432
6161	5914
5737	5612
5506	5428
5405	5426
5433	5388
5331	5322
5366	5421
5445	5429
5403	5403
5434	5461
5472	5489
5541	5611
5649	5623
5551	5474
5421	5413
5464	5574
5721	5847
5902	5874
5786	5687
5631	5658
5791	6007
6235	6392
6427	6333
6144	5877
5481	4902
4189	3520
3072	2904
2941	3042
3093	3057
2967	2894
2893	2962
3054	3120
3119	3051
2947	2847
2780	2747
2738	2745
2764	2785
2797	2783
2740	2680
2626	2607
2640	2723
2840	2964
3062	3110
3108	3068
3010	2940
2864	2787
2722	2678
2650	2621
2581	2532
2485	2444
2415	2389
2367	2350
2340	2340
2354	2375
2399	2421
2440	2457
2464	2449
2413	2360
2295	2224
2153	2088
2035	1998
1993	2036
2158	2189
2239	2300
2363	2423
2462	2479
2488	2512
2545	2546
2492	2419
2386	2398
2432	2469
2496	2502
2486	2457
2432	2425
2454	2527
2637	2793
3079	3667
4731	6278
8099	9843
11155	11793
11691	10981
9950	8943
8225	7873
7808	7916
8112	8334
8529	8696
8836	8915
8918	8903
8918	8926
8800	8463
7993	7592
7440	7553
7776	7939
8023	8142
8355	8554
8571	8390
8169	8043
7974	7830
7552	7214
6912	6684
6523	6423
6404	6477
6590	6648
6589	6410
6157	5908
5716	5585
5489	5432
5418	5424
5411	5361
5309	5297
5331	5383
5411	5391
5344	5319
5337	5369
5387	5408
5462	5542
5591	5569
5501	5430
5374	5348
5375	5470
5619	5758
5825	5812
5742	5659
5605	5621
5739	5948
6167	6296
6278	6113
5860	5572
5208	4693
4053	3431
2983	2758
2698	2706
2696	2647
2585	2572
2651	2804
2966	3071
3080	2999
2871	2755
2676	2634
2622	2634
2666	2710
2745	2754
2731	2689
2658	2662
2714	2813
2936	3055
3137	3167
3142	3083
3008	2930
2852	2782
2725	2686
2658	2626
2581	2529
2477	2433
2399	2372
2348	2333
2329	2340
2364	2392
2417	2432
2446	2463
2474	2462
2420	2352
2266	2176
2091	2026
1979	1951
1959	2025
2161	2172
2197	2238
2291	2349
2396	2421
2436	2471
2525	2542
2488	2397
2343	2360
2431	2528
2606	2613
2554	2476
2425	2414
2449	2534
2661	2837
3142	3742
4799	6311
8047	9631
10706	11053
10700	9911
9042	8376
8050	8056
8276	8576
8850	9041
9155	9231
9282	9275
9212	9175
9238	9345
9312	8983
8374	7701
7233	7096
7187	7310
7413	7601
7909	8196
8285	8179
8040	7981
7940	7790
7494	7129
6776	6482
6289	6218
6263	6389
6520	6577
6523	6363
6122	5870
5672	5544
5469	5434
5417	5397
5360	5315
5284	5282
5309	5350
5372	5344
5281	5241
5254	5292
5313	5325
5371	5458
5523	5509
5441	5363
5298	5261
5272	5354
5492	5633
5719	5737
5709	5660
5619	5623
5714	5895
6089	6183
6110	5877
5570	5274
4965	4542
3996	3430
2977	2698
2559	2492
2435	2369
2323	2347
2475	2681
2893	3034
3056	2965
2817	2678
2578	2518
2496	2506
2552	2616
2675	2706
2703	2685
2676	2704
2775	2881
2999	3104
3167	3174
3131	3058
2975	2892
2819	2755
2709	2678
2655	2622
2578	2525
2473	2428
2391	2361
2337	2323
2324	2343
2375	2410
2435	2448
2457	2473
2488	2473
2421	2331
2223	2113
2021	1961
1923	1907
1934	2027
2157	2156
2167	2203
2258	2328
2396	2440
2461	2500
2569	2616
2578	2479
2401	2403
2509	2684
2827	2828
2682	2499
2395	2394
2460	2561
2687	2863
3178	3792
4851	6318
7900	9196
9875	9814
9180	8358
7736	7507
7675	8130
8694	9192
9509	9642
9677	9694
9687	9613
9488	9418
9503	9709
9823	9593
8934	8029
7232	6795
6700	6762
6895	7146
7506	7827
7964	7933
7889	7906
7902	7752
7447	7068
6692	6375
6173	6122
6198	6339
6461	6496
6430	6276
6043	5793
5604	5499
5454	5432
5401	5345
5280	5239
5234	5252
5281	5312
5326	5288
5213	5163
5176	5222
5240	5234
5268	5362
5450	5456
5390	5299
5220	5177
5181	5239
5349	5471
5568	5627
5654	5660
5656	5665
5729	5861
6007	6053
5925	5633
5281	4984
4730	4404
3956	3459
3027	2728
2549	2445
2367	2298
2258	2294
2429	2641
2865	3019
3051	2957
2792	2627
2503	2424
2388	2397
2448	2525
2599	2649
2667	2673
2692	2741
2824	2929
3034	3118
3157	3145
3090	3011
2924	2840
2768	2711
2674	2653
2637	2611
2571	2521
2469	2425
2387	2356
2332	2320
2325	2346
2383	2421
2448	2458
2465	2482
2493	2477
2411	2304
2173	2047
1952	1899
1875	1872
1915	2026
2137	2133
2144	2185
2250	2336
2433	2512
2556	2610
2709	2807
2808	2705
2585	2567
2701	2947
3139	3107
2841	2522
2342	2348
2460	2589
2711	2880
3209	3863
4947	6342
7675	8528
8684	8210
7415	6735
6474	6698
7308	8124
8938	9565
9922	10061
10113	10154
10146	10018
9786	9599
9623	9878
10139	10063
9443	8402
7342	6628
6341	6342
6507	6800
7161	7462
7612	7652
7699	7792
7824	7691
7399	7036
6677	6371
6180	6135
6208	6333
6422	6416
6321	6158
5933	5696
5527	5453
5440	5429
5377	5283
5189	5144
5156	5193
5232	5264
5270	5224
5140	5083
5100	5152
5169	5151
5170	5268
5378	5411
5352	5251
5160	5112
5110	5142
5203	5291
5391	5484
5560	5626
5680	5722
5770	5846
5914	5894
5715	5380
5003	4712
4504	4258
3903	3487
3108	2831
2659	2560
2495	2444
2418	2444
2544	2709
2896	3034
3063	2967
2790	2603
2458	2370
2329	2337
2387	2465
2542	2602
2640	2670
2714	2780
2867	2964
3048	3105
3123	3095
3033	2950
2863	2779
2710	2657
2627	2614
2607	2592
2560	2517
2470	2427
2389	2356
2330	2318
2324	2346
2385	2425
2454	2463
2468	2483
2492	2472
2397	2275
2129	1994
1900	1857
1844	1853
1905	2020
2101	2100
2120	2166
2227	2314
2435	2559
2655	2757
2919	3090
3134	3014
2844	2796
2950	3225
3405	3313
2964	2562
2323	2315
2450	2598
2726	2904
3276	3996
5103	6364
7327	7633
7276	6561
5894	5598
5779	6347
7150	8051
8901	9569
10001	10251
10420	10555
10587	10414
10050	9696
9617	9879
10246	10299
9744	8657
7447	6547
6115	6063
6247	6548
6862	7104
7245	7337
7460	7607
7675	7577
7329	7012
6691	6414
6240	6197
6254	6349
6400	6350
6215	6031
5810	5596
5449	5401
5413	5411
5347	5226
5110	5055
5068	5117
5168	5206
5208	5155
5061	5001
5022	5085
5109	5087
5092	5180
5298	5351
5312	5214
5117	5066
5062	5070
5090	5140
5225	5333
5442	5561
5676	5760
5803	5818
5797	5699
5474	5123
4748	4476
4307	4119
3839	3502
3196	2972
2842	2787
2775	2771
2765	2766
2797	2874
2978	3064
3073	2972
2789	2593
2444	2361
2333	2347
2392	2458
2527	2587
2638	2689
2750	2822
2901	2979
3040	3074
3072	3036
2970	2885
2798	2717
2651	2603
2578	2571
2573	2566
2545	2510
2469	2429
2391	2358
2333	2319
2326	2350
2388	2429
2456	2463
2467	2479
2488	2464
2386	2256
2103	1967
1877	1843
1839	1855
1908	2012
2060	2066
2095	2142
2182	2249
2372	2534
2685	2853
3094	3344
3426	3283
3062	2984
3126	3361
3474	3334
2990	2615
2381	2354
2469	2619
2758	2974
3423	4222
5301	6314
6804	6582
5909	5281
5061	5316
5880	6542
7207	7887
8571	9200
9715	10116
10442	10691
10777	10587
10139	9686
9564	9864
10296	10403
9875	8775
7511	6517
5992	5895
6072	6347
6591	6757
6874	7000
7173	7354
7455	7411
7227	6965
6676	6421
6265	6232
6287	6363
6388	6308
6134	5917
5695	5498
5367	5331
5354	5361
5295	5174
5055	4993
4998	5045
5101	5142
5141	5078
4979	4921
4949	5025
5064	5043
5035	5097
5196	5258
5247	5173
5081	5028
5021	5025
5027	5049
5113	5217
5339	5485
5640	5755
5790	5747
5639	5468
5212	4872
4529	4296
4163	4015
3782	3512
3278	3123
3060	3079
3147	3213
3233	3196
3135	3087
3079	3088
3060	2952
2773	2585
2448	2386
2382	2411
2451	2500
2549	2601
2658	2720
2787	2856
2921	2974
3012	3028
3015	2973
2905	2822
2738	2662
2597	2552
2530	2530
2537	2540
2528	2502
2468	2431
2393	2360
2335	2324
2330	2352
2391	2429
2453	2460
2463	2474
2481	2458
2381	2250
2096	1965
1883	1854
1857	1875
1917	1997
2017	2038
2087	2135
2159	2195
2294	2446
2616	2836
3155	3470
3579	3422
3176	3063
3141	3282
3326	3196
2937	2659
2478	2450
2547	2689
2845	3108
3632	4470
5416	6061
6078	5524
4880	4674
5075	5835
6567	7056
7353	7648
8059	8573
9102	9594
10031	10372
10520	10366
9952	9560
9529	9916
10395	10498
9954	8852
7586	6558
5966	5802
5936	6166
6336	6428
6514	6657
6858	7061
7192	7205
7090	6866
6590	6345
6213	6211
6285	6366
6390	6299
6093	5835
5595	5397
5269	5231
5257	5268
5214	5109
5010	4955
4954	4993
5044	5076
5064	4990
4889	4835
4876	4967
5024	5013
4993	5020
5085	5143
5159	5122
5048	4994
4985	4999
5009	5022
5064	5151
5273	5426
5587	5702
5716	5621
5442	5215
4945	4635
4350	4170
4073	3948
3745	3521
3351	3269
3285	3397
3566	3709
3754	3673
3502	3320
3181	3097
3023	2905
2739	2571
2458	2421
2441	2484
2526	2561
2593	2633
2686	2747
2810	2867
2913	2944
2962	2966
2951	2904
2837	2757
2682	2613
2555	2512
2492	2493
2507	2516
2510	2491
2463	2430
2396	2364
2339	2328
2336	2359
2392	2424
2443	2449
2452	2463
2472	2452
2379	2254
2108	1984
1910	1887
1893	1908
1934	1978
1998	2039
2107	2168
2192	2209
2261	2350
2488	2740
3124	3482
3595	3435
3182	3026
2996	3023
3042	2994
2854	2672
2542	2538
2645	2792
2955	3236
3773	4535
5236	5510
5235	4690
4407	4780
5720	6745
7397	7572
7483	7426
7566	7891
8308	8760
9215	9602
9803	9742
9485	9285
9417	9900
10408	10505
9962	8906
7701	6690
6038	5777
5826	5988
6090	6119
6175	6325
6544	6757
6910	6972
6908	6707
6431	6198
6105	6151
6261	6362
6393	6301
6073	5776
5500	5287
5150	5106
5131	5147
5103	5021
4952	4920
4927	4961
4997	5009
4970	4883
4781	4740
4797	4902
4974	4979
4957	4957
4989	5036
5070	5063
5013	4962
4953	4979
5010	5029
5056	5125
5240	5385
5526	5608
5584	5444
5218	4961
4692	4423
4202	4078
4010	3899
3713	3523
3404	3388
3491	3703
3977	4204
4277	4151
3879	3565
3299	3119
2994	2864
2708	2558
2464	2441
2474	2527
2575	2609
2636	2666
2707	2757
2806	2846
2872	2888
2895	2894
2873	2825
2757	2686
2624	2570
2522	2484
2465	2468
2482	2494
2494	2479
2455	2426
2396	2365
2343	2333
2341	2363
2388	2412
2424	2429
2434	2447
2458	2443
2378	2264
2129	2017
1953	1933
1938	1948
1961	1978
2043	2091
2170	2247
2297	2312
2304	2296
2373	2640
3071	3439
3529	3354
3096	2882
2727	2655
2691	2766
2758	2655
2567	2588
2704	2841
2987	3242
3702	4283
4709	4764
4517	4314
4555	5405
6591	7577
7991	7883
7558	7306
7243	7340
7546	7845
8215	8573
8806	8864
8807	8798
9024	9511
10009	10132
9673	8762
7723	6811
6147	5791
5728	5803
5840	5821
5855	6011
6244	6460
6622	6712
6680	6494
6227	6018
5971	6067
6210	6317
6342	6243
6003	5685
5385	5158
5019	4976
4998	5018
4982	4918
4879	4878
4906	4941
4957	4935
4868	4765
4665	4639
4712	4826
4909	4930
4913	4898
4906	4939
4979	4993
4970	4936
4926	4955
5001	5033
5059	5113
5213	5334
5433	5465
5393	5217
4975	4712
4458	4233
4075	3998
3947	3839
3663	3494
3414	3460
3640	3950
4328	4639
4749	4602
4257	3837
3463	3196
3016	2863
2705	2557
2465	2443
2476	2533
2587	2629
2657	2682
2709	2742
2772	2794
2807	2814
2816	2813
2789	2735
2667	2607
2563	2530
2497	2469
2454	2459
2474	2484
2485	2469
2446	2421
2391	2363
2340	2328
2332	2348
2367	2385
2394	2400
2409	2425
2437	2428
2374	2276
2159	2064
2012	1996
1999	2007
2018	2036
2190	2237
2317	2412
2489	2499
2420	2302
2306	2560
2993	3333
3381	3190
2925	2659
2403	2255
2317	2503
2622	2606
2569	2605
2694	2778
2877	3079
3428	3817
4063	4120
4163	4446
5147	6220
7346	8085
8237	7967
7580	7272
7075	6962
6952	7070
7301	7576
7817	7980
8062	8100
8238	8581
9003	9165
8854	8173
7385	6674
6105	5739
5602	5600
5583	5528
5552	5719
5959	6170
6329	6433
6422	6255
6004	5820
5803	5923
6069	6158
6152	6032
5800	5505
5228	5018
4894	4859
4883	4900
4864	4815
4804	4837
4888	4923
4917	4863
4770	4651
4556	4542
4626	4748
4835	4864
4854	4830
4820	4840
4880	4911
4914	4904
4898	4920
4967	5013
5048	5094
5166	5242
5288	5261
5147	4957
4725	4482
4255	4070
3959	3915
3869	3755
3579	3425
3375	3466
3712	4101
4561	4950
5112	4981
4608	4123
3672	3334
3103	2917
2737	2574
2470	2437
2463	2517
2573	2620
2654	2674
2689	2704
2716	2726
2731	2735
2739	2732
2702	2642
2574	2527
2505	2494
2480	2467
2463	2474
2490	2497
2491	2472
2446	2418
2387	2354
2324	2304
2298	2305
2319	2334
2346	2358
2373	2392
2407	2403
2364	2285
2192	2118
2081	2073
2076	2090
2118	2174
2446	2485
2564	2672
2761	2751
2595	2376
2297	2494
2860	3131
3136	2942
2685	2402
2095	1903
1964	2202
2407	2490
2528	2587
2630	2635
2668	2814
3078	3365
3584	3792
4168	4841
5803	6892
7815	8286
8260	7942
7569	7241
6945	6697
6561	6563
6673	6852
7078	7295
7390	7310
7212	7318
7608	7776
7589	7112
6574	6115
5756	5514
5407	5382
5339	5267
5284	5455
5698	5902
6056	6165
6169	6019
5779	5598
5572	5670
5783	5828
5781	5644
5443	5222
5024	4876
4789	4768
4790	4797
4758	4719
4734	4797
4867	4900
4871	4792
4678	4552
4458	4454
4545	4670
4761	4794
4782	4750
4728	4735
4772	4813
4847	4865
4870	4884
4921	4973
5019	5055
5088	5106
5089	5008
4861	4673
4476	4283
4101	3957
3882	3851
3791	3648
3460	3315
3287	3408
3694	4131
4645	5092
5316	5232
4871	4359
3858	3472
3203	2988
2783	2599
2478	2433
2448	2495
2548	2595
2628	2646
2651	2650
2646	2644
2649	2657
2662	2655
2618	2554
2490	2458
2458	2470
2477	2481
2493	2511
2527	2530
2515	2489
2455	2417
2380	2338
2297	2261
2239	2233
2240	2257
2275	2293
2314	2334
2352	2356
2333	2279
2215	2166
2147	2148
2161	2190
2263	2394
2759	2771
2821	2922
3017	2996
2800	2518
2352	2438
2690	2879
2868	2700
2469	2189
1870	1652
1674	1887
2117	2279
2408	2507
2524	2469
2440	2529
2745	3030
3330	3700
4271	5108
6145	7182
7966	8306
8230	7925
7554	7174
6807	6523
6381	6350
6368	6446
6618	6802
6803	6542
6227	6151
6323	6445
6282	5898
5516	5270
5155	5123
5142	5169
5142	5070
5069	5228
5466	5670
5827	5939
5952	5813
5577	5372
5294	5320
5361	5351
5271	5141
4997	4876
4788	4726
4689	4690
4710	4706
4662	4629
4662	4750
4836	4865
4820	4719
4594	4461
4368	4366
4464	4595
4689	4724
4711	4673
4643	4644
4673	4720
4770	4815
4840	4854
4884	4932
4978	4998
4987	4949
4874	4744
4570	4393
4249	4126
4008	3913
3866	3827
3722	3529
3312	3166
3148	3283
3583	4035
4568	5049
5332	5311
4982	4460
3929	3517
3240	3021
2809	2617
2484	2431
2438	2475
2521	2560
2591	2603
2601	2586
2567	2557
2562	2577
2590	2583
2543	2479
2424	2409
2431	2465
2492	2514
2538	2563
2577	2573
2549	2511
2466	2420
2370	2316
2259	2203
2161	2140
2140	2157
2178	2201
2223	2246
2266	2277
2271	2245
2215	2196
2196	2211
2236	2292
2426	2661
3032	2973
2940	2996
3099	3111
2938	2635
2391	2355
2501	2664
2711	2621
2426	2141
1803	1543
1498	1644
1854	2055
2239	2368
2378	2291
2219	2257
2446	2760
3151	3607
4197	5001
6002	7040
7859	8261
8250	7976
7575	7127
6728	6475
6381	6340
6273	6232
6286	6345
6207	5829
5454	5351
5476	5524
5300	4903
4573	4444
4504	4667
4845	4977
5008	4949
4921	5037
5259	5477
5649	5773
5796	5672
5435	5192
5027	4935
4868	4792
4699	4606
4538	4514
4531	4556
4576	4603
4629	4622
4574	4543
4588	4693
4789	4815
4756	4644
4511	4377
4284	4284
4387	4524
4625	4664
4653	4615
4585	4582
4606	4646
4700	4763
4810	4836
4864	4904
4933	4929
4882	4802
4683	4515
4314	4145
4051	4006
3964	3923
3896	3831
3666	3409
3154	2995
2972	3100
3389	3827
4347	4838
5163	5195
4900	4376
3827	3416
3161	2977
2793	2614
2485	2429
2430	2458
2494	2527
2551	2560
2551	2522
2492	2474
2480	2505
2527	2524
2486	2427
2386	2390
2432	2484
2527	2563
2594	2620
2630	2617
2584	2537
2481	2421
2358	2289
2213	2137
2074	2035
2026	2036
2057	2080
2103	2126
2148	2167
2179	2183
2187	2198
2217	2245
2287	2370
2565	2894
3158	3002
2851	2838
2942	3000
2869	2571
2282	2176
2286	2509
2699	2754
2636	2341
1948	1617
1497	1591
1784	1982
2158	2263
2249	2148
2053	2056
2215	2536
2951	3397
3896	4566
5500	6613
7618	8224
8343	8095
7647	7148
6735	6507
6432	6365
6223	6066
5966	5844
5570	5174
4889	4875
5002	4980
4676	4233
3897	3802
3941	4228
4550	4809
4928	4894
4827	4878
5072	5313
5521	5666
5714	5619
5388	5091
4811	4573
4373	4223
4128	4085
4087	4146
4248	4353
4432	4493
4539	4540
4492	4461
4511	4624
4726	4751
4687	4568
4430	4296
4205	4209
4314	4456
4565	4609
4604	4571
4546	4547
4567	4594
4639	4709
4780	4827
4861	4887
4893	4861
4789	4682
4538	4340
4115	3944
3887	3907
3937	3949
3931	3834
3607	3293
3004	2830
2792	2895
3148	3544
4025	4502
4847	4919
4651	4131
3583	3194
2987	2862
2728	2582
2470	2421
2420	2442
2471	2499
2517	2521
2503	2465
2423	2400
2409	2444
2477	2483
2452	2406
2380	2400
2458	2523
2576	2615
2648	2669
2672	2654
2612	2557
2493	2423
2345	2259
2164	2069
1986	1933
1910	1914
1930	1949
1967	1989
2011	2037
2066	2098
2134	2172
2211	2252
2306	2406
2629	2992
3082	2864
2631	2556
2636	2695
2579	2302
2026	1925
2063	2375
2729	2969
2968	2689
2239	1836
1671	1757
1959	2145
2275	2326
2281	2173
2073	2050
2168	2440
2811	3188
3566	4087
4940	6126
7335	8159
8400	8157
7664	7133
6707	6459
6349	6248
6073	5857
5631	5340
4956	4595
4441	4525
4656	4576
4214	3741
3391	3296
3466	3834
4279	4668
4881	4884
4776	4753
4906	5168
5420	5608
5698	5642
5405	5038
4635	4264
3952	3731
3622	3605
3653	3765
3932	4106
4244	4348
4422	4441
4405	4382
4434	4547
4653	4679
4612	4492
4352	4219
4129	4136
4243	4387
4500	4549
4548	4521
4503	4513
4533	4550
4582	4650
4738	4808
4851	4869
4857	4810
4723	4601
4430	4208
3964	3792
3757	3825
3911	3959
3936	3793
3510	3160
2868	2698
2651	2721
2920	3247
3665	4106
4451	4550
4309	3811
3287	2935
2781	2711
2625	2515
2433	2401
2409	2431
2458	2482
2496	2494
2465	2417
2368	2341
2355	2400
2445	2463
2445	2414
2404	2436
2499	2566
2620	2657
2684	2699
2696	2672
2627	2569
2499	2420
2327	2225
2112	2000
1904	1837
1806	1800
1810	1821
1834	1850
1873	1904
1947	2005
2068	2127
2182	2236
2299	2400
2603	2915
2834	2625
2393	2297
2331	2343
2224	1997
1783	1720
1877	2229
2678	3053
3161	2921
2457	2039
1884	2006
2246	2449
2565	2599
2554	2463
2369	2321
2374	2558
2842	3141
3424	3820
4562	5715
6987	7902
8183	7918
7405	6884
6465	6179
6004	5864
5698	5500
5231	4837
4384	4062
4004	4137
4239	4112
3725	3237
2879	2791
2999	3451
4011	4515
4824	4877
4758	4671
4772	5034
5330	5572
5724	5702
5437	4982
4485	4047
3691	3428
3280	3239
3281	3405
3604	3829
4019	4164
4270	4316
4308	4305
4362	4474
4574	4598
4533	4413
4275	4143
4056	4061
4165	4309
4425	4476
4471	4446
4438	4460
4488	4500
4520	4581
4672	4756
4810	4831
4820	4772
4680	4537
4341	4098
3853	3691
3672	3766
3881	3939
3878	3665
3325	2972
2718	2589
2554	2598
2738	2989
3335	3731
4064	4175
3964	3507
3026	2715
2597	2558
2501	2423
2372	2368
2394	2426
2455	2479
2487	2478
2441	2388
2336	2313
2333	2385
2440	2468
2464	2449
2451	2484
2541	2598
2644	2672
2689	2698
2693	2670
2629	2570
2498	2412
2309	2192
2064	1937
1832	1759
1722	1710
1709	1714
1718	1729
1750	1787
1844	1918
2001	2076
2144	2207
2275	2364
2511	2716
2522	2367
2199	2125
2130	2108
2006	1847
1688	1623
1737	2048
2488	2888
3030	2819
2400	2047
1962	2150
2453	2724
2900	2979
2974	2916
2841	2778
2764	2845
3023	3237
3445	3746
4343	5320
6440	7260
7491	7215
6738	6295
5939	5646
5405	5201
5027	4872
4637	4240
3796	3530
3524	3641
3679	3503
3104	2620
2271	2210
2474	3003
3658	4256
4661	4805
4735	4628
4675	4913
5233	5539
5766	5786
5488	4957
4419	3997
3666	3389
3185	3070
3046	3128
3313	3548
3770	3950
4087	4170
4207	4235
4299	4398
4484	4502
4441	4329
4197	4067
3980	3982
4075	4213
4328	4383
4380	4357
4358	4394
4432	4445
4453	4499
4580	4661
4721	4757
4767	4735
4640	4469
4245	3998
3777	3647
3641	3733
3840	3862
3724	3418
3033	2710
2532	2478
2481	2521
2622	2813
3098	3451
3764	3873
3685	3273
2838	2556
2449	2418
2377	2328
2313	2339
2383	2427
2462	2485
2490	2476
2439	2387
2341	2325
2351	2408
2466	2498
2501	2496
2504	2533
2575	2617
2647	2665
2672	2676
2672	2654
2618	2564
2493	2402
2294	2170
2037	1906
1795	1718
1677	1658
1647	1640
1636	1643
1667	1710
1775	1858
1949	2032
2106	2174
2241	2317
2411	2513
2283	2182
2082	2051
2066	2057
1998	1883
1721	1592
1613	1835
2195	2526
2621	2421
2081	1846
1873	2145
2531	2897
3169	3307
3327	3290
3247	3204
3160	3145
3194	3292
3424	3650
4105	4829
5652	6250
6391	6136
5759	5453
5210	4957
4672	4382
4146	3985
3803	3503
3187	3033
3057	3100
3021	2772
2366	1919
1614	1594
1892	2450
3137	3796
4306	4604
4675	4622
4632	4817
5137	5510
5834	5919
5619	5058
4524	4146
3849	3561
3301	3098
2976	2969
3086	3286
3507	3711
3882	4010
4094	4157
4225	4306
4371	4384
4333	4237
4113	3988
3903	3894
3969	4095
4213	4275
4282	4270
4285	4333
4383	4396
4391	4412
4465	4531
4593	4650
4689	4676
4575	4383
4137	3901
3729	3646
3652	3717
3768	3714
3484	3100
2695	2424
2340	2373
2432	2496
2596	2763
3013	3323
3598	3684
3498	3115
2710	2432
2317	2290
2275	2264
2282	2330
2386	2437
2474	2495
2498	2484
2454	2413
2381	2375
2407	2466
2520	2548
2550	2546
2554	2575
2600	2623
2638	2646
2647	2648
2644	2631
2599	2551
2485	2399
2295	2177
2050	1924
1817	1741
1693	1661
1635	1616
1605	1611
1638	1687
1755	1839
1926	2005
2076	2143
2208	2276
2346	2402
2185	2109
2047	2062
2118	2147
2110	1987
1779	1582
1530	1675
1934	2148
2161	1966
1717	1612
1760	2123
2580	3010
3320	3451
3445	3408
3417	3435
3395	3295
3204	3178
3244	3441
3804	4297
4814	5179
5239	5017
4722	4524
4398	4234
3974	3630
3298	3068
2915	2772
2684	2708
2751	2667
2417	2058
1650	1276
1054	1069
1342	1839
2473	3142
3770	4278
4573	4646
4651	4770
5066	5492
5915	6080
5815	5266
4750	4391
4092	3786
3487	3216
3000	2889
2910	3040
3232	3444
3648	3817
3941	4031
4106	4176
4231	4248
4209	4125
4014	3901
3819	3798
3850	3958
4073	4149
4176	4185
4214	4274
4330	4343
4327	4321
4345	4386
4445	4520
4583	4586
4482	4276
4020	3800
3675	3643
3662	3683
3654	3516
3227	2826
2447	2237
2219	2305
2403	2511
2661	2858
3092	3349
3559	3595
3395	3020
2615	2319
2188	2175
2205	2244
2292	2349
2407	2455
2489	2504
2503	2491
2471	2448
2435	2444
2483	2537
2582	2603
2601	2594
2596	2605
2615	2625
2628	2626
2622	2621
2619	2606
2579	2534
2476	2401
2312	2213
2106	1998
1901	1825
1769	1723
1681	1649
1633	1640
1670	1719
1785	1861
1937	2006
2067	2126
2185	2251
2327	2393
2206	2133
2090	2141
2240	2282
2218	2047
1808	1609
1563	1675
1841	1933
1872	1692
1526	1526
1769	2209
2711	3134
3375	3413
3336	3297
3368	3451
3412	3238
3039	2941
2999	3215
3528	3859
4168	4395
4414	4187
3881	3693
3642	3601
3443	3125
2738	2436
2287	2286
2432	2637
2689	2450
1998	1515
1113	831
700	728
928	1296
1807	2434
3157	3887
4435	4678
4712	4770
5006	5437
5917	6143
5921	5409
4918	4552
4232	3915
3606	3300
3014	2810
2731	2778
2932	3148
3376	3572
3721	3829
3917	3999
4068	4095
4067	3994
3900	3804
3729	3699
3726	3808
3915	4001
4049	4079
4122	4189
4247	4262
4239	4214
4211	4233
4286	4369
4444	4454
4355	4147
3887	3676
3588	3601
3628	3597
3484	3293
3021	2695
2395	2225
2206	2268
2363	2517
2753	3026
3269	3459
3575	3546
3323	2947
2532	2211
2065	2078
2165	2256
2329	2390
2440	2480
2505	2512
2505	2492
2481	2477
2486	2511
2554	2605
2642	2656
2650	2640
2633	2632
2631	2627
2620	2610
2603	2598
2595	2583
2556	2515
2463	2405
2339	2268
2190	2108
2028	1958
1895	1834
1782	1742
1723	1725
1749	1794
1850	1914
1976	2031
2082	2131
2181	2247
2339	2438
2328	2257
2226	2301
2409	2419
2287	2065
1840	1710
1733	1852
1945	1928
1810	1651
1546	1608
1909	2402
2922	3290
3413	3323
3176	3143
3250	3348
3277	3046
2823	2754
2864	3089
3328	3544
3772	3987
4026	3782
3406	3163
3139	3201
3158	2914
2545	2223
2076	2160
2451	2763
2799	2420
1792	1205
814	612
538	559
676	910
1282	1832
2593	3480
4240	4656
4749	4749
4879	5238
5706	5962
5799	5358
4911	4541
4210	3910
3621	3295
2954	2673
2509	2483
2601	2816
3060	3271
3430	3555
3670	3785
3883	3928
3908	3845
3769	3698
3642	3605
3608	3663
3754	3844
3908	3951
4001	4063
4116	4132
4110	4079
4062	4067
4110	4188
4263	4278
4186	3984
3728	3527
3470	3519
3544	3447
3252	3042
2857	2678
2497	2349
2262	2225
2259	2442
2782	3161
3434	3561
3573	3468
3222	2853
2442	2117
1973	2015
2147	2281
2374	2437
2480	2511
2525	2523
2510	2497
2494	2506
2535	2578
2625	2671
2701	2707
2698	2682
2669	2658
2647	2633
2613	2595
2583	2576
2572	2559
2532	2493
2449	2405
2366	2328
2284	2231
2167	2105
2042	1982
1927	1883
1855	1847
1859	1890
1934	1984
2036	2081
2122	2160
2203	2268
2379	2527
2579	2513
2483	2546
2617	2562
2367	2128
1953	1905
1996	2128
2164	2062
1898	1751
1683	1774
2099	2617
3140	3458
3489	3320
3139	3101
3191	3240
3115	2891
2753	2799
2957	3104
3200	3314
3539	3819
3924	3710
3327	3061
3034	3122
3118	2921
2599	2316
2201	2322
2647	2961
2940	2452
1718	1076
697	537
485	487
546	687
949	1409
2145	3084
3962	4505
4662	4608
4595	4824
5244	5545
5487	5171
4800	4438
4116	3858
3594	3238
2831	2476
2243	2164
2252	2461
2705	2916
3083	3227
3373	3528
3658	3726
3722	3675
3624	3584
3550	3518
3503	3534
3610	3698
3770	3820
3861	3910
3950	3960
3940	3908
3882	3874
3901	3964
4032	4044
3963	3777
3538	3365
3351	3437
3448	3273
2987	2765
2686	2683
2640	2513
2328	2151
2093	2279
2708	3195
3521	3615
3539	3355
3078	2720
2341	2047
1932	1996
2152	2307
2417	2484
2524	2546
2550	2542
2528	2519
2526	2555
2601	2655
2706	2746
2766	2761
2741	2719
2699	2680
2659	2635
2606	2580
2562	2552
2545	2532
2505	2467
2428	2400
2384	2377
2367	2341
2297	2245
2190	2136
2086	2043
2006	1985
1978	1992
2020	2060
2105	2143
2176	2206
2242	2309
2451	2672
2925	2857
2801	2804
2800	2694
2493	2301
2196	2206
2320	2440
2431	2272
2067	1919
1870	1980
2315	2827
3324	3603
3595	3401
3208	3148
3188	3185
3062	2936
2973	3151
3286	3263
3167	3188
3418	3739
3903	3775
3483	3266
3221	3247
3178	2962
2686	2486
2452	2611
2908	3136
3012	2450
1681	1039
675	525
472	459
490	581
777	1170
1849	2751
3628	4210
4397	4290
4145	4256
4668	5058
5149	4983
4701	4371
4080	3870
3610	3193
2698	2263
1978	1864
1922	2104
2323	2522
2691	2854
3029	3215
3375	3469
3494	3476
3459	3451
3439	3415
3393	3410
3477	3569
3648	3697
3726	3750
3765	3761
3737	3703
3666	3635
3637	3676
3730	3744
3680	3526
3331	3214
3255	3377
3374	3131
2764	2507
2494	2638
2739	2653
2390	2077
1921	2084
2557	3125
3517	3631
3518	3269
2939	2577
2244	2015
1944	2021
2179	2341
2463	2538
2575	2590
2589	2580
2571	2570
2589	2631
2688	2746
2794	2826
2831	2815
2784	2754
2728	2700
2668	2629
2589	2554
2532	2520
2514	2498
2468	2432
2398	2381
2387	2405
2422	2420
2395	2355
2312	2269
2228	2187
2146	2111
2089	2086
2101	2132
2169	2203
2229	2250
2279	2352
2533	2844
3213	3132
3027	2941
2868	2767
2647	2570
2555	2602
2698	2771
2718	2525
2296	2135
2098	2234
2570	3039
3475	3711
3687	3478
3257	3158
3179	3206
3186	3231
3450	3708
3749	3517
3241	3181
3380	3670
3834	3783
3606	3457
3390	3320
3147	2875
2635	2553
2655	2885
3136	3235
2990	2380
1636	1041
705	561
503	481
496	567
742	1115
1747	2557
3321	3823
3972	3816
3599	3678
4146	4666
4889	4827
4613	4333
4105	3951
3681	3188
2594	2086
1759	1617
1635	1761
1933	2101
2265	2440
2636	2843
3027	3156
3221	3247
3263	3281
3287	3276
3260	3277
3345	3445
3536	3587
3598	3588
3567	3540
3505	3462
3407	3349
3314	3323
3358	3377
3342	3242
3122	3080
3177	3327
3323	3054
2632	2321
2305	2529
2751	2733
2431	2024
1783	1902
2364	2952
3411	3604
3532	3256
2865	2476
2182	2021
1995	2078
2228	2392
2528	2608
2642	2649
2646	2641
2641	2652
2680	2727
2785	2838
2877	2895
2890	2862
2822	2787
2753	2717
2669	2614
2561	2518
2494	2483
2474	2457
2426	2387
2356	2348
2368	2404
2437	2454
2446	2420
2389	2356
2324	2287
2247	2206
2177	2163
2168	2191
2222	2250
2269	2282
2305	2379
2583	2942
3269	3192
3063	2930
2833	2781
2776	2829
2915	3001
3063	3070
2966	2756
2523	2361
2338	2485
2798	3204
3583	3808
3791	3552
3257	3096
3130	3266
3423	3646
3974	4222
4134	3731
3329	3197
3336	3557
3680	3649
3522	3401
3314	3189
2951	2645
2443	2490
2761	3091
3296	3243
2866	2240
1581	1089
816	691
631	596
596	662
852	1240
1833	2507
3070	3388
3430	3242
3037	3166
3728	4349
4639	4604
4414	4192
4054	3968
3698	3152
2492	1937
1585	1416
1379	1431
1536	1666
1815	1994
2202	2423
2629	2793
2905	2975
3021	3058
3082	3087
3089	3116
3191	3304
3409	3467
3458	3405
3337	3280
3234	3184
3111	3024
2953	2928
2941	2960
2958	2931
2905	2942
3075	3229
3240	2996
2578	2225
2155	2382
2670	2716
2421	1977
1696	1774
2176	2716
3193	3482
3511	3269
2852	2439
2166	2053
2055	2136
2282	2458
2608	2694
2721	2721
2717	2718
2727	2748
2780	2826
2874	2917
2944	2951
2937	2902
2859	2819
2779	2729
2662	2588
2522	2477
2456	2447
2438	2418
2383	2341
2310	2305
2328	2371
2414	2440
2445	2433
2410	2383
2359	2329
2296	2262
2233	2217
2217	2235
2261	2283
2297	2306
2323	2387
2570	2892
3092	3058
2982	2887
2817	2805
2864	2992
3153	3275
3309	3244
3088	2877
2670	2534
2514	2629
2871	3219
3613	3915
3951	3679
3275	3015
3031	3259
3566	3905
4249	4419
4217	3725
3260	3078
3170	3355
3450	3396
3249	3110
3013	2894
2667	2380
2224	2381
2808	3235
3387	3166
2664	2065
1552	1216
1041	962
906	854
837	904
1113	1496
2003	2491
2802	2892
2813	2629
2501	2713
3330	3972
4252	4192
3998	3834
3790	3773
3531	2989
2324	1760
1400	1206
1114	1095
1140	1231
1362	1533
1742	1967
2191	2387
2541	2648
2720	2775
2818	2850
2876	2922
3010	3135
3257	3316
3285	3181
3061	2971
2915	2865
2790	2690
2597	2541
2526	2537
2561	2596
2653	2742
2876	3008
3038	2874
2539	2204
2087	2258
2530	2598
2338	1931
1679	1744
2067	2497
2914	3241
3370	3217
2844	2452
2197	2097
2096	2170
2322	2519
2688	2779
2802	2797
2790	2799
2817	2844
2875	2909
2943	2974
2994	2995
2978	2940
2895	2849
2798	2730
2644	2555
2482	2439
2422	2419
2411	2390
2352	2308
2272	2263
2281	2321
2361	2390
2401	2394
2377	2358
2339	2320
2297	2273
2251	2240
2242	2260
2287	2309
2323	2330
2347	2395
2522	2741
2854	2890
2922	2922
2895	2882
2924	3052
3235	3376
3391	3270
3077	2883
2730	2635
2592	2609
2734	3045
3523	3961
4083	3796
3306	2929
2861	3074
3415	3771
4064	4148
3898	3413
2958	2762
2845	3044
3151	3080
2894	2721
2617	2530
2371	2155
2063	2294
2815	3292
3379	3021
2450	1936
1601	1431
1367	1353
1328	1277
1250	1315
1506	1806
2140	2384
2444	2344
2192	2061
2044	2316
2901	3466
3687	3595
3411	3303
3334	3366
3166	2677
2061	1522
1164	957
833	771
776	838
945	1095
1286	1503
1728	1943
2125	2256
2348	2419
2485	2548
2609	2685
2797	2941
3073	3127
3063	2907
2734	2614
2557	2519
2460	2372
2280	2210
2173	2168
2194	2254
2342	2438
2526	2609
2661	2619
2446	2218
2106	2202
2390	2424
2206	1891
1725	1808
2059	2354
2650	2927
3097	3046
2792	2483
2258	2140
2105	2164
2333	2563
2756	2856
2881	2877
2875	2890
2915	2943
2962	2975
2989	3007
3025	3029
3007	2967
2917	2859
2791	2703
2605	2509
2439	2405
2400	2403
2395	2374
2335	2289
2248	2231
2239	2268
2301	2325
2332	2322
2308	2295
2283	2273
2262	2249
2239	2233
2244	2269
2301	2326
2344	2358
2377	2416
2497	2627
2742	2816
2916	2981
2978	2945
2947	3036
3197	3341
3358	3227
3033	2865
2763	2687
2584	2472
2482	2766
3296	3805
3979	3728
3239	2803
2621	2715
2971	3258
3481	3526
3318	2926
2542	2364
2452	2665
2786	2713
2514	2325
2222	2175
2105	1997
1986	2254
2773	3219
3247	2849
2320	1940
1766	1718
1741	1800
1835	1812
1788	1835
1958	2102
2198	2184
2038	1837
1691	1647
1724	2001
2472	2893
3040	2952
2815	2771
2848	2894
2714	2283
1739	1243
901	701
580	513
503	540
616	733
888	1076
1282	1492
1673	1807
1901	1983
2072	2166
2267	2388
2543	2716
2855	2888
2783	2575
2362	2224
2172	2153
2120	2065
2003	1946
1906	1887
1896	1933
1989	2028
2042	2070
2148	2235
2258	2197
2146	2185
2258	2224
2040	1834
1765	1874
2062	2245
2415	2597
2751	2791
2687	2500
2312	2162
2077	2118
2316	2594
2825	2946
2979	2981
2985	3004
3028	3045
3040	3018
3003	3011
3033	3038
3016	2969
2906	2832
2745	2643
2540	2450
2394	2375
2383	2392
2389	2368
2328	2280
2238	2213
2211	2229
2252	2266
2264	2250
2232	2220
2215	2213
2211	2208
2207	2213
2229	2259
2295	2326
2351	2373
2400	2443
2522	2640
2800	2835
2890	2923
2910	2880
2880	2940
3068	3216
3278	3200
3040	2901
2819	2728
2555	2349
2291	2524
2984	3418
3576	3401
3019	2625
2383	2352
2477	2661
2820	2873
2763	2512
2228	2068
2118	2285
2380	2311
2134	1971
1898	1911
1941	1950
2013	2268
2695	3028
3016	2692
2312	2083
2014	2028
2109	2240
2340	2350
2318	2320
2345	2322
2201	1989
1726	1504
1408	1443
1574	1804
2118	2379
2466	2417
2355	2378
2476	2497
2298	1899
1418	980
674	500
404	354
342	359
402	479
594	740
908	1081
1231	1340
1419	1497
1594	1712
1853	2025
2231	2440
2578	2577
2420	2172
1941	1805
1762	1758
1755	1749
1741	1730
1718	1706
1696	1683
1652	1596
1531	1518
1613	1796
1972	2072
2108	2117
2090	1988
1836	1728
1740	1851
1981	2080
2165	2273
2410	2522
2549	2475
2324	2138
2005	2040
2285	2637
2930	3084
3130	3132
3134	3147
3160	3151
3104	3037
2989	2983
3006	3016
2990	2931
2852	2759
2657	2550
2452	2381
2345	2348
2369	2386
2386	2363
2325	2276
2234	2206
2199	2210
2224	2229
2219	2196
2172	2157
2152	2153
2156	2163
2173	2185
2204	2235
2269	2302
2334	2366
2403	2463
2574	2744
2927	2855
2756	2668
2624	2645
2706	2776
2887	3053
3191	3205
3107	2997
2919	2807
2594	2360
2280	2433
2726	2985
3080	2984
2745	2463
2249	2167
2199	2291
2391	2452
2432	2307
2102	1933
1900	1970
2010	1945
1812	1707
1713	1824
1963	2062
2162	2361
2644	2832
2786	2572
2366	2266
2257	2307
2436	2633
2774	2779
2699	2623
2554	2427
2201	1911
1625	1425
1370	1441
1571	1727
1892	2015
2055	2041
2044	2115
2219	2200
1960	1562
1133	765
518	383
316	284
272	274
291	337
414	521
645	762
856	920
970	1031
1122	1245
1406	1613
1859	2090
2220	2180
1980	1711
1487	1368
1338	1346
1371	1416
1476	1533
1577	1607
1606	1549
1425	1265
1129	1089
1183	1390
1634	1830
1936	1943
1859	1720
1607	1584
1652	1751
1818	1849
1885	1968
2112	2277
2389	2389
2265	2059
1897	1941
2252	2703
3082	3285
3340	3335
3321	3311
3294	3243
3146	3028
2942	2925
2949	2961
2928	2853
2757	2650
2540	2440
2359	2312
2301	2323
2359	2383
2384	2361
2322	2274
2232	2206
2199	2206
2215	2215
2200	2171
2142	2119
2109	2107
2115	2127
2141	2159
2178	2202
2229	2261
2295	2334
2381	2456
2605	2843
2977	2778
2493	2259
2200	2321
2491	2612
2732	2920
3117	3209
3176	3107
3044	2928
2716	2497
2408	2472
2607	2726
2773	2717
2572	2391
2253	2192
2192	2210
2232	2261
2277	2222
2068	1882
1774	1762
1769	1721
1632	1598
1708	1943
2174	2309
2390	2516
2677	2745
2660	2516
2427	2410
2432	2512
2697	2940
3086	3038
2859	2679
2549	2428
2249	2004
1752	1568
1507	1553
1640	1720
1774	1795
1788	1773
1789	1869
1963	1916
1652	1264
892	606
429	336
291	270
261	259
265	291
341	414
492	556
596	617
633	666
729	830
981	1191
1445	1676
1787	1720
1503	1246
1052	963
947	963
1008	1095
1214	1342
1460	1561
1608	1550
1374	1142
951	873
928	1090
1310	1523
1662	1685
1596	1468
1399	1441
1550	1636
1650	1622
1623	1703
1866	2064
2213	2251
2152	1949
1779	1842
2222	2779
3257	3513
3578	3561
3523	3480
3422	3321
3164	2989
2865	2832
2857	2872
2834	2750
2639	2526
2421	2335
2278	2258
2272	2313
2358	2385
2386	2362
2321	2270
2229	2202
2196	2202
2210	2212
2199	2174
2144	2116
2096	2087
2094	2109
2124	2140
2154	2169
2187	2213
2248	2290
2341	2423
2588	2849
2828	2537
2129	1819
1792	2023
2308	2503
2658	2863
3067	3170
3168	3143
3118	3026
2836	2635
2530	2529
2589	2669
2713	2669
2547	2419
2343	2323
2311	2265
2197	2153
2146	2121
2010	1841
1711	1675
1684	1667
1619	1650
1861	2195
2465	2569
2585	2644
2739	2751
2645	2527
2482	2491
2521	2624
2847	3111
3238	3119
2831	2556
2422	2404
2371	2241
2028	1825
1705	1677
1693	1702
1685	1637
1577	1519
1498	1552
1627	1573
1330	995
701	502
394	344
320	309
308	315
323	336
360	395
434	457
465	460
452	450
468	523
634	811
1032	1233
1322	1252
1059	847
704	648
644	664
718	829
991	1171
1352	1524
1645	1645
1499	1264
1044	908
872	926
1056	1220
1357	1407
1359	1276
1255	1338
1475	1563
1547	1477
1446	1514
1674	1869
2023	2081
2015	1841
1684	1763
2195	2840
3404	3712
3791	3767
3712	3644
3547	3394
3174	2934
2762	2706
2724	2740
2706	2621
2515	2408
2317	2252
2223	2229
2264	2315
2364	2392
2391	2364
2319	2267
2220	2190
2180	2186
2197	2206
2207	2195
2173	2145
2117	2102
2103	2113
2126	2137
2145	2150
2160	2178
2209	2247
2295	2369
2509	2720
2444	2134
1714	1434
1482	1804
2174	2439
2646	2857
3012	3053
3030	3031
3062	3027
2882	2705
2586	2545
2579	2666
2729	2697
2594	2496
2451	2439
2412	2325
2194	2083
2040	2024
1960	1835
1721	1676
1691	1694
1691	1794
2095	2480
2724	2731
2645	2643
2720	2740
2653	2553
2517	2521
2548	2657
2877	3116
3206	3053
2726	2432
2350	2461
2571	2524
2330	2091
1899	1776
1695	1627
1548	1449
1341	1233
1163	1179
1233	1191
1007	765
568	456
412	404
406	408
418	435
450	451
443	436
436	436
432	421
399	367
340	344
404	523
685	831
896	844
709	565
479	453
456	470
521	642
825	1039
1261	1478
1658	1748
1712	1564
1361	1160
996	898
895	973
1082	1159
1170	1147
1167	1284
1451	1554
1526	1427
1361	1396
1524	1691
1827	1895
1867	1740
1616	1711
2173	2875
3508	3860
3957	3934
3879	3802
3682	3487
3198	2879
2642	2543
2543	2557
2536	2473
2390	2307
2242	2206
2201	2228
2276	2331
2375	2397
2393	2366
2318	2263
2212	2175
2158	2161
2178	2199
2217	2222
2214	2191
2165	2148
2144	2148
2156	2160
2160	2156
2155	2163
2185	2217
2255	2304
2377	2462
1917	1643
1301	1125
1261	1636
2041	2361
2624	2832
2903	2834
2748	2772
2885	2957
2906	2780
2657	2570
2544	2594
2652	2651
2601	2546
2504	2467
2423	2343
2225	2115
2068	2069
2047	1958
1831	1736
1699	1697
1747	1950
2345	2760
2936	2813
2602	2533
2615	2683
2647	2578
2549	2558
2594	2688
2839	2984
3021	2895
2650	2449
2458	2647
2809	2784
2598	2357
2127	1910
1708	1526
1364	1214
1072	936
844	839
878	857
739	592
491	456
473	512
544	558
571	595
615	604
559	504
462	442
438	431
407	360
309	286
308	376
471	554
590	555
474	398
360	354
352	353
395	516
714	951
1195	1426
1627	1785
1878	1872
1745	1516
1234	980
830	806
868	951
1005	1031
1092	1246
1450	1576
1547	1428
1331	1323
1405	1531
1643	1712
1717	1645
1569	1689
2164	2896
3574	3968
4090	4076
4029	3962
3840	3610
3254	2847
2523	2357
2318	2331
2336	2316
2275	2232
2200	2193
2213	2252
2301	2349
2385	2400
2395	2369
2323	2269
2213	2168
2145	2144
2163	2193
2221	2241
2247	2236
2219	2209
2204	2205
2207	2205
2197	2183
2170	2169
2181	2201
2226	2242
2226	2146
1409	1200
965	897
1098	1483
1889	2233
2537	2738
2729	2548
2400	2450
2676	2903
2987	2931
2794	2623
2483	2443
2481	2529
2547	2527
2466	2389
2336	2305
2270	2237
2246	2303
2343	2272
2086	1874
1728	1683
1788	2108
2607	3050
3168	2933
2609	2475
2564	2685
2707	2672
2665	2700
2745	2782
2794	2777
2739	2683
2615	2592
2698	2896
3035	3010
2864	2665
2419	2108
1765	1443
1179	975
819	691
616	620
662	655
580	497
463	486
551	630
689	712
727	754
774	748
667	563
483	447
445	450
431	386
336	314
330	373
417	445
440	403
355	320
309	306
293	276
306	426
636	894
1149	1369
1550	1721
1899	2022
2000	1801
1470	1110
838	715
712	771
837	893
988	1179
1419	1567
1547	1425
1311	1273
1316	1412
1509	1576
1599	1569
1537	1678
2154	2893
3605	4044
4195	4197
4167	4123
4014	3765
3349	2854
2434	2183
2095	2100
2138	2170
2183	2186
2192	2211
2245	2289
2332	2365
2389	2398
2394	2372
2331	2278
2223	2175
2147	2143
2161	2191
2222	2247
2261	2266
2265	2263
2263	2263
2262	2258
2243	2221
2197	2186
2188	2198
2204	2187
2088	1862
1080	923
762	760
982	1353
1734	2083
2408	2614
2561	2310
2125	2207
2540	2908
3112	3104
2932	2657
2387	2259
2303	2412
2480	2468
2393	2303
2259	2277
2328	2391
2495	2669
2822	2794
2536	2178
1895	1790
1920	2320
2887	3350
3441	3160
2784	2616
2701	2858
2928	2935
2949	2980
2969	2881
2715	2528
2416	2437
2555	2711
2895	3087
3218	3235
3157	2988
2691	2270
1800	1374
1036	798
643	546
515	555
613	611
542	476
466	517
608	709
785	822
848	886
909	867
751	606
496	453
462	478
465	424
386	378
408	449
470	457
415	366
326	306
299	284
255	222
242	361
577	842
1097	1293
1432	1577
1775	1967
2032	1902
1607	1227
888	680
615	637
689	749
862	1068
1318	1480
1482	1385
1289	1249
1277	1365
1462	1528
1552	1534
1521	1663
2118	2844
3579	4071
4267	4296
4291	4276
4190	3935
3477	2911
2403	2070
1925	1918
1984	2064
2129	2172
2209	2248
2286	2322
2350	2367
2379	2387
2389	2376
2344	2297
2243	2195
2164	2156
2169	2192
2218	2240
2259	2275
2288	2298
2302	2304
2303	2297
2281	2254
2226	2207
2200	2199
2192	2151
2004	1700
988	848
705	710
926	1275
1631	1971
2312	2546
2515	2268
2077	2172
2544	2967
3215	3212
2996	2638
2270	2080
2135	2302
2405	2405
2360	2330
2338	2391
2481	2604
2805	3120
3419	3460
3162	2702
2318	2151
2259	2639
3171	3595
3684	3443
3119	2976
3061	3224
3322	3351
3344	3273
3103	2840
2529	2254
2129	2222
2462	2726
2963	3181
3359	3456
3422	3214
2815	2289
1759	1308
959	713
566	503
521	607
688	681
593	503
480	531
628	733
811	867
922	982
1009	952
807	636
514	481
508	533
516	469
429	432
474	520
529	493
431	377
344	325
308	278
228	189
206	322
531	781
1014	1186
1295	1410
1596	1804
1911	1851
1638	1313
965	711
604	604
636	675
765	945
1169	1323
1349	1305
1265	1262
1310	1406
1507	1568
1571	1533
1503	1624
2043	2741
3488	4034
4291	4362
4386	4403
4345	4099
3626	3021
2452	2053
1856	1831
1911	2025
2121	2190
2245	2290
2323	2343
2351	2354
2360	2370
2380	2377
2356	2316
2267	2220
2188	2177
2183	2198
2215	2230
2247	2267
2288	2302
2310	2312
2311	2306
2294	2271
2244	2223
2209	2200
2185	2137
1993	1701
1084	920
749	730
928	1258
1598	1926
2283	2578
2645	2483
2326	2399
2713	3070
3265	3237
3012	2632
2209	1941
1943	2103
2230	2281
2338	2438
2541	2639
2757	2923
3194	3599
3982	4079
3812	3368
2983	2786
2814	3058
3426	3737
3830	3710
3542	3497
3593	3726
3805	3802
3682	3408
3017	2603
2253	2025
1988	2155
2436	2719
2980	3241
3482	3620
3566	3274
2789	2228
1713	1292
959	709
564	529
593	720
816	797
676	547
494	532
623	713
785	858
950	1040
1072	1006
847	664
544	526
571	598
570	508
460	460
499	539
537	489
423	377
354	338
311	268
215	178
196	306
493	713
915	1067
1169	1280
1455	1657
1777	1761
1633	1398
1084	817
709	720
745	741
767	881
1045	1164
1202	1214
1253	1319
1409	1516
1608	1643
1609	1528
1463	1551
1931	2590
3338	3935
4264	4390
4447	4493
4461	4240
3780	3172
2577	2132
1892	1844
1923	2048
2157	2237
2293	2333
2352	2349
2338	2330
2335	2351
2368	2375
2364	2333
2291	2250
2217	2203
2205	2211
2216	2220
2230	2247
2266	2278
2283	2284
2284	2286
2282	2269
2250	2231
2214	2197
2177	2138
2031	1810
1221	1029
829	798
983	1290
1600	1905
2267	2639
2854	2846
2764	2797
2980	3182
3265	3201
3015	2689
2258	1890
1745	1798
1908	2030
2213	2441
2648	2831
3028	3264
3567	3950
4289	4400
4248	3975
3720	3547
3475	3510
3630	3779
3893	3956
4015	4113
4229	4307
4298	4161
3832	3316
2747	2288
2015	1937
2042	2279
2544	2783
3031	3307
3550	3654
3540	3206
2727	2215
1750	1348
1007	745
605	609
729	888
971	916
756	593
516	539
615	682
736	818
939	1058
1104	1045
894	714
594	580
623	644
605	534
478	470
498	521
504	446
383	350
340	325
292	248
206	185
211	307
463	642
813	959
1079	1202
1373	1568
1691	1705
1650	1500
1237	985
901	948
978	932
894	942
1046	1121
1148	1192
1297	1432
1559	1655
1706	1693
1611	1485
1391	1452
1793	2407
3142	3783
4192	4383
4474	4538
4531	4342
3923	3341
2747	2274
2001	1928
1996	2113
2218	2294
2346	2376
2378	2356
2327	2312
2317	2338
2361	2372
2368	2346
2314	2278
2249	2234
2232	2229
2224	2217
2214	2220
2227	2227
2221	2217
2222	2234
2245	2248
2241	2227
2209	2189
2166	2134
2056	1888
1279	1101
930	926
1106	1367
1605	1842
2175	2597
2959	3132
3156	3163
3211	3242
3203	3107
2973	2743
2366	1938
1635	1531
1583	1751
2012	2297
2558	2831
3150	3472
3761	4015
4209	4312
4342	4337
4296	4200
4046	3868
3741	3747
3913	4187
4486	4736
4882	4895
4741	4376
3790	3083
2459	2073
1942	2017
2233	2500
2719	2891
3083	3306
3486	3531
3395	3098
2702	2270
1837	1425
1057	788
681	763
969	1156
1198	1073
858	664
568	579
635	672
704	782
921	1064
1142	1120
1003	835
701	657
667	665
619	552
498	479
486	492
464	405
351	326
319	301
265	230
210	209
241	318
437	577
721	866
1003	1139
1304	1493
1622	1665
1661	1579
1366	1142
1078	1152
1191	1133
1082	1117
1201	1245
1249	1301
1443	1622
1748	1792
1766	1683
1553	1402
1295	1346
1650	2208
2908	3582
4076	4340
4460	4528
4536	4389
4028	3498
2922	2437
2138	2043
2092	2194
2288	2355
2398	2418
2408	2371
2331	2309
2315	2335
2356	2369
2367	2353
2329	2304
2282	2270
2265	2258
2244	2225
2208	2196
2181	2161
2137	2126
2135	2161
2189	2210
2214	2207
2190	2169
2146	2110
2025	1850
1258	1155
1086	1161
1348	1532
1640	1746
1988	2401
2846	3161
3296	3317
3287	3212
3090	2962
2854	2703
2425	2042
1691	1500
1510	1697
1969	2225
2460	2760
3146	3507
3729	3814
3858	3966
4174	4415
4575	4565
4363	4028
3721	3638
3866	4319
4805	5177
5362	5324
5018	4426
3639	2861
2302	2050
2045	2196
2435	2677
2850	2955
3055	3178
3284	3315
3224	2996
2660	2262
1838	1427
1071	838
807	1010
1336	1565
1551	1329
1035	791
668	661
693	709
719	787
930	1099
1223	1262
1195	1040
876	773
726	693
648	592
539	497
474	463
444	407
369	348
331	297
256	229
230	244
274	328
409	509
627	763
902	1032
1181	1360
1505	1578
1612	1575
1414	1221
1155	1210
1243	1209
1202	1291
1404	1446
1441	1507
1688	1891
1980	1925
1788	1628
1466	1316
1224	1270
1531	2011
2653	3343
3911	4242
4380	4439
4449	4342
4053	3592
3052	2573
2264	2155
2188	2274
2353	2408
2441	2451
2433	2393
2351	2326
2328	2342
2357	2365
2366	2357
2343	2327
2314	2308
2303	2293
2271	2242
2210	2177
2139	2096
2056	2035
2045	2079
2121	2154
2170	2167
2152	2133
2110	2065
1951	1734
1278	1284
1359	1537
1730	1812
1756	1689
1795	2125
2556	2918
3128	3197
3175	3082
2946	2804
2692	2586
2413	2158
1898	1755
1800	2004
2253	2442
2597	2830
3162	3455
3573	3530
3493	3628
3952	4331
4602	4641
4411	3991
3588	3454
3698	4207
4757	5180
5396	5344
4964	4288
3480	2768
2325	2176
2221	2356
2543	2741
2886	2947
2968	3008
3081	3136
3084	2861
2492	2069
1665	1316
1048	909
988	1332
1786	2068
2021	1710
1319	998
825	784
796	797
798	857
1000	1186
1353	1449
1421	1267
1064	901
807	757
721	674
605	525
464	441
445	450
443	424
386	327
269	246
255	276
298	329
376	445
535	647
762	863
982	1148
1314	1429
1495	1496
1391	1228
1126	1112
1115	1110
1174	1333
1493	1563
1588	1710
1964	2204
2250	2084
1829	1597
1413	1276
1206	1249
1461	1853
2416	3087
3694	4071
4217	4253
4251	4175
3961	3581
3102	2652
2356	2248
2268	2338
2400	2443
2464	2464
2444	2410
2375	2353
2349	2354
2360	2364
2364	2361
2354	2345
2340	2340
2338	2327
2300	2262
2215	2165
2108	2047
1994	1966
1971	2003
2048	2084
2106	2108
2097	2080
2056	2007
1879	1648
1427	1541
1751	2006
2174	2138
1924	1705
1678	1886
2210	2514
2728	2849
2886	2849
2753	2637
2540	2464
2376	2259
2154	2148
2285	2514
2727	2863
2954	3080
3264	3417
3431	3334
3290	3452
3810	4223
4519	4563
4304	3839
3397	3226
3408	3816
4256	4621
4847	4841
4542	4005
3378	2830
2484	2358
2365	2425
2539	2714
2871	2933
2931	2948
3011	3048
2942	2629
2182	1740
1392	1153
1011	990
1187	1658
2223	2564
2514	2157
1686	1276
1028	939
932	932
941	1005
1144	1332
1517	1631
1603	1428
1191	999
896	860
838	783
679	554
460	434
468	517
545	529
468	377
299	268
278	294
306	318
345	392
459	544
624	684
761	903
1089	1251
1359	1404
1362	1232
1071	956
897	902
1009	1209
1401	1511
1602	1813
2156	2447
2479	2251
1927	1643
1429	1287
1227	1272
1443	1756
2232	2849
3452	3838
3973	3977
3955	3904
3757	3466
3062	2669
2406	2311
2327	2379
2425	2455
2468	2465
2447	2421
2397	2378
2366	2361
2361	2362
2362	2361
2360	2359
2361	2365
2365	2353
2325	2282
2224	2160
2091	2023
1966	1931
1925	1947
1979	2010
2029	2032
2022	2007
1985	1939
1829	1641
1644	1837
2134	2410
2509	2353
2027	1733
1635	1738
1924	2099
2246	2374
2465	2498
2473	2423
2386	2368
2344	2309
2315	2428
2648	2886
3060	3170
3245	3315
3383	3416
3368	3267
3232	3386
3730	4138
4434	4462
4168	3663
3194	2981
3053	3259
3477	3707
3929	4036
3955	3712
3367	2994
2694	2522
2440	2413
2495	2699
2913	3020
3040	3048
3042	2959
2717	2310
1842	1446
1187	1050
1004	1071
1359	1918
2553	2942
2922	2560
2044	1560
1240	1098
1074	1090
1129	1213
1347	1518
1685	1772
1710	1511
1269	1091
1010	992
963	877
732	576
471	449
498	574
628	624
551	439
340	292
289	297
298	299
315	353
413	484
538	556
588	697
887	1090
1243	1338
1360	1260
1049	829
699	688
793	984
1181	1335
1502	1790
2184	2495
2544	2343
2041	1746
1497	1321
1253	1302
1454	1711
2107	2651
3211	3577
3686	3653
3603	3566
3479	3273
2957	2635
2420	2346
2365	2403
2431	2445
2452	2455
2449	2436
2418	2397
2378	2367
2362	2362
2362	2362
2365	2370
2378	2387
2389	2377
2347	2301
2238	2167
2091	2022
1966	1929
1912	1913
1924	1938
1947	1945
1935	1921
1902	1866
1787	1664
1757	1989
2324	2586
2606	2355
1986	1705
1617	1672
1749	1795
1837	1916
2016	2096
2131	2152
2202	2263
2286	2270
2292	2437
2685	2913
3051	3148
3255	3357
3422	3431
3366	3253
3184	3299
3630	4054
4363	4377
4037	3479
2972	2715
2685	2716
2751	2879
3117	3352
3497	3534
3428	3171
2867	2618
2446	2380
2499	2789
3088	3252
3276	3199
3023	2746
2388	1986
1605	1323
1164	1096
1090	1188
1506	2081
2723	3129
3138	2796
2269	1747
1375	1195
1160	1209
1301	1418
1546	1684
1805	1850
1766	1585
1392	1257
1186	1139
1059	918
744	588
496	479
523	599
662	673
610	497
384	314
290	284
279	278
295	334
397	466
506	500
494	564
736	947
1130	1269
1343	1274
1039	757
574	532
606	755
938	1133
1371	1700
2077	2352
2414	2298
2094	1842
1568	1352
1267	1314
1456	1671
2003	2477
2988	3322
3403	3330
3249	3216
3172	3039
2807	2561
2399	2355
2381	2411
2416	2403
2396	2409
2432	2445
2435	2408
2381	2366
2361	2362
2363	2365
2371	2379
2394	2406
2412	2401
2372	2325
2261	2185
2108	2044
1995	1958
1928	1907
1894	1884
1875	1864
1850	1834
1817	1790
1731	1644
1684	1921
2261	2511
2489	2202
1849	1630
1593	1644
1661	1613
1559	1571
1651	1746
1811	1872
1975	2101
2167	2143
2121	2220
2445	2658
2779	2880
3042	3233
3380	3428
3353	3178
3039	3123
3484	3956
4282	4266
3876	3274
2736	2447
2356	2320
2322	2460
2738	3033
3284	3470
3498	3302
2968	2641
2412	2367
2578	2978
3358	3546
3499	3244
2841	2408
2041	1747
1512	1362
1301	1285
1287	1365
1629	2121
2690	3067
3086	2773
2272	1764
1381	1179
1147	1234
1385	1542
1673	1777
1859	1879
1820	1724
1632	1540
1429	1281
1096	895
719	597
536	519
538	588
646	676
646	554
438	345
295	272
262	266
287	330
395	461
495	481
457	494
624	806
983	1142
1248	1213
998	715
519	456
493	597
762	991
1290	1639
1961	2157
2201	2161
2070	1890
1628	1394
1285	1311
1424	1599
1877	2303
2781	3101
3160	3055
2944	2900
2878	2795
2631	2455
2350	2336
2368	2383
2351	2292
2257	2284
2356	2414
2426	2402
2373	2358
2356	2361
2366	2372
2378	2392
2410	2429
2438	2430
2400	2353
2288	2216
2145	2088
2046	2009
1972	1931
1891	1856
1825	1798
1775	1757
1742	1717
1661	1567
1500	1724
2056	2309
2290	2024
1725	1575
1582	1625
1596	1485
1370	1336
1398	1490
1555	1615
1728	1888
1995	1982
1917	1952
2134	2340
2471	2600
2821	3098
3312	3364
3224	2958
2768	2878
3314	3833
4143	4083
3668	3075
2563	2269
2154	2132
2207	2421
2711	2961
3178	3392
3490	3343
2998	2623
2374	2379
2687	3174
3596	3747
3555	3083
2513	2047
1770	1614
1506	1465
1493	1526
1521	1533
1671	2004
2441	2761
2785	2517
2087	1638
1279	1079
1056	1176
1373	1574
1726	1826
1884	1902
1903	1919
1926	1850
1658	1377
1076	830
678	609
578	556
545	563
609	655
662	609
506	400
324	284
268	269
290	331
388	442
468	458
438	454
534	657
801	947
1065	1067
912	686
520	459
472	542
689	938
1278	1641
1914	2029
2028	2014
1996	1890
1682	1463
1336	1317
1378	1502
1732	2122
2583	2904
2962	2839
2707	2651
2627	2562
2441	2322
2266	2277
2302	2280
2190	2073
2017	2079
2214	2331
2374	2363
2343	2338
2347	2362
2377	2388
2395	2412
2436	2461
2475	2470
2441	2393
2329	2260
2197	2151
2115	2080
2035	1979
1919	1858
1804	1760
1726	1703
1688	1666
1607	1491
1381	1585
1894	2133
2127	1910
1685	1598
1621	1626
1525	1353
1208	1166
1226	1316
1377	1426
1529	1695
1834	1852
1782	1785
1943	2155
2326	2506
2773	3069
3249	3207
2945	2601
2422	2612
3125	3663
3944	3870
3507	3022
2601	2322
2163	2131
2252	2489
2711	2842
2971	3175
3326	3246
2941	2577
2356	2424
2795	3316
3720	3768
3391	2744
2119	1737
1592	1543
1521	1564
1662	1716
1669	1578
1567	1735
2050	2324
2372	2172
1827	1453
1144	968
957	1094
1314	1554
1760	1895
1954	1970
2001	2073
2113	2019
1758	1389
1024	762
643	617
608	580
550	545
573	623
662	651
582	481
392	336
307	295
301	328
369	404
423	421
412	417
453	522
616	733
847	888
816	683
579	538
542	585
706	940
1281	1645
1893	1960
1918	1892
1900	1853
1713	1539
1407	1352
1367	1441
1621	1965
2404	2724
2790	2675
2541	2472
2428	2350
2246	2167
2147	2160
2149	2066
1914	1764
1725	1847
2058	2228
2297	2300
2296	2310
2339	2374
2404	2424
2434	2450
2475	2507
2527	2526
2497	2445
2382	2317
2262	2222
2191	2156
2107	2043
1969	1890
1815	1750
1702	1673
1660	1645
1594	1481
1453	1638
1899	2076
2046	1876
1745	1730
1751	1678
1480	1247
1100	1084
1162	1257
1327	1391
1495	1640
1763	1788
1739	1758
1934	2189
2423	2661
2940	3174
3218	3001
2598	2215
2094	2372
2927	3453
3728	3727
3523	3225
2931	2651
2397	2264
2307	2440
2515	2512
2572	2776
2981	2986
2772	2502
2378	2529
2933	3430
3748	3635
3074	2327
1743	1476
1439	1463
1513	1631
1763	1787
1664	1475
1352	1412
1653	1915
2009	1881
1602	1287
1028	889
897	1029
1247	1519
1798	2008
2094	2091
2089	2113
2098	1965
1695	1331
975	732
637	626
619	589
553	539
549	588
640	668
639	563
479	416
372	337
317	320
339	360
372	378
379	375
385	415
468	550
655	736
746	711
676	665
660	676
752	937
1239	1583
1824	1887
1833	1790
1796	1782
1698	1571
1456	1401
1411	1461
1589	1868
2250	2547
2623	2528
2410	2337
2269	2170
2066	2005
1993	1976
1900	1750
1565	1441
1477	1685
1964	2167
2245	2253
2263	2295
2347	2407
2459	2488
2499	2508
2532	2566
2592	2595
2566	2513
2448	2386
2336	2300
2267	2229
2177	2111
2031	1941
1850	1769
1707	1672
1661	1660
1639	1576
1733	1888
2072	2143
2055	1931
1908	1973
1980	1815
1520	1252
1131	1166
1277	1390
1486	1590
1701	1788
1820	1795
1762	1826
2058	2382
2698	2998
3266	3390
3256	2857
2343	1950
1882	2195
2731	3224
3528	3657
3659	3563
3383	3106
2765	2483
2345	2277
2169	2050
2069	2281
2534	2636
2560	2453
2485	2726
3133	3543
3704	3403
2705	1944
1437	1253
1266	1341
1469	1645
1769	1725
1531	1297
1141	1157
1355	1611
1751	1682
1445	1164
949	856
885	1011
1210	1485
1815	2092
2218	2206
2140	2061
1949	1779
1542	1248
954	744
653	631
611	579
555	544
541	561
609	658
664	622
560	506
454	396
344	316
314	323
333	344
348	340
333	340
366	420
517	624
697	736
762	775
768	751
779	907
1155	1465
1707	1789
1752	1704
1693	1682
1627	1533
1453	1441
1493	1555
1643	1832
2116	2351
2418	2347
2255	2193
2125	2024
1925	1865
1825	1748
1603	1414
1256	1221
1366	1663
1979	2184
2254	2260
2275	2319
2386	2465
2535	2573
2581	2581
2595	2627
2655	2663
2637	2585
2522	2464
2415	2376
2337	2292
2237	2171
2089	1996
1895	1802
1731	1691
1683	1699
1727	1758
2106	2201
2276	2239
2113	2047
2134	2276
2278	2051
1703	1436
1360	1435
1574	1709
1841	1989
2102	2104
2002	1889
1847	1941
2205	2583
2987	3369
3644	3673
3387	2866
2305	1914
1842	2103
2556	2992
3306	3526
3668	3710
3634	3427
3099	2726
2395	2105
1836	1641
1634	1847
2147	2361
2456	2538
2715	3006
3353	3617
3574	3093
2336	1647
1241	1102
1119	1223
1401	1591
1660	1548
1330	1126
1009	1022
1179	1410
1571	1546
1347	1098
924	877
945	1085
1259	1484
1771	2042
2194	2206
2125	1988
1808	1608
1400	1173
938	754
656	612
578	558
560	568
569	573
607	651
671	655
625	592
542	469
388	329
302	300
310	324
332	318
302	301
312	348
431	541
641	721
787	830
828	797
792	876
1082	1363
1602	1709
1692	1628
1584	1557
1517	1459
1431	1482
1590	1677
1730	1816
1966	2102
2141	2094
2040	2013
1977	1907
1824	1749
1663	1528
1345	1176
1102	1189
1438	1782
2091	2273
2326	2325
2339	2384
2457	2546
2625	2667
2669	2655
2656	2679
2710	2722
2702	2656
2600	2547
2501	2454
2402	2345
2286	2222
2144	2049
1943	1844
1768	1726
1721	1754
1832	1963
2392	2394
2349	2235
2125	2137
2312	2522
2560	2352
2034	1801
1736	1798
1927	2086
2265	2451
2551	2468
2255	2071
2007	2086
2315	2685
3156	3649
3977	3960
3591	3031
2487	2108
1971	2097
2414	2768
3047	3252
3406	3501
3529	3472
3267	2899
2449	2020
1676	1461
1437	1627
1947	2266
2531	2776
3033	3288
3504	3575
3323	2714
1983	1430
1151	1064
1076	1168
1328	1466
1456	1295
1106	983
945	983
1108	1298
1455	1467
1317	1106
962	956
1085	1272
1432	1555
1694	1851
1973	2027
2013	1912
1731	1520
1317	1115
908	734
622	562
529	527
562	604
622	628
644	666
676	670
669	663
625	545
444	359
309	293
301	320
329	318
303	300
306	328
393	486
580	672
767	845
869	842
824	885
1061	1314
1550	1676
1667	1570
1471	1418
1406	1412
1459	1576
1715	1794
1791	1766
1775	1802
1806	1783
1776	1803
1826	1806
1736	1636
1508	1351
1199	1115
1156	1344
1645	1976
2242	2386
2427	2430
2445	2488
2559	2646
2723	2758
2751	2724
2712	2729
2761	2781
2770	2731
2684	2639
2594	2537
2470	2395
2329	2267
2196	2103
1994	1891
1812	1769
1767	1813
1935	2147
2498	2393
2232	2079
2013	2089
2311	2573
2693	2604
2404	2229
2126	2099
2179	2368
2614	2830
2896	2748
2489	2291
2220	2258
2410	2728
3233	3815
4202	4177
3792	3273
2805	2447
2220	2171
2327	2590
2813	2952
3049	3148
3270	3363
3289	2973
2515	2091
1792	1613
1562	1674
1946	2310
2697	3053
3320	3470
3510	3378
2954	2289
1655	1275
1147	1132
1138	1179
1258	1299
1213	1036
894	863
908	986
1098	1260
1419	1471
1372	1191
1058	1078
1266	1519
1679	1695
1641	1610
1639	1721
1806	1805
1674	1471
1267	1070
868	691
567	499
468	483
545	615
658	673
679	677
666	661
679	696
676	599
487	385
318	291
296	321
340	338
334	339
343	356
401	471
551	643
764	877
935	924
897	931
1065	1281
1508	1654
1658	1531
1373	1298
1327	1423
1577	1764
1901	1914
1818	1684
1574	1512
1482	1478
1516	1598
1678	1702
1638	1511
1362	1243
1195	1242
1391	1622
1896	2160
2360	2474
2524	2552
2583	2630
2695	2772
2834	2857
2835	2798
2778	2794
2829	2857
2855	2827
2787	2744
2694	2623
2534	2444
2371	2311
2246	2157
2046	1940
1858	1814
1814	1873
2031	2299
2491	2290
2030	1842
1799	1901
2122	2390
2600	2686
2666	2569
2401	2248
2262	2498
2829	3058
3065	2861
2600	2437
2393	2426
2541	2821
3326	3930
4313	4274
3919	3497
3131	2803
2493	2286
2288	2471
2673	2796
2877	2992
3165	3320
3292	3013
2628	2326
2157	2041
1939	1913
2052	2374
2817	3237
3487	3516
3377	3065
2531	1888
1395	1192
1196	1236
1227	1203
1198	1153
1009	829
733	769
874	983
1099	1264
1451	1552
1493	1326
1187	1212
1432	1725
1897	1848
1645	1433
1343	1413
1566	1650
1581	1409
1221	1037
846	665
529	449
415	429
492	570
624	647
653	643
622	617
644	680
677	609
498	387
310	281
292	327
360	377
390	407
415	421
453	510
581	675
808	944
1020	1016
974	964
1033	1189
1397	1572
1613	1490
1301	1210
1283	1488
1773	2054
2187	2113
1899	1653
1443	1300
1231	1230
1297	1418
1541	1592
1528	1386
1256	1227
1325	1512
1725	1929
2115	2282
2421	2528
2610	2682
2745	2803
2861	2920
2964	2967
2932	2888
2865	2882
2923	2957
2966	2944
2906	2858
2794	2702
2591	2486
2407	2349
2290	2203
2093	1983
1898	1853
1855	1920
2100	2408
2481	2218
1882	1645
1589	1681
1863	2100
2366	2612
2773	2755
2531	2263
2227	2518
2927	3156
3083	2818
2562	2443
2453	2541
2698	2990
3477	4034
4347	4266
3957	3642
3366	3057
2687	2367
2257	2383
2604	2795
2948	3112
3291	3410
3341	3077
2783	2620
2580	2517
2362	2193
2169	2403
2848	3300
3538	3476
3191	2742
2157	1588
1242	1180
1266	1316
1272	1203
1158	1071
894	708
636	710
848	970
1094	1282
1517	1671
1634	1459
1306	1318
1534	1835
2020	1956
1682	1359
1169	1200
1367	1488
1459	1323
1170	1018
848	670
526	429
378	375
419	484
532	556
568	565
551	549
583	629
639	582
475	363
288	263
284	333
383	417
449	479
490	495
523	578
648	742
872	1005
1082	1074
1012	950
943	1031
1216	1424
1522	1432
1243	1149
1261	1566
1993	2387
2545	2403
2081	1728
1420	1193
1074	1062
1140	1281
1426	1493
1434	1298
1212	1292
1532	1824
2054	2190
2271	2348
2447	2562
2687	2806
2901	2967
3018	3062
3089	3075
3027	2974
2954	2975
3023	3065
3079	3062
3020	2961
2877	2765
2637	2519
2432	2377
2321	2238
2127	2015
1930	1883
1879	1933
2091	2420
2497	2205
1823	1546
1463	1538
1683	1881
2168	2515
2793	2830
2574	2237
2173	2504
2963	3182
3046	2728
2468	2376
2432	2588
2814	3143
3617	4112
4344	4223
3945	3704
3482	3177
2771	2393
2219	2316
2567	2841
3091	3304
3467	3525
3405	3143
2908	2831
2861	2832
2643	2381
2246	2402
2831	3301
3535	3426
3056	2527
1929	1425
1182	1204
1319	1354
1274	1187
1139	1046
852	656
596	686
835	960
1090	1302
1578	1763
1735	1547
1378	1380
1579	1869
2060	2006
1715	1346
1103	1098
1254	1380
1367	1256
1132	1010
861	689
537	428
360	338
364	412
448	470
486	495
492	496
530	583
600	550
448	339
264	246
276	336
398	446
487	526
542	547
575	634
707	798
918	1039
1105	1092
1013	913
851	891
1059	1289
1433	1378
1201	1111
1249	1626
2156	2641
2833	2658
2267	1837
1452	1160
997	969
1051	1201
1355	1430
1379	1254
1211	1370
1702	2051
2275	2352
2358	2379
2458	2587
2741	2889
3004	3077
3122	3158
3171	3147
3090	3034
3015	3038
3093	3140
3157	3142
3096	3026
2929	2802
2663	2537
2447	2392
2339	2257
2146	2034
1948	1900
1889	1883
1712	1118
