7843	6990
7311	6851
6862	6661
6589	6502
6444	6400
6361	6328
6295	6261
6227	6187
6146	6105
6060	6009
5954	5894
5833	5769
5708	5656
5613	5585
5569	5561
5559	5555
5550	5536
5508	5473
5431	5386
5342	5309
5283	5269
5261	5252
5245	5237
5221	5202
5175	5153
5133	5125
5134	5164
5232	5347
5525	5781
6127	6576
7123	7748
8416	9090
9710	10232
10620	10860
10961	10961
10901	10842
10829	10891
11043	11263
11537	11829
12107	12358
12568	12730
12834	12878
12850	12739
12551	12282
11955	11591
11220	10866
10541	10270
10041	9858
9710	9587
9481	9389
9313	9248
9193	9139
9078	8998
8888	8745
8568	8364
8142	7909
7670	7445
7229	7036
6873	6745
6659	6614
6610	6645
6705	6791
6896	7007
7131	7254
7378	7507
7635	7771
7915	8068
8236	8415
8607	8804
9014	9231
9455	9686
9929	10178
10445	10721
11012	11313
11622	11933
12242	12544
12836	13106
13351	13567
13753	13908
14032	14121
14181	14205
14194	14144
14052	13916
13735	13515
13253	12954
12627	12279
11910	11536
11162	10793
10440	10108
9803	9533
9311	9137
9014	8945
8928	8970
9060	9196
9371	9587
9825	10086
10355	10628
10895	11150
11386	11594
11773	11916
12022	12089
12114	12107
12062	11990
11898	11781
11655	11518
11375	11226
11073	10914
10749	10583
10417	10256
10104	9961
9849	9729
9683	9554
9614	0
9420	6993
7541	6855
6928	6663
6599	6502
6442	6398
6358	6325
6291	6257
6220	6177
6134	6087
6037	5982
5921	5859
5793	5729
5670	5618
5579	5550
5531	5521
5514	5510
5502	5486
5461	5423
5385	5346
5310	5281
5262	5252
5243	5240
5233	5220
5200	5176
5150	5121
5097	5081
5084	5111
5172	5279
5449	5693
6031	6469
7006	7623
8292	8972
9607	10155
10577	10857
11001	11038
11014	10983
10983	11048
11188	11393
11639	11905
12162	12392
12581	12727
12816	12843
12801	12677
12477	12208
11885	11533
11177	10840
10539	10281
10071	9898
9757	9636
9532	9440
9359	9290
9228	9168
9100	9016
8901	8757
8588	8393
8181	7961
7734	7516
7311	7122
6962	6836
6744	6693
6679	6702
6750	6824
6914	7017
7121	7233
7348	7465
7584	7712
7849	7998
8160	8332
8520	8717
8924	9135
9357	9585
9824	10070
10336	10613
10905	11209
11527	11846
12169	12482
12787	13066
13319	13546
13736	13894
14016	14103
14158	14176
14155	14096
13992	13845
13655	13422
13150	12843
12511	12154
11789	11416
11044	10682
10344	10025
9737	9490
9291	9138
9038	8991
8997	9054
9158	9307
9491	9709
9948	10207
10473	10738
10996	11244
11466	11665
11831	11960
12054	12112
12127	12110
12062	11983
11881	11761
11630	11487
11340	11186
11029	10865
10698	10530
10359	10200
10047	9908
9794	9680
9636	9512
9570	0
9388	6996
7539	6858
6929	6663
6599	6498
6439	6393
6356	6319
6286	6247
6207	6161
6114	6064
6004	5944
5879	5814
5744	5681
5622	5573
5528	5499
5480	5466
5455	5448
5435	5417
5391	5360
5326	5294
5267	5248
5233	5225
5224	5218
5212	5197
5174	5145
5112	5077
5046	5026
5023	5041
5095	5196
5352	5585
5908	6331
6850	7459
8127	8812
9467	10046
10511	10840
11038	11131
11154	11153
11173	11239
11370	11549
11768	12001
12225	12427
12597	12716
12786	12792
12730	12587
12379	12107
11790	11450
11114	10801
10526	10293
10103	9947
9815	9701
9598	9506
9422	9349
9279	9210
9134	9043
8924	8783
8615	8431
8228	8022
7811	7610
7416	7240
7089	6965
6873	6816
6792	6803
6837	6893
6965	7049
7136	7228
7324	7424
7527	7642
7767	7905
8057	8227
8408	8598
8802	9011
9228	9451
9685	9929
10190	10468
10760	11071
11399	11729
12064	12395
12709	13004
13271	13508
13705	13868
13992	14076
14123	14133
14100	14026
13908	13745
13540	13293
13008	12692
12349	11990
11625	11256
10893	10546
10219	9924
9661	9444
9269	9149
9076	9058
9090	9170
9294	9458
9652	9874
10117	10370
10628	10887
11134	11365
11574	11755
11905	12020
12098	12140
12145	12117
12053	11969
11859	11731
11592	11445
11291	11132
10968	10801
10627	10455
10284	10123
9970	9834
9724	9613
9571	9457
9516	0
9340	6998
7530	6859
6927	6663
6596	6495
6436	6387
6348	6314
6277	6238
6193	6141
6088	6028
5965	5895
5825	5756
5685	5621
5561	5512
5469	5438
5415	5397
5382	5369
5353	5331
5309	5279
5253	5230
5210	5199
5195	5192
5194	5193
5184	5166
5137	5103
5062	5022
4987	4961
4949	4963
5009	5095
5241	5455
5758	6161
6663	7258
7917	8612
9290	9902
10415	10807
11068	11222
11294	11336
11374	11445
11559	11713
11896	12095
12285	12455
12595	12690
12732	12714
12631	12473
12252	11976
11669	11345
11036	10752
10504	10301
10131	9995
9879	9775
9677	9585
9502	9423
9350	9271
9186	9083
8961	8818
8654	8476
8290	8097
7906	7723
7549	7392
7255	7139
7055	6997
6970	6967
6986	7022
7070	7125
7185	7249
7319	7394
7476	7566
7673	7795
7934	8095
8269	8455
8650	8855
9069	9286
9514	9754
10010	10286
10582	10900
11234	11577
11926	12273
12603	12918
13195	13445
13654	13824
13948	14030
14070	14068
14022	13934
13796	13618
13390	13128
12829	12501
12151	11789
11422	11061
10708	10380
10079	9808
9579	9396
9263	9174
9142	9156
9220	9327
9473	9654
9858	10088
10326	10576
10827	11067
11299	11512
11700	11865
11992	12086
12147	12169
12156	12112
12038	11939
11819	11687
11541	11385
11223	11057
10884	10711
10535	10356
10186	10021
9873	9740
9633	9533
9494	9390
9445	0
9284	6998
7515	6859
6921	6659
6590	6489
6431	6382
6342	6305
6266	6222
6172	6117
6055	5987
5914	5840
5764	5691
5619	5552
5494	5443
5400	5365
5337	5311
5290	5271
5251	5231
5211	5187
5170	5155
5145	5143
5144	5150
5152	5153
5144	5122
5091	5052
5007	4961
4922	4888
4872	4878
4915	4991
5115	5314
5597	5973
6452	7027
7680	8373
9070	9724
10288	10739
11073	11289
11424	11507
11572	11643
11743	11868
12014	12172
12325	12461
12569	12637
12653	12609
12501	12327
12094	11821
11523	11226
10938	10684
10470	10297
10155	10037
9936	9847
9761	9676
9593	9515
9432	9347
9250	9138
9008	8863
8703	8534
8357	8184
8013	7854
7707	7575
7457	7365
7292	7243
7216	7204
7208	7221
7241	7268
7293	7320
7354	7392
7441	7506
7585	7687
7809	7953
8116	8292
8480	8680
8886	9100
9321	9559
9812	10085
10383	10703
11042	11396
11758	12116
12463	12794
13094	13357
13579	13754
13882	13963
13998	13984
13922	13814
13657	13455
13212	12929
12616	12276
11922	11556
11195	10844
10513	10206
9933	9698
9509	9367
9276	9233
9239	9291
9391	9525
9695	9888
10103	10335
10573	10814
11050	11277
11488	11680
11845	11984
12086	12158
12194	12194
12163	12101
12013	11901
11767	11624
11467	11304
11133	10959
10779	10598
10415	10235
10064	9901
9756	9628
9529	9438
9406	9312
9369	0
9220	6995
7500	6856
6912	6656
6586	6487
6423	6375
6333	6295
6253	6204
6150	6087
6016	5938
5859	5776
5694	5615
5543	5477
5419	5365
5321	5279
5244	5215
5188	5163
5141	5117
5102	5086
5076	5069
5072	5078
5087	5098
5105	5106
5096	5071
5038	4994
4945	4897
4853	4817
4796	4794
4821	4885
4997	5171
5426	5772
6225	6774
7412	8107
8818	9507
10124	10640
11039	11326
11521	11645
11734	11811
11896	11995
12105	12220
12338	12439
12514	12552
12542	12475
12345	12159
11923	11650
11368	11089
10831	10610
10425	10282
10166	10073
9992	9918
9844	9772
9698	9619
9534	9441
9333	9211
9075	8925
8767	8603
8442	8283
8136	8004
7888	7785
7704	7638
7589	7555
7534	7521
7513	7505
7491	7480
7462	7445
7433	7428
7437	7463
7509	7580
7680	7803
7950	8115
8295	8486
8685	8894
9114	9342
9595	9869
10166	10489
10831	11193
11560	11933
12292	12638
12956	13233
13468	13658
13790	13874
13901	13875
13798	13670
13492	13270
13006	12706
12377	12029
11667	11307
10955	10620
10312	10037
9799	9606
9461	9363
9319	9325
9373	9465
9596	9759
9947	10158
10379	10611
10845	11075
11294	11502
11687	11852
11993	12101
12177	12221
12232	12209
12156	12076
11969	11840
11697	11540
11369	11195
11019	10834
10649	10462
10274	10096
9921	9765
9623	9502
9412	9331
9308	9225
9284	0
9152	6991
7478	6849
6901	6650
6576	6476
6416	6367
6324	6282
6236	6184
6121	6048
5969	5883
5795	5707
5623	5541
5464	5400
5339	5282
5231	5187
5144	5107
5074	5046
5021	5002
4989	4982
4980	4980
4987	5002
5020	5035
5044	5045
5031	5008
4975	4929
4878	4832
4784	4745
4722	4716
4732	4784
4879	5031
5258	5573
5990	6511
7129	7816
8539	9256
9920	10500
10971	11325
11575	11743
11858	11935
12005	12077
12152	12230
12308	12375
12420	12430
12395	12309
12166	11970
11733	11472
11206	10950
10719	10526
10372	10250
10160	10090
10030	9977
9922	9863
9797	9724
9640	9543
9428	9301
9157	9008
8849	8691
8540	8400
8277	8173
8088	8025
7983	7952
7935	7926
7918	7905
7888	7858
7814	7760
7698	7631
7567	7513
7472	7455
7461	7496
7563	7663
7787	7937
8107	8289
8481	8684
8898	9128
9377	9650
9944	10268
10611	10972
11346	11724
12095	12452
12783	13078
13328	13526
13670	13754
13776	13741
13647	13502
13303	13062
12777	12461
12121	11766
11406	11053
10715	10406
10124	9886
9691	9545
9447	9403
9404	9455
9545	9676
9836	10026
10233	10452
10682	10907
11134	11348
11547	11727
11888	12025
12135	12213
12261	12276
12260	12211
12136	12032
11907	11762
11604	11431
11253	11067
10879	10684
10494	10302
10117	9937
9768	9613
9481	9371
9293	9220
9209	9137
9203	0
9078	6982
7455	6842
6890	6641
6567	6468
6404	6356
6309	6266
6215	6157
6083	6006
5917	5823
5727	5634
5542	5459
5383	5315
5250	5190
5135	5082
5036	4993
4956	4925
4900	4883
4876	4873
4879	4887
4904	4922
4943	4961
4973	4972
4965	4940
4906	4863
4814	4764
4717	4680
4655	4645
4657	4691
4770	4896
5096	5377
5758	6247
6839	7513
8244	8983
9690	10325
10860	11276
11580	11789
11924	12009
12068	12111
12155	12199
12242	12276
12293	12275
12221	12116
11965	11768
11538	11292
11045	10812
10610	10442
10310	10213
10146	10094
10057	10024
9989	9949
9896	9833
9750	9653
9534	9400
9256	9108
8951	8801
8663	8541
8440	8365
8317	8294
8287	8299
8317	8337
8344	8340
8311	8261
8188	8093
7982	7864
7747	7639
7546	7478
7440	7435
7465	7532
7633	7764
7915	8088
8275	8473
8687	8913
9162	9433
9727	10044
10384	10742
11114	11492
11866	12232
12573	12883
13148	13360
13511	13598
13619	13576
13473	13310
13095	12832
12530	12203
11853	11500
11148	10809
10493	10210
9970	9772
9625	9528
9480	9484
9535	9631
9760	9925
10113	10317
10540	10765
10990	11212
11421	11617
11795	11948
12080	12187
12261	12309
12326	12311
12267	12190
12091	11966
11821	11660
11484	11299
11105	10913
10714	10516
10319	10124
9940	9763
9600	9458
9334	9237
9170	9114
9111	9055
9122	0
9016	6973
7435	6833
6878	6633
6559	6462
6399	6347
6295	6249
6192	6125
6046	5956
5859	5759
5653	5555
5461	5376
5297	5228
5159	5094
5035	4974
4921	4873
4834	4802
4781	4769
4765	4768
4782	4795
4815	4836
4861	4880
4894	4896
4889	4868
4836	4795
4747	4703
4659	4620
4595	4581
4583	4609
4667	4773
4941	5188
5532	5985
6547	7206
7933	8691
9436	10119
10712	11188
11546	11792
11948	12037
12084	12106
12118	12130
12136	12137
12124	12087
12016	11904
11753	11562
11350	11121
10897	10691
10512	10364
10254	10174
10123	10094
10075	10060
10046	10021
9988	9932
9856	9761
9645	9513
9371	9222
9079	8938
8812	8707
8630	8582
8567	8578
8614	8665
8715	8758
8784	8785
8750	8680
8579	8444
8289	8122
7956	7797
7654	7535
7450	7402
7395	7428
7499	7604
7740	7897
8076	8267
8478	8706
8953	9222
9513	9826
10160	10510
10873	11248
11622	11988
12337	12657
12935	13156
13318	13411
13436	13387
13272	13096
12866	12589
12276	11939
11590	11241
10900	10584
10299	10055
9855	9707
9608	9561
9567	9617
9714	9848
10012	10202
10408	10632
10857	11084
11301	11511
11704	11879
12030	12155
12255	12327
12368	12382
12365	12321
12248	12147
12023	11876
11711	11529
11339	11140
10938	10730
10527	10324
10125	9936
9752	9583
9430	9295
9188	9104
9052	9011
9019	8977
9044	0
8956	6962
7417	6822
6867	6623
6550	6450
6387	6334
6282	6227
6162	6088
6000	5902
5794	5683
5574	5472
5376	5287
5206	5130
5059	4989
4921	4858
4801	4751
4712	4682
4665	4656
4657	4667
4683	4701
4724	4747
4773	4791
4806	4813
4807	4787
4761	4725
4684	4643
4601	4565
4538	4522
4519	4533
4575	4656
4798	5011
5319	5735
6264	6899
7622	8389
9162	9892
10535	11067
11470	11755
11932	12027
12062	12062
12048	12025
11997	11967
11931	11874
11791	11679
11532	11359
11167	10966
10769	10589
10434	10306
10210	10144
10110	10092
10088	10093
10098	10091
10068	10027
9957	9867
9758	9633
9496	9362
9226	9099
8989	8901
8845	8822
8831	8878
8944	9020
9100	9164
9200	9202
9159	9071
8940	8777
8581	8376
8163	7960
7775	7615
7487	7397
7351	7344
7384	7463
7575	7721
7885	8072
8278	8505
8751	9019
9306	9614
9939	10278
10632	10992
11360	11722
12073	12399
12685	12921
13092	13192
13217	13169
13046	12862
12625	12337
12018	11680
11336	11002
10683	10398
10148	9946
9795	9696
9649	9656
9707	9804
9939	10105
10297	10509
10729	10954
11181	11402
11610	11799
11971	12119
12243	12334
12401	12438
12445	12426
12379	12300
12199	12073
11924	11757
11571	11374
11168	10955
10743	10526
10318	10116
9919	9735
9561	9400
9259	9140
9046	8980
8942	8917
8937	8911
8983	0
8907	6951
7400	6814
6858	6616
6544	6446
6382	6324
6268	6206
6136	6050
5950	5842
5726	5605
5492	5384
5280	5189
5105	5022
4946	4872
4802	4738
4679	4631
4592	4564
4552	4549
4555	4568
4588	4608
4632	4656
4681	4704
4718	4726
4724	4711
4689	4657
4622	4587
4549	4517
4491	4471
4458	4464
4493	4555
4668	4849
5122	5500
5996	6609
7321	8095
8888	9655
10345	10924
11375	11693
11891	11989
12018	11997
11951	11894
11838	11780
11716	11645
11560	11448
11316	11165
11000	10829
10664	10510
10375	10268
10184	10132
10105	10096
10106	10126
10143	10151
10142	10106
10047	9967
9865	9753
9634	9511
9391	9280
9183	9116
9075	9073
9105	9172
9261	9359
9449	9519
9557	9546
9490	9383
9230	9040
8821	8590
8349	8114
7897	7699
7537	7408
7324	7285
7292	7340
7433	7556
7710	7887
8091	8313
8560	8825
9107	9405
9721	10050
10386	10733
11088	11442
11787	12114
12409	12651
12831	12939
12970	12921
12799	12609
12365	12079
11763	11432
11104	10787
10501	10248
10045	9891
9791	9744
9752	9803
9903	10038
10204	10395
10608	10828
11056	11279
11501	11706
11898	12067
12213	12331
12423	12484
12517	12516
12491	12437
12357	12253
12123	11970
11800	11607
11406	11192
10972	10746
10527	10307
10099	9898
9708	9531
9366	9221
9096	8994
8920	8868
8850	8837
8868	8856
8932	0
8867	6939
7385	6805
6850	6611
6540	6441
6375	6316
6254	6185
6101	6005
5894	5776
5649	5524
5403	5286
5180	5084
4991	4904
4826	4745
4674	4609
4553	4507
4476	4453
4446	4448
4459	4474
4493	4515
4539	4563
4587	4609
4628	4637
4638	4632
4616	4589
4560	4527
4496	4466
4441	4419
4406	4403
4419	4464
4553	4705
4944	5288
5751	6337
7032	7807
8617	9413
10144	10768
11263	11612
11831	11934
11953	11912
11838	11751
11661	11575
11494	11412
11322	11223
11105	10980
10848	10712
10578	10452
10344	10252
10185	10139
10118	10120
10135	10163
10191	10205
10204	10180
10130	10059
9970	9876
9772	9669
9566	9476
9397	9342
9319	9329
9376	9453
9548	9647
9735	9797
9821	9793
9714	9586
9418	9211
8980	8732
8481	8233
7997	7782
7594	7436
7322	7247
7225	7243
7309	7412
7552	7719
7913	8131
8372	8634
8913	9203
9504	9817
10139	10471
10809	11150
11491	11817
12107	12355
12543	12657
12692	12650
12532	12348
12105	11824
11516	11203
10896	10612
10364	10158
10002	9899
9852	9858
9911	10009
10145	10314
10505	10715
10937	11160
11384	11602
11807	11995
12164	12309
12426	12513
12568	12596
12591	12559
12499	12412
12302	12166
12011	11835
11639	11432
11212	10983
10753	10523
10296	10082
9872	9677
9497	9331
9183	9052
8947	8862
8807	8773
8771	8776
8820	8815
8898	0
8842	6931
7375	6798
6845	6609
6539	6441
6372	6307
6241	6160
6066	5957
5835	5703
5569	5433
5303	5180
5064	4963
4863	4773
4688	4611
4540	4479
4427	4390
4362	4348
4347	4351
4365	4383
4404	4426
4448	4472
4496	4517
4538	4553
4560	4555
4544	4524
4504	4475
4447	4420
4395	4374
4357	4346
4355	4384
4456	4582
4793	5102
5535	6095
6772	7539
8361	9182
9946	10611
11143	11524
11758	11867
11876	11816
11715	11597
11476	11367
11268	11174
11087	11001
10905	10808
10709	10609
10506	10412
10326	10254
10197	10163
10147	10152
10173	10204
10234	10257
10256	10236
10198	10139
10068	9987
9906	9825
9745	9672
9611	9572
9558	9580
9631	9701
9790	9875
9941	9976
9971	9917
9814	9667
9483	9269
9036	8792
8546	8303
8068	7847
7645	7470
7332	7230
7176	7167
7207	7285
7408	7562
7747	7958
8193	8446
8717	9000
9289	9587
9892	10207
10528	10857
11184	11502
11794	12043
12234	12355
12399	12362
12252	12075
11846	11580
11290	11002
10727	10482
10279	10122
10019	9970
9978	10030
10129	10265
10431	10624
10830	11049
11272	11491
11705	11909
12095	12258
12401	12516
12599	12654
12676	12667
12630	12563
12466	12349
12207	12044
11864	11662
11451	11225
10993	10755
10520	10287
10060	9847
9647	9465
9297	9147
9015	8906
8816	8752
8713	8698
8710	8729
8783	8791
8874	0
8826	6925
7372	6799
6849	6615
6548	6448
6378	6306
6228	6138
6028	5906
5769	5625
5475	5332
5193	5061
4938	4826
4724	4632
4543	4469
4402	4347
4302	4270
4252	4248
4249	4262
4276	4295
4317	4339
4359	4385
4409	4433
4454	4473
4482	4484
4478	4467
4446	4424
4399	4374
4350	4330
4311	4296
4297	4316
4376	4483
4668	4949
5351	5880
6540	7298
8125	8967
9759	10460
11026	11433
11687	11797
11796	11713
11588	11439
11292	11157
11044	10945
10859	10784
10716	10648
10581	10513
10444	10378
10320	10267
10224	10200
10188	10196
10217	10245
10274	10293
10297	10282
10249	10205
10152	10093
10034	9973
9916	9862
9816	9789
9783	9805
9851	9910
9977	10032
10064	10061
10017	9925
9793	9627
9431	9221
9000	8773
8547	8322
8101	7888
7688	7504
7350	7228
7147	7114
7126	7184
7283	7418
7590	7791
8018	8265
8522	8792
9072	9354
9644	9942
10249	10561
10877	11184
11471	11720
11915	12041
12093	12067
11970	11807
11595	11353
11091	10836
10602	10404
10247	10146
10099	10102
10157	10257
10392	10562
10750	10957
11171	11390
11606	11814
12012	12191
12354	12490
12601	12683
12736	12756
12741	12698
12624	12522
12397	12247
12075	11888
11684	11465
11235	10995
10755	10510
10274	10046
9829	9622
9439	9267
9117	8984
8872	8782
8715	8669
8646	8647
8673	8703
8765	8782
8870	0
8828	6924
7376	6804
6858	6628
6563	6461
6389	6305
6218	6113
5990	5848
5695	5537
5375	5216
5066	4923
4796	4676
4571	4476
4389	4317
4257	4207
4174	4152
4147	4146
4155	4170
4192	4212
4232	4254
4280	4303
4327	4355
4377	4397
4412	4418
4420	4411
4394	4377
4357	4335
4312	4289
4271	4258
4255	4270
4314	4410
4571	4829
5202	5707
6343	7092
7916	8770
9588	10319
10913	11345
11609	11723
11711	11611
11459	11280
11110	10955
10825	10723
10643	10581
10535	10492
10454	10416
10382	10344
10310	10276
10249	10231
10226	10233
10253	10278
10299	10317
10318	10306
10283	10251
10216	10180
10142	10105
10069	10033
10001	9984
9982	9998
10030	10066
10099	10115
10104	10051
9959	9828
9666	9482
9286	9082
8882	8684
8492	8299
8107	7914
7724	7545
7380	7243
7143	7087
7072	7102
7180	7296
7448	7636
7848	8082
8329	8590
8853	9122
9398	9682
9971	10272
10574	10870
11150	11394
11589	11721
11783	11773
11691	11548
11363	11148
10924	10711
10524	10375
10277	10230
10235	10290
10393	10528
10699	10885
11092	11301
11516	11727
11929	12119
12294	12446
12580	12684
12762	12809
12828	12810
12764	12684
12577	12443
12286	12106
11911	11697
11471	11237
10997	10749
10506	10264
10030	9809
9605	9417
9247	9096
8965	8851
8760	8689
8639	8610
8605	8620
8658	8697
8769	8787
8883	0
8839	6924
7390	6814
6874	6645
6583	6481
6399	6311
6206	6087
5945	5786
5616	5439
5263	5094
4931	4781
4644	4519
4409	4311
4228	4163
4112	4076
4053	4043
4042	4051
4067	4086
4110	4134
4156	4179
4203	4228
4253	4281
4306	4331
4350	4359
4363	4359
4345	4329
4312	4290
4272	4254
4238	4225
4221	4233
4272	4355
4502	4737
5088	5567
6180	6917
7740	8597
9435	10186
10805	11256
11531	11646
11626	11505
11328	11128
10930	10760
10620	10513
10440	10389
10355	10341
10329	10318
10310	10301
10286	10273
10263	10253
10254	10260
10276	10294
10311	10319
10322	10315
10299	10279
10261	10245
10231	10213
10197	10175
10158	10146
10141	10149
10160	10167
10162	10130
10066	9962
9823	9654
9465	9265
9070	8886
8713	8553
8400	8248
8091	7925
7758	7588
7424	7278
7160	7080
7039	7046
7094	7190
7324	7489
7684	7902
8138	8385
8637	8896
9156	9424
9704	9991
10281	10566
10836	11078
11274	11412
11486	11489
11429	11317
11160	10981
10802	10635
10498	10406
10361	10368
10424	10525
10665	10833
11023	11227
11438	11649
11853	12051
12233	12400
12546	12668
12768	12838
12881	12894
12873	12823
12738	12626
12486	12321
12133	11929
11708	11476
11233	10987
10740	10492
10251	10019
9797	9590
9404	9234
9084	8956
8846	8750
8679	8628
8595	8580
8589	8618
8662	8710
8785	8810
8906	0
8861	6940
7411	6839
6902	6678
6614	6509
6423	6319
6198	6056
5897	5717
5525	5329
5141	4956
4780	4621
4474	4348
4235	4141
4066	4008
3966	3940
3928	3929
3940	3958
3979	4004
4031	4059
4081	4105
4132	4158
4187	4215
4244	4272
4291	4306
4311	4310
4301	4285
4269	4251
4234	4218
4205	4197
4196	4211
4247	4318
4454	4672
5000	5456
6051	6773
7590	8449
9299	10065
10704	11170
11457	11567
11538	11399
11202	10978
10762	10575
10427	10319
10251	10210
10195	10193
10203	10215
10231	10238
10244	10247
10246	10251
10255	10262
10274	10287
10298	10304
10305	10300
10292	10286
10286	10289
10294	10297
10295	10292
10281	10272
10264	10251
10241	10214
10164	10086
9973	9821
9637	9434
9221	9017
8830	8665
8526	8405
8296	8188
8071	7941
7797	7643
7488	7333
7201	7099
7036	7011
7035	7100
7208	7353
7530	7729
7950	8181
8424	8669
8920	9179
9446	9719
9999	10275
10540	10777
10975	11121
11205	11227
11193	11107
10988	10853
10722	10603
10523	10483
10495	10551
10653	10794
10965	11156
11363	11571
11780	11981
12171	12348
12505	12643
12757	12848
12910	12947
12953	12927
12871	12785
12668	12522
12350	12157
11944	11717
11473	11228
10975	10722
10472	10230
10000	9779
9576	9395
9228	9081
8958	8854
8764	8692
8640	8603
8586	8585
8605	8638
8691	8742
8821	8844
8944	0
8893	6960
7440	6869
6941	6716
6654	6543
6445	6326
6187	6023
5839	5635
5424	5211
5004	4805
4620	4452
4303	4173
4065	3971
3905	3854
3823	3808
3809	3820
3840	3865
3896	3927
3956	3986
4014	4041
4069	4095
4127	4157
4189	4216
4241	4257
4264	4260
4254	4242
4225	4210
4196	4186
4178	4178
4181	4196
4230	4298
4424	4629
4940	5376
5952	6657
7466	8327
9180	9961
10614	11090
11382	11492
11449	11298
11079	10836
10605	10406
10251	10144
10081	10050
10045	10060
10084	10111
10140	10167
10186	10199
10210	10218
10225	10235
10246	10254
10263	10268
10269	10270
10268	10276
10289	10310
10331	10352
10367	10376
10374	10365
10347	10321
10278	10212
10122	9998
9839	9645
9427	9198
8972	8765
8590	8449
8342	8266
8201	8139
8061	7968
7851	7713
7566	7413
7269	7147
7056	7005
6996	7033
7115	7235
7389	7571
7772	7991
8219	8456
8697	8946
9203	9469
9739	10006
10265	10499
10699	10853
10951	10995
10988	10939
10863	10771
10688	10624
10595	10608
10667	10768
10909	11081
11275	11483
11696	11903
12104	12292
12464	12611
12741	12847
12927	12981
13006	13007
12976	12913
12820	12700
12552	12376
12176	11954
11716	11469
11216	10959
10703	10450
10210	9978
9764	9564
9386	9228
9087	8970
8869	8788
8720	8669
8631	8610
8605	8616
8641	8679
8736	8787
8868	8885
8989	0
8930	6992
7478	6908
6986	6763
6696	6578
6467	6331
6169	5980
5768	5543
5310	5078
4855	4644
4451	4279
4126	3996
3890	3807
3748	3708
3687	3682
3693	3712
3741	3775
3813	3850
3886	3922
3952	3983
4011	4043
4075	4106
4139	4167
4189	4208
4211	4211
4203	4192
4176	4162
4153	4150
4147	4152
4160	4181
4219	4286
4408	4599
4895	5317
5874	6568
7364	8223
9080	9870
10527	11014
11308	11415
11367	11199
10961	10704
10456	10249
10089	9982
9924	9904
9910	9936
9971	10012
10049	10084
10111	10134
10149	10161
10172	10183
10197	10206
10214	10216
10222	10225
10234	10251
10279	10313
10352	10390
10419	10437
10441	10429
10402	10352
10278	10177
10048	9885
9687	9463
9223	8978
8747	8545
8383	8268
8195	8159
8135	8115
8076	8020
7931	7817
7678	7524
7369	7230
7112	7027
6985	6992
7040	7136
7263	7424
7611	7812
8029	8256
8489	8729
8980	9236
9500	9763
10015	10248
10452	10615
10735	10801
10824	10812
10775	10733
10695	10682
10707	10767
10866	11006
11180	11375
11583	11797
12008	12210
12397	12565
12713	12833
12930	13003
13049	13063
13055	13016
12946	12848
12724	12570
12390	12186
11961	11717
11466	11203
10940	10679
10423	10178
9951	9740
9548	9374
9223	9096
8987	8896
8821	8760
8713	8680
8657	8647
8652	8665
8695	8736
8793	8841
8922	8935
9039	0
8971	7032
7523	6960
7036	6814
6741	6613
6483	6326
6139	5923
5687	5436
5181	4932
4694	4474
4277	4099
3948	3820
3722	3647
3600	3566
3555	3559
3580	3609
3643	3685
3731	3774
3819	3859
3897	3929
3963	3996
4029	4062
4095	4120
4142	4157
4162	4158
4148	4134
4121	4112
4107	4108
4114	4124
4143	4168
4209	4278
4394	4580
4866	5274
5820	6498
7287	8142
8997	9790
10456	10944
11242	11345
11284	11105
10855	10579
10326	10105
9946	9841
9788	9772
9790	9823
9867	9913
9957	9995
10027	10049
10067	10083
10097	10114
10126	10142
10151	10158
10167	10178
10198	10224
10261	10312
10364	10418
10460	10488
10495	10480
10438	10365
10261	10125
9961	9763
9541	9296
9043	8794
8566	8375
8232	8141
8099	8092
8108	8119
8122	8094
8036	7941
7817	7667
7503	7340
7196	7080
7004	6972
6992	7053
7161	7298
7465	7651
7857	8073
8295	8531
8776	9025
9281	9539
9793	10026
10236	10410
10547	10639
10695	10723
10730	10732
10746	10780
10845	10948
11084	11254
11450	11657
11874	12089
12293	12479
12649	12793
12912	13005
13072	13107
13116	13099
13050	12973
12868	12737
12576	12392
12183	11954
11708	11448
11182	10912
10648	10388
10146	9918
9710	9523
9359	9220
9099	8999
8918	8854
8803	8764
8736	8718
8707	8705
8716	8734
8764	8806
8861	8904
8979	8982
9088	0
9011	7082
7573	7015
7092	6869
6786	6644
6494	6313
6097	5857
5590	5318
5040	4776
4526	4301
4096	3923
3775	3656
3564	3498
3453	3434
3430	3442
3467	3505
3549	3598
3648	3701
3753	3798
3840	3878
3913	3954
3987	4020
4051	4075
4092	4102
4103	4094
4084	4069
4058	4051
4052	4056
4071	4092
4115	4149
4194	4266
4381	4566
4842	5240
5775	6445
7228	8076
8934	9727
10394	10886
11183	11283
11215	11022
10757	10467
10201	9977
9816	9713
9663	9659
9682	9726
9775	9826
9872	9910
9941	9962
9980	9997
10015	10034
10054	10072
10088	10103
10116	10136
10160	10195
10247	10310
10377	10443
10498	10535
10543	10524
10466	10371
10238	10071
9873	9651
9410	9158
8902	8657
8441	8266
8140	8073
8057	8077
8118	8163
8196	8201
8170	8099
7990	7842
7671	7489
7318	7168
7055	6988
6969	7000
7075	7190
7338	7508
7702	7907
8124	8353
8590	8834
9087	9342
9591	9828
10046	10235
10391	10511
10603	10666
10717	10766
10822	10901
11006	11142
11306	11497
11703	11920
12134	12341
12532	12703
12849	12967
13060	13122
13153	13154
13129	13072
12989	12876
12740	12571
12381	12166
11935	11683
11423	11152
10881	10611
10350	10105
9878	9673
9489	9332
9202	9093
9006	8935
8883	8844
8815	8794
8780	8772
8769	8774
8789	8806
8836	8874
8924	8959
9032	9029
9133	0
9047	7142
7627	7076
7150	6920
6827	6664
6489	6281
6036	5765
5477	5179
4885	4606
4349	4120
3920	3748
3611	3497
3416	3355
3323	3306
3314	3331
3364	3404
3454	3511
3570	3627
3685	3738
3783	3829
3869	3907
3944	3975
4002	4023
4037	4040
4036	4025
4008	3995
3987	3983
3988	3998
4021	4047
4080	4118
4172	4244
4362	4543
4820	5214
5745	6410
7186	8034
8888	9681
10351	10845
11138	11232
11154	10950
10672	10371
10088	9859
9691	9592
9545	9549
9579	9627
9684	9741
9788	9826
9857	9877
9894	9911
9928	9954
9978	10003
10026	10048
10071	10095
10128	10175
10234	10311
10390	10470
10537	10587
10597	10571
10499	10380
10218	10021
9798	9557
9305	9053
8808	8577
8377	8223
8117	8066
8066	8107
8170	8241
8302	8334
8332	8285
8190	8051
7872	7677
7474	7289
7137	7028
6971	6969
7014	7108
7229	7389
7568	7761
7969	8192
8422	8663
8911	9162
9413	9653
9881	10085
10261	10412
10534	10639
10729	10821
10918	11037
11175	11340
11525	11725
11938	12152
12360	12553
12726	12875
12998	13087
13150	13180
13177	13143
13082	12992
12873	12724
12553	12359
12141	11909
11653	11388
11114	10839
10569	10304
10059	9832
9627	9449
9297	9171
9075	8996
8941	8901
8871	8855
8845	8837
8835	8838
8839	8849
8859	8880
8907	8935
8978	9008
9075	9065
9168	0
9073	7208
7681	7139
7202	6964
6851	6667
6465	6228
5953	5654
5341	5026
4719	4434
4175	3944
3746	3581
3450	3349
3277	3230
3202	3193
3202	3229
3265	3313
3367	3427
3492	3555
3617	3673
3728	3776
3819	3859
3895	3927
3951	3968
3974	3973
3961	3945
3927	3910
3902	3903
3913	3931
3959	3994
4031	4079
4137	4213
4334	4519
4794	5192
5719	6382
7159	8007
8863	9660
10327	10822
11112	11198
11114	10897
10602	10287
9990	9750
9575	9472
9429	9438
9475	9533
9596	9656
9706	9748
9773	9796
9813	9829
9850	9876
9905	9938
9970	9999
10028	10061
10103	10158
10228	10313
10407	10501
10581	10637
10655	10621
10536	10395
10209	9991
9747	9493
9239	8992
8759	8549
8370	8234
8145	8107
8121	8176
8256	8346
8431	8490
8516	8492
8417	8290
8111	7899
7670	7449
7258	7104
7007	6964
6980	7042
7148	7286
7449	7634
7836	8048
8276	8509
8753	9001
9250	9494
9730	9949
10147	10323
10480	10623
10753	10884
11024	11176
11340	11524
11724	11931
12142	12346
12540	12717
12867	12994
13086	13150
13177	13174
13139	13071
12976	12851
12698	12522
12322	12100
11860	11604
11337	11064
10787	10514
10251	10003
9778	9575
9399	9251
9131	9042
8974	8927
8900	8883
8879	8877
8882	8887
8893	8898
8906	8914
8926	8939
8959	8982
9020	9041
9103	9086
9184	0
9087	7280
7732	7202
7249	6998
6861	6651
6418	6147
5846	5524
5188	4862
4545	4255
3997	3773
3582	3428
3307	3217
3153	3113
3095	3094
3106	3134
3174	3225
3284	3347
3415	3485
3548	3611
3668	3719
3764	3805
3842	3869
3890	3902
3901	3895
3879	3861
3839	3824
3817	3818
3835	3859
3893	3933
3977	4030
4091	4173
4299	4489
4770	5169
5702	6369
7150	8000
8858	9657
10329	10820
11110	11192
11093	10864
10552	10214
9899	9644
9458	9350
9309	9319
9363	9427
9495	9560
9617	9661
9691	9713
9731	9753
9777	9805
9845	9881
9920	9954
9992	10029
10078	10142
10221	10315
10421	10529
10620	10683
10703	10671
10576	10421
10223	9983
9726	9466
9211	8974
8756	8566
8409	8289
8218	8192
8212	8274
8366	8468
8572	8660
8713	8719
8666	8547
8374	8149
7899	7644
7408	7214
7071	6991
6967	7001
7081	7201
7350	7524
7714	7920
8137	8365
8604	8847
9097	9344
9587	9818
10038	10240
10432	10609
10780	10950
11125	11303
11497	11692
11903	12106
12314	12503
12681	12834
12961	13057
13122	13152
13148	13110
13041	12938
12812	12654
12472	12267
12043	11802
11542	11275
11000	10727
10450	10189
9940	9712
9509	9339
9192	9079
8994	8936
8898	8881
8876	8881
8891	8905
8917	8931
8939	8951
8954	8962
8968	8977
8991	9010
9041	9058
9113	9093
9189	0
9090	7355
7775	7258
7281	7014
6851	6610
6346	6048
5717	5370
5021	4680
4363	4075
3820	3605
3428	3285
3175	3097
3044	3011
2999	3002
3019	3048
3091	3145
3206	3274
3343	3411
3479	3546
3603	3655
3700	3741
3775	3802
3818	3823
3821	3807
3789	3766
3745	3728
3724	3731
3749	3779
3817	3862
3912	3966
4036	4121
4255	4450
4741	5151
5690	6366
7155	8009
8876	9676
10349	10846
11131	11206
11097	10847
10514	10155
9818	9540
9340	9223
9174	9184
9235	9302
9380	9450
9513	9561
9598	9629
9649	9676
9705	9742
9784	9828
9873	9915
9958	10001
10056	10123
10209	10312
10428	10545
10647	10717
10742	10710
10613	10455
10241	9998
9732	9469
9221	8992
8790	8618
8477	8373
8312	8295
8319	8384
8483	8596
8719	8830
8913	8948
8923	8824
8656	8426
8155	7867
7590	7352
7165	7038
6980	6982
7035	7135
7267	7428
7608	7803
8011	8233
8464	8703
8950	9196
9443	9688
9925	10153
10371	10585
10792	10998
11203	11415
11628	11840
12051	12254
12445	12623
12776	12905
13004	13068
13097	13097
13061	12989
12884	12752
12591	12405
12197	11968
11723	11467
11199	10926
10649	10381
10117	9872
9645	9442
9270	9129
9015	8937
8881	8852
8842	8847
8862	8883
8906	8929
8948	8963
8974	8979
8983	8984
8987	8991
9003	9015
9040	9054
9106	9083
9176	0
9080	7427
7812	7305
7301	7017
6820	6549
6251	5918
5567	5201
4839	4496
4181	3897
3654	3451
3283	3156
3062	2990
2947	2923
2915	2923
2945	2976
3021	3072
3133	3202
3273	3342
3412	3473
3531	3582
3630	3668
3700	3720
3732	3736
3728	3715
3691	3668
3648	3633
3631	3640
3661	3696
3738	3785
3838	3899
3969	4064
4202	4412
4713	5131
5689	6375
7174	8039
8910	9716
10393	10890
11172	11242
11121	10856
10499	10114
9750	9442
9218	9084
9028	9033
9083	9160
9242	9321
9393	9450
9494	9533
9565	9597
9631	9675
9726	9774
9828	9876
9926	9978
10036	10109
10200	10302
10422	10541
10650	10724
10759	10730
10638	10481
10273	10026
9763	9506
9263	9044
8852	8693
8568	8472
8415	8403
8429	8497
8594	8723
8862	8997
9109	9175
9181	9105
8946	8716
8432	8116
7802	7518
7285	7116
7015	6979
7007	7081
7198	7344
7512	7699
7897	8107
8331	8563
8802	9048
9297	9549
9801	10050
10297	10542
10785	11024
11264	11499
11730	11954
12168	12365
12544	12700
12829	12930
12997	13028
13025	12987
12918	12812
12675	12511
12324	12110
11880	11633
11376	11109
10837	10565
10296	10038
9796	9574
9373	9202
9062	8952
8869	8821
8795	8791
8800	8825
8853	8887
8917	8944
8962	8975
8984	8988
8986	8984
8979	8979
8984	8995
9016	9032
9076	9061
9146	0
9062	7501
7843	7341
7304	6994
6765	6458
6127	5769
5391	5012
4649	4306
3997	3727
3496	3307
3158	3043
2957	2901
2864	2846
2846	2859
2882	2917
2959	3011
3072	3136
3203	3270
3336	3400
3453	3501
3544	3577
3606	3625
3634	3634
3624	3610
3586	3568
3549	3539
3539	3552
3576	3610
3653	3705
3758	3823
3896	4000
4147	4367
4683	5121
5692	6394
7205	8082
8959	9770
10452	10947
11231	11298
11168	10887
10507	10091
9691	9354
9102	8941
8869	8868
8916	8993
9085	9172
9252	9318
9375	9420
9463	9504
9551	9602
9656	9715
9777	9836
9894	9952
10017	10093
10182	10285
10403	10518
10627	10706
10744	10722
10642	10495
10298	10067
9816	9566
9334	9120
8939	8787
8665	8579
8526	8510
8535	8601
8702	8836
8993	9151
9289	9387
9419	9371
9234	9010
8716	8382
8034	7709
7428	7213
7071	7000
6994	7046
7142	7273
7428	7604
7791	7994
8204	8426
8656	8896
9145	9401
9661	9929
10202	10471
10750	11020
11291	11551
11800	12033
12249	12440
12606	12741
12844	12913
12947	12944
12905	12832
12726	12587
12420	12226
12010	11777
11528	11270
11003	10735
10469	10205
9953	9715
9498	9303
9130	8992
8882	8803
8753	8729
8728	8744
8774	8807
8845	8883
8916	8940
8961	8973
8976	8971
8966	8957
8950	8943
8947	8955
8974	8987
9037	9026
9110	0
9039	7562
7858	7360
7286	6950
6684	6342
5982	5598
5207	4821
4453	4118
3822	3565
3355	3182
3047	2943
2870	2824
2797	2783
2790	2806
2829	2866
2908	2961
3015	3076
3140	3203
3263	3316
3367	3410
3446	3479
3499	3518
3524	3525
3515	3500
3483	3464
3449	3443
3447	3463
3488	3528
3572	3620
3677	3742
3821	3932
4091	4324
4657	5113
5703	6422
7246	8129
9014	9831
10514	11012
11297	11362
11230	10932
10534	10090
9661	9287
8998	8807
8711	8695
8737	8810
8904	9001
9091	9170
9235	9293
9345	9398
9455	9514
9580	9650
9722	9793
9860	9931
10000	10079
10166	10263
10372	10482
10583	10659
10697	10686
10620	10494
10318	10108
9878	9644
9423	9219
9044	8894
8775	8685
8629	8611
8634	8695
8799	8937
9104	9280
9443	9568
9635	9615
9501	9291
9000	8652
8278	7918
7595	7332
7145	7038
6998	7023
7097	7210
7349	7512
7690	7878
8075	8288
8509	8741
8984	9240
9506	9787
10077	10374
10675	10979
11278	11564
11831	12076
12291	12478
12626	12742
12815	12852
12850	12814
12738	12629
12489	12319
12122	11901
11665	11415
11151	10887
10623	10361
10103	9859
9629	9416
9226	9062
8923	8818
8737	8685
8662	8661
8676	8708
8744	8790
8832	8871
8904	8930
8942	8949
8945	8936
8922	8907
8894	8886
8884	8893
8916	8936
8986	8987
9062	0
9011	7618
7866	7367
7254	6887
6583	6206
5819	5409
5009	4621
4261	3938
3656	3420
3225	3070
2949	2861
2801	2760
2741	2737
2745	2762
2788	2824
2866	2915
2966	3023
3077	3134
3186	3233
3271	3309
3340	3362
3383	3396
3400	3402
3396	3385
3373	3358
3351	3350
3358	3375
3405	3443
3485	3537
3597	3661
3747	3864
4036	4283
4634	5107
5718	6452
7288	8181
9068	9886
10573	11073
11363	11431
11299	10999
10589	10123
9660	9249
8925	8696
8568	8528
8555	8625
8718	8821
8918	9007
9083	9154
9215	9281
9347	9417
9495	9577
9662	9748
9829	9912
9992	10073
10161	10252
10347	10441
10529	10596
10633	10629
10578	10475
10328	10147
9944	9730
9526	9332
9161	9014
8890	8797
8735	8709
8724	8780
8885	9026
9196	9383
9565	9717
9812	9822
9739	9549
9267	8915
8525	8132
7773	7467
7238	7086
7016	7008
7062	7156
7283	7431
7595	7771
7958	8154
8362	8583
8819	9067
9338	9627
9931	10248
10576	10904
11227	11534
11820	12076
12295	12470
12608	12698
12744	12750
12714	12639
12527	12386
12211	12010
11791	11548
11294	11032
10767	10504
10249	9998
9759	9537
9335	9153
8994	8859
8754	8677
8624	8599
8595	8612
8642	8681
8728	8775
8818	8855
8883	8902
8906	8906
8893	8879
8859	8839
8820	8811
8810	8823
8846	8875
8926	8946
9012	0
8988	7662
7862	7357
7199	6802
6458	6052
5637	5215
4806	4420
4070	3764
3500	3285
3110	2973
2868	2795
2745	2715
2700	2702
2714	2733
2760	2795
2833	2872
2918	2968
3015	3060
3103	3140
3172	3199
3220	3239
3253	3262
3268	3273
3269	3264
3257	3254
3252	3258
3266	3287
3320	3355
3399	3450
3510	3579
3669	3796
3979	4243
4611	5101
5728	6475
7323	8220
9113	9928
10615	11122
11419	11500
11378	11085
10673	10195
9710	9264
8896	8627
8460	8387
8389	8445
8533	8638
8742	8840
8930	9008
9082	9155
9230	9312
9399	9496
9598	9699
9803	9900
9995	10081
10166	10249
10332	10411
10481	10535
10563	10560
10519	10439
10320	10172
10000	9815
9628	9447
9282	9134
9009	8908
8840	8808
8816	8869
8961	9098
9271	9464
9658	9826
9944	9984
9926	9764
9498	9154
8758	8346
7955	7614
7343	7153
7047	7013
7037	7112
7223	7356
7507	7669
7842	8025
8219	8426
8653	8897
9165	9455
9769	10101
10445	10793
11139	11467
11764	12029
12251	12424
12542	12614
12633	12606
12535	12426
12279	12103
11899	11675
11428	11174
10911	10649
10386	10131
9886	9657
9442	9253
9078	8928
8802	8700
8621	8572
8544	8539
8550	8580
8618	8665
8712	8757
8798	8829
8849	8859
8857	8848
8828	8807
8781	8756
8739	8727
8725	8743
8774	8814
8868	8907
8964	0
8973	7691
7847	7326
7127	6694
6315	5879
5442	5010
4600	4221
3888	3600
3362	3166
3013	2896
2806	2744
2706	2682
2677	2682
2697	2718
2747	2775
2808	2842
2882	2918
2955	2989
3019	3045
3067	3083
3100	3110
3121	3127
3133	3137
3138	3138
3141	3144
3148	3158
3176	3201
3233	3270
3317	3367
3426	3501
3595	3733
3924	4202
4587	5095
5731	6489
7340	8239
9125	9944
10634	11148
11458	11560
11460	11190
10788	10315
9813	9344
8939	8626
8412	8297
8265	8297
8368	8468
8573	8680
8779	8870
8950	9034
9119	9208
9306	9418
9536	9657
9779	9898
10005	10103
10190	10268
10332	10395
10444	10478
10495	10492
10457	10396
10302	10182
10037	9885
9720	9558
9401	9255
9128	9025
8952	8914
8917	8956
9048	9175
9340	9529
9721	9896
10029	10089
10060	9924
9688	9356
8964	8544
8132	7760
7455	7230
7088	7023
7022	7074
7167	7286
7420	7571
7731	7899
8082	8276
8490	8727
8987	9279
9596	9934
10292	10655
11014	11354
11669	11940
12163	12328
12435	12483
12474	12414
12312	12168
11992	11786
11557	11313
11052	10790
10524	10263
10011	9773
9553	9351
9167	9006
8869	8750
8656	8582
8532	8502
8494	8502
8527	8563
8608	8653
8700	8742
8776	8795
8810	8810
8799	8781
8753	8723
8695	8665
8645	8638
8643	8666
8705	8758
8816	8875
8925	0
8967	7699
7823	7276
7037	6571
6158	5695
5244	4808
4400	4035
3717	3452
3234	3063
2928	2829
2759	2710
2682	2671
2673	2680
2695	2719
2744	2770
2796	2823
2847	2874
2897	2919
2936	2948
2960	2970
2974	2980
2984	2989
2995	2998
3004	3011
3019	3028
3042	3057
3083	3109
3143	3183
3230	3283
3345	3421
3523	3668
3874	4161
4559	5076
5721	6482
7332	8227
9111	9924
10616	11145
11479	11609
11543	11310
10939	10483
9990	9505
9069	8715
8455	8290
8215	8209
8257	8338
8439	8547
8650	8748
8840	8932
9021	9120
9233	9351
9486	9625
9766	9902
10025	10135
10226	10299
10356	10398
10430	10442
10448	10434
10400	10349
10274	10179
10067	9937
9797	9650
9506	9368
9245	9141
9067	9025
9023	9061
9140	9258
9406	9581
9763	9934
10066	10141
10129	10022
9810	9503
9127	8711
8292	7900
7570	7314
7139	7043
7018	7048
7121	7223
7343	7479
7625	7782
7950	8135
8334	8562
8818	9102
9418	9758
10122	10491
10862	11212
11531	11806
12027	12186
12276	12305
12271	12186
12052	11875
11673	11445
11196	10940
10672	10407
10147	9897
9663	9450
9257	9086
8935	8811
8704	8619
8552	8507
8477	8467
8471	8491
8522	8560
8602	8645
8686	8719
8748	8761
8761	8754
8737	8711
8678	8644
8608	8580
8561	8553
8566	8593
8641	8705
8772	8852
8897	0
8972	7690
7782	7206
6930	6432
5988	5505
5040	4604
4205	3860
3563	3320
3130	2979
2867	2783
2730	2695
2679	2676
2685	2701
2724	2742
2766	2782
2799	2811
2825	2836
2846	2851
2858	2860
2862	2859
2856	2854
2852	2853
2857	2863
2873	2879
2891	2907
2926	2950
2980	3010
3050	3090
3142	3199
3265	3347
3454	3609
3824	4122
4524	5046
5691	6449
7291	8174
9053	9866
10563	11111
11474	11648
11632	11450
11130	10710
10235	9750
9297	8910
8602	8388
8258	8210
8220	8273
8357	8458
8559	8662
8759	8854
8951	9055
9173	9304
9450	9605
9760	9915
10053	10172
10268	10339
10389	10418
10430	10426
10413	10390
10352	10306
10244	10168
10076	9968
9849	9723
9591	9464
9350	9252
9184	9146
9144	9180
9252	9356
9487	9640
9797	9944
10066	10139
10137	10047
9863	9588
9236	8838
8422	8029
7680	7401
7200	7076
7023	7030
7081	7167
7272	7396
7532	7674
7831	8003
8193	8408
8657	8933
9244	9580
9938	10310
10683	11036
11360	11634
11852	12000
12078	12084
12026	11914
11752	11555
11328	11077
10818	10553
10291	10032
9785	9559
9350	9164
9005	8868
8754	8662
8589	8532
8492	8466
8456	8456
8471	8493
8528	8565
8602	8639
8674	8699
8715	8719
8712	8695
8670	8637
8601	8564
8528	8498
8479	8477
8493	8534
8588	8668
8740	8842
8880	0
8986	7652
7733	7115
6811	6279
5811	5312
4841	4410
4026	3696
3425	3205
3037	2911
2821	2760
2720	2701
2701	2713
2732	2753
2775	2797
2812	2820
2826	2824
2819	2811
2806	2799
2788	2778
2769	2757
2748	2742
2733	2728
2728	2731
2737	2748
2764	2781
2806	2833
2866	2907
2949	2999
3054	3115
3190	3280
3397	3559
3778	4081
4484	5003
5643	6388
7215	8088
8957	9769
10479	11049
11453	11675
11723	11602
11343	10978
10543	10081
9628	9220
8877	8612
8431	8331
8294	8309
8365	8440
8530	8627
8722	8816
8915	9022
9141	9277
9429	9594
9765	9929
10081	10206
10309	10377
10424	10441
10441	10423
10398	10364
10323	10276
10222	10154
10076	9988
9886	9772
9657	9543
9441	9356
9298	9271
9276	9314
9384	9475
9583	9707
9832	9949
10041	10096
10089	10013
9847	9605
9283	8910
8518	8128
7780	7484
7263	7115
7036	7019
7050	7115
7210	7321
7443	7577
7723	7885
8064	8271
8507	8772
9070	9401
9752	10119
10485	10837
11156	11428
11635	11774
11836	11823
11744	11607
11424	11204
10961	10702
10438	10175
9917	9677
9453	9252
9073	8923
8797	8696
8619	8558
8517	8486
8469	8459
8461	8472
8491	8515
8544	8577
8610	8637
8662	8676
8682	8676
8661	8636
8603	8564
8525	8487
8452	8427
8412	8415
8439	8487
8551	8644
8721	8843
8875	0
9010	7586
7666	7003
6676	6111
5626	5119
4647	4225
3857	3550
3304	3112
2966	2866
2794	2754
2735	2736
2751	2778
2807	2840
2867	2888
2897	2894
2881	2861
2835	2807
2781	2758
2737	2718
2697	2681
2666	2651
2638	2626
2617	2614
2615	2622
2635	2656
2683	2714
2753	2798
2849	2907
2969	3041
3126	3223
3351	3517
3742	4048
4444	4952
5573	6298
7107	7961
8818	9629
10359	10960
11408	11695
11810	11767
11584	11286
10906	10481
10046	9635
9272	8971
8745	8591
8504	8470
8483	8525
8591	8664
8744	8827
8920	9021
9136	9269
9423	9590
9767	9939
10098	10234
10340	10412
10453	10467
10457	10432
10396	10357
10311	10262
10209	10146
10077	9999
9905	9808
9705	9606
9516	9450
9406	9397
9416	9462
9527	9612
9701	9790
9874	9949
10001	10024
10000	9920
9771	9554
9270	8933
8568	8202
7858	7560
7323	7158
7057	7018
7027	7079
7158	7255
7367	7492
7627	7780
7951	8147
8370	8625
8912	9228
9569	9922
10281	10621
10935	11196
11394	11520
11566	11535
11435	11279
11076	10842
10588	10327
10064	9809
9572	9350
9154	8984
8840	8726
8637	8572
8528	8500
8485	8477
8476	8484
8495	8509
8527	8548
8573	8597
8619	8637
8649	8651
8643	8629
8605	8575
8538	8499
8459	8422
8388	8364
8356	8369
8398	8454
8526	8629
8712	8847
8878	0
9031	7495
7580	6870
6526	5937
5440	4926
4463	4053
3707	3425
3203	3035
2917	2839
2791	2773
2774	2798
2834	2878
2927	2967
3002	3018
3019	3004
2970	2928
2879	2831
2782	2741
2706	2675
2651	2630
2609	2588
2566	2546
2530	2515
2509	2506
2513	2529
2559	2592
2635	2688
2752	2818
2895	2979
3076	3187
3323	3493
3720	4019
4408	4895
5491	6185
6968	7802
8648	9462
10207	10847
11350	11698
11895	11934
11833	11614
11305	10932
10534	10140
9776	9455
9197	9000
8862	8780
8740	8738
8761	8799
8849	8906
8975	9057
9153	9275
9422	9587
9762	9936
10101	10241
10354	10432
10473	10490
10480	10452
10414	10368
10321	10271
10219	10159
10090	10015
9930	9838
9746	9657
9584	9531
9509	9516
9553	9609
9684	9756
9827	9885
9928	9953
9959	9939
9883	9789
9648	9450
9198	8900
8575	8236
7916	7626
7388	7208
7092	7029
7021	7052
7113	7197
7304	7416
7545	7688
7852	8037
8249	8491
8764	9066
9390	9729
10071	10402
10699	10948
11133	11247
11279	11231
11113	10941
10722	10479
10221	9961
9706	9471
9252	9060
8895	8760
8651	8576
8521	8489
8478	8477
8485	8498
8514	8529
8547	8560
8577	8591
8609	8621
8631	8636
8635	8624
8607	8583
8552	8516
8479	8441
8400	8364
8338	8321
8316	8334
8371	8433
8512	8622
8712	8854
8887	0
9042	7377
7477	6718
6365	5758
5252	4743
4290	3899
3575	3316
3122	2985
2890	2835
2812	2818
2847	2892
2950	3017
3082	3139
3176	3194
3184	3151
3098	3028
2949	2874
2804	2745
2695	2661
2636	2610
2585	2558
2532	2499
2470	2442
2424	2411
2409	2420
2444	2478
2530	2591
2667	2750
2842	2939
3053	3174
3321	3497
3719	4006
4376	4834
5397	6057
6800	7607
8441	9260
10028	10707
11265	11688
11961	12087
12072	11939
11706	11404
11063	10708
10359	10043
9768	9542
9365	9232
9142	9085
9053	9043
9043	9060
9085	9131
9198	9293
9417	9565
9733	9906
10070	10222
10340	10430
10482	10503
10500	10476
10442	10401
10358	10308
10255	10199
10129	10057
9974	9886
9798	9720
9655	9617
9608	9629
9679	9748
9823	9892
9949	9981
9985	9965
9920	9848
9756	9637
9489	9304
9083	8828
8541	8244
7950	7676
7442	7256
7124	7047
7020	7035
7084	7157
7248	7356
7476	7614
7769	7943
8143	8371
8628	8912
9217	9541
9864	10178
10460	10694
10865	10963
10978	10919
10788	10604
10377	10127
9872	9621
9384	9166
8972	8811
8677	8579
8508	8464
8444	8447
8460	8484
8514	8543
8571	8593
8611	8624
8636	8646
8649	8651
8649	8638
8624	8599
8570	8536
8500	8462
8419	8385
8349	8320
8298	8286
8289	8314
8354	8420
8505	8614
8707	8842
8885	0
9026	7229
7344	6546
6190	5569
5068	4567
4128	3759
3460	3231
3063	2950
2882	2854
2859	2889
2943	3017
3105	3195
3282	3350
3394	3409
3389	3336
3253	3155
3045	2939
2846	2770
2712	2674
2644	2621
2596	2566
2530	2487
2442	2399
2364	2338
2325	2327
2347	2388
2442	2519
2606	2704
2817	2933
3059	3194
3348	3526
3740	4011
4354	4777
5295	5912
6617	7391
8207	9030
9821	10539
11158	11651
12003	12213
12288	12239
12093	11866
11592	11290
10987	10693
10426	10188
9987	9819
9680	9570
9479	9406
9346	9300
9270	9257
9274	9323
9406	9527
9674	9839
10005	10162
10297	10403
10474	10513
10528	10517
10494	10462
10422	10381
10331	10275
10209	10133
10050	9961
9877	9798
9740	9705
9705	9733
9788	9860
9932	9999
10042	10053
10028	9967
9879	9764
9632	9482
9318	9137
8937	8715
8474	8217
7961	7712
7490	7305
7169	7077
7034	7031
7063	7123
7205	7307
7419	7546
7695	7860
8048	8263
8506	8768
9059	9360
9664	9959
10225	10442
10599	10682
10689	10617
10478	10285
10057	9811
9561	9319
9097	8901
8738	8608
8505	8440
8402	8392
8405	8433
8473	8516
8559	8603
8638	8668
8686	8701
8703	8703
8695	8685
8666	8641
8608	8574
8534	8494
8450	8410
8370	8335
8306	8283
8269	8264
8273	8299
8346	8414
8496	8596
8695	8800
8869	0
8954	7050
7175	6356
6005	5378
4886	4395
3980	3636
3367	3165
3026	2939
2897	2893
2926	2986
3068	3175
3287	3405
3513	3598
3649	3656
3624	3550
3436	3304
3163	3025
2910	2814
2749	2709
2680	2661
2641	2607
2564	2510
2453	2392
2337	2296
2272	2266
2282	2323
2387	2477
2579	2699
2828	2964
3104	3250
3405	3579
3782	4028
4334	4714
5183	5748
6406	7146
7941	8765
9578	10339
11014	11578
12007	12300
12463	12496
12432	12290
12092	11856
11611	11362
11121	10898
10690	10501
10327	10167
10020	9878
9749	9629
9525	9442
9385	9369
9395	9468
9582	9727
9891	10052
10209	10338
10440	10511
10552	10569
10566	10550
10528	10495
10455	10403
10340	10264
10180	10087
9999	9917
9856	9819
9812	9833
9878	9941
10005	10058
10088	10088
10042	9956
9835	9686
9515	9336
9152	8967
8776	8583
8378	8165
7946	7728
7527	7350
7208	7108
7052	7034
7058	7104
7177	7266
7376	7495
7630	7790
7965	8167
8393	8643
8910	9190
9478	9751
10001	10203
10346	10420
10417	10336
10195	9998
9774	9531
9292	9066
8864	8693
8554	8450
8382	8343
8338	8355
8391	8442
8502	8564
8623	8675
8717	8752
8771	8778
8777	8765
8746	8723
8689	8651
8605	8558
8505	8456
8407	8363
8325	8294
8271	8254
8248	8252
8265	8296
8342	8402
8481	8560
8662	8714
8824	0
8801	6856
6965	6159
5807	5191
4714	4244
3851	3532
3288	3113
3001	2942
2928	2950
3012	3100
3217	3351
3495	3638
3764	3861
3916	3922
3875	3775
3633	3466
3292	3123
2982	2871
2798	2756
2736	2723
2707	2676
2628	2566
2493	2416
2344	2287
2250	2236
2249	2294
2369	2467
2591	2729
2875	3027
3181	3331
3487	3649
3833	4046
4316	4647
5063	5571
6178	6878
7652	8471
9303	10104
10835	11466
11970	12340
12581	12697
12713	12650
12527	12370
12190	12000
11807	11613
11421	11226
11035	10841
10644	10446
10243	10046
9853	9685
9541	9443
9391	9399
9464	9579
9730	9901
10078	10242
10383	10494
10575	10627
10659	10670
10667	10651
10624	10582
10526	10454
10367	10273
10177	10088
10014	9963
9930	9929
9950	9987
10031	10067
10082	10070
10020	9920
9783	9608
9412	9204
9001	8803
8619	8444
8270	8093
7914	7728
7551	7387
7250	7145
7077	7051
7060	7096
7158	7238
7337	7452
7581	7728
7896	8082
8293	8523
8773	9035
9302	9558
9793	9983
10112	10179
10170	10087
9944	9755
9535	9303
9078	8868
8684	8533
8420	8340
8295	8284
8302	8341
8399	8468
8545	8619
8692	8753
8801	8837
8855	8861
8850	8832
8802	8762
8715	8662
8602	8541
8480	8421
8370	8324
8287	8259
8241	8233
8233	8243
8261	8293
8338	8388
8457	8497
8607	8558
8746	0
8529	6647
6701	5955
5596	5010
4550	4101
3736	3441
3226	3078
2990	2958
2972	3022
3109	3227
3372	3536
3709	3875
4025	4130
4189	4189
4127	4004
3833	3632
3422	3224
3059	2935
2855	2816
2802	2799
2793	2765
2716	2646
2561	2471
2383	2310
2262	2241
2252	2301
2382	2500
2638	2794
2959	3125
3285	3439
3583	3731
3886	4069
4291	4571
4929	5384
5938	6597
7346	8161
9006	9840
10623	11316
11888	12332
12644	12835
12925	12939
12889	12805
12694	12571
12431	12285
12124	11948
11755	11542
11312	11064
10796	10522
10249	9983
9743	9548
9405	9330
9333	9403
9534	9709
9907	10110
10295	10459
10592	10691
10762	10809
10835	10843
10834	10806
10761	10694
10611	10513
10411	10310
10216	10134
10074	10034
10011	10008
10015	10022
10025	10001
9948	9855
9712	9534
9322	9095
8870	8660
8477	8309
8161	8016
7868	7719
7564	7417
7283	7180
7108	7069
7066	7094
7147	7220
7312	7418
7541	7678
7831	8008
8204	8421
8652	8898
9148	9388
9605	9784
9906	9967
9954	9876
9737	9554
9348	9130
8918	8723
8556	8427
8330	8272
8248	8256
8292	8349
8421	8505
8595	8682
8760	8827
8883	8918
8937	8939
8925	8898
8858	8803
8746	8679
8606	8534
8462	8396
8342	8293
8256	8234
8219	8217
8223	8237
8259	8291
8326	8357
8415	8395
8522	8314
8633	0
8102	6437
6371	5753
5375	4840
4395	3980
3635	3370
3176	3054
2991	2982
3020	3098
3208	3357
3529	3721
3919	4108
4268	4385
4449	4440
4363	4216
4018	3784
3543	3318
3131	2991
2911	2874
2869	2880
2882	2865
2817	2741
2645	2541
2442	2359
2299	2273
2283	2337
2429	2557
2714	2890
3066	3242
3404	3552
3684	3807
3936	4079
4256	4486
4790	5190
5694	6313
7040	7844
8703	9567
10392	11139
11775	12283
12658	12912
13067	13146
13165	13150
13107	13049
12971	12876
12758	12612
12430	12220
11968	11685
11368	11029
10673	10317
9979	9679
9442	9279
9201	9221
9324	9495
9712	9951
10187	10408
10594	10749
10867	10954
11015	11054
11067	11057
11023	10970
10890	10797
10685	10570
10451	10339
10235	10143
10069	10011
9969	9943
9920	9896
9845	9761
9634	9460
9245	9005
8768	8544
8350	8192
8055	7934
7817	7697
7565	7435
7312	7210
7134	7090
7081	7100
7142	7210
7293	7394
7509	7639
7784	7949
8129	8331
8547	8780
9014	9240
9445	9616
9733	9788
9780	9706
9575	9403
9208	9005
8806	8628
8475	8358
8280	8236
8228	8252
8297	8368
8449	8548
8644	8740
8824	8898
8955	8995
9013	9013
8995	8959
8909	8849
8777	8696
8612	8529
8449	8378
8315	8267
8233	8212
8204	8205
8218	8235
8258	8283
8310	8315
8361	8253
8415	7975
8489	0
7502	6237
5978	5567
5147	4689
4258	3874
3557	3309
3140	3040
2998	3011
3067	3169
3305	3478
3676	3889
4107	4312
4487	4610
4671	4657
4564	4401
4176	3916
3648	3397
3192	3043
2958	2925
2932	2954
2965	2957
2914	2836
2735	2623
2512	2417
2350	2321
2333	2393
2493	2638
2808	2995
3182	3363
3523	3662
3775	3877
3972	4080
4213	4396
4654	5006
5467	6051
6749	7550
8412	9302
10164	10956
11643	12207
12639	12949
13154	13287
13363	13406
13420	13418
13399	13356
13283	13173
13018	12816
12562	12260
11905	11512
11092	10658
10229	9833
9497	9241
9089	9047
9115	9276
9506	9779
10065	10340
10585	10794
10960	11092
11190	11258
11299	11309
11296	11249
11181	11085
10973	10843
10703	10557
10407	10260
10126	10008
9917	9848
9801	9765
9721	9655
9541	9381
9176	8934
8684	8451
8251	8089
7961	7860
7765	7668
7560	7447
7335	7235
7159	7111
7095	7106
7147	7207
7285	7376
7483	7606
7742	7897
8068	8257
8465	8680
8902	9118
9314	9476
9591	9648
9641	9575
9454	9296
9116	8925
8740	8575
8433	8330
8261	8227
8229	8257
8315	8392
8486	8588
8690	8790
8882	8957
9018	9056
9078	9076
9055	9016
8958	8889
8808	8720
8627	8534
8446	8366
8302	8254
8218	8198
8192	8196
8213	8233
8255	8276
8290	8268
8297	8085
8296	7559
8332	0
6744	6065
5536	5407
4927	4561
4143	3789
3491	3265
3116	3031
3007	3035
3111	3228
3386	3579
3797	4028
4265	4482
4665	4798
4852	4834
4730	4546
4305	4021
3728	3460
3237	3082
2995	2969
2986	3017
3042	3041
2999	2923
2821	2702
2582	2479
2407	2376
2389	2452
2563	2715
2898	3097
3293	3473
3629	3757
3853	3929
3998	4070
4168	4314
4532	4842
5266	5818
6500	7289
8158	9064
9959	10788
11519	12125
12600	12953
13202	13376
13494	13579
13643	13688
13717	13720
13691	13618
13490	13304
13055	12742
12371	11941
11468	10969
10467	9987
9562	9228
9001	8902
8933	9080
9320	9618
9945	10268
10565	10824
11038	11210
11342	11441
11506	11539
11542	11511
11452	11360
11245	11102
10940	10764
10569	10371
10180	10003
9861	9751
9680	9634
9597	9546
9457	9311
9119	8879
8627	8380
8173	8007
7885	7795
7720	7642
7554	7453
7351	7255
7182	7129
7108	7117
7151	7205
7276	7363
7466	7583
7712	7859
8023	8201
8396	8603
8816	9024
9214	9370
9483	9542
9542	9481
9372	9225
9055	8877
8703	8544
8420	8322
8258	8233
8239	8275
8334	8418
8516	8621
8728	8833
8925	9005
9069	9110
9130	9129
9103	9060
9001	8926
8837	8743
8642	8542
8449	8364
8295	8243
8207	8189
8183	8195
8207	8230
8252	8267
8269	8216
8231	7904
8174	7099
8174	0
5895	5931
5075	5280
4723	4466
4051	3725
3445	3231
3097	3025
3013	3057
3148	3279
3453	3656
3890	4136
4384	4610
4801	4931
4989	4964
4850	4654
4395	4096
3788	3502
3272	3109
3023	3001
3023	3065
3100	3105
3068	2995
2890	2765
2642	2536
2460	2428
2442	2509
2626	2789
2977	3182
3383	3563
3715	3826
3907	3968
4012	4059
4129	4244
4433	4713
5110	5638
6303	7086
7959	8877
9792	10650
11411	12049
12557	12942
13221	13423
13572	13688
13787	13870
13935	13973
13980	13936
13834	13665
13427	13115
12729	12277
11770	11224
10667	10120
9628	9225
8938	8790
8790	8921
9165	9482
9841	10202
10539	10840
11093	11299
11462	11588
11674	11723
11742	11723
11670	11588
11470	11322
11143	10936
10709	10469
10229	10004
9815	9670
9576	9524
9490	9453
9381	9257
9073	8839
8584	8336
8120	7950
7830	7747
7683	7619
7543	7455
7360	7272
7195	7144
7122	7125
7155	7204
7272	7357
7455	7567
7692	7832
7991	8162
8349	8550
8755	8956
9140	9294
9409	9467
9472	9420
9319	9182
9020	8853
8687	8540
8418	8325
8268	8244
8253	8290
8357	8439
8540	8646
8757	8863
8958	9038
9104	9147
9166	9163
9140	9095
9035	8952
8863	8762
8654	8550
8451	8362
8292	8239
8203	8184
8182	8190
8208	8229
8250	8258
8250	8163
8175	7735
8070	6657
8040	0
