16064	16064
16064	16064
16064	16064
16064	16063
16060	16053
16039	16013
15964	15876
15738	15523
15218	14803
14272	13637
12913	12144
11376	10652
10023	9519
9163	8964
8927	9042
9306	9705
10222	10839
11532	12254
12978	13659
14267	14779
15186	15494
15711	15857
15949	16004
16034	16048
16055	16057
16058	16059
16055	16056
16053	16056
16062	16064
16064	16064
16064	16064
16064	16063
16060	16053
16039	16014
15966	15884
15749	15544
15248	14845
14327	13708
12996	12238
11474	10751
10116	9608
9245	9039
8994	9111
9375	9779
10300	10925
11613	12336
13050	13724
14317	14819
15216	15512
15723	15864
15952	16005
16034	16046
16054	16055
16053	16049
16047	16046
16041	16050
16061	16061
16062	16063
16064	16064
16064	16063
16061	16054
16044	16018
15974	15895
15768	15572
15290	14901
14402	13799
13106	12358
11600	10879
10242	9720
9343	9131
9082	9195
9465	9871
10400	11028
11719	12439
13148	13807
14389	14874
15256	15541
15742	15875
15960	16008
16033	16045
16048	16049
16041	16037
16027	16029
16018	16034
16061	16061
16061	16061
16062	16063
16064	16063
16061	16056
16045	16020
15980	15907
15789	15607
15337	14970
14492	13909
13237	12503
11754	11031
10384	9849
9462	9238
9179	9292
9563	9978
10517	11152
11847	12562
13263	13908
14470	14939
15304	15574
15763	15890
15967	16011
16031	16041
16042	16037
16024	16012
15993	15994
15968	16004
16061	16061
16061	16061
16062	16063
16064	16063
16062	16057
16047	16025
15988	15920
15812	15642
15393	15047
14594	14032
13380	12662
11917	11193
10535	9987
9582	9341
9280	9388
9663	10088
10641	11285
11984	12698
13389	14019
14563	15011
15357	15611
15788	15905
15976	16012
16034	16037
16030	16016
15993	15969
15931	15936
15874	15950
16060	16061
16060	16061
16062	16063
16064	16063
16062	16058
16047	16030
15995	15935
15836	15680
15450	15124
14696	14161
13527	12822
12082	11354
10685	10119
9695	9441
9367	9475
9757	10196
10760	11416
12123	12836
13518	14137
14661	15090
15415	15655
15814	15920
15984	16017
16030	16029
16012	15985
15943	15903
15826	15834
15705	15856
16058	16061
16059	16061
16061	16063
16064	16063
16062	16059
16050	16035
16005	15951
15862	15718
15505	15199
14793	14279
13664	12973
12234	11503
10820	10238
9795	9525
9443	9549
9842	10288
10866	11538
12251	12970
13644	14248
14756	15164
15472	15692
15843	15937
15992	16018
16024	16016
15988	15941
15868	15803
15663	15682
15431	15710
16057	16060
16059	16060
16061	16062
16064	16064
16063	16059
16052	16037
16012	15964
15882	15752
15552	15269
14883	14387
13790	13105
12369	11633
10938	10337
9877	9592
9501	9608
9903	10365
10957	11641
12365	13085
13754	14346
14840	15231
15521	15727
15864	15950
15998	16020
16018	15999
15954	15883
15766	15668
15433	15464
15017	15494
16056	16058
16058	16059
16060	16061
16063	16064
16063	16059
16053	16042
16017	15974
15900	15779
15593	15323
14955	14475
13890	13215
12482	11735
11029	10414
9938	9642
9542	9647
9949	10422
11030	11724
12458	13180
13849	14430
14913	15286
15563	15757
15884	15961
16003	16018
16012	15981
15917	15815
15645	15502
15137	15193
14464	15216
16056	16058
16058	16059
16059	16060
16062	16064
16063	16060
16055	16044
16023	15984
15915	15799
15626	15367
15010	14543
13966	13297
12563	11813
11098	10470
9982	9674
9570	9675
9980	10464
11081	11787
12526	13251
13917	14492
14966	15329
15596	15777
15897	15969
16006	16017
16001	15962
15875	15744
15513	15320
14797	14887
13814	14898
16055	16058
16057	16059
16059	16060
16062	16064
16063	16060
16057	16046
16025	15988
15924	15816
15647	15399
15050	14591
14022	13355
12621	11865
11141	10504
10008	9692
9585	9690
10002	10489
11117	11829
12574	13302
13967	14538
15003	15359
15619	15795
15909	15975
16008	16015
15994	15943
15841	15632
15387	14644
14466	12156
13152	7864
