16158	16158
16149	16104
15913	15344
14158	12447
10694	9392
8690	8480
8632	9043
9532	9738
9437	8711
7693	6486
5358	4611
4300	4298
4501	4831
5188	5495
5797	6340
7468	9291
11474	13440
14821	15596
15925	15932
15574	14754
13606	12523
11791	11409
11330	11612
12292	13329
14481	15397
15903	16098
16148	16158
16158	16158
16158	16158
16149	16102
15904	15307
14079	12322
10540	9238
8552	8359
8521	8945
9443	9654
9359	8648
7675	6530
5450	4704
4373	4405
4729	5223
5709	6050
6249	6480
7072	8307
10117	12101
13802	14981
15626	15819
15549	14762
13619	12526
11778	11378
11285	11548
12229	13278
14453	15384
15897	16095
16148	16158
16158	16158
16158	16158
16149	16101
15900	15295
14040	12231
10395	9052
8349	8164
8338	8780
9299	9540
9278	8620
7748	6749
5769	5014
4612	4639
5080	5747
6340	6667
6716	6618
6658	7218
8486	10292
12218	13855
14975	15505
15415	14707
13583	12486
11724	11307
11197	11460
12158	13233
14433	15378
15897	16095
16148	16158
16158	16158
16158	16158
16150	16107
15918	15337
14098	12262
10344	8900
8128	7908
8084	8539
9091	9395
9212	8650
7934	7154
6352	5622
5114	5043
5488	6213
6799	7012
6894	6575
6270	6326
7040	8450
10310	12233
13830	14819
15045	14496
13435	12364
11607	11185
11086	11380
12117	13232
14452	15396
15907	16099
16148	16158
16158	16158
16158	16158
16152	16117
15951	15422
14246	12426
10426	8846
7941	7639
7767	8209
8793	9189
9131	8694
8141	7600
7047	6436
5876	5650
5955	6575
7040	7099
6846	6424
5979	5764
6053	6975
8473	10324
12173	13603
14251	13987
13102	12132
11429	11044
11000	11363
12166	13325
14542	15455
15933	16106
16149	16158
16158	16158
16158	16158
16155	16128
15993	15532
14458	12697
10653	8929
7858	7416
7445	7819
8400	8887
8983	8684
8256	7901
7592	7203
6729	6413
6517	6937
7241	7184
6856	6378
5870	5531
5584	6116
7117	8528
10215	11833
12887	13058
12520	11786
11221	10926
10972	11429
12314	13510
14701	15547
15971	16116
16153	16158
16158	16158
16158	16158
16156	16136
16028	15649
14704	13055
11012	9163
7915	7303
7187	7446
7959	8501
8750	8605
8265	7987
7828	7665
7398	7128
7094	7282
7387	7214
6825	6333
5843	5544
5600	5974
6531	7277
8367	9769
11058	11730
11719	11364
11007	10851
11013	11573
12535	13754
14896	15657
16011	16127
16153	16156
16153	16153
16156	16157
16157	16144
16065	15766
14965	13473
11481	9540
8114	7313
7037	7149
7547	8073
8458	8494
8249	7971
7826	7775
7695	7563
7481	7467
7323	6963
6510	6098
5820	5804
6106	6507
6719	6747
7024	7913
9214	10332
10887	10950
10832	10822
11108	11774
12810	14036
15104	15765
16053	16138
16151	16143
16127	16126
16148	16152
16156	16149
16093	15867
15222	13919
12028	10029
8430	7441
7000	6962
7224	7680
8149	8390
8305	8026
7788	7697
7694	7679
7628	7488
7139	6613
6149	5942
6046	6456
7039	7440
7299	6698
6279	6690
7919	9329
10288	10654
10712	10837
11248	12020
13126	14335
15307	15862
16084	16144
16140	16086
15999	15981
16132	16140
16150	16151
16115	15950
15443	14325
12558	10529
8782	7618
7026	6868
7008	7373
7879	8311
8422	8190
7846	7639
7617	7665
7669	7516
7103	6550
6183	6235
6711	7438
8121	8327
7772	6713
5925	6132
7364	8922
10045	10519
10661	10884
11406	12283
13442	14617
15482	15938
16105	16141
16105	15930
15613	15518
16117	16131
16147	16153
16128	16002
15582	14593
12923	10884
9039	7759
7073	6835
6900	7197
7708	8266
8535	8357
7946	7646
7586	7659
7713	7596
7225	6737
6497	6742
7427	8284
8901	8843
7953	6642
5753	5979
7272	8887
10020	10487
10652	10933
11529	12475
13667	14808
15599	15985
16120	16140
16060	15565
13466	8366
