7069	5934
5310	4361
3671	3171
2832	2618
2513	2502
2568	2685
2835	3013
3256	3619
4126	4725
5301	5744
6009	6119
6147	6148
6126	6007
5688	5109
4323	3476
2728	2173
1821	1649
1645	1828
2201	2708
3226	3618
3826	3863
3804	3726
3676	3652
3632	3613
3631	3746
3997	4351
4680	4830
4735	4439
4057	3694
3426	3267
3203	3173
3131	3051
2943	2828
2742	2728
2843	3182
3885	5096
6816	8820
10719	12167
13041	13450
13605	13688
13785	13911
14066	14237
14416	14584
14728	14844
14943	15035
15117	15185
15232	15263
15279	15277
15225	15081
14779	14253
13433	12295
10907	9441
8104	7062
6352	5909
5650	5533
5547	5674
5872	6132
6473	6913
7438	8051
8784	9661
10649	11646
12534	13239
13729	14008
14061	13863
13366	12533
11389	10060
8764	7779
7307	7351
7705	8050
8139	7925
7538	7173
6979	7002
7174	7377
7492	7471
7345	7194
7086	7037
7034	7059
7102	7157
7220	7293
7372	7462
7569	7697
7842	7995
8157	8339
8566	8841
9126	9358
9477	9500
9523	9660
9956	10331
10644	10782
10718	10500
10209	9913
9654	9446
9281	9149
9039	8941
8858	8784
8723	8685
8680	8707
8772	8860
8958	9050
9132	9211
9293	9389
9488	9567
9603	9598
9552	9474
9371	9249
9108	8958
8814	8693
8596	8530
8486	8460
8447	8447
8472	8555
8747	8801
9280	0
8025	5805
5187	4261
3588	3106
2785	2586
2494	2490
2564	2694
2872	3097
3397	3809
4334	4913
5446	5841
6074	6163
6174	6147
6077	5889
5494	4869
4089	3301
2637	2151
1837	1666
1637	1776
2087	2528
2991	3359
3570	3632
3609	3567
3543	3544
3560	3593
3671	3843
4117	4437
4690	4758
4609	4302
3941	3620
3391	3263
3204	3166
3111	3024
2918	2813
2739	2728
2829	3123
3748	4852
6476	8432
10357	11887
12864	13357
13567	13681
13800	13949
14118	14297
14470	14622
14745	14846
14931	15007
15076	15138
15188	15236
15277	15305
15293	15211
15010	14636
14019	13118
11952	10627
9312	8168
7291	6675
6265	5985
5797	5683
5635	5670
5819	6095
6485	6988
7635	8452
9420	10442
11405	12221
12852	13293
13544	13581
13365	12840
11979	10849
9620	8546
7835	7554
7577	7679
7676	7529
7306	7126
7065	7150
7329	7522
7632	7612
7482	7315
7175	7090
7053	7057
7086	7136
7199	7273
7349	7431
7520	7627
7756	7907
8079	8284
8533	8827
9121	9354
9468	9494
9531	9703
10056	10516
10914	11126
11110	10924
10647	10348
10070	9821
9606	9414
9242	9082
8931	8795
8685	8607
8572	8583
8634	8715
8805	8892
8974	9059
9157	9278
9408	9528
9611	9645
9637	9595
9528	9437
9321	9187
9048	8914
8789	8687
8605	8545
8499	8475
8476	8540
8711	8740
9205	0
7900	5637
5040	4137
3487	3030
2733	2559
2483	2494
2577	2730
2949	3243
3623	4095
4632	5171
5633	5965
6150	6212
6195	6124
5981	5693
5197	4514
3756	3058
2511	2117
1849	1682
1629	1712
1949	2305
2691	3016
3217	3298
3308	3297
3303	3340
3407	3518
3691	3941
4240	4513
4669	4640
4435	4119
3791	3522
3346	3253
3206	3164
3092	2997
2896	2810
2754	2749
2828	3062
3579	4537
6020	7899
9850	11490
12610	13230
13525	13686
13835	14009
14201	14387
14549	14679
14779	14861
14930	14990
15044	15098
15153	15212
15275	15328
15359	15342
15253	15047
14670	14066
13210	12138
10948	9791
8803	8042
7473	7006
6559	6124
5734	5451
5318	5351
5537	5868
6359	7040
7901	8870
9832	10704
11445	12051
12531	12879
13045	12946
12499	11682
10612	9501
8580	7961
7612	7408
7252	7118
7035	7038
7135	7306
7521	7720
7838	7832
7709	7521
7334	7189
7099	7060
7069	7108
7169	7243
7322	7396
7464	7541
7645	7787
7975	8206
8486	8798
9099	9330
9451	9493
9561	9781
10211	10768
11280	11595
11657	11522
11271	10975
10671	10373
10090	9825
9571	9320
9082	8864
8682	8546
8467	8443
8466	8524
8595	8671
8751	8841
8958	9107
9280	9447
9580	9668
9710	9718
9700	9659
9590	9495
9373	9233
9089	8946
8818	8709
8621	8556
8521	8551
8689	8676
9121	0
7748	5468
4893	4016
3392	2962
2694	2545
2489	2519
2622	2808
3085	3456
3916	4434
4961	5437
5818	6077
6214	6242
6197	6078
5847	5442
4839	4110
3385	2792
2360	2060
1841	1688
1614	1654
1822	2102
2418	2687
2857	2936
2953	2957
2981	3051
3180	3389
3673	4000
4314	4531
4592	4485
4241	3937
3647	3431
3303	3244
3209	3160
3084	2988
2894	2823
2784	2784
2845	3023
3427	4233
5554	7338
9294	11048
12325	13089
13485	13708
13887	14085
14293	14485
14642	14756
14833	14894
14950	15001
15047	15096
15150	15211
15275	15338
15391	15418
15405	15328
15145	14805
14268	13512
12584	11583
10647	9873
9240	8642
7985	7256
6536	5920
5482	5246
5200	5320
5613	6083
6735	7507
8312	9073
9771	10415
11041	11648
12188	12541
12556	12136
11321	10303
9315	8509
7911	7465
7138	6939
6889	6978
7172	7421
7682	7914
8066	8099
8004	7808
7571	7355
7191	7098
7068	7089
7145	7220
7302	7373
7420	7465
7541	7675
7873	8131
8432	8750
9048	9274
9412	9495
9615	9891
10383	11026
11649	12079
12243	12174
11961	11673
11351	11015
10676	10341
10009	9670
9340	9036
8777	8576
8440	8367
8344	8355
8390	8443
8511	8604
8737	8910
9112	9314
9489	9624
9716	9777
9818	9839
9834	9796
9714	9593
9443	9276
9114	8965
8835	8722
8639	8621
8714	8642
9062	0
7603	5316
4755	3907
3312	2914
2674	2548
2518	2571
2707	2945
3287	3735
4247	4778
5265	5670
5968	6161
6255	6263
6189	6015
5691	5170
4473	3716
3040	2538
2202	1973
1800	1668
1596	1615
1740	1964
2225	2448
2583	2636
2637	2632
2658	2755
2955	3262
3641	4017
4314	4468
4458	4304
4051	3763
3516	3347
3261	3226
3201	3155
3078	2985
2901	2842
2813	2816
2864	2994
3310	3975
5141	6813
8765	10608
12031	12939
13444	13732
13949	14160
14377	14578
14736	14843
14908	14952
14993	15038
15083	15132
15183	15238
15294	15351
15405	15447
15470	15457
15384	15218
14929	14480
13869	13155
12433	11793
11221	10614
9875	8994
8066	7213
6531	6065
5811	5744
5836	6077
6464	6940
7439	7897
8331	8789
9348	10041
10819	11540
11991	11992
11515	10709
9811	9009
8353	7822
7398	7114
7007	7071
7265	7528
7813	8078
8279	8371
8329	8153
7888	7599
7353	7184
7102	7089
7131	7206
7290	7356
7390	7411
7463	7584
7790	8060
8366	8679
8959	9187
9357	9498
9686	10014
10544	11245
11957	12500
12772	12787
12625	12357
12030	11675
11305	10925
10532	10126
9719	9342
9013	8750
8549	8413
8323	8275
8258	8272
8317	8407
8542	8722
8933	9150
9349	9514
9646	9753
9847	9931
9995	10019
9995	9912
9784	9623
9452	9282
9123	8973
8844	8773
8809	8665
9047	0
7481	5167
4623	3802
3239	2875
2662	2562
2557	2649
2841	3147
3568	4073
4602	5103
5524	5849
6076	6220
6284	6276
6177	5952
5538	4913
4144	3376
2747	2313
2042	1869
1741	1638
1583	1595
1703	1896
2126	2322
2433	2457
2431	2408
2432	2561
2823	3201
3626	4000
4247	4334
4275	4098
3851	3599
3393	3268
3212	3192
3167	3123
3053	2970
2895	2847
2825	2832
2870	2970
3218	3772
4801	6364
8286	10196
11742	12777
13384	13736
13991	14221
14452	14663
14832	14942
15005	15036
15064	15098
15140	15185
15234	15281
15326	15371
15417	15459
15490	15494
15463	15385
15249	15023
14688	14264
13815	13387
12967	12468
11796	10952
10013	9100
8314	7723
7338	7138
7082	7141
7288	7470
7604	7651
7645	7697
7938	8452
9226	10117
10885	11280
11183	10677
9981	9305
8737	8264
7867	7568
7406	7402
7523	7729
7980	8236
8464	8615
8637	8507
8242	7909
7589	7337
7184	7122
7140	7206
7288	7343
7361	7358
7393	7506
7708	7978
8278	8572
8838	9074
9284	9491
9745	10113
10666	11397
12180	12828
13215	13321
13218	12983
12670	12316
11942	11545
11119	10669
10215	9785
9406	9085
8824	8612
8449	8325
8239	8202
8216	8286
8408	8572
8770	8980
9185	9369
9531	9673
9804	9933
10051	10133
10164	10133
10045	9918
9771	9613
9449	9277
9114	8998
8972	8749
9086	0
7396	5026
4497	3702
3173	2837
2650	2576
2606	2755
3025	3422
3915	4447
4951	5380
5718	5963
6137	6248
6302	6285
6169	5891
5394	4684
3865	3104
2515	2131
1907	1773
1681	1616
1578	1598
1695	1875
2098	2295
2407	2425
2389	2358
2397	2558
2856	3251
3650	3957
4117	4141
4046	3868
3644	3429
3265	3180
3146	3131
3103	3057
2993	2925
2863	2823
2807	2818
2853	2937
3146	3621
4537	5996
7875	9825
11465	12601
13291	13706
14006	14270
14526	14753
14933	15048
15111	15137
15152	15170
15199	15233
15274	15314
15352	15394
15434	15473
15496	15500
15478	15434
15367	15259
15101	14891
14661	14434
14186	13843
13344	12680
11913	11130
10415	9833
9418	9162
9033	8990
8985	8952
8793	8459
7991	7533
7273	7358
7843	8628
9501	10177
10453	10298
9868	9367
8935	8592
8319	8103
7968	7927
7978	8097
8263	8457
8661	8832
8907	8829
8595	8252
7880	7553
7317	7197
7177	7223
7284	7322
7318	7301
7322	7423
7616	7873
8154	8429
8690	8938
9191	9456
9765	10167
10737	11493
12335	13078
13574	13776
13738	13543
13255	12923
12565	12176
11749	11283
10805	10349
9937	9572
9258	8978
8731	8524
8363	8263
8230	8265
8351	8481
8642	8830
9026	9221
9398	9560
9715	9868
10017	10141
10215	10234
10196	10119
10015	9893
9748	9581
9405	9257
9183	8878
9169	0
7340	4903
4386	3608
3106	2798
2639	2595
2677	2899
3268	3751
4296	4818
5260	5592
5833	6008
6139	6234
6285	6265
6128	5803
5239	4473
3637	2898
2351	2007
1814	1709
1648	1608
1589	1610
1703	1881
2116	2342
2490	2537
2522	2518
2590	2769
3051	3382
3676	3862
3927	3896
3790	3629
3437	3264
3148	3091
3069	3049
3014	2964
2908	2851
2807	2778
2773	2787
2823	2903
3088	3512
4350	5724
7555	9517
11217	12429
13183	13650
13997	14310
14602	14853
15041	15156
15215	15235
15241	15247
15256	15275
15300	15331
15366	15405
15445	15480
15498	15493
15471	15434
15392	15338
15259	15160
15058	14964
14845	14647
14328	13897
13389	12853
12330	11873
11519	11281
11144	11074
11013	10882
10572	10015
9226	8344
7571	7112
7082	7489
8186	8936
9483	9676
9546	9250
8953	8739
8609	8533
8498	8500
8535	8596
8676	8780
8917	9058
9148	9113
8925	8600
8206	7821
7512	7320
7248	7253
7283	7292
7267	7239
7250	7342
7518	7752
8007	8262
8518	8786
9074	9385
9728	10161
10758	11547
12450	13282
13874	14160
14182	14030
13780	13483
13161	12801
12388	11931
11452	10989
10562	10173
9814	9474
9154	8868
8631	8462
8368	8345
8377	8452
8567	8718
8897	9087
9267	9433
9592	9751
9913	10060
10164	10218
10224	10200
10152	10081
9975	9833
9670	9515
9406	9030
9284	0
7312	4804
4294	3532
3052	2766
2639	2639
2788	3102
3567	4125
4683	5155
5501	5722
5864	5967
6060	6139
6189	6168
6013	5650
5047	4266
3455	2765
2264	1951
1779	1694
1649	1623
1610	1632
1721	1906
2168	2446
2661	2776
2826	2878
2977	3135
3331	3518
3650	3702
3685	3620
3524	3395
3253	3130
3050	3009
2984	2952
2907	2855
2806	2765
2734	2721
2721	2740
2780	2860
3039	3438
4224	5534
7316	9274
11015	12290
13100	13611
13998	14350
14679	14949
15141	15247
15295	15309
15313	15308
15307	15311
15320	15341
15372	15410
15448	15477
15487	15478
15451	15418
15382	15346
15293	15234
15187	15154
15103	14994
14809	14565
14288	13994
13695	13408
13162	12987
12887	12840
12792	12668
12362	11781
10909	9832
8723	7785
7188	7027
7294	7851
8462	8907
9069	9004
8849	8739
8714	8766
8852	8952
9042	9110
9158	9195
9257	9339
9409	9395
9246	8953
8561	8137
7763	7502
7358	7306
7291	7268
7230	7198
7207	7286
7437	7639
7864	8098
8353	8636
8943	9273
9640	10102
10735	11576
12541	13452
14124	14483
14561	14453
14246	13995
13719	13395
13012	12575
12113	11659
11236	10835
10448	10064
9686	9331
9024	8784
8622	8527
8488	8495
8553	8660
8808	8976
9143	9295
9442	9598
9762	9915
10038	10116
10158	10174
10177	10153
10099	9999
9866	9722
9604	9172
9398	0
7297	4726
4220	3469
3003	2746
2658	2723
2956	3366
3915	4509
5041	5435
5669	5775
5816	5840
5880	5928
5967	5936
5771	5399
4812	4083
3349	2730
2283	1996
1828	1738
1693	1670
1657	1679
1770	1971
2272	2611
2907	3114
3251	3359
3456	3542
3583	3582
3540	3478
3410	3347
3278	3196
3112	3041
2988	2946
2903	2850
2797	2745
2702	2673
2657	2654
2666	2689
2731	2810
2986	3368
4124	5390
7135	9088
10863	12192
13057	13610
14025	14395
14740	15024
15219	15320
15357	15365
15362	15360
15352	15348
15346	15354
15375	15408
15441	15466
15471	15454
15420	15382
15346	15306
15261	15215
15181	15161
15132	15062
14946	14808
14673	14541
14408	14268
14137	14039
13992	13992
13996	13939
13729	13278
12534	11524
10347	9160
8122	7391
7078	7191
7607	8104
8474	8641
8662	8648
8691	8814
8996	9198
9384	9520
9596	9623
9639	9677
9719	9711
9593	9334
8951	8510
8088	7753
7530	7400
7327	7276
7232	7206
7217	7282
7403	7565
7755	7969
8216	8499
8810	9140
9511	9991
10665	11555
12584	13566
14312	14737
14871	14815
14661	14460
14229	13945
13593	13184
12749	12317
11903	11503
11104	10693
10275	9872
9510	9211
8978	8807
8690	8626
8620	8670
8770	8895
9026	9151
9279	9423
9582	9735
9865	9955
10018	10064
10100	10122
10114	10063
9973	9860
9747	9281
9484	0
7278	4654
4152	3408
2959	2738
2703	2845
3174	3679
4285	4881
5357	5653
5775	5770
5700	5629
5586	5578
5575	5528
5366	5037
4534	3934
3340	2834
2449	2175
1988	1873
1807	1775
1765	1794
1903	2124
2458	2849
3215	3501
3696	3818
3868	3825
3696	3520
3347	3220
3139	3096
3063	3036
3008	2984
2948	2896
2828	2758
2697	2648
2611	2592
2586	2595
2613	2639
2681	2760
2925	3292
4022	5255
6976	8927
10738	12127
13054	13645
14069	14437
14773	15056
15254	15362
15400	15405
15396	15389
15385	15378
15373	15372
15380	15400
15428	15448
15450	15427
15382	15325
15270	15218
15168	15125
15096	15074
15045	14983
14897	14799
14714	14647
14598	14551
14503	14476
14483	14535
14599	14627
14547	14284
13774	13005
12000	10834
9609	8472
7601	7142
7118	7419
7833	8183
8391	8502
8597	8753
8978	9253
9530	9759
9907	9974
10002	10029
10063	10064
9968	9738
9379	8939
8489	8089
7777	7562
7423	7335
7285	7263
7276	7327
7415	7540
7694	7890
8121	8393
8686	8996
9359	9848
10545	11472
12546	13594
14418	14916
15120	15126
15026	14878
14688	14439
14119	13745
13338	12933
12534	12145
11740	11318
10879	10449
10053	9709
9420	9181
8989	8851
8773	8756
8792	8857
8935	9020
9120	9246
9395	9546
9675	9770
9842	9903
9962	10014
10050	10046
10006	9929
9831	9343
9535	0
7242	4584
4085	3348
2921	2737
2772	3003
3432	4010
4645	5215
5618	5823
5847	5741
5561	5371
5214	5107
5033	4956
4816	4571
4221	3811
3410	3055
2752	2496
2286	2131
2037	1993
1992	2045
2176	2418
2765	3168
3549	3844
4028	4101
4052	3879
3619	3338
3113	2973
2911	2892
2897	2909
2929	2936
2912	2846
2759	2673
2611	2569
2543	2531
2531	2546
2568	2596
2637	2707
2861	3203
3903	5104
6807	8765
10616	12067
13050	13676
14105	14454
14766	15037
15242	15370
15427	15434
15422	15405
15397	15393
15391	15385
15387	15393
15413	15427
15423	15387
15321	15234
15144	15064
15001	14955
14927	14904
14872	14822
14745	14655
14573	14513
14479	14467
14468	14492
14551	14654
14778	14878
14907	14805
14530	14044
13335	12395
11246	9967
8720	7716
7135	7020
7269	7674
8047	8298
8470	8645
8887	9194
9532	9837
10063	10196
10270	10328
10383	10402
10334	10138
9816	9403
8950	8508
8119	7810
7594	7458
7385	7359
7365	7399
7461	7553
7683	7853
8064	8310
8573	8859
9207	9691
10380	11311
12414	13521
14431	15023
15309	15383
15340	15234
15079	14864
14580	14241
13871	13493
13120	12739
12339	11912
11468	11029
10616	10246
9921	9629
9369	9160
9008	8917
8877	8876
8893	8931
8993	9094
9224	9363
9486	9583
9658	9727
9801	9876
9942	9981
9986	9946
9867	9366
9552	0
7189	4500
4006	3284
2887	2757
2871	3199
3714	4345
4977	5497
5827	5959
5917	5736
5457	5142
4850	4618
4446	4323
4202	4054
3869	3669
3478	3293
3096	2885
2676	2506
2398	2355
2370	2446
2601	2847
3172	3526
3839	4051
4141	4108
3954	3694
3380	3092
2885	2777
2744	2748
2770	2807
2849	2878
2860	2790
2695	2608
2550	2518
2503	2495
2497	2509
2529	2557
2597	2660
2797	3113
3778	4945
6626	8592
10479	11984
13015	13663
14091	14418
14704	14965
15181	15334
15419	15440
15426	15401
15385	15380
15381	15380
15378	15381
15385	15387
15369	15316
15221	15092
14957	14836
14750	14697
14671	14650
14625	14584
14518	14434
14342	14265
14217	14206
14233	14300
14413	14569
14741	14892
14981	14979
14865	14618
14202	13572
12674	11496
10123	8752
7639	7001
6899	7190
7633	8024
8306	8534
8790	9105
9464	9811
10091	10289
10425	10526
10616	10664
10629	10480
10215	9858
9438	8987
8543	8154
7852	7647
7529	7476
7466	7477
7514	7582
7692	7843
8030	8238
8470	8732
9070	9536
10202	11103
12211	13365
14363	15057
15435	15577
15583	15515
15393	15213
14969	14674
14347	14006
13657	13292
12898	12477
12036	11598
11180	10799
10448	10116
9807	9533
9308	9144
9032	8964
8922	8907
8924	8987
9085	9202
9314	9410
9489	9561
9636	9724
9812	9885
9927	9924
9864	9359
9541	0
7122	4412
3925	3226
2870	2812
3019	3446
4032	4685
5285	5739
5999	6079
6000	5781
5444	5035
4617	4252
3973	3781
3659	3571
3508	3468
3445	3412
3338	3212
3057	2918
2832	2809
2843	2936
3094	3312
3570	3815
3989	4058
4015	3873
3644	3360
3076	2845
2701	2645
2640	2656
2683	2722
2769	2802
2791	2728
2641	2564
2518	2498
2490	2484
2480	2485
2505	2531
2568	2624
2751	3045
3675	4801
6452	8411
10321	11859
12918	13578
13996	14308
14585	14841
15067	15245
15358	15406
15399	15374
15350	15337
15334	15333
15329	15325
15318	15304
15264	15183
15053	14887
14709	14551
14436	14369
14334	14313
14290	14257
14208	14132
14043	13958
13902	13890
13942	14052
14220	14423
14634	14805
14911	14948
14920	14821
14627	14278
13678	12751
11480	9978
8496	7359
6796	6813
7197	7673
8080	8404
8706	9035
9395	9751
10059	10297
10476	10617
10734	10812
10818	10724
10533	10250
9894	9472
9012	8566
8182	7897
7711	7607
7555	7537
7548	7597
7692	7827
7987	8159
8363	8617
8952	9407
10034	10887
11967	13149
14225	15021
15489	15700
15753	15716
15628	15483
15288	15041
14765	14470
14156	13813
13432	13021
12590	12156
11738	11347
10979	10625
10280	9951
9667	9436
9262	9133
9036	8963
8926	8937
8991	9074
9171	9260
9338	9410
9487	9573
9672	9765
9838	9864
9828	9321
9507	0
7051	4329
3857	3189
2892	2921
3229	3746
4386	5029
5575	5946
6140	6185
6102	5891
5554	5104
4605	4128
3737	3462
3294	3208
3186	3218
3284	3346
3376	3354
3301	3240
3211	3215
3262	3347
3481	3642
3806	3920
3950	3882
3731	3517
3270	3019
2804	2655
2580	2565
2580	2599
2620	2654
2695	2725
2718	2669
2598	2539
2508	2499
2492	2481
2469	2467
2479	2508
2545	2605
2727	3011
3616	4703
6309	8247
10154	11703
12766	13419
13826	14132
14407	14671
14907	15097
15230	15305
15325	15312
15289	15262
15243	15225
15210	15197
15184	15154
15092	14983
14822	14623
14422	14240
14105	14013
13954	13912
13880	13848
13807	13755
13688	13622
13580	13592
13673	13828
14043	14284
14508	14675
14772	14807
14809	14785
14724	14569
14227	13584
12550	11126
9488	7983
6962	6599
6783	7255
7770	8220
8612	8986
9352	9706
10019	10273
10467	10625
10757	10859
10901	10866
10745	10546
10268	9908
9474	9006
8567	8199
7930	7750
7638	7572
7549	7579
7664	7781
7915	8064
8253	8512
8860	9306
9891	10681
11707	12888
14023	14911
15476	15757
15855	15853
15792	15688
15536	15345
15123	14878
14607	14298
13945	13553
13133	12702
12280	11881
11501	11131
10763	10398
10068	9788
9566	9384
9230	9101
9004	8954
8954	8996
9062	9137
9210	9275
9344	9424
9525	9628
9722	9771
9757	9263
9456	0
6991	4269
3814	3188
2962	3086
3494	4088
4757	5373
5843	6134
6263	6279
6212	6049
5762	5338
4811	4265
3777	3403
3154	3013
2963	2986
3054	3143
3227	3291
3336	3372
3404	3434
3474	3530
3613	3707
3785	3805
3742	3601
3405	3175
2952	2761
2623	2545
2519	2528
2549	2564
2579	2603
2633	2656
2653	2617
2567	2526
2507	2501
2493	2475
2455	2444
2452	2479
2521	2588
2721	3005
3595	4648
6207	8103
9987	11525
12579	13220
13618	13922
14203	14471
14706	14895
15039	15141
15197	15212
15194	15154
15101	15053
15015	14986
14962	14923
14848	14718
14536	14329
14120	13938
13791	13673
13577	13499
13437	13399
13371	13350
13326	13303
13302	13351
13472	13664
13903	14154
14368	14512
14584	14607
14611	14617
14617	14575
14409	14008
13241	12026
10431	8737
7347	6570
6455	6810
7369	7947
8464	8919
9324	9688
10001	10256
10450	10600
10728	10838
10908	10916
10857	10728
10535	10253
9883	9437
8968	8532
8171	7901
7710	7585
7518	7526
7594	7700
7818	7956
8145	8422
8788	9231
9769	10482
11432	12583
13755	14733
15401	15763
15916	15944
15913	15842
15729	15588
15420	15229
15007	14741
14427	14062
13656	13228
12801	12393
12003	11622
11238	10857
10500	10187
9926	9702
9500	9314
9156	9041
8981	8970
9000	9050
9106	9159
9215	9287
9382	9489
9595	9661
9666	9193
9396	0
6948	4235
3804	3225
3077	3297
3797	4446
5113	5677
6072	6286
6363	6364
6320	6217
6006	5652
5163	4599
4044	3574
3225	2998
2877	2839
2861	2919
3006	3105
3212	3307
3379	3414
3432	3447
3480	3525
3557	3543
3460	3316
3126	2926
2750	2616
2533	2498
2496	2511
2527	2543
2555	2573
2593	2606
2601	2579
2548	2523
2512	2501
2482	2455
2423	2408
2414	2441
2489	2566
2711	3008
3597	4624
6142	7988
9835	11352
12392	13022
13413	13716
14000	14266
14490	14663
14805	14925
15017	15066
15059	15004
14920	14834
14761	14708
14672	14625
14541	14410
14233	14036
13842	13665
13513	13375
13242	13126
13044	12999
12995	13012
13044	13077
13132	13225
13376	13578
13811	14034
14211	14322
14371	14385
14388	14402
14424	14431
14366	14128
13594	12627
11202	9490
7863	6713
6243	6381
6902	7564
8214	8786
9269	9664
9992	10249
10438	10576
10688	10793
10873	10911
10890	10821
10699	10510
10219	9825
9362	8879
8436	8069
7792	7605
7496	7470
7518	7606
7712	7851
8053	8351
8733	9162
9649	10279
11140	12240
13437	14503
15279	15733
15941	16004
15995	15950
15874	15771
15651	15509
15339	15125
14854	14524
14139	13723
13295	12882
12487	12097
11706	11314
10946	10621
10340	10088
9844	9605
9387	9209
9084	9016
8997	9011
9040	9072
9114	9177
9266	9374
9486	9563
9582	9128
9345	0
6921	4228
3822	3294
3228	3539
4108	4780
5416	5918
6238	6392
6433	6426
6405	6355
6221	5961
5549	5023
4452	3915
3472	3144
2934	2819
2778	2784
2836	2923
3034	3141
3212	3233
3221	3206
3211	3237
3265	3258
3199	3083
2932	2778
2651	2565
2519	2501
2499	2506
2516	2530
2544	2558
2568	2569
2564	2551
2540	2527
2514	2493
2462	2421
2385	2364
2371	2399
2450	2533
2690	2998
3589	4603
6086	7893
9703	11199
12232	12862
13250	13551
13828	14082
14284	14437
14563	14689
14804	14880
14888	14826
14718	14597
14491	14411
14348	14284
14198	14078
13927	13758
13591	13432
13281	13129
12981	12855
12777	12752
12784	12854
12945	13036
13139	13268
13427	13613
13800	13966
14085	14155
14184	14192
14193	14202
14220	14235
14209	14067
13700	12960
11754	10146
8421	6983
6153	6010
6401	7087
7847	8550
9136	9600
9959	10232
10428	10562
10666	10759
10837	10880
10879	10850
10787	10673
10470	10150
9717	9218
8715	8270
7918	7672
7528	7474
7487	7548
7637	7774
7991	8303
8680	9084
9517	10064
10836	11882
13094	14243
15123	15667
15932	16027
16041	16015
15965	15898
15816	15717
15595	15432
15207	14917
14564	14166
13755	13345
12950	12558
12161	11767
11395	11067
10783	10514
10242	9960
9687	9449
9261	9134
9061	9029
9024	9032
9058	9114
9197	9302
9414	9498
9527	9087
9315	0
6907	4229
3852	3383
3397	3786
4405	5073
5659	6087
6338	6446
6468	6466
6461	6443
6375	6201
5892	5453
4921	4366
3853	3429
3120	2923
2815	2771
2775	2822
2896	2971
3015	3012
2979	2947
2949	2981
3020	3034
3000	2917
2803	2693
2615	2568
2545	2531
2520	2511
2509	2521
2534	2543
2544	2538
2532	2531
2533	2529
2511	2477
2430	2381
2340	2319
2325	2354
2408	2491
2651	2964
3557	4561
6023	7799
9587	11079
12120	12760
13147	13435
13689	13920
14100	14232
14342	14459
14575	14657
14680	14626
14519	14380
14249	14134
14040	13950
13857	13751
13634	13509
13377	13239
13098	12958
12830	12739
12703	12732
12821	12951
13091	13230
13367	13505
13650	13793
13913	13999
14052	14074
14081	14076
14067	14053
14047	14042
14017	13913
13649	13086
12097	10650
8925	7297
6156	5712
5914	6552
7378	8203
8908	9460
9874	10178
10394	10543
10653	10743
10812	10848
10851	10837
10817	10766
10639	10393
10014	9530
9004	8510
8115	7833
7663	7577
7553	7571
7626	7743
7954	8261
8618	8987
9369	9847
10546	11547
12760	13973
14946	15570
15887	16010
16043	16035
16008	15970
15919	15859
15774	15651
15474	15226
14913	14548
14164	13773
13388	13000
12602	12205
11837	11513
11228	10956
10666	10350
10036	9747
9505	9320
9192	9113
9067	9049
9059	9102
9178	9283
9391	9477
9506	9074
9309	0
6898	4231
3889	3477
3570	4029
4677	5321
5842	6190
6380	6455
6474	6479
6489	6493
6460	6358
6155	5828
5387	4867
4326	3824
3413	3125
2948	2858
2823	2825
2847	2873
2876	2845
2797	2764
2769	2813
2861	2886
2862	2800
2714	2643
2604	2594
2592	2582
2557	2528
2510	2507
2518	2523
2520	2512
2510	2518
2530	2529
2505	2456
2398	2342
2304	2286
2293	2320
2367	2446
2601	2909
3495	4487
5931	7693
9480	10987
12051	12706
13092	13357
13579	13779
13940	14060
14157	14249
14346	14421
14451	14422
14329	14201
14056	13917
13788	13671
13562	13467
13379	13295
13209	13108
12997	12895
12823	12803
12850	12962
13120	13304
13485	13647
13788	13918
14033	14117
14164	14170
14149	14119
14091	14060
14019	13967
13919	13874
13821	13724
13513	13073
12256	10972
9304	7574
6195	5474
5459	5998
6844	7764
8591	9249
9733	10082
10331	10509
10640	10740
10801	10819
10812	10800
10800	10792
10725	10553
10242	9805
9298	8802
8394	8103
7918	7806
7731	7685
7682	7758
7935	8210
8534	8865
9211	9646
10300	11259
12469	13720
14763	15454
15816	15964
16010	16019
16014	15998
15973	15938
15882	15793
15653	15448
15176	14857
14506	14148
13782	13404
13012	12621
12255	11935
11649	11372
11069	10740
10402	10083
9801	9568
9386	9255
9171	9122
9111	9140
9208	9302
9407	9487
9517	9079
9315	0
6882	4236
3930	3588
3753	4272
4932	5537
5984	6255
6390	6442
6461	6479
6501	6513
6503	6449
6330	6119
5794	5358
4834	4287
3790	3409
3162	3021
2946	2908
2889	2871
2836	2779
2716	2678
2688	2733
2780	2800
2778	2724
2663	2620
2613	2633
2650	2645
2612	2564
2521	2496
2490	2493
2492	2489
2491	2507
2525	2522
2486	2426
2363	2311
2279	2267
2274	2297
2335	2405
2545	2838
3408	4384
5814	7571
9368	10907
12005	12681
13062	13296
13484	13654
13801	13917
14002	14072
14132	14183
14213	14209
14156	14057
13922	13774
13626	13488
13372	13284
13224	13177
13132	13073
13011	12970
12973	13043
13186	13382
13606	13826
14024	14190
14324	14431
14500	14530
14507	14443
14360	14278
14205	14132
14048	13947
13846	13751
13659	13544
13353	12980
12278	11112
9507	7723
6189	5249
5039	5454
6280	7264
8207	8978
9546	9947
10233	10446
10611	10726
10787	10794
10764	10744
10747	10765
10745	10638
10403	10043
9598	9147
8764	8484
8292	8143
8007	7881
7802	7806
7927	8147
8425	8725
9051	9473
10108	11040
12232	13498
14583	15331
15735	15910
15973	15993
16002	16001
15993	15973
15940	15876
15767	15599
15372	15095
14785	14454
14113	13756
13381	13000
12640	12317
12029	11745
11441	11107
10766	10434
10129	9859
9631	9454
9327	9245
9206	9213
9263	9343
9438	9513
9541	9092
9329	0
6864	4244
3987	3715
3954	4515
5171	5726
6096	6300
6389	6426
6449	6481
6510	6524
6518	6492
6435	6320
6111	5776
5317	4773
4230	3775
3450	3246
3124	3050
3006	2963
2903	2824
2739	2686
2682	2716
2754	2764
2741	2696
2652	2628
2644	2681
2715	2716
2682	2618
2546	2489
2459	2451
2456	2460
2475	2501
2522	2515
2468	2403
2341	2298
2275	2268
2274	2286
2312	2368
2491	2764
3312	4266
5681	7438
9252	10821
11956	12649
13026	13237
13392	13537
13674	13788
13871	13918
13945	13964
13987	13999
13984	13925
13824	13693
13552	13420
13314	13244
13208	13191
13174	13152
13140	13161
13245	13401
13624	13883
14144	14378
14570	14723
14836	14913
14949	14930
14855	14741
14614	14491
14377	14261
14125	13971
13818	13674
13543	13405
13210	12862
12203	11087
9511	7706
6081	5007
4648	4949
5720	6735
7767	8654
9314	9778
10104	10356
10551	10692
10761	10759
10712	10674
10671	10702
10717	10672
10520	10254
9902	9530
9207	8955
8756	8561
8355	8143
7977	7897
7939	8087
8311	8576
8896	9326
9963	10875
12040	13296
14410	15206
15660	15869
15948	15978
15993	16001
16002	15993
15972	15926
15840	15707
15518	15277
14998	14695
14374	14041
13688	13330
12980	12661
12368	12082
11775	11451
11116	10790
10474	10179
9913	9693
9521	9401
9329	9304
9325	9383
9462	9534
9559	9108
9346	0
6855	4280
4071	3873
4177	4764
5397	5893
6195	6338
6392	6420
6448	6486
6518	6529
6521	6506
6488	6442
6326	6100
5733	5244
4708	4213
3821	3539
3353	3236
3165	3116
3052	2956
2850	2765
2734	2743
2761	2762
2741	2709
2679	2673
2700	2745
2786	2797
2764	2691
2594	2499
2436	2411
2417	2432
2458	2488
2513	2504
2459	2392
2339	2304
2289	2284
2282	2284
2296	2335
2441	2695
3218	4153
5554	7305
9126	10714
11873	12585
12962	13158
13292	13418
13543	13656
13734	13770
13779	13777
13785	13799
13806	13785
13733	13648
13546	13449
13375	13336
13325	13327
13324	13323
13346	13422
13570	13790
14060	14343
14605	14823
14991	15117
15209	15258
15263	15214
15112	14974
14826	14683
14541	14381
14200	14003
13807	13629
13472	13314
13104	12741
12063	10926
9331	7515
5864	4736
4294	4494
5197	6200
7291	8271
9034	9571
9948	10232
10459	10627
10712	10709
10656	10603
10594	10629
10672	10673
10599	10430
10191	9923
9675	9462
9257	9016
8739	8446
8195	8036
7991	8061
8216	8444
8755	9197
9837	10730
11856	13092
14225	15075
15588	15839
15942	15983
16002	16011
16015	16011
15998	15963
15899	15790
15633	15419
15165	14880
14580	14268
13943	13606
13277	12966
12680	12395
12094	11780
11460	11141
10825	10512
10218	9959
9745	9579
9463	9397
9381	9411
9476	9539
9569	9121
9363	0
6875	4363
4201	4071
4421	5012
5607	6039
6279	6379
6412	6429
6458	6492
6517	6524
6513	6506
6506	6505
6459	6325
6063	5673
5192	4704
4262	3906
3640	3465
3363	3304
3239	3144
3020	2904
2833	2805
2792	2781
2761	2742
2729	2736
2766	2816
2856	2872
2848	2773
2659	2535
2440	2395
2391	2410
2436	2475
2504	2504
2458	2400
2354	2327
2312	2302
2290	2281
2282	2307
2400	2638
3149	4067
5454	7188
9003	10587
11752	12468
12848	13039
13163	13282
13402	13510
13585	13622
13625	13618
13611	13613
13620	13628
13624	13605
13564	13523
13496	13494
13508	13520
13522	13532
13580	13699
13893	14149
14430	14703
14932	15109
15238	15334
15400	15429
15413	15341
15228	15089
14941	14795
14634	14451
14236	14008
13788	13592
13422	13249
13014	12600
11852	10641
8999	7179
5559	4449
3982	4116
4737	5690
6793	7843
8704	9327
9767	10088
10345	10538
10644	10656
10603	10544
10527	10563
10620	10656
10641	10561
10428	10264
10094	9921
9716	9444
9115	8762
8447	8214
8089	8075
8161	8343
8637	9076
9707	10570
11648	12857
14007	14918
15507	15815
15947	15999
16018	16028
16031	16030
16018	15991
15941	15856
15722	15535
15301	15031
14747	14451
14149	13837
13531	13240
12968	12691
12402	12100
11795	11487
11172	10851
10534	10245
9986	9774
9608	9497
9436	9434
9478	9536
9570	9144
9390	0
6952	4520
4395	4309
4679	5253
5797	6167
6357	6425
6442	6453
6470	6489
6502	6499
6490	6493
6511	6535
6534	6473
6310	6028
5643	5197
4745	4330
3990	3741
3592	3508
3445	3351
3221	3084
2970	2896
2848	2815
2795	2786
2787	2801
2834	2877
2917	2939
2923	2854
2737	2598
2483	2417
2399	2405
2429	2467
2503	2505
2474	2421
2379	2353
2335	2313
2292	2275
2267	2287
2375	2608
3114	4026
5399	7113
8898	10451
11592	12295
12668	12860
12983	13102
13222	13327
13405	13448
13463	13461
13448	13436
13436	13457
13495	13537
13569	13590
13609	13639
13672	13696
13710	13738
13818	13971
14198	14466
14734	14968
15147	15273
15359	15420
15459	15462
15423	15338
15222	15090
14955	14811
14646	14444
14213	13971
13743	13546
13376	13188
12911	12419
11564	10250
8554	6752
5206	4174
3737	3835
4375	5256
6333	7418
8353	9063
9567	9931
10214	10432
10563	10599
10563	10508
10486	10515
10569	10623
10649	10640
10592	10510
10402	10260
10058	9774
9421	9039
8681	8392
8200	8118
8141	8284
8547	8963
9560	10372
11393	12573
13743	14727
15400	15777
15951	16019
16042	16050
16052	16047
16037	16016
15976	15907
15794	15629
15414	15163
14890	14607
14321	14030
13749	13484
13230	12971
12700	12412
12124	11824
11515	11184
10857	10539
10248	9990
9777	9616
9513	9477
9494	9542
9579	9180
9431	0
7088	4756
4650	4583
4943	5473
5955	6267
6420	6473
6482	6482
6481	6478
6472	6463
6461	6473
6506	6545
6574	6560
6474	6294
6011	5646
5227	4794
4400	4086
3872	3746
3664	3568
3436	3278
3129	3010
2924	2866
2838	2835
2844	2860
2889	2925
2958	2979
2973	2920
2816	2685
2568	2489
2452	2442
2453	2482
2516	2521
2493	2443
2403	2372
2347	2317
2288	2262
2251	2273
2365	2606
3120	4041
5412	7101
8834	10325
11408	12075
12428	12609
12737	12863
12988	13099
13182	13237
13267	13278
13272	13261
13258	13284
13348	13437
13528	13604
13665	13717
13766	13807
13849	13921
14047	14242
14488	14753
14991	15177
15300	15377
15421	15447
15455	15426
15360	15259
15142	15017
14895	14755
14588	14380
14146	13905
13687	13499
13328	13124
12791	12205
11220	9789
8043	6288
4859	3949
3577	3670
4155	4962
5985	7060
8035	8804
9365	9772
10079	10316
10474	10539
10531	10491
10467	10482
10527	10580
10633	10671
10684	10657
10584	10456
10256	9974
9619	9229
8851	8525
8287	8154
8138	8246
8480	8858
9398	10140
11099	12242
13439	14498
15266	15726
15945	16033
16062	16070
16070	16067
16056	16036
16002	15945
15852	15711
15518	15287
15027	14754
14476	14201
13941	13700
13473	13237
12984	12716
12440	12153
11845	11519
11180	10847
10528	10237
9979	9774
9631	9557
9547	9575
9609	9241
9492	0
7284	5067
4959	4883
5197	5664
6078	6344
6472	6516
6523	6513
6492	6466
6443	6428
6433	6458
6502	6550
6592	6605
6573	6469
6285	6014
5665	5264
4858	4496
4219	4035
3910	3789
3637	3463
3290	3140
3023	2943
2903	2892
2899	2913
2935	2960
2984	3001
2997	2962
2886	2780
2677	2601
2550	2521
2513	2524
2544	2543
2507	2454
2412	2382
2352	2317
2279	2250
2240	2269
2373	2634
3178	4126
5507	7169
8831	10227
11222	11830
12151	12321
12447	12575
12706	12821
12917	12985
13035	13064
13081	13087
13094	13125
13198	13309
13435	13550
13642	13716
13781	13851
13948	14081
14269	14502
14759	15002
15200	15332
15407	15440
15454	15456
15432	15376
15280	15158
15031	14913
14797	14658
14486	14275
14049	13827
13632	13459
13293	13067
12678	11987
10865	9320
7544	5864
4575	3803
3518	3634
4094	4843
5802	6833
7797	8589
9181	9611
9936	10190
10374	10478
10500	10483
10462	10460
10486	10536
10607	10678
10732	10736
10677	10545
10338	10052
9708	9326
8943	8599
8333	8172
8136	8218
8422	8746
9222	9887
10781	11891
13107	14238
15108	15651
15927	16041
16078	16090
16088	16082
16069	16051
16020	15977
15900	15781
15614	15403
15160	14900
14628	14366
14123	13903
13699	13487
13256	13005
12744	12466
12168	11841
11502	11157
10823	10504
10217	9977
9799	9689
9645	9644
9667	9327
9570	0
7529	5432
5310	5197
5443	5826
6171	6392
6502	6546
6555	6540
6507	6463
6424	6408
6420	6454
6502	6555
6601	6627
6618	6570
6461	6282
6025	5695
5322	4953
4629	4379
4189	4015
3828	3630
3439	3273
3138	3039
2982	2961
2956	2964
2976	2990
3001	3006
3004	2986
2942	2878
2804	2737
2677	2628
2592	2580
2579	2563
2519	2463
2418	2388
2358	2322
2281	2250
2242	2283
2409	2705
3293	4288
5688	7314
8883	10163
11057	11599
11890	12043
12163	12288
12418	12538
12638	12718
12783	12838
12885	12920
12949	12986
13054	13166
13304	13439
13556	13652
13747	13866
14028	14236
14483	14744
14992	15198
15340	15419
15448	15454
15448	15435
15397	15318
15200	15059
14923	14801
14680	14533
14353	14145
13934	13741
13577	13430
13272	13030
12586	11791
10540	8895
7111	5531
4396	3763
3566	3722
4183	4899
5794	6758
7669	8437
9025	9460
9794	10065
10274	10407
10465	10472
10457	10447
10458	10504
10586	10684
10764	10787
10732	10588
10363	10069
9723	9350
8971	8621
8343	8173
8121	8185
8355	8628
9039	9629
10458	11529
12761	13956
14920	15554
15890	16036
16086	16102
16100	16094
16080	16060
16032	15996
15937	15841
15701	15517
15294	15049
14791	14537
14306	14104
13919	13730
13516	13279
13024	12754
12463	12147
11808	11465
11123	10795
10490	10228
10019	9874
9790	9754
9751	9435
9666	0
7808	5833
5684	5517
5678	5968
6243	6423
6518	6559
6571	6555
6520	6470
6429	6413
6427	6464
6512	6564
6611	6639
6642	6615
6557	6451
6285	6043
5742	5400
5063	4756
4492	4250
4015	3789
3585	3406
3257	3144
3072	3033
3016	3010
3014	3018
3019	3015
3012	3008
2995	2965
2923	2869
2802	2729
2669	2628
2604	2573
2522	2467
2427	2406
2382	2344
2299	2267
2265	2321
2480	2827
3481	4532
5944	7511
8961	10110
10909	11404
11679	11830
11938	12054
12177	12294
12393	12478
12555	12632
12706	12770
12816	12863
12921	13018
13147	13291
13430	13560
13705	13888
14121	14392
14677	14942
15163	15318
15405	15434
15425	15406
15385	15362
15318	15233
15106	14955
14811	14678
14541	14382
14193	13991
13802	13642
13513	13395
13246	12994
12500	11610
10250	8534
6774	5307
4323	3819
3703	3899
4373	5070
5919	6809
7644	8348
8899	9317
9653	9934
10164	10323
10413	10441
10443	10438
10449	10496
10585	10696
10790	10828
10778	10631
10389	10078
9725	9352
8976	8631
8354	8181
8117	8159
8289	8513
8857	9379
10142	11169
12393	13637
14688	15416
15825	16010
16080	16101
16106	16101
16089	16066
16041	16008
15962	15886
15775	15619
15426	15202
14959	14714
14489	14296
14127	13952
13751	13520
13273	13011
12732	12425
12098	11758
11419	11088
10780	10507
10277	10098
9974	9896
9862	9564
9772	0
8098	6240
6059	5835
5906	6108
6313	6450
6524	6559
6570	6560
6529	6489
6454	6439
6453	6487
6532	6578
6620	6644
6647	6628
6593	6535
6442	6291
6073	5791
5468	5138
4820	4525
4247	3994
3766	3570
3402	3269
3177	3120
3085	3064
3054	3046
3039	3031
3032	3038
3045	3041
3020	2973
2897	2806
2717	2653
2609	2570
2523	2480
2454	2444
2428	2392
2345	2310
2314	2388
2592	3013
3753	4866
6266	7738
9043	10055
10770	11241
11528	11692
11806	11913
12027	12138
12233	12312
12392	12475
12561	12637
12700	12748
12802	12881
12993	13137
13298	13481
13690	13943
14236	14547
14837	15080
15256	15363
15406	15399
15363	15316
15274	15235
15182	15095
14970	14820
14668	14519
14365	14189
13995	13804
13641	13516
13419	13324
13191	12929
12394	11428
9978	8218
6501	5163
4330	3944
3897	4125
4605	5293
6105	6933
7689	8316
8809	9194
9516	9804
10047	10225
10333	10385
10409	10428
10454	10510
10601	10715
10811	10866
10833	10697
10451	10125
9753	9368
8989	8653
8389	8222
8154	8170
8259	8426
8709	9161
9851	10815
12009	13277
14403	15229
15722	15961
16057	16089
16102	16099
16088	16067
16042	16013
15978	15920
15833	15708
15548	15349
15122	14882
14663	14475
14313	14148
13955	13729
13488	13237
12970	12678
12366	12035
11701	11377
11073	10795
10552	10346
10182	10065
9996	9711
9897	0
8386	6623
6412	6131
6122	6243
6385	6481
6527	6549
6556	6555
6538	6512
6489	6478
6488	6516
6555	6597
6633	6652
6649	6626
6594	6561
6516	6437
6298	6087
5812	5499
5182	4871
4577	4301
4047	3814
3611	3446
3327	3245
3183	3140
3106	3085
3073	3066
3070	3078
3091	3097
3086	3042
2958	2849
2743	2660
2605	2567
2531	2505
2500	2506
2500	2467
2418	2376
2384	2484
2747	3262
4105	5274
6637	7976
9111	9981
10624	11090
11407	11611
11747	11864
11980	12086
12173	12243
12308	12377
12455	12530
12595	12647
12694	12755
12854	12998
13192	13430
13708	14023
14354	14672
14942	15146
15279	15350
15369	15343
15288	15216
15142	15074
15001	14909
14786	14638
14479	14317
14143	13957
13763	13586
13445	13347
13275	13206
13086	12821
12253	11218
9700	7918
6261	5046
4357	4087
4104	4355
4836	5513
6296	7073
7762	8320
8753	9100
9401	9679
9923	10111
10232	10310
10360	10409
10461	10530
10618	10718
10816	10885
10885	10777
10550	10217
9827	9419
9031	8699
8454	8306
8244	8244
8298	8414
8631	9005
9603	10477
11609	12873
14062	14989
15580	15887
16018	16068
16085	16089
16083	16066
16043	16018
15985	15943
15878	15783
15652	15478
15266	15038
14818	14634
14472	14312
14124	13906
13672	13435
13187	12914
12614	12293
11966	11649
11351	11077
10823	10598
10402	10252
10154	9873
10043	0
8649	6955
6712	6384
6308	6366
6453	6509
6528	6535
6538	6541
6537	6528
6516	6512
6520	6542
6575	6614
6645	6660
6650	6622
6586	6560
6540	6509
6430	6286
6077	5827
5561	5289
5015	4736
4456	4183
3936	3727
3569	3446
3351	3267
3204	3158
3133	3123
3124	3123
3127	3132
3121	3080
2997	2884
2770	2679
2620	2584
2564	2562
2575	2594
2599	2569
2513	2466
2477	2613
2955	3582
4532	5742
7037	8220
9173	9904
10477	10935
11289	11539
11721	11868
11999	12108
12189	12245
12286	12330
12382	12446
12506	12556
12599	12654
12746	12904
13131	13418
13751	14104
14447	14747
14982	15145
15243	15296
15304	15277
15204	15108
14997	14893
14797	14691
14568	14422
14257	14081
13890	13697
13506	13347
13229	13151
13098	13045
12936	12669
12072	10985
9411	7613
6005	4899
4340	4182
4272	4556
5039	5700
6452	7191
7830	8339
8731	9041
9314	9570
9799	9985
10119	10221
10302	10380
10455	10535
10616	10705
10796	10878
10913	10850
10656	10337
9931	9495
9089	8760
8534	8416
8374	8378
8416	8494
8648	8935
9427	10185
11219	12448
13680	14706
15402	15790
15967	16038
16064	16076
16074	16062
16042	16022
15994	15962
15912	15841
15735	15583
15389	15171
14961	14778
14617	14454
14268	14055
13836	13616
13386	13129
12841	12528
12209	11899
11606	11334
11082	10842
10628	10449
10330	10050
10207	0
8881	7209
6945	6576
6452	6459
6505	6529
6528	6518
6516	6521
6527	6530
6527	6529
6536	6555
6585	6620
6651	6665
6653	6618
6580	6553
6546	6537
6501	6410
6269	6100
5915	5718
5493	5240
4960	4670
4388	4145
3939	3772
3627	3499
3393	3310
3256	3228
3205	3181
3161	3152
3142	3109
3034	2928
2820	2733
2676	2647
2640	2652
2682	2713
2724	2694
2632	2583
2614	2808
3248	3995
5039	6259
7457	8470
9248	9846
10345	10781
11153	11453
11687	11878
12033	12159
12242	12287
12304	12315
12339	12382
12433	12474
12510	12567
12675	12859
13125	13446
13804	14165
14494	14761
14955	15082
15159	15199
15205	15166
15085	14963
14826	14694
14575	14457
14334	14191
14024	13836
13641	13446
13270	13124
13024	12958
12915	12865
12762	12489
11867	10732
9109	7291
5721	4699
4247	4197
4369	4700
5193	5837
6562	7268
7873	8354
8721	9010
9257	9483
9690	9869
10016	10138
10243	10341
10431	10518
10595	10673
10757	10843
10906	10886
10736	10444
10039	9584
9159	8823
8614	8523
8514	8542
8585	8645
8750	8956
9337	9961
10874	12034
13278	14385
15190	15667
15901	15999
16039	16057
16062	16058
16044	16028
16008	15980
15943	15886
15797	15666
15491	15291
15095	14918
14759	14588
14398	14191
13983	13780
13564	13322
13043	12738
12427	12129
11847	11583
11327	11081
10851	10655
10516	10226
10379	0
9063	7385
7101	6700
6537	6509
6524	6526
6511	6495
6492	6498
6508	6518
6524	6532
6542	6562
6592	6625
6653	6665
6652	6613
6572	6545
6543	6546
6530	6478
6392	6297
6195	6077
5917	5710
5461	5190
4918	4666
4434	4229
4043	3871
3717	3593
3500	3430
3363	3295
3236	3205
3188	3161
3101	3011
2913	2833
2780	2755
2753	2776
2813	2852
2871	2844
2788	2755
2836	3119
3676	4538
5637	6811
7874	8708
9325	9803
10220	10618
10988	11319
11605	11844
12042	12193
12292	12332
12336	12322
12323	12343
12374	12398
12429	12493
12632	12858
13156	13500
13854	14195
14486	14712
14864	14962
15022	15054
15051	15002
14906	14775
14625	14478
14343	14219
14092	13952
13794	13615
13423	13240
13079	12950
12862	12798
12754	12701
12586	12294
11635	10454
8787	6955
5411	4451
4080	4116
4375	4765
5284	5923
6622	7297
7879	8343
8706	8987
9218	9421
9609	9779
9929	10064
10187	10295
10394	10486
10563	10636
10712	10795
10868	10876
10764	10511
10125	9670
9230	8882
8674	8603
8625	8683
8750	8812
8892	9039
9323	9818
10597	11654
12874	14037
14942	15517
15818	15955
16013	16037
16049	16054
16048	16039
16023	16001
15969	15922
15845	15731
15579	15405
15231	15067
14905	14727
14530	14321
14121	13926
13723	13487
13218	12923
12626	12342
12080	11824
11570	11316
11074	10860
10705	10393
10540	0
9194	7486
7185	6759
6567	6510
6508	6501
6482	6467
6465	6474
6489	6503
6514	6525
6540	6561
6591	6623
6652	6664
6651	6611
6569	6538
6535	6544
6541	6504
6452	6405
6365	6307
6209	6053
5857	5645
5425	5205
4990	4776
4569	4371
4185	4026
3895	3775
3657	3534
3429	3358
3319	3289
3234	3153
3064	2986
2933	2907
2904	2922
2961	3005
3031	3021
2997	3024
3195	3602
4283	5218
6297	7350
8232	8885
9355	9725
10074	10425
10781	11124
11443	11733
11980	12178
12306	12366
12365	12340
12319	12315
12318	12326
12347	12430
12597	12861
13184	13528
13858	14161
14406	14588
14705	14779
14824	14850
14838	14784
14691	14558
14404	14250
14105	13971
13843	13714
13571	13407
13233	13072
12937	12836
12756	12696
12639	12567
12420	12076
11348	10099
8395	6579
5081	4179
3864	3967
4295	4748
5304	5953
6639	7291
7853	8308
8671	8956
9191	9389
9567	9728
9875	10011
10134	10251
10359	10456
10541	10612
10679	10750
10810	10824
10741	10527
10178	9740
9294	8930
8715	8646
8683	8767
8854	8932
9010	9129
9348	9738
10382	11321
12476	13659
14647	15327
15711	15897
15979	16019
16038	16050
16055	16050
16038	16019
15989	15948
15886	15790
15662	15514
15362	15212
15050	14869
14661	14451
14254	14068
13872	13644
13382	13098
12816	12547
12298	12052
11799	11542
11291	11065
10891	10548
10681	0
9268	7516
7208	6763
6549	6474
6460	6452
6442	6435
6438	6451
6469	6486
6502	6519
6535	6558
6587	6618
6645	6657
6641	6604
6557	6527
6522	6533
6529	6499
6461	6436
6426	6409
6353	6249
6113	5969
5826	5667
5497	5311
5117	4919
4735	4570
4418	4271
4113	3945
3793	3678
3604	3547
3477	3387
3289	3204
3141	3105
3093	3100
3131	3178
3222	3255
3301	3430
3731	4264
5030	5960
6921	7776
8433	8904
9243	9537
9831	10155
10498	10849
11194	11525
11827	12086
12266	12358
12370	12343
12308	12283
12263	12254
12280	12376
12568	12846
13166	13484
13777	14033
14241	14389
14481	14541
14576	14595
14587	14541
14452	14326
14175	14014
13857	13718
13593	13474
13344	13199
13048	12921
12823	12755
12697	12640
12567	12456
12237	11781
10932	9597
7889	6134
4732	3905
3645	3785
4161	4669
5272	5941
6630	7270
7813	8258
8623	8920
9170	9381
9562	9717
9852	9977
10096	10216
10331	10437
10528	10600
10662	10712
10747	10746
10673	10496
10192	9783
9341	8967
8737	8657
8692	8779
8875	8965
9058	9180
9371	9688
10217	11025
12085	13248
14299	15084
15569	15824
15944	15998
16026	16046
16057	16059
16048	16033
16008	15972
15919	15841
15735	15611
15482	15347
15191	15006
14796	14588
14394	14213
14020	13800
13542	13268
12996	12740
12498	12259
12012	11755
11502	11266
11076	10689
10802	0
9295	7506
7191	6736
6506	6417
6399	6398
6398	6404
6416	6434
6455	6474
6496	6518
6536	6556
6578	6605
6630	6643
6628	6587
6538	6506
6500	6508
6501	6472
6438	6417
6417	6417
6391	6328
6248	6164
6084	5992
5875	5735
5580	5423
5269	5124
4984	4838
4675	4491
4310	4158
4047	3956
3863	3751
3632	3527
3441	3382
3343	3332
3353	3409
3487	3590
3737	3985
4402	5012
5773	6589
7336	7930
8352	8645
8882	9124
9406	9727
10082	10444
10814	11184
11549	11873
12125	12270
12319	12301
12264	12224
12193	12183
12222	12336
12537	12804
13094	13372
13617	13831
14005	14132
14210	14260
14297	14323
14324	14288
14209	14087
13932	13761
13598	13458
13337	13223
13104	12971
12844	12752
12702	12679
12653	12597
12498	12311
11955	11319
10301	8887
7225	5613
4373	3659
3449	3611
4012	4561
5209	5915
6620	7254
7782	8211
8573	8888
9161	9393
9585	9737
9860	9969
10081	10197
10316	10427
10521	10593
10646	10676
10681	10652
10575	10425
10163	9792
9369	8993
8752	8655
8671	8737
8819	8911
9022	9165
9357	9636
10078	10759
11698	12802
13884	14767
15370	15718
15892	15973
16016	16042
16056	16062
16055	16039
16019	15987
15945	15882
15794	15691
15579	15459
15314	15134
14931	14728
14537	14360
14168	13952
13701	13433
13166	12913
12673	12439
12195	11947
11702	11464
11252	10815
10896	0
9291	7471
7155	6695
6455	6358
6338	6346
6360	6378
6397	6417
6441	6466
6491	6515
6536	6550
6567	6583
6608	6617
6605	6562
6513	6478
6470	6472
6463	6431
6394	6374
6378	6384
6376	6344
6302	6262
6226	6178
6106	6012
5908	5796
5687	5581
5476	5359
5220	5057
4883	4722
4590	4479
4369	4245
4109	3972
3846	3744
3666	3632
3646	3717
3844	4023
4267	4602
5066	5644
6277	6870
7341	7660
7854	7998
8153	8376
8673	9029
9422	9827
10235	10655
11079	11480
11816	12040
12145	12165
12141	12107
12080	12087
12147	12287
12496	12749
13006	13241
13438	13606
13744	13847
13917	13965
14010	14050
14063	14036
13959	13827
13659	13480
13315	13181
13066	12962
12847	12727
12627	12575
12575	12596
12597	12541
12383	12063
11495	10620
9421	7973
6440	5057
4033	3461
3308	3477
3883	4457
5146	5894
6621	7259
7772	8187
8544	8871
9166	9419
9623	9778
9892	9992
10094	10205
10319	10425
10516	10583
10625	10635
10611	10552
10464	10326
10099	9766
9371	9011
8769	8663
8651	8683
8738	8818
8939	9103
9309	9575
9954	10518
11317	12318
13389	14358
15091	15562
15819	15943
16005	16035
16055	16062
16053	16038
16019	15995
15963	15912
15837	15748
15651	15544
15413	15249
15056	14860
14673	14491
14301	14085
13840	13580
13321	13067
12825	12592
12358	12122
11888	11652
11420	10932
10979	0
9279	7430
7115	6656
6409	6308
6294	6310
6333	6356
6379	6404
6428	6456
6486	6512
6531	6540
6544	6556
6573	6587
6574	6533
6481	6446
6436	6436
6422	6390
6354	6333
6335	6346
6348	6336
6319	6304
6293	6271
6233	6178
6108	6032
5958	5884
5811	5730
5634	5514
5377	5239
5115	5012
4916	4803
4658	4485
4297	4125
3990	3920
3926	4022
4194	4433
4723	5068
5465	5899
6304	6623
6817	6897
6916	6942
7044	7257
7576	7979
8425	8886
9351	9833
10325	10810
11236	11558
11754	11848
11877	11881
11882	11919
12017	12189
12425	12682
12924	13124
13277	13394
13484	13552
13609	13663
13722	13772
13794	13764
13673	13527
13348	13167
13011	12886
12785	12685
12582	12481
12411	12399
12438	12496
12513	12429
12168	11651
10816	9682
8343	6939
5618	4523
3746	3319
3214	3386
3786	4371
5088	5870
6620	7263
7770	8172
8524	8862
9178	9452
9670	9831
9952	10050
10146	10244
10342	10432
10508	10565
10598	10594
10547	10464
10360	10222
10013	9715
9357	9028
8803	8693
8656	8655
8675	8740
8857	9029
9244	9500
9827	10289
10937	11800
12818	13847
14723	15341
15711	15896
15985	16030
16054	16057
16047	16032
16014	15997
15971	15931
15869	15787
15698	15601
15484	15337
15160	14971
14786	14602
14405	14186
13949	13700
13442	13193
12955	12726
12501	12281
12055	11821
11570	11038
11056	0
9277	7399
7079	6620
6372	6276
6262	6286
6314	6340
6365	6389
6414	6444
6475	6503
6518	6518
6515	6519
6534	6549
6540	6500
6450	6417
6407	6404
6390	6358
6324	6304
6307	6320
6331	6330
6329	6329
6328	6324
6306	6272
6224	6166
6105	6045
5991	5941
5884	5811
5718	5618
5528	5458
5400	5311
5163	4944
4672	4399
4182	4060
4050	4150
4344	4591
4859	5128
5383	5611
5768	5841
5823	5748
5660	5620
5681	5874
6194	6612
7087	7591
8116	8656
9212	9765
10281	10711
11028	11241
11382	11474
11553	11650
11804	12028
12302	12583
12830	13014
13131	13199
13238	13270
13307	13362
13429	13484
13499	13457
13350	13190
13010	12839
12698	12590
12504	12425
12339	12260
12219	12237
12305	12376
12377	12220
11807	11053
9947	8598
7197	5917
4861	4066
3524	3228
3163	3327
3709	4284
5013	5808
6578	7230
7737	8135
8489	8840
9179	9480
9721	9901
10034	10143
10235	10319
10392	10454
10506	10548
10572	10563
10507	10408
10283	10131
9931	9658
9343	9057
8861	8754
8705	8678
8677	8722
8832	8990
9190	9423
9704	10064
10560	11269
12197	13258
14264	15047
15551	15822
15951	16016
16044	16049
16040	16024
16008	15994
15975	15943
15885	15808
15722	15632
15528	15397
15233	15053
14869	14680
14481	14264
14031	13790
13545	13299
13068	12846
12631	12420
12201	11962
11700	11135
11134	0
9294	7377
7054	6589
6342	6249
6245	6275
6303	6328
6349	6370
6397	6426
6455	6482
6492	6487
6476	6477
6490	6507
6502	6469
6425	6394
6385	6382
6369	6339
6309	6293
6299	6313
6328	6333
6340	6347
6357	6362
6358	6335
6293	6235
6176	6121
6077	6044
6016	5973
5914	5845
5788	5759
5742	5678
5521	5240
4866	4477
4160	3969
3920	3997
4159	4360
4549	4697
4798	4842
4825	4741
4622	4489
4373	4311
4342	4495
4770	5142
5585	6078
6609	7167
7744	8333
8903	9422
9867	10238
10547	10800
11018	11236
11488	11787
12110	12421
12677	12855
12950	12983
12985	12986
13010	13059
13122	13168
13168	13108
12989	12828
12658	12507
12397	12318
12257	12196
12136	12082
12060	12087
12156	12206
12147	11866
11262	10274
8954	7493
6131	5038
4250	3715
3364	3169
3129	3276
3620	4163
4868	5657
6434	7100
7623	8035
8406	8780
9151	9488
9762	9969
10126	10251
10347	10420
10467	10501
10522	10547
10566	10559
10503	10398
10254	10087
9884	9640
9370	9132
8962	8864
8803	8764
8753	8789
8878	9006
9165	9355
9574	9840
10202	10754
11579	12636
13748	14692
15347	15718
15907	15996
16035	16045
16035	16018
16004	15993
15977	15947
15893	15817
15734	15648
15551	15432
15280	15108
14928	14741
14539	14322
14095	13864
13630	13395
13170	12956
12746	12536
12322	12081
11809	11218
11200	0
9314	7363
7031	6560
6314	6229
6236	6269
6297	6316
6333	6351
6376	6404
6432	6451
6458	6446
6432	6428
6445	6464
6464	6438
6400	6377
6372	6371
6358	6331
6305	6294
6303	6321
6338	6349
6359	6369
6381	6393
6395	6377
6337	6280
6217	6165
6130	6114
6100	6074
6022	5962
5922	5921
5928	5879
5700	5353
4881	4388
3978	3711
3604	3624
3724	3841
3929	3966
3951	3893
3793	3668
3542	3431
3345	3295
3306	3403
3594	3867
4212	4620
5080	5580
6108	6660
7216	7765
8300	8819
9320	9793
10225	10640
11050	11463
11850	12188
12449	12620
12710	12734
12722	12714
12729	12768
12815	12842
12822	12745
12617	12458
12305	12186
12111	12065
12038	12011
11975	11937
11920	11936
11974	11960
11784	11331
10526	9355
7935	6488
5258	4372
3813	3469
3251	3119
3093	3211
3503	3983
4625	5380
6152	6845
7406	7858
8263	8669
9075	9453
9770	10014
10204	10351
10461	10534
10568	10571
10567	10569
10583	10584
10541	10437
10288	10110
9912	9695
9474	9276
9128	9025
8947	8894
8880	8912
8984	9076
9181	9308
9460	9643
9892	10312
11020	12037
13209	14291
15092	15587
15843	15967
16020	16037
16031	16016
16002	15990
15977	15947
15897	15822
15740	15654
15565	15451
15309	15147
14972	14787
14589	14376
14154	13929
13705	13483
13267	13052
12843	12635
12418	12173
11877	11239
11187	0
9228	7355
7001	6534
6290	6215
6232	6270
6295	6306
6317	6331
6354	6378
6404	6419
6421	6407
6390	6384
6399	6420
6427	6410
6382	6363
6362	6363
6353	6328
6307	6301
6314	6338
6357	6370
6379	6389
6402	6415
6416	6399
6363	6309
6254	6212
6190	6188
6182	6154
6091	6020
5978	5981
5999	5948
5745	5352
4817	4249
3768	3442
3275	3232
3256	3287
3292	3253
3182	3090
2984	2881
2797	2743
2710	2687
2688	2731
2831	2991
3209	3484
3812	4183
4592	5031
5501	6004
6555	7163
7824	8514
9198	9864
10492	11062
11541	11912
12173	12342
12431	12458
12453	12445
12458	12490
12525	12535
12497	12405
12268	12113
11972	11883
11843	11840
11848	11850
11831	11801
11777	11771
11752	11633
11298	10649
9659	8384
6978	5653
4611	3921
3527	3309
3167	3071
3049	3136
3366	3757
4311	4999
5755	6479
7106	7623
8084	8527
8969	9379
9730	10014
10241	10420
10560	10645
10677	10663
10632	10619
10627	10634
10601	10512
10367	10198
10015	9831
9651	9488
9345	9225
9120	9050
9026	9053
9103	9160
9214	9285
9375	9491
9655	9969
10569	11519
12708	13886
14827	15437
15771	15933
16007	16029
16029	16015
16002	15991
15978	15951
15899	15826
15741	15660
15571	15461
15328	15172
15008	14827
14630	14423
14205	13988
13776	13564
13353	13140
12929	12712
12489	12213
11844	11043
10877	0
8646	7346
6912	6514
6271	6204
6229	6270
6293	6300
6305	6319
6339	6360
6381	6393
6389	6372
6352	6345
6362	6386
6398	6385
6365	6350
6354	6358
6352	6329
6311	6309
6328	6354
6374	6388
6396	6406
6414	6422
6420	6407
6374	6330
6289	6259
6255	6262
6263	6223
6145	6050
5997	5994
6012	5956
5739	5319
4751	4149
3633	3265
3054	2959
2926	2900
2852	2775
2682	2589
2503	2435
2404	2405
2417	2420
2418	2423
2456	2528
2637	2780
2966	3191
3452	3753
4096	4505
5005	5625
6373	7228
8132	9040
9896	10643
11234	11655
11927	12090
12177	12210
12214	12213
12228	12260
12287	12284
12237	12135
11989	11833
11703	11631
11622	11649
11689	11711
11705	11676
11647	11612
11527	11287
10784	9952
8827	7516
6192	5034
4174	3639
3354	3202
3102	3030
3006	3064
3235	3538
3999	4613
5341	6098
6796	7391
7912	8393
8857	9289
9665	9982
10241	10456
10625	10732
10769	10750
10708	10679
10681	10691
10670	10594
10466	10314
10157	10004
9858	9713
9568	9419
9284	9189
9152	9169
9205	9233
9252	9278
9323	9393
9505	9745
10254	11126
12296	13534
14580	15298
15707	15907
15995	16026
16028	16016
16002	15992
15980	15951
15899	15826
15742	15661
15572	15469
15338	15191
15030	14859
14668	14461
14247	14036
13831	13630
13423	13212
12996	12775
12534	12195
11649	10451
10027	0
7048	7345
6700	6503
6257	6200
6229	6271
6291	6295
6296	6309
6328	6346
6363	6372
6367	6346
6327	6321
6338	6363
6378	6370
6352	6343
6348	6355
6350	6328
6310	6313
6334	6362
6384	6399
6407	6413
6418	6420
6417	6403
6378	6345
6312	6297
6301	6318
6319	6271
6177	6070
6005	5996
6007	5948
5724	5297
4722	4108
3578	3194
2957	2831
2765	2708
2639	2547
2450	2362
2291	2250
2250	2285
2325	2346
2341	2327
2325	2347
2386	2446
2533	2646
2795	2982
3223	3542
3975	4568
5342	6278
7324	8405
9432	10322
11009	11478
11764	11924
12009	12045
12051	12054
12072	12103
12130	12128
12075	11965
11814	11653
11525	11464
11471	11520
11575	11609
11608	11583
11546	11490
11353	11018
10388	9433
8225	6917
5675	4652
3926	3489
3261	3142
3060	2998
2972	3013
3144	3390
3777	4332
5035	5811
6559	7222
7792	8301
8777	9217
9608	9942
10223	10466
10659	10784
10833	10813
10765	10728
10724	10735
10722	10656
10545	10411
10276	10148
10019	9886
9734	9561
9399	9284
9234	9243
9265	9279
9276	9278
9299	9344
9425	9624
10071	10884
12028	13293
14407	15197
15657	15888
15989	16023
16027	16017
16004	15994
15983	15953
15901	15826
15743	15661
15573	15471
15344	15202
15049	14881
14692	14487
14272	14066
13867	13670
13468	13258
13037	12815
12552	12131
11363	9633
8878	0
