8446	7736
6937	6482
6385	6439
6498	6520
6512	6490
6462	6429
6396	6370
6355	6329
6282	6197
6120	6106
6177	6292
6353	6288
6099	5859
5663	5559
5538	5573
5656	5772
5894	6004
6072	6049
5906	5688
5458	5264
5151	5160
5276	5383
5378	5302
5263	5282
5316	5329
5302	5250
5213	5244
5361	5530
5697	5809
5888	6086
6656	7751
9244	10749
11889	12573
12907	12944
12510	11379
9589	7674
6458	6562
7969	10004
11816	12888
13176	12926
12518	12311
12529	13122
13821	14339
14528	14334
13678	12582
11291	10197
9526	9214
9056	8963
9052	9453
9926	9986
9452	8715
8400	8773
9528	10119
10163	9645
8824	7991
7307	6825
6528	6348
6217	6129
6108	6171
6306	6486
6671	6833
6976	7108
7242	7373
7523	7683
7822	7924
8010	8107
8223	8376
8580	8825
9065	9284
9490	9686
9900	10158
10472	10829
11183	11490
11753	11961
12116	12247
12412	12665
12981	13306
13596	13833
14005	14121
14205	14304
14426	14553
14654	14700
14680	14601
14476	14308
14089	13811
13471	13070
12648	12252
11884	11507
11090	10641
10178	9722
9293	8936
8696	8552
8447	8357
8319	8378
8548	8811
9121	9454
9796	10154
10528	10892
11220	11488
11717	11946
12167	12343
12438	12448
12398	12287
12124	11938
11769	11639
11537	11441
11338	11225
11088	10916
10722	10528
10335	10144
9951	9775
9693	9808
10059	0
8432	7722
6927	6478
6383	6439
6502	6528
6519	6496
6459	6418
6375	6334
6302	6270
6224	6157
6110	6124
6200	6273
6249	6080
5826	5597
5479	5478
5538	5615
5703	5805
5905	5992
6031	5970
5790	5540
5301	5141
5100	5187
5349	5473
5471	5394
5342	5341
5356	5359
5329	5260
5196	5187
5251	5355
5447	5492
5512	5633
6088	7084
8581	10229
11581	12426
12824	12891
12571	11681
10211	8608
7619	7798
9066	10770
12205	12994
13147	12870
12478	12312
12556	13124
13751	14175
14227	13812
12903	11720
10687	10089
9857	9710
9475	9263
9346	9743
10013	9690
8890	8256
8354	9105
9926	10261
10002	9411
8830	8392
8057	7781
7551	7295
6940	6515
6156	5983
6015	6179
6399	6613
6805	6977
7126	7249
7368	7506
7645	7761
7864	7971
8091	8240
8424	8635
8862	9095
9322	9528
9707	9896
10146	10458
10798	11136
11464	11774
12045	12288
12542	12829
13133	13423
13680	13896
14054	14159
14236	14322
14431	14543
14626	14655
14616	14520
14374	14184
13939	13636
13270	12847
12415	12011
11636	11253
10824	10370
9918	9493
9112	8803
8604	8496
8440	8408
8425	8532
8739	9028
9354	9694
10047	10405
10778	11143
11467	11724
11930	12117
12294	12432
12495	12484
12420	12298
12119	11914
11733	11606
11514	11420
11303	11176
11035	10868
10677	10475
10277	10074
9872	9692
9617	9754
10033	0
8412	7703
6913	6472
6384	6440
6505	6534
6529	6501
6461	6406
6343	6282
6233	6203
6175	6148
6141	6172
6217	6200
6053	5791
5514	5342
5323	5419
5548	5658
5738	5809
5867	5911
5906	5809
5603	5349
5129	5023
5062	5223
5419	5534
5532	5462
5403	5373
5353	5329
5284	5205
5123	5076
5079	5114
5137	5140
5132	5198
5530	6377
7823	9596
11199	12264
12760	12857
12651	12055
11032	9884
9210	9426
10429	11682
12651	13112
13104	12806
12485	12430
12746	13298
13826	14101
13943	13227
12049	10887
10277	10267
10394	10225
9795	9509
9670	10040
9999	9268
8309	7892
8370	9313
9964	9923
9409	8893
8664	8675
8744	8777
8725	8468
7895	7093
6340	5867
5720	5806
6009	6248
6485	6707
6888	7024
7147	7290
7451	7589
7702	7811
7935	8070
8227	8406
8617	8872
9134	9351
9493	9599
9756	9998
10303	10651
11042	11450
11844	12224
12610	12980
13295	13557
13786	13982
14128	14218
14281	14355
14452	14550
14615	14618
14553	14426
14243	14010
13719	13379
12980	12538
12087	11670
11280	10876
10437	9985
9565	9205
8904	8669
8520	8465
8473	8521
8622	8800
9056	9361
9694	10028
10371	10720
11073	11427
11745	11992
12172	12315
12440	12526
12555	12521
12446	12316
12126	11900
11702	11570
11486	11390
11258	11110
10958	10786
10592	10385
10177	9959
9741	9555
9492	9661
9983	0
8385	7680
6902	6476
6387	6439
6503	6530
6525	6501
6464	6406
6328	6244
6180	6160
6169	6190
6212	6220
6177	6031
5784	5500
5281	5203
5271	5420
5569	5670
5726	5750
5752	5732
5673	5549
5362	5156
5003	4967
5068	5261
5447	5548
5547	5486
5419	5350
5279	5209
5134	5047
4956	4894
4864	4854
4853	4861
4885	4947
5184	5848
7141	8936
10746	12055
12696	12849
12732	12401
11833	11188
10825	11003
11646	12414
12958	13138
13002	12725
12555	12694
13127	13650
14033	14090
13659	12657
11352	10399
10272	10680
10880	10502
9917	9745
10106	10426
10063	9044
8080	7892
8526	9330
9617	9284
8763	8474
8517	8760
9050	9307
9425	9203
8532	7568
6655	6029
5706	5604
5659	5825
6045	6283
6504	6694
6876	7076
7272	7423
7529	7625
7731	7842
7967	8135
8360	8648
8954	9208
9347	9397
9455	9599
9834	10150
10556	11016
11496	11995
12521	13017
13404	13680
13899	14080
14214	14289
14336	14393
14476	14557
14598	14571
14473	14310
14078	13785
13437	13050
12624	12167
11701	11265
10851	10430
9987	9554
9187	8911
8710	8568
8492	8502
8585	8727
8920	9166
9462	9778
10092	10407
10720	11036
11355	11682
11987	12227
12390	12499
12566	12597
12586	12534
12452	12328
12141	11905
11688	11544
11457	11354
11209	11039
10858	10665
10453	10239
10021	9791
9562	9373
9322	9530
9908	0
8359	7665
6905	6491
6401	6440
6488	6505
6499	6486
6468	6421
6341	6244
6176	6168
6213	6269
6278	6207
6026	5774
5510	5297
5186	5200
5312	5462
5579	5636
5641	5610
5548	5462
5356	5233
5109	5006
4960	4999
5129	5308
5463	5541
5542	5487
5394	5274
5146	5025
4923	4821
4732	4662
4623	4616
4634	4690
4774	4867
5043	5516
6572	8260
10181	11727
12574	12832
12786	12634
12422	12197
12077	12173
12465	12801
13008	12987
12791	12608
12655	13019
13564	14024
14199	13963
13221	12036
10842	10270
10519	11019
11019	10441
9944	10109
10724	10974
10343	9179
8325	8325
8932	9434
9382	8950
8566	8434
8498	8657
8878	9121
9224	8994
8421	7712
7102	6643
6233	5854
5606	5551
5654	5841
6066	6314
6589	6865
7097	7243
7319	7390
7466	7543
7645	7821
8080	8408
8759	9063
9247	9307
9306	9343
9467	9708
10079	10536
11037	11608
12252	12877
13383	13736
13989	14177
14300	14354
14377	14413
14472	14528
14539	14482
14350	14147
13866	13513
13109	12679
12234	11763
11290	10839
10408	9978
9546	9155
8861	8670
8570	8525
8534	8626
8798	9023
9288	9589
9909	10224
10521	10803
11082	11351
11625	11909
12184	12407
12556	12637
12661	12635
12571	12493
12406	12296
12134	11912
11684	11521
11417	11308
11154	10960
10738	10498
10258	10035
9813	9584
9357	9176
9149	9397
9823	0
8329	7655
6921	6523
6430	6450
6469	6469
6454	6455
6464	6445
6376	6287
6226	6228
6286	6324
6259	6053
5762	5478
5291	5211
5215	5283
5396	5503
5546	5527
5466	5381
5272	5148
5033	4949
4910	4923
4983	5086
5226	5372
5486	5539
5527	5455
5323	5153
4976	4829
4710	4608
4516	4447
4410	4425
4498	4617
4756	4886
5013	5311
6098	7578
9502	11248
12339	12752
12778	12709
12693	12721
12755	12793
12846	12878
12831	12679
12508	12495
12782	13328
13900	14232
14157	13594
12566	11353
10484	10352
10777	11060
10742	10133
9981	10579
11355	11458
10621	9458
8839	9080
9683	9936
9651	9147
8763	8561
8458	8414
8425	8423
8302	8060
7820	7721
7731	7629
7226	6604
6035	5713
5626	5674
5817	6049
6347	6650
6885	7019
7086	7138
7194	7247
7336	7521
7807	8149
8507	8841
9085	9198
9198	9166
9193	9352
9666	10084
10565	11140
11827	12542
13169	13646
13981	14207
14334	14382
14392	14407
14431	14445
14420	14327
14163	13922
13602	13201
12755	12299
11838	11364
10885	10426
9990	9567
9167	8842
8622	8519
8507	8555
8665	8845
9093	9379
9691	10016
10351	10665
10950	11211
11454	11684
11908	12142
12370	12559
12686	12739
12723	12641
12525	12406
12309	12216
12089	11890
11661	11474
11351	11233
11071	10852
10583	10294
10029	9801
9594	9378
9165	9008
9013	9294
9750	0
8301	7650
6945	6566
6468	6461
6454	6433
6413	6417
6444	6442
6404	6347
6312	6319
6344	6301
6107	5782
5443	5230
5177	5231
5312	5390
5462	5496
5448	5339
5211	5085
4962	4853
4784	4767
4808	4897
5016	5150
5280	5398
5482	5506
5469	5364
5197	5001
4811	4665
4558	4475
4396	4331
4306	4345
4456	4620
4787	4918
5001	5155
5693	6922
8754	10642
11994	12616
12731	12690
12708	12802
12885	12909
12859	12732
12542	12348
12284	12489
12985	13600
14080	14208
13859	12997
11797	10717
10258	10475
10849	10776
10227	9802
10100	10999
11717	11549
10566	9562
9350	9951
10623	10691
10153	9433
8883	8577
8430	8311
8090	7722
7329	7157
7373	7885
8379	8516
8170	7521
6909	6516
6306	6181
6126	6173
6316	6505
6676	6795
6863	6918
6977	7036
7127	7297
7564	7877
8200	8517
8790	8957
9000	8967
8963	9089
9368	9746
10177	10692
11327	12046
12752	13355
13813	14124
14301	14381
14403	14393
14365	14321
14251	14123
13925	13650
13298	12865
12392	11919
11452	10975
10495	10041
9614	9221
8887	8643
8513	8494
8560	8697
8898	9158
9454	9768
10092	10429
10764	11081
11365	11616
11839	12034
12208	12385
12554	12695
12786	12809
12757	12633
12473	12319
12197	12102
11987	11810
11584	11385
11237	11101
10922	10678
10374	10061
9788	9572
9383	9193
9012	8888
8921	9228
9692	0
8269	7642
6966	6606
6501	6472
6442	6408
6384	6380
6397	6406
6403	6401
6400	6399
6340	6165
5841	5457
5174	5090
5174	5311
5417	5467
5474	5417
5282	5095
4914	4774
4685	4643
4652	4705
4793	4898
5012	5119
5213	5301
5365	5389
5341	5218
5046	4855
4688	4566
4489	4437
4395	4363
4353	4394
4504	4662
4817	4911
4932	4973
5301	6272
7952	9925
11552	12457
12717	12679
12628	12654
12702	12702
12620	12451
12240	12105
12198	12590
13178	13734
14026	13908
13304	12251
11047	10220
10113	10467
10631	10269
9720	9651
10317	11250
11658	11146
10119	9472
9779	10709
11357	11150
10270	9312
8743	8640
8731	8639
8143	7396
6834	6844
7418	8186
8726	8834
8597	8265
8046	7955
7849	7617
7302	7005
6796	6678
6652	6672
6698	6741
6814	6901
7001	7141
7349	7606
7893	8182
8442	8618
8694	8704
8753	8926
9225	9574
9934	10338
10856	11486
12180	12868
13463	13917
14212	14374
14430	14390
14296	14188
14064	13899
13666	13360
12976	12523
12029	11547
11071	10592
10118	9678
9288	8955
8709	8573
8549	8610
8751	8968
9243	9550
9869	10180
10500	10833
11168	11484
11768	12017
12217	12378
12511	12629
12735	12824
12867	12846
12759	12616
12439	12261
12105	11978
11844	11662
11440	11240
11075	10908
10693	10421
10106	9800
9541	9345
9178	9022
8871	8777
8841	9170
9638	0
8241	7632
6977	6628
6520	6475
6432	6399
6372	6349
6339	6345
6382	6432
6459	6411
6240	5927
5535	5195
5037	5083
5245	5402
5484	5482
5405	5261
5058	4827
4628	4509
4484	4530
4617	4718
4814	4893
4954	4997
5031	5080
5151	5209
5197	5097
4934	4763
4623	4541
4506	4501
4507	4514
4516	4539
4600	4693
4775	4802
4761	4714
4886	5619
7106	9113
11012	12254
12726	12719
12584	12497
12463	12425
12327	12159
11994	11952
12145	12579
13106	13492
13573	13252
12502	11432
10413	9911
10030	10310
10200	9709
9388	9692
10514	11211
11173	10372
9488	9362
10172	11235
11626	11008
9821	8860
8639	9030
9420	9233
8406	7422
6920	7162
7859	8480
8726	8683
8646	8850
9287	9742
9931	9734
9235	8608
7982	7447
7067	6836
6695	6630
6657	6751
6859	6974
7123	7341
7622	7912
8153	8305
8383	8449
8590	8861
9217	9564
9854	10132
10483	10956
11555	12239
12941	13565
14042	14339
14444	14384
14233	14061
13886	13674
13407	13069
12661	12179
11662	11157
10673	10197
9743	9338
9009	8766
8635	8623
8701	8850
9060	9337
9666	10003
10320	10621
10929	11252
11579	11887
12161	12388
12560	12683
12779	12846
12900	12933
12922	12853
12733	12585
12413	12230
12043	11862
11675	11465
11243	11044
10862	10651
10394	10107
9809	9525
9291	9110
8965	8831
8713	8651
8746	9099
9585	0
8221	7614
6964	6619
6507	6459
6418	6393
6368	6329
6293	6300
6366	6445
6457	6330
6043	5650
5279	5063
5051	5185
5356	5471
5484	5409
5254	5046
4808	4574
4392	4322
4373	4499
4634	4741
4812	4847
4852	4827
4802	4824
4920	5039
5095	5031
4881	4721
4615	4579
4591	4628
4668	4688
4679	4656
4640	4643
4637	4590
4496	4400
4469	5001
6271	8236
10358	11947
12688	12773
12587	12410
12319	12256
12148	11997
11866	11842
11988	12281
12603	12782
12701	12304
11588	10716
10055	9908
10128	10206
9830	9315
9230	9740
10474	10807
10378	9476
8946	9416
10607	11580
11555	10536
9242	8572
8890	9700
10110	9631
8553	7635
7439	7901
8499	8775
8700	8601
8836	9538
10513	11395
11853	11780
11285	10536
9665	8794
8049	7472
7038	6730
6574	6563
6645	6746
6883	7095
7389	7696
7937	8071
8154	8265
8488	8840
9258	9633
9894	10079
10269	10554
10982	11574
12304	13069
13739	14194
14377	14336
14164	13947
13714	13453
13149	12787
12346	11829
11282	10754
10260	9800
9389	9056
8817	8685
8670	8770
8946	9172
9441	9764
10117	10469
10788	11082
11375	11678
11982	12269
12512	12706
12838	12920
12976	13013
13029	13014
12950	12823
12667	12520
12368	12194
11983	11743
11493	11240
11002	10792
10585	10335
10049	9768
9506	9266
9059	8891
8753	8635
8541	8508
8640	9028
9544	0
8214	7595
6932	6577
6464	6424
6393	6377
6357	6315
6280	6305
6385	6445
6386	6156
5790	5401
5135	5069
5169	5330
5449	5476
5404	5248
5028	4789
4565	4365
4232	4218
4333	4504
4652	4736
4761	4756
4724	4662
4604	4623
4746	4921
5021	4982
4834	4692
4629	4636
4682	4735
4769	4763
4711	4633
4559	4499
4438	4352
4236	4127
4137	4502
5541	7365
9596	11490
12543	12801
12644	12425
12290	12218
12133	12010
11879	11791
11779	11846
11930	11940
11799	11467
10954	10428
10179	10314
10531	10375
9784	9222
9172	9621
10118	10139
9520	8760
8727	9733
11116	11844
11397	10128
8963	8729
9457	10323
10436	9646
8593	8056
8258	8788
9107	9049
8865	8926
9469	10448
11576	12501
12981	12986
12609	11967
11126	10193
9299	8519
7830	7215
6744	6490
6446	6524
6663	6875
7163	7467
7711	7868
7980	8135
8400	8794
9256	9678
9968	10122
10216	10338
10580	11011
11666	12474
13276	13880
14186	14217
14069	13825
13532	13217
12877	12491
12020	11474
10900	10353
9861	9431
9097	8875
8759	8737
8821	9001
9259	9555
9871	10208
10564	10919
11248	11542
11813	12085
12353	12598
12804	12955
13043	13087
13109	13113
13093	13037
12925	12752
12563	12410
12278	12116
11883	11595
11284	10989
10721	10485
10243	9966
9684	9437
9229	9044
8871	8718
8582	8473
8397	8393
8560	8982
9525	0
8211	7575
6888	6518
6405	6373
6361	6355
6335	6309
6311	6373
6453	6441
6258	5928
5544	5237
5109	5163
5312	5434
5467	5395
5233	5009
4763	4543
4367	4230
4154	4186
4331	4507
4631	4673
4659	4634
4598	4530
4466	4484
4624	4820
4929	4886
4754	4645
4618	4651
4694	4720
4714	4672
4591	4486
4389	4316
4257	4176
4071	3966
3943	4176
4970	6557
8750	10871
12285	12827
12787	12562
12373	12265
12188	12091
11949	11778
11619	11509
11433	11351
11242	11071
10851	10688
10744	10979
11074	10732
10031	9400
9208	9424
9655	9488
8907	8506
8990	10333
11644	11993
11174	9842
8987	9175
10045	10656
10391	9515
8794	8729
9131	9452
9414	9201
9198	9621
10440	11432
12322	12902
13121	13033
12728	12244
11604	10875
10162	9499
8810	8033
7265	6695
6427	6401
6509	6696
6943	7210
7442	7619
7767	7960
8257	8669
9161	9631
9974	10159
10231	10280
10388	10649
11150	11885
12711	13414
13857	14005
13917	13667
13327	12957
12580	12167
11670	11103
10523	9985
9517	9149
8916	8824
8836	8925
9090	9337
9653	9991
10327	10658
10997	11347
11682	11971
12222	12452
12672	12870
13035	13147
13203	13214
13195	13149
13077	12978
12829	12630
12429	12277
12151	11983
11725	11393
11038	10701
10403	10130
9866	9587
9331	9129
8984	8863
8739	8606
8477	8372
8311	8334
8524	8968
9528	0
8214	7560
6853	6472
6360	6339
6333	6327
6314	6316
6377	6486
6535	6411
6100	5707
5367	5178
5164	5271
5394	5434
5363	5197
4973	4730
4506	4343
4235	4164
4145	4203
4334	4474
4547	4552
4525	4512
4501	4454
4391	4395
4524	4707
4803	4761
4652	4573
4557	4570
4573	4553
4518	4476
4412	4325
4234	4168
4134	4091
4016	3922
3870	3992
4544	5833
7866	10138
11927	12838
13010	12817
12560	12358
12234	12121
11945	11702
11468	11274
11110	10979
10915	10926
10992	11101
11266	11397
11303	10881
10252	9694
9433	9431
9412	9136
8766	8857
9766	11131
12058	11894
10775	9542
9087	9596
10403	10677
10212	9537
9252	9435
9681	9630
9384	9329
9723	10500
11408	12164
12581	12637
12428	12093
11713	11305
10859	10433
10089	9805
9420	8789
7952	7155
6618	6396
6410	6553
6755	6973
7170	7331
7488	7704
8028	8469
8985	9475
9847	10074
10190	10248
10310	10454
10797	11379
12126	12854
13393	13660
13658	13440
13080	12669
12248	11800
11285	10716
10161	9666
9266	8990
8873	8904
9035	9221
9459	9766
10114	10469
10795	11101
11418	11756
12087	12365
12587	12776
12948	13106
13231	13316
13348	13321
13241	13124
12985	12838
12668	12469
12279	12129
11990	11785
11487	11113
10722	10359
10041	9756
9486	9227
9005	8848
8751	8687
8621	8524
8414	8323
8284	8324
8526	8972
9534	0
8215	7555
6837	6448
6335	6316
6314	6310
6309	6355
6473	6592
6572	6329
5928	5533
5271	5190
5238	5331
5370	5300
5126	4891
4647	4434
4282	4194
4156	4148
4167	4230
4323	4395
4414	4392
4376	4395
4422	4405
4347	4327
4417	4570
4661	4638
4559	4487
4439	4406
4373	4335
4307	4296
4277	4224
4150	4094
4076	4071
4031	3945
3863	3891
4241	5234
7054	9388
11502	12784
13205	13101
12801	12496
12258	12045
11782	11489
11238	11034
10825	10635
10570	10705
10966	11203
11309	11236
10999	10652
10305	10056
9930	9819
9578	9249
9176	9721
10825	11882
12188	11483
10208	9234
9187	9878
10521	10554
10137	9800
9798	9889
9769	9473
9360	9704
10464	11345
12047	12365
12245	11787
11184	10598
10110	9721
9410	9207
9158	9244
9286	9057
8470	7662
6918	6477
6356	6451
6631	6816
6970	7091
7222	7433
7778	8247
8760	9226
9585	9831
9995	10105
10189	10305
10546	10989
11605	12269
12826	13162
13255	13107
12773	12343
11885	11403
10883	10341
9843	9432
9138	8984
8990	9128
9350	9616
9912	10253
10616	10963
11267	11544
11831	12149
12459	12717
12907	13058
13192	13312
13399	13446
13444	13373
13230	13044
12852	12669
12481	12283
12107	11950
11769	11513
11167	10755
10343	9971
9652	9380
9138	8916
8728	8595
8530	8512
8497	8448
8371	8302
8285	8345
8551	8985
9540	0
8216	7553
6831	6439
6325	6305
6301	6306
6338	6434
6570	6639
6514	6178
5758	5419
5246	5225
5274	5294
5219	5044
4795	4524
4297	4152
4087	4078
4092	4121
4166	4224
4273	4284
4259	4233
4240	4281
4331	4340
4300	4269
4319	4439
4535	4543
4479	4383
4296	4240
4217	4217
4225	4233
4216	4172
4112	4068
4068	4082
4060	3979
3876	3845
4049	4807
6429	8765
11077	12638
13285	13304
13023	12642
12262	11883
11478	11121
10896	10755
10574	10360
10278	10450
10769	10996
10977	10761
10522	10399
10426	10542
10610	10461
10099	9812
10001	10772
11734	12254
11927	10871
9713	9161
9458	10168
10614	10560
10326	10259
10282	10097
9698	9456
9693	10391
11241	11908
12170	11964
11368	10568
9783	9153
8710	8418
8215	8090
8104	8288
8579	8768
8607	8007
7207	6587
6350	6402
6572	6740
6866	6953
7050	7241
7578	8035
8513	8919
9232	9462
9640	9786
9925	10080
10317	10688
11188	11732
12220	12567
12726	12666
12396	11980
11507	11014
10503	10010
9599	9307
9154	9143
9270	9505
9800	10110
10428	10765
11115	11449
11737	11984
12231	12509
12790	13018
13181	13296
13392	13471
13516	13515
13461	13338
13150	12927
12709	12508
12301	12092
11897	11701
11464	11145
10754	10328
9917	9557
9262	9033
8840	8665
8505	8385
8336	8349
8374	8370
8328	8296
8305	8384
8592	9014
9554	0
8217	7549
6827	6433
6320	6303
6312	6341
6422	6550
6648	6601
6355	5974
5607	5356
5249	5234
5227	5138
4953	4695
4413	4155
3982	3919
3937	3979
4023	4065
4116	4164
4175	4152
4115	4106
4132	4176
4217	4236
4224	4215
4246	4334
4441	4482
4427	4307
4204	4175
4213	4270
4299	4268
4206	4136
4090	4079
4096	4109
4082	4002
3900	3843
3967	4569
6029	8309
10713	12439
13255	13407
13192	12793
12295	11716
11116	10659
10464	10428
10345	10165
10062	10201
10484	10667
10633	10483
10422	10563
10846	11124
11215	11014
10644	10454
10753	11451
12057	12072
11383	10364
9624	9557
10059	10642
10907	10870
10812	10836
10715	10304
9883	9876
10385	11144
11787	12037
11788	11123
10255	9418
8765	8338
8098	7970
7876	7763
7654	7646
7850	8206
8404	8122
7422	6731
6392	6388
6542	6707
6833	6918
6998	7149
7433	7828
8243	8593
8860	9059
9211	9359
9532	9756
10053	10438
10874	11296
11662	11952
12140	12166
11976	11606
11144	10664
10196	9783
9480	9320
9313	9444
9693	10012
10355	10679
10988	11293
11613	11928
12202	12420
12618	12840
13077	13267
13393	13474
13533	13570
13565	13507
13396	13236
13028	12793
12564	12349
12123	11880
11632	11368
11064	10699
10290	9876
9494	9170
8921	8746
8616	8488
8360	8250
8199	8223
8276	8301
8295	8291
8332	8435
8652	9065
9582	0
8220	7546
6815	6417
6313	6313
6352	6435
6565	6686
6687	6492
6143	5775
5498	5334
5251	5193
5089	4886
4605	4305
4039	3838
3739	3752
3826	3895
3938	3977
4020	4051
4047	4020
4005	4023
4059	4084
4097	4110
4134	4152
4187	4269
4384	4455
4416	4310
4234	4250
4332	4406
4404	4321
4201	4115
4097	4127
4156	4153
4106	4019
3935	3890
3974	4471
5792	7990
10420	12258
13205	13473
13339	12966
12402	11654
10843	10229
10015	10070
10093	9949
9797	9818
9993	10168
10289	10425
10674	11030
11374	11556
11489	11197
10837	10688
10908	11360
11638	11426
10796	10171
9979	10286
10795	11170
11307	11326
11360	11329
11048	10587
10314	10512
11075	11648
11924	11717
11047	10157
9345	8769
8421	8219
8121	8110
8138	8101
7923	7660
7540	7739
8075	8080
7574	6898
6475	6394
6507	6666
6806	6906
6986	7095
7295	7598
7950	8276
8533	8711
8828	8947
9121	9386
9751	10190
10620	10966
11217	11418
11593	11673
11558	11249
10828	10393
9999	9689
9505	9477
9602	9859
10207	10591
10958	11281
11563	11836
12122	12409
12652	12832
12981	13146
13322	13465
13547	13587
13608	13606
13555	13447
13292	13103
12887	12649
12401	12161
11902	11613
11293	10953
10594	10208
9816	9442
9114	8850
8665	8551
8481	8403
8302	8201
8150	8170
8227	8267
8285	8313
8377	8501
8724	9133
9627	0
8224	7536
6787	6380
6294	6342
6447	6606
6774	6842
6699	6357
5951	5623
5431	5314
5212	5081
4871	4575
4239	3935
3715	3593
3575	3647
3749	3818
3849	3872
3900	3915
3913	3912
3935	3977
4009	4004
3990	3998
4040	4084
4132	4219
4352	4454
4460	4400
4360	4388
4445	4467
4418	4306
4188	4131
4157	4226
4259	4227
4145	4060
3994	3959
4021	4441
5641	7741
10175	12118
13185	13540
13463	13121
12546	11721
10746	9963
9662	9757
9882	9808
9618	9475
9433	9495
9705	10091
10621	11147
11505	11584
11404	11072
10723	10496
10486	10623
10683	10508
10218	10106
10342	10783
11147	11317
11383	11465
11534	11430
11078	10677
10563	10864
11356	11700
11629	11075
10220	9421
8913	8651
8457	8241
8066	8073
8263	8471
8456	8133
7712	7592
7846	8025
7720	7089
6590	6418
6474	6612
6745	6848
6920	6995
7121	7348
7653	7980
8260	8451
8563	8659
8807	9058
9446	9924
10377	10697
10880	11014
11155	11250
11186	10935
10572	10209
9919	9734
9676	9765
9993	10334
10748	11165
11541	11851
12112	12359
12620	12866
13071	13211
13313	13422
13535	13619
13652	13650
13627	13582
13499	13352
13159	12949
12726	12480
12204	11911
11608	11269
10890	10487
10091	9715
9369	9068
8817	8630
8515	8466
8447	8413
8345	8263
8214	8222
8266	8307
8338	8383
8463	8589
8812	9205
9678	0
8235	7528
6745	6329
6266	6388
6601	6854
7040	7008
6708	6254
5827	5543
5380	5252
5092	4873
4583	4234
3885	3614
3460	3415
3466	3571
3671	3726
3748	3763
3780	3792
3806	3845
3908	3962
3974	3948
3925	3927
3968	4015
4068	4168
4323	4463
4527	4512
4476	4457
4435	4383
4310	4230
4176	4183
4260	4350
4380	4324
4225	4145
4091	4050
4074	4416
5503	7507
9945	11987
13166	13576
13508	13171
12619	11798
10765	9856
9435	9502
9732	9835
9766	9562
9276	9033
9017	9314
9860	10456
10900	11094
11079	10923
10666	10338
10022	9800
9662	9582
9617	9866
10284	10657
10834	10868
10928	11069
11164	11040
10699	10387
10389	10746
11191	11361
11044	10336
9593	9112
8887	8681
8300	7793
7412	7411
7832	8426
8795	8660
8135	7737
7821	8063
7908	7329
6753	6478
6467	6564
6658	6725
6770	6830
6931	7115
7383	7700
8012	8249
8399	8502
8623	8831
9182	9648
10105	10430
10608	10727
10848	10938
10893	10689
10396	10123
9950	9900
9972	10155
10451	10835
11268	11687
12052	12346
12583	12809
13039	13258
13428	13528
13587	13645
13704	13736
13716	13664
13596	13507
13384	13207
12987	12755
12515	12248
11937	11598
11244	10859
10443	10010
9605	9263
8999	8789
8632	8529
8484	8482
8500	8504
8473	8423
8384	8381
8405	8435
8470	8521
8599	8716
8921	9290
9737	0
8248	7525
6717	6286
6254	6466
6802	7146
7317	7160
6719	6194
5773	5503
5314	5118
4867	4577
4244	3900
3590	3371
3274	3287
3375	3481
3562	3604
3624	3642
3664	3693
3748	3839
3932	3985
3975	3939
3908	3903
3924	3959
4017	4132
4306	4482
4574	4560
4482	4389
4298	4214
4158	4143
4173	4246
4349	4437
4461	4410
4330	4263
4202	4135
4106	4374
5355	7264
9701	11836
13114	13555
13459	13081
12515	11722
10715	9769
9242	9205
9452	9756
9976	9976
9690	9229
8850	8747
8949	9336
9758	10147
10486	10719
10724	10435
9949	9464
9171	9128
9311	9645
9975	10158
10189	10206
10330	10521
10603	10460
10174	10004
10163	10589
10953	10907
10397	9735
9307	9164
9002	8522
7703	6813
6253	6321
7028	8032
8835	9004
8534	7990
7934	8199
8165	7642
7003	6605
6489	6514
6553	6571
6595	6651
6765	6941
7167	7448
7757	8041
8256	8406
8531	8696
8976	9380
9805	10144
10360	10516
10662	10752
10714	10546
10320	10141
10081	10157
10340	10601
10932	11328
11747	12145
12485	12755
12968	13162
13358	13553
13700	13767
13781	13793
13807	13793
13728	13625
13505	13370
13206	12995
12749	12494
12235	11939
11592	11210
10818	10411
9984	9551
9181	8914
8750	8652
8589	8549
8546	8574
8610	8637
8642	8627
8611	8605
8614	8634
8666	8713
8781	8873
9051	9392
9801	0
8267	7543
6728	6289
6290	6594
7035	7429
7536	7251
6706	6157
5749	5460
5196	4892
4559	4224
3903	3605
3368	3221
3176	3210
3289	3368
3429	3465
3485	3510
3550	3618
3727	3870
3988	4035
4007	3959
3925	3905
3909	3939
4012	4138
4310	4473
4545	4489
4355	4218
4115	4058
4045	4083
4166	4273
4374	4438
4463	4455
4423	4368
4292	4191
4125	4329
5216	7032
9446	11652
13026	13496
13352	12891
12260	11444
10475	9597
9069	8919
9021	9324
9764	10143
10229	9969
9522	9100
8827	8733
8824	9125
9625	10176
10547	10567
10268	9868
9593	9534
9632	9750
9776	9708
9658	9751
9982	10187
10204	10038
9883	9976
10362	10803
10925	10528
9842	9349
9284	9367
9090	8221
6968	5801
5185	5392
6348	7658
8753	9140
8757	8180
8087	8412
8508	8066
7370	6817
6540	6456
6438	6437
6459	6531
6658	6826
7016	7240
7519	7821
8093	8306
8468	8618
8835	9154
9527	9867
10135	10362
10561	10681
10663	10534
10370	10272
10296	10460
10720	11030
11378	11762
12152	12520
12830	13074
13260	13421
13587	13756
13883	13920
13895	13863
13835	13782
13676	13530
13361	13185
12978	12732
12458	12177
11883	11551
11171	10766
10359	9955
9547	9170
8872	8703
8649	8653
8662	8668
8682	8708
8745	8780
8810	8823
8834	8838
8847	8864
8888	8923
8968	9035
9183	9491
9852	0
8285	7579
6780	6357
6408	6788
7292	7657
7652	7243
6641	6099
5700	5368
5009	4606
4216	3879
3601	3381
3229	3156
3146	3176
3214	3251
3291	3323
3346	3370
3435	3543
3700	3878
4014	4055
4019	3967
3935	3917
3925	3976
4068	4185
4318	4411
4411	4305
4146	4012
3951	3948
3973	4033
4129	4237
4320	4364
4407	4454
4467	4418
4322	4208
4138	4315
5135	6868
9237	11471
12911	13413
13231	12689
11974	11087
10124	9384
9037	8905
8795	8819
9158	9755
10325	10606
10532	10196
9723	9224
8816	8640
8805	9281
9888	10377
10618	10651
10590	10492
10325	10036
9666	9355
9281	9481
9801	10001
9986	9891
9976	10364
10914	11236
10968	10154
9330	9046
9317	9562
9190	8095
6641	5389
4822	5150
6235	7627
8756	9152
8788	8261
8248	8692
8937	8597
7862	7133
6648	6413
6338	6353
6410	6500
6622	6764
6920	7102
7350	7644
7940	8201
8411	8571
8746	8991
9310	9651
9967	10264
10528	10691
10711	10631
10533	10490
10565	10767
11061	11391
11735	12094
12455	12791
13077	13302
13468	13605
13744	13887
13985	13994
13933	13863
13800	13710
13568	13381
13179	12963
12721	12445
12136	11810
11467	11086
10675	10259
9866	9502
9167	8884
8696	8621
8650	8725
8792	8823
8834	8852
8882	8921
8959	8994
9021	9042
9062	9078
9094	9109
9127	9164
9285	9554
9874	0
8295	7612
6852	6493
6621	7065
7557	7810
7651	7135
6504	5979
5577	5196
4758	4293
3886	3580
3363	3217
3146	3131
3144	3152
3135	3125
3142	3172
3192	3221
3291	3429
3610	3808
3949	3991
3953	3914
3906	3926
3977	4059
4157	4244
4291	4284
4210	4077
3931	3834
3815	3848
3896	3953
4037	4131
4202	4256
4341	4430
4464	4414
4311	4206
4160	4355
5163	6838
9133	11335
12794	13314
13123	12562
11808	10856
9855	9219
9131	9216
9063	8749
8688	9098
9826	10551
11027	11155
10947	10442
9736	8993
8479	8434
8916	9711
10505	11067
11315	11244
10875	10293
9668	9238
9172	9434
9791	10017
10078	10150
10441	10966
11462	11502
10808	9632
8721	8645
9213	9661
9397	8387
7056	5932
5458	5813
6823	8040
8924	9110
8685	8263
8429	9039
9434	9197
8449	7559
6850	6441
6304	6343
6449	6560
6653	6752
6863	7026
7254	7534
7823	8100
8338	8526
8686	8886
9168	9512
9878	10238
10551	10748
10813	10794
10755	10756
10848	11055
11346	11661
11984	12314
12645	12949
13215	13434
13594	13716
13831	13945
14013	13992
13902	13801
13707	13586
13414	13194
12951	12702
12435	12129
11783	11406
10999	10567
10126	9717
9365	9080
8859	8704
8624	8622
8691	8800
8894	8951
8973	8987
9014	9052
9097	9136
9178	9215
9242	9258
9255	9241
9229	9235
9321	9563
9859	0
8278	7619
6925	6676
6915	7400
7801	7875
7542	6943
6309	5793
5373	4941
4454	3979
3596	3334
3171	3086
3067	3091
3105	3082
3021	2971
2967	2990
3015	3044
3123	3266
3461	3665
3813	3855
3824	3801
3838	3922
4031	4145
4231	4265
4227	4134
4013	3888
3777	3707
3696	3725
3771	3827
3905	3988
4070	4170
4292	4393
4419	4358
4260	4179
4182	4446
5299	6952
9168	11287
12699	13224
13073	12572
11859	10878
9774	9077
9119	9502
9574	9195
8755	8672
9063	9776
10577	11232
11566	11468
10889	9907
8821	8109
8115	8796
9785	10664
11183	11289
11044	10575
10058	9714
9692	9952
10312	10586
10755	10941
11259	11658
11878	11543
10466	9023
8046	8099
8889	9603
9659	9032
8088	7262
6903	7167
7900	8712
9151	9001
8497	8244
8647	9431
9947	9803
9076	8093
7187	6587
6356	6393
6534	6651
6721	6768
6837	6970
7177	7432
7691	7954
8205	8422
8599	8795
9065	9423
9832	10248
10591	10806
10916	10968
10996	11037
11133	11315
11573	11860
12153	12451
12747	13025
13277	13486
13646	13756
13848	13933
13968	13917
13796	13665
13540	13392
13188	12934
12659	12381
12084	11750
11367	10944
10495	10030
9587	9209
8922	8735
8634	8605
8614	8655
8732	8844
8959	9040
9083	9109
9139	9177
9223	9268
9313	9351
9375	9375
9351	9312
9268	9241
9300	9527
9829	0
8241	7606
6997	6886
7243	7725
7981	7842
7349	6691
6062	5547
5096	4625
4128	3677
3342	3128
3004	2949
2955	2987
2999	2963
2887	2829
2819	2835
2862	2898
2975	3113
3308	3513
3665	3708
3687	3689
3765	3908
4069	4193
4252	4231
4136	4002
3872	3774
3694	3630
3589	3583
3622	3696
3792	3891
4006	4141
4274	4346
4329	4246
4155	4105
4167	4522
5460	7144
9312	11331
12666	13189
13115	12734
12117	11131
9866	8900
8782	9316
9789	9739
9270	8762
8547	8787
9447	10326
11144	11624
11545	10824
9669	8574
8043	8241
8929	9687
10243	10553
10676	10678
10607	10557
10643	10905
11257	11582
11818	11998
12178	12321
12220	11563
10237	8629
7555	7561
8406	9336
9777	9653
9211	8756
8524	8629
8975	9260
9195	8738
8252	8259
8927	9846
10418	10352
9707	8719
7675	6873
6483	6444
6567	6689
6750	6777
6809	6903
7079	7298
7523	7754
8001	8236
8446	8662
8939	9313
9752	10194
10544	10779
10940	11080
11210	11321
11430	11581
11785	12030
12289	12555
12817	13068
13297	13495
13642	13730
13794	13844
13846	13764
13616	13451
13288	13099
12858	12569
12265	11960
11640	11277
10870	10424
9968	9525
9125	8811
8600	8499
8494	8549
8623	8689
8768	8878
9002	9107
9174	9210
9241	9279
9322	9362
9399	9425
9432	9408
9362	9299
9231	9184
9234	9473
9801	0
8195	7599
7086	7112
7547	7971
8054	7719
7097	6402
5773	5249
4770	4286
3807	3409
3133	2961
2861	2817
2820	2843
2854	2825
2775	2743
2747	2772
2802	2839
2900	3021
3198	3400
3549	3599
3587	3609
3715	3890
4071	4183
4201	4138
4018	3883
3774	3697
3630	3554
3477	3446
3493	3607
3746	3882
4022	4162
4254	4260
4186	4081
3998	3979
4089	4515
5540	7292
9469	11439
12717	13234
13250	13000
12490	11522
10091	8730
8175	8602
9423	9927
9835	9291
8648	8261
8360	8972
9900	10820
11366	11286
10612	9681
8938	8642
8723	8948
9165	9407
9755	10174
10548	10823
11072	11399
11817	12245
12574	12759
12827	12789
12513	11749
10387	8761
7558	7303
7919	8835
9534	9834
9839	9713
9598	9553
9516	9328
8886	8331
8053	8407
9306	10272
10825	10819
10321	9428
8312	7300
6674	6468
6502	6599
6675	6719
6755	6830
6979	7172
7362	7558
7776	8006
8237	8483
8774	9143
9575	9998
10339	10595
10819	11069
11339	11568
11723	11847
11996	12201
12426	12659
12889	13108
13309	13486
13602	13653
13673	13682
13651	13544
13365	13162
12952	12718
12432	12110
11775	11449
11111	10734
10310	9874
9459	9085
8773	8546
8418	8379
8425	8522
8628	8713
8797	8907
9036	9149
9223	9269
9299	9331
9362	9396
9418	9421
9400	9355
9292	9213
9136	9085
9146	9411
9775	0
8181	7640
7225	7340
7776	8086
8001	7518
6811	6084
5444	4908
4425	3959
3531	3196
2978	2847
2765	2721
2711	2718
2723	2717
2713	2731
2768	2806
2837	2862
2902	2989
3142	3328
3472	3526
3526	3560
3676	3852
4015	4098
4078	3988
3867	3748
3652	3584
3520	3442
3363	3336
3413	3575
3756	3913
4043	4144
4174	4115
4007	3902
3839	3834
3961	4416
5499	7326
9562	11550
12815	13354
13436	13286
12871	11952
10409	8660
7569	7661
8590	9559
10026	9879
9287	8556
8029	7990
8515	9430
10363	10960
11066	10778
10330	9909
9549	9195
8876	8730
8877	9262
9697	10037
10339	10733
11293	11933
12489	12833
12973	12961
12726	12087
10936	9469
8178	7528
7637	8219
8879	9370
9645	9739
9705	9556
9276	8838
8323	7979
8106	8802
9807	10681
11150	11199
10887	10165
9063	7864
6948	6487
6385	6449
6546	6631
6701	6793
6936	7112
7280	7443
7627	7831
8060	8315
8598	8935
9309	9673
9986	10260
10548	10902
11312	11692
11943	12080
12209	12381
12579	12780
12973	13154
13324	13467
13540	13536
13501	13460
13389	13253
13049	12811
12558	12274
11939	11577
11221	10881
10537	10155
9740	9342
8998	8726
8517	8386
8336	8352
8418	8517
8625	8720
8811	8921
9045	9154
9229	9273
9300	9322
9341	9356
9358	9333
9288	9224
9153	9075
9003	8963
9044	9343
9738	0
8202	7737
7418	7566
7926	8078
7833	7251
6500	5752
5098	4549
4086	3671
3318	3056
2892	2792
2723	2676
2652	2639
2636	2650
2688	2747
2814	2872
2904	2913
2922	2984
3116	3291
3433	3495
3500	3528
3624	3761
3882	3928
3890	3791
3678	3577
3496	3427
3361	3293
3246	3259
3365	3549
3739	3877
3965	4005
3992	3922
3826	3749
3703	3705
3829	4306
5444	7340
9626	11641
12925	13492
13632	13553
13215	12354
10760	8745
7184	6812
7529	8643
9565	10041
9979	9425
8627	7961
7764	8140
8925	9811
10547	11021
11224	11166
10859	10341
9729	9204
8920	8860
8881	8889
8948	9236
9840	10672
11493	12116
12513	12730
12736	12405
11637	10499
9257	8271
7783	7793
8098	8475
8777	8931
8929	8768
8466	8111
7880	7992
8550	9427
10325	10988
11345	11471
11361	10853
9845	8528
7334	6584
6313	6330
6447	6570
6678	6796
6946	7119
7283	7433
7594	7776
7985	8212
8455	8717
9001	9291
9575	9864
10184	10602
11131	11660
12044	12269
12426	12581
12749	12915
13073	13215
13345	13442
13462	13396
13293	13188
13068	12893
12665	12402
12118	11791
11418	11021
10641	10297
9964	9600
9217	8872
8620	8445
8337	8291
8308	8366
8439	8529
8626	8721
8815	8916
9027	9129
9200	9238
9253	9257
9261	9256
9235	9187
9124	9057
8986	8918
8859	8834
8933	9257
9685	0
8248	7868
7631	7779
8007	7976
7592	6944
6179	5420
4752	4205
3772	3436
3173	2981
2859	2774
2708	2661
2627	2597
2590	2617
2673	2755
2838	2906
2939	2937
2939	2982
3105	3280
3435	3501
3496	3489
3531	3606
3672	3687
3649	3577
3496	3420
3354	3286
3225	3177
3162	3202
3310	3469
3622	3716
3756	3767
3757	3723
3673	3624
3586	3593
3756	4319
5564	7526
9802	11761
13010	13597
13801	13800
13518	12692
11103	8967
7074	6214
6477	7383
8500	9529
10169	10197
9658	8826
8067	7686
7810	8363
9178	10072
10865	11391
11554	11374
10959	10462
9985	9538
9062	8547
8131	8044
8419	9158
10003	10765
11413	11957
12333	12425
12136	11449
10458	9382
8488	7941
7737	7752
7840	7905
7901	7820
7711	7696
7926	8474
9244	10023
10634	11057
11365	11618
11725	11458
10622	9292
7873	6824
6336	6271
6388	6534
6665	6800
6960	7141
7316	7478
7639	7808
7986	8163
8338	8506
8702	8932
9197	9484
9803	10243
10843	11496
12032	12398
12639	12807
12944	13069
13191	13296
13377	13420
13386	13256
13081	12903
12718	12495
12230	11939
11631	11277
10877	10458
10071	9730
9416	9095
8770	8503
8335	8251
8219	8237
8296	8380
8459	8535
8624	8719
8811	8901
8998	9091
9157	9184
9182	9165
9141	9116
9078	9019
8953	8885
8826	8769
8720	8706
8815	9152
9610	0
8302	8006
7847	7962
8043	7828
7317	6618
5840	5079
4409	3880
3505	3253
3076	2942
2843	2763
2699	2648
2609	2577
2567	2599
2664	2741
2820	2882
2918	2928
2929	2974
3096	3274
3439	3501
3468	3410
3382	3393
3416	3421
3408	3377
3343	3311
3271	3219
3164	3131
3130	3164
3238	3338
3427	3485
3511	3526
3548	3567
3567	3531
3495	3531
3805	4548
5969	7982
10163	11956
13091	13668
13939	14004
13756	12968
11458	9354
7285	5988
5697	6173
7174	8444
9574	10224
10312	9901
9145	8315
7700	7506
7774	8446
9347	10219
10865	11229
11371	11353
11177	10809
10223	9453
8680	8173
8110	8410
8854	9347
9943	10665
11386	11924
12145	11975
11415	10564
9626	8808
8208	7827
7609	7505
7481	7521
7659	7967
8490	9146
9758	10205
10507	10814
11217	11678
12019	12000
11388	10147
8604	7271
6500	6267
6330	6474
6619	6766
6932	7116
7307	7484
7656	7814
7955	8082
8186	8291
8430	8632
8888	9166
9476	9911
10528	11238
11893	12412
12779	12999
13121	13216
13305	13364
13392	13377
13285	13101
12864	12618
12369	12086
11772	11441
11094	10719
10308	9896
9517	9198
8926	8662
8420	8244
8160	8144
8165	8213
8292	8379
8460	8536
8624	8719
8807	8895
8980	9061
9113	9122
9098	9053
9004	8956
8900	8845
8786	8729
8677	8632
8589	8576
8685	9033
9522	0
8397	8168
8050	8104
8026	7644
7022	6275
5480	4717
4063	3585
3285	3111
2996	2899
2814	2742
2678	2628
2588	2555
2552	2590
2655	2719
2772	2823
2865	2893
2914	2957
3066	3234
3387	3430
3366	3261
3186	3162
3169	3184
3202	3215
3230	3239
3234	3215
3184	3156
3141	3140
3158	3193
3241	3286
3325	3366
3423	3489
3520	3505
3485	3588
4015	4983
6583	8615
10633	12197
13172	13705
13990	14070
13845	13153
11850	9953
7884	6283
5485	5429
6029	7115
8310	9306
10022	10360
10171	9501
8618	7813
7313	7248
7626	8285
9026	9742
10425	11026
11452	11606
11428	10922
10233	9598
9201	8986
8800	8663
8778	9286
10087	10927
11577	11896
11839	11437
10801	10072
9380	8804
8388	8158
8101	8182
8388	8720
9129	9480
9679	9780
9964	10386
11043	11766
12327	12506
12110	11037
9476	7925
6837	6353
6281	6386
6540	6698
6858	7033
7215	7395
7570	7711
7822	7904
7984	8071
8199	8393
8643	8918
9232	9648
10228	10912
11610	12256
12769	13084
13232	13317
13371	13377
13340	13264
13124	12896
12610	12312
12007	11672
11303	10912
10522	10129
9729	9344
9007	8734
8516	8336
8191	8111
8093	8116
8162	8217
8286	8363
8449	8536
8626	8718
8808	8895
8973	9036
9069	9057
9008	8934
8857	8782
8719	8667
8622	8580
8539	8495
8453	8443
8553	8919
9461	0
8595	8389
8249	8191
7945	7402
6687	5897
5094	4345
3740	3338
3117	3003
2918	2836
2765	2707
2650	2605
2567	2534
2536	2585
2646	2693
2723	2757
2800	2850
2887	2931
3012	3140
3247	3256
3165	3043
2960	2939
2957	2990
3029	3069
3107	3149
3192	3227
3244	3228
3182	3135
3103	3099
3126	3185
3250	3321
3402	3487
3548	3567
3597	3792
4361	5508
7224	9219
11046	12376
13180	13621
13845	13876
13679	13179
12225	10705
8830	7130
5952	5353
5367	5939
6805	7764
8817	9795
10340	10299
9795	9009
8104	7321
6879	6837
7150	7763
8617	9591
10526	11294
11780	11903
11699	11328
10928	10468
9842	9117
8577	8513
8972	9753
10563	11189
11549	11633
11461	11087
10594	10084
9662	9392
9264	9216
9216	9246
9240	9135
8976	8962
9293	10021
10997	11942
12632	12924
12687	11811
10348	8685
7330	6564
6302	6319
6453	6613
6770	6924
7082	7252
7418	7548
7636	7707
7783	7880
8011	8193
8428	8708
9037	9448
9960	10557
11228	11932
12578	13016
13242	13337
13352	13290
13179	13042
12854	12587
12271	11944
11609	11240
10825	10379
9946	9543
9180	8855
8587	8388
8250	8153
8107	8105
8131	8169
8209	8245
8285	8347
8438	8538
8632	8719
8808	8894
8963	9008
9020	8986
8911	8811
8704	8608
8536	8490
8463	8436
8404	8366
8325	8316
8439	8847
9480	0
8918	8680
8440	8210
7779	7094
6294	5476
4690	3995
3468	3144
2986	2905
2836	2769
2715	2671
2628	2588
2547	2518
2524	2575
2635	2668
2677	2691
2734	2795
2850	2886
2933	2996
3039	3004
2899	2783
2723	2725
2763	2809
2852	2893
2941	3005
3091	3202
3283	3286
3219	3136
3087	3077
3116	3196
3293	3380
3460	3531
3590	3646
3744	4018
4681	5917
7668	9584
11229	12346
12968	13272
13394	13385
13261	13010
12473	11441
9948	8352
6965	5898
5295	5239
5584	6223
7215	8414
9418	10023
10262	10107
9498	8562
7589	6829
6451	6558
7122	7998
9029	10104
11084	11812
12216	12325
12218	11885
11262	10367
9430	8780
8628	8942
9496	10088
10605	11016
11269	11314
11139	10816
10469	10177
9919	9640
9330	9012
8681	8347
8127	8222
8777	9755
10923	11989
12743	13106
13018	12354
11066	9410
7897	6889
6417	6309
6388	6534
6689	6830
6973	7130
7289	7423
7518	7590
7664	7753
7862	8014
8222	8506
8858	9272
9731	10238
10832	11528
12239	12800
13132	13260
13232	13093
12905	12703
12461	12161
11823	11485
11145	10767
10326	9849
9397	9015
8713	8473
8297	8186
8133	8124
8156	8206
8251	8277
8293	8297
8306	8350
8441	8555
8653	8737
8818	8891
8941	8966
8960	8913
8823	8704
8575	8460
8379	8339
8323	8308
8283	8248
8210	8208
8354	8826
9584	0
9293	8976
8579	8147
7535	6731
5868	5041
4293	3675
3243	2995
2880	2821
2765	2706
2666	2638
2612	2577
2537	2504
2508	2556
2614	2644
2642	2638
2667	2730
2796	2830
2839	2836
2812	2740
2636	2543
2504	2526
2581	2628
2663	2691
2731	2801
2918	3077
3213	3251
3199	3134
3116	3136
3194	3290
3395	3475
3512	3521
3531	3581
3713	4023
4711	5954
7675	9513
11024	11977
12435	12611
12674	12700
12724	12733
12589	12047
11020	9689
8254	6867
5769	5182
5031	5224
5842	6811
7827	8745
9599	10250
10413	9996
9159	8178
7351	6929
6986	7406
8063	8914
9892	10853
11655	12208
12500	12536
12274	11669
10809	9928
9289	9000
8999	9178
9498	9936
10407	10745
10810	10617
10286	9931
9554	9131
8695	8329
8065	7893
7832	7985
8475	9327
10411	11479
12330	12867
13010	12610
11558	10030
8467	7291
6623	6361
6353	6476
6631	6770
6904	7053
7214	7371
7500	7588
7643	7684
7744	7852
8037	8321
8688	9098
9525	9969
10478	11108
11819	12467
12909	13087
13015	12794
12524	12260
11973	11646
11294	10954
10616	10244
9802	9333
8908	8589
8374	8227
8146	8121
8142	8196
8275	8353
8391	8394
8386	8372
8365	8403
8494	8613
8712	8787
8845	8883
8903	8900
8878	8825
8737	8616
8484	8359
8270	8227
8216	8208
8189	8155
8124	8132
8304	8842
9726	0
9613	9192
8618	7997
7241	6355
5454	4631
3930	3395
3044	2864
2794	2760
2715	2659
2625	2612
2599	2570
2524	2490
2491	2541
2599	2634
2634	2613
2619	2669
2737	2771
2751	2694
2615	2524
2432	2358
2334	2361
2413	2452
2480	2497
2522	2580
2690	2849
2993	3062
3073	3095
3144	3208
3271	3342
3413	3452
3426	3351
3284	3290
3402	3696
4347	5520
7165	8917
10353	11242
11656	11825
11939	12092
12301	12543
12685	12525
11919	10897
9564	8058
6695	5769
5262	5037
5147	5614
6296	7120
8164	9314
10227	10622
10466	9903
9189	8617
8347	8321
8431	8680
9134	9788
10524	11201
11745	12155
12377	12315
11912	11276
10584	9969
9475	9127
9010	9187
9583	9973
10103	9919
9542	9133
8756	8418
8174	8116
8244	8426
8504	8459
8452	8712
9341	10233
11192	12020
12529	12502
11794	10510
9021	7744
6896	6463
6349	6434
6587	6723
6838	6970
7136	7328
7508	7627
7663	7651
7655	7731
7913	8195
8555	8947
9345	9744
10174	10702
11356	12044
12582	12807
12707	12415
12076	11755
11438	11095
10733	10384
10051	9691
9273	8849
8501	8278
8163	8112
8104	8141
8219	8314
8407	8476
8499	8487
8472	8456
8457	8500
8594	8706
8800	8858
8879	8869
8839	8802
8762	8715
8649	8551
8430	8309
8215	8167
8151	8147
8129	8100
8073	8091
8284	8877
9861	0
9836	9305
8566	7779
6918	5989
5081	4280
3635	3169
2888	2763
2735	2725
2685	2627
2592	2587
2582	2548
2501	2479
2505	2568
2635	2677
2678	2649
2626	2648
2698	2715
2679	2593
2486	2383
2296	2236
2216	2244
2285	2315
2334	2343
2356	2387
2457	2562
2674	2757
2839	2952
3072	3151
3178	3193
3205	3190
3117	2996
2891	2873
2973	3245
3836	4893
6376	7998
9401	10387
10978	11325
11601	11895
12239	12605
12894	12950
12632	11894
10769	9374
8006	6959
6252	5711
5330	5234
5431	5900
6718	7876
9127	10138
10729	10891
10728	10454
10258	10138
9962	9708
9501	9469
9624	9917
10325	10855
11432	11886
12071	11965
11632	11153
10566	9968
9514	9354
9480	9702
9760	9546
9168	8812
8583	8510
8623	8963
9463	9896
9979	9601
8951	8409
8299	8703
9526	10544
11448	11911
11703	10818
9527	8231
7230	6627
6401	6434
6563	6677
6763	6865
7014	7223
7450	7605
7653	7617
7594	7661
7847	8133
8471	8821
9180	9548
9917	10345
10907	11581
12169	12442
12334	11992
11594	11229
10886	10529
10159	9809
9481	9141
8777	8432
8191	8084
8071	8087
8128	8207
8316	8423
8505	8554
8566	8555
8541	8532
8545	8600
8692	8793
8876	8918
8907	8851
8774	8695
8638	8599
8563	8501
8406	8296
8200	8146
8127	8123
8109	8086
8065	8090
8298	8931
9986	0
9980	9350
8457	7527
6585	5627
4734	3982
3406	3010
2786	2710
2713	2717
2671	2604
2568	2561
2551	2512
2483	2511
2596	2704
2797	2848
2843	2796
2741	2710
2697	2673
2617	2526
2416	2312
2230	2180
2166	2185
2210	2223
2226	2220
2215	2215
2236	2278
2332	2402
2513	2659
2792	2846
2830	2798
2784	2760
2697	2611
2563	2612
2778	3080
3623	4523
5771	7194
8601	9831
10786	11453
11911	12274
12625	12974
13266	13395
13243	12751
11919	10827
9681	8721
7966	7229
6463	5861
5582	5619
5975	6719
7782	8911
9877	10576
10988	11203
11393	11597
11637	11372
10857	10242
9653	9222
9087	9323
9862	10513
11063	11417
11568	11521
11273	10867
10430	10115
10011	10036
10003	9801
9509	9299
9292	9507
9917	10494
11142	11620
11644	11071
10045	8917
8052	7694
7954	8763
9844	10792
11201	10868
9913	8713
7639	6901
6550	6501
6577	6654
6706	6761
6867	7052
7291	7495
7586	7574
7555	7629
7825	8107
8413	8720
9044	9381
9711	10068
10552	11177
11755	12035
11927	11560
11121	10713
10333	9950
9566	9220
8918	8630
8351	8121
7996	7991
8046	8109
8178	8275
8396	8501
8571	8602
8620	8619
8610	8601
8607	8652
8731	8820
8897	8927
8901	8823
8710	8604
8531	8502
8490	8457
8384	8285
8196	8149
8142	8141
8135	8117
8100	8131
8344	9003
10109	0
10067	9341
8309	7249
6230	5259
4402	3722
3230	2916
2750	2709
2723	2724
2674	2604
2560	2546
2528	2504
2533	2651
2838	3033
3182	3246
3218	3114
2988	2864
2746	2645
2563	2490
2410	2337
2283	2252
2232	2216
2192	2161
2130	2100
2072	2044
2025	2018
2030	2071
2151	2253
2337	2368
2352	2343
2364	2407
2443	2492
2600	2814
3109	3468
3947	4644
5602	6801
8215	9730
11094	12086
12685	13035
13291	13522
13716	13813
13760	13494
13004	12320
11561	10863
10211	9418
8422	7470
6839	6510
6355	6444
6893	7626
8442	9206
9844	10383
10985	11712
12336	12571
12315	11641
10710	9750
8997	8634
8683	9016
9445	9870
10282	10649
10883	10901
10721	10479
10323	10271
10212	10057
9866	9804
9994	10439
11057	11752
12416	12866
12891	12361
11363	10096
8796	7719
7150	7295
8134	9323
10305	10590
10102	9134
8088	7269
6801	6636
6630	6663
6690	6710
6749	6876
7099	7338
7486	7526
7536	7621
7819	8092
8376	8649
8937	9245
9551	9885
10333	10902
11425	11660
11525	11130
10662	10213
9790	9369
8973	8647
8392	8184
8016	7914
7899	7968
8066	8153
8231	8335
8457	8566
8635	8678
8708	8725
8715	8686
8665	8672
8716	8788
8856	8882
8849	8760
8637	8519
8445	8422
8427	8412
8352	8262
8190	8165
8179	8197
8199	8187
8173	8204
8423	9093
10226	0
10100	9284
8124	6945
5863	4893
4086	3490
3093	2857
2751	2741
2762	2748
2694	2630
2592	2574
2565	2592
2711	2953
3280	3601
3834	3915
3834	3630
3378	3114
2857	2648
2534	2486
2468	2475
2511	2538
2501	2391
2256	2140
2053	1981
1922	1872
1828	1801
1789	1798
1822	1860
1906	1949
1995	2065
2190	2375
2602	2862
3184	3564
3954	4295
4618	5042
5677	6630
8003	9703
11384	12659
13399	13743
13908	14003
14052	14056
14023	13936
13768	13512
13193	12859
12449	11773
10777	9739
8976	8443
7889	7315
6982	7015
7306	7689
8089	8553
9284	10375
11579	12502
12893	12730
12110	11208
10235	9399
8839	8544
8445	8517
8813	9308
9809	10089
10087	9937
9806	9751
9695	9562
9410	9412
9714	10315
11103	11934
12679	13205
13367	13085
12397	11388
10109	8673
7381	6665
6858	7879
9156	9994
10040	9432
8530	7694
7118	6820
6708	6700
6720	6718
6709	6770
6956	7200
7386	7472
7519	7622
7810	8067
8331	8585
8834	9104
9402	9749
10196	10733
11188	11355
11164	10726
10216	9735
9281	8838
8450	8163
7976	7851
7786	7789
7860	7982
8106	8199
8282	8391
8519	8638
8728	8803
8864	8895
8883	8828
8757	8709
8710	8748
8792	8801
8751	8651
8526	8414
8353	8347
8362	8354
8303	8231
8177	8181
8229	8275
8289	8281
8268	8296
8516	9191
10322	0
10049	9158
7889	6627
5506	4556
3816	3300
2984	2817
2764	2779
2802	2781
2727	2680
2667	2674
2705	2805
3038	3422
3900	4347
4652	4739
4598	4292
3909	3494
3074	2728
2533	2483
2528	2660
2862	3018
2981	2744
2445	2202
2038	1925
1830	1751
1692	1658
1633	1609
1591	1598
1663	1789
1953	2149
2403	2755
3185	3653
4123	4563
4908	5094
5165	5269
5571	6256
7479	9203
11071	12618
13594	14056
14216	14221
14145	14033
13945	13921
13968	14049
14123	14157
14051	13645
12908	12076
11426	10894
10163	9161
8191	7550
7224	7025
6853	6836
7263	8281
9700	11101
12158	12751
12881	12582
11943	11128
10319	9605
9007	8600
8541	8850
9267	9482
9403	9177
8971	8834
8698	8506
8320	8290
8565	9169
9996	10908
11779	12505
12967	13094
12876	12325
11394	10038
8409	6972
6331	6775
7967	9148
9729	9570
8908	8113
7449	7014
6800	6749
6776	6786
6756	6776
6914	7126
7306	7415
7493	7606
7776	7999
8244	8478
8690	8921
9207	9572
10027	10544
10963	11096
10869	10381
9819	9305
8849	8434
8094	7866
7736	7670
7661	7718
7847	8006
8149	8249
8336	8453
8597	8735
8861	8978
9077	9132
9108	9019
8901	8806
8755	8751
8753	8721
8634	8503
8369	8279
8248	8266
8293	8294
8252	8188
8161	8200
8284	8355
8382	8379
8368	8391
8605	9261
10359	0
9898	8946
7601	6287
5172	4275
3602	3158
2904	2788
2775	2812
2842	2822
2778	2756
2785	2842
2944	3144
3492	3999
4576	5082
5408	5483
5317	4970
4526	4001
3416	2884
2539	2421
2498	2768
3180	3526
3555	3238
2783	2404
2157	1989
1853	1748
1673	1629
1588	1535
1490	1519
1681	1973
2314	2660
3028	3463
3958	4451
4880	5206
5379	5359
5201	5055
5101	5531
6517	8090
10012	11830
13156	13884
14161	14174
14046	13861
13696	13645
13753	13998
14308	14601
14775	14704
14365	13912
13523	13134
12463	11397
10184	9164
8403	7688
6901	6215
5994	6477
7585	8986
10370	11571
12482	12985
13015	12666
12105	11455
10759	10138
9798	9819
9986	9988
9735	9354
8984	8661
8354	8048
7776	7639
7730	8076
8625	9317
10102	10933
11718	12331
12661	12656
12231	11257
9705	7892
6498	6155
6909	8173
9187	9509
9162	8466
7754	7202
6890	6800
6840	6878
6868	6876
6970	7122
7261	7360
7451	7562
7705	7885
8098	8306
8485	8680
8955	9314
9758	10255
10672	10831
10624	10119
9527	9002
8576	8221
7948	7779
7692	7649
7649	7717
7857	8033
8188	8297
8396	8523
8683	8852
9017	9169
9307	9376
9349	9234
9088	8958
8870	8822
8774	8684
8537	8363
8216	8139
8140	8180
8218	8227
8196	8153
8151	8223
8336	8428
8466	8459
8444	8465
8667	9287
10321	0
9625	8627
7233	5919
4853	4033
3439	3056
2846	2763
2770	2824
2876	2884
2863	2868
2932	3058
3259	3575
4030	4594
5162	5620
5898	5966
5823	5523
5101	4512
3767	3019
2481	2247
2329	2711
3314	3864
4040	3753
3235	2755
2424	2198
2023	1894
1806	1748
1684	1602
1557	1649
1972	2482
3035	3502
3882	4221
4536	4802
4997	5101
5098	4965
4729	4501
4438	4691
5410	6707
8526	10526
12228	13321
13830	13955
13880	13714
13544	13455
13527	13760
14103	14488
14838	15050
15080	14990
14862	14646
14177	13338
12278	11275
10401	9454
8280	7044
6127	5823
6187	7055
8245	9627
11030	12187
12896	13138
13052	12779
12377	11920
11580	11472
11480	11389
11114	10718
10277	9835
9407	9021
8691	8443
8286	8202
8184	8266
8539	9089
9909	10833
11649	12186
12334	11922
10770	8976
7131	6038
6150	7202
8440	9185
9203	8698
8001	7380
6984	6848
6891	6964
6988	7004
7069	7164
7250	7327
7413	7513
7626	7769
7946	8119
8272	8445
8696	9032
9443	9908
10329	10533
10394	9944
9390	8910
8542	8247
8019	7874
7800	7758
7745	7791
7911	8075
8226	8347
8459	8602
8778	8968
9157	9333
9478	9549
9524	9417
9268	9134
9037	8960
8869	8722
8519	8301
8128	8053
8063	8105
8143	8152
8142	8129
8159	8257
8380	8475
8510	8505
8487	8500
8675	9239
10187	0
9239	8204
6793	5514
4537	3816
3300	2967
2788	2726
2744	2816
2904	2956
2969	2998
3096	3305
3635	4079
4595	5121
5568	5900
6105	6176
6098	5872
5474	4820
3926	3000
2313	2000
2079	2524
3242	3960
4328	4179
3706	3194
2799	2515
2307	2167
2082	2012
1923	1823
1794	1992
2506	3217
3895	4359
4594	4672
4664	4608
4532	4458
4370	4253
4087	3916
3848	4001
4481	5450
7035	9069
11065	12551
13371	13691
13737	13658
13544	13479
13513	13654
13892	14226
14614	14982
15250	15405
15455	15381
15116	14599
13892	13163
12462	11606
10417	8982
7601	6562
6016	6006
6542	7607
9051	10530
11690	12376
12677	12783
12796	12732
12642	12611
12647	12651
12545	12330
12027	11672
11308	10975
10686	10417
10115	9704
9151	8523
8001	7829
8172	8969
9958	10901
11610	11846
11300	9887
7981	6385
5818	6395
7571	8586
8978	8751
8170	7538
7085	6899
6922	7007
7060	7094
7149	7209
7263	7322
7400	7490
7591	7713
7864	8007
8138	8292
8527	8838
9203	9613
10004	10228
10161	9828
9403	9046
8764	8510
8288	8129
8029	7965
7925	7940
8016	8140
8278	8409
8537	8689
8869	9061
9245	9410
9538	9603
9590	9509
9401	9298
9217	9139
9027	8850
8617	8370
8175	8077
8060	8077
8091	8096
8101	8125
8188	8297
8415	8496
8523	8513
8490	8491
8616	9081
9924	0
8833	7769
6356	5135
4257	3630
3180	2886
2733	2682
2703	2793
2915	3012
3054	3100
3244	3552
4022	4569
5091	5509
5798	5996
6144	6233
6211	6023
5591	4838
3822	2810
2085	1770
1858	2313
3058	3878
4417	4456
4092	3608
3182	2862
2640	2502
2423	2346
2238	2128
2141	2455
3126	3953
4609	4918
4907	4698
4414	4137
3922	3782
3711	3669
3600	3505
3458	3541
3839	4529
5839	7790
9967	11798
12952	13490
13652	13646
13603	13594
13630	13700
13828	14053
14390	14785
15158	15438
15589	15603
15479	15210
14822	14401
13969	13385
12453	11151
9640	8133
6832	5944
5664	6119
7238	8688
10013	10909
11395	11711
12039	12359
12588	12750
12910	13080
13198	13235
13189	13080
12933	12776
12619	12444
12167	11679
10891	9805
8592	7575
7132	7382
8168	9243
10360	11191
11315	10470
8816	7012
5889	5898
6790	7877
8564	8639
8235	7655
7177	6948
6935	7010
7078	7129
7183	7235
7281	7335
7407	7494
7604	7731
7872	7996
8106	8253
8478	8767
9092	9440
9770	9968
9946	9741
9498	9303
9122	8902
8670	8471
8319	8207
8138	8118
8151	8231
8352	8485
8623	8775
8939	9108
9264	9398
9495	9551
9557	9524
9468	9411
9364	9306
9201	9030
8795	8541
8335	8209
8149	8120
8095	8082
8093	8142
8225	8334
8436	8495
8513	8500
8476	8455
8481	8733
9442	0
8549	7470
6056	4880
4072	3506
3098	2828
2688	2644
2669	2768
2916	3039
3098	3155
3341	3736
4303	4910
5406	5726
5900	6015
6134	6240
6247	6052
5564	4715
3630	2607
1914	1632
1731	2166
2898	3757
4404	4577
4316	3874
3448	3115
2892	2768
2694	2610
2489	2375
2424	2823
3586	4436
5009	5144
4931	4534
4110	3754
3515	3393
3362	3374
3364	3303
3253	3292
3489	4011
5131	6977
9235	11291
12689	13388
13620	13641
13634	13672
13728	13774
13843	13994
14266	14637
15031	15359
15555	15614
15561	15419
15206	14971
14736	14387
13722	12643
11189	9495
7775	6321
5445	5370
6112	7392
8706	9641
10164	10550
11035	11589
12046	12363
12639	12935
13206	13423
13584	13698
13761	13778
13755	13683
13499	13077
12286	11052
9471	7893
6807	6509
6963	7976
9289	10502
11111	10737
9382	7556
6112	5698
6299	7348
8195	8481
8228	7713
7239	6981
6940	6999
7070	7130
7189	7245
7296	7348
7418	7511
7634	7776
7917	8032
8132	8273
8493	8771
9069	9372
9651	9812
9807	9689
9582	9517
9413	9220
8982	8756
8555	8397
8302	8258
8261	8317
8419	8547
8687	8830
8975	9118
9246	9351
9428	9477
9503	9502
9486	9465
9446	9408
9322	9165
8948	8708
8496	8350
8258	8190
8131	8099
8107	8163
8255	8358
8441	8491
8502	8490
8466	8417
8211	7234
4606	0
