7231	6999
6739	6611
6603	6657
6707	6716
6675	6590
6447	6248
6032	5859
5743	5673
5643	5664
5729	5830
5966	6134
6310	6474
6604	6687
6719	6684
6579	6411
6205	5992
5796	5637
5516	5432
5408	5457
5585	5751
5920	6063
6177	6270
6361	6463
6631	6894
7240	7599
7906	8138
8299	8392
8428	8407
8341	8254
8186	8205
8398	8857
9601	10525
11478	12374
13196	13940
14588	15112
15486	15716
15839	15908
15945	15964
15955	15923
15863	15763
15606	15358
14984	14475
13880	13257
12652	12148
11818	11686
11726	11894
12154	12456
12742	12958
13060	13000
12781	12463
12138	11864
11627	11378
11091	10761
10427	10108
9861	9724
9682	9640
7240	7006
6742	6611
6602	6653
6698	6701
6651	6560
6418	6227
6029	5868
5760	5694
5669	5698
5770	5876
6011	6173
6345	6501
6622	6693
6711	6669
6558	6384
6178	5970
5786	5633
5521	5448
5441	5509
5637	5800
5969	6108
6220	6306
6386	6487
6646	6896
7214	7533
7789	7974
8102	8188
8233	8232
8192	8135
8117	8223
8539	9118
9931	10865
11794	12663
13455	14158
14756	15225
15555	15756
15865	15921
15947	15939
15903	15841
15743	15602
15392	15083
14660	14117
13511	12908
12370	11963
11742	11712
11833	12061
12349	12655
12923	13113
13176	13094
12875	12581
12288	12032
11793	11525
11206	10845
10475	10140
9886	9748
9708	9663
7242	7008
6744	6613
6606	6652
6691	6683
6626	6529
6386	6206
6029	5887
5789	5731
5711	5747
5826	5937
6072	6228
6393	6538
6640	6695
6702	6648
6528	6350
6144	5943
5771	5632
5529	5479
5495	5579
5715	5876
6038	6170
6269	6343
6410	6503
6654	6885
7169	7431
7625	7750
7836	7910
7967	8000
7994	7985
8052	8289
8767	9488
10379	11319
12220	13045
13789	14429
14954	15348
15619	15788
15878	15919
15920	15884
15808	15691
15536	15325
15042	14667
14186	13612
13011	12460
12029	11766
11696	11793
12011	12297
12612	12911
13156	13306
13330	13219
13001	12737
12473	12224
11966	11665
11306	10901
10492	10132
9875	9747
9717	9682
7248	7011
6746	6618
6612	6659
6690	6673
6605	6499
6358	6189
6030	5908
5825	5776
5763	5799
5884	6002
6139	6290
6444	6574
6661	6698
6684	6619
6492	6309
6103	5912
5757	5640
5557	5527
5564	5665
5808	5970
6122	6241
6320	6374
6429	6508
6644	6848
7091	7299
7427	7494
7538	7599
7672	7734
7773	7840
8026	8429
9077	9927
10873	11814
12677	13448
14123	14679
15116	15432
15650	15786
15855	15869
15840	15762
15631	15447
15215	14924
14570	14130
13609	13036
12483	12032
11744	11646
11736	11953
12249	12569
12890	13175
13389	13498
13482	13346
13132	12883
12627	12360
12057	11704
11297	10857
10424	10063
9818	9708
9705	9687
7254	7016
6752	6627
6626	6671
6696	6670
6594	6481
6338	6180
6031	5922
5857	5822
5818	5856
5940	6062
6204	6356
6502	6618
6690	6703
6670	6589
6452	6265
6064	5890
5760	5666
5608	5599
5658	5774
5928	6092
6241	6342
6400	6435
6472	6530
6639	6801
6993	7144
7222	7240
7252	7297
7379	7465
7560	7729
8073	8653
9461	10401
11378	12304
13122	13827
14410	14869
15210	15459
15627	15731
15767	15744
15665	15538
15341	15084
14774	14409
13992	13519
12996	12472
12016	11707
11586	11658
11879	12188
12523	12855
13160	13420
13594	13662
13612	13454
13231	12973
12692	12368
11995	11577
11129	10684
10274	9948
9741	9667
9686	9682
7259	7022
6761	6639
6643	6686
6701	6668
6585	6467
6324	6174
6035	5933
5883	5861
5868	5910
5995	6121
6267	6418
6557	6666
6720	6716
6656	6558
6412	6226
6044	5900
5805	5743
5718	5745
5832	5975
6148	6318
6459	6546
6586	6603
6616	6646
6709	6811
6933	7026
7051	7028
7010	7037
7114	7223
7390	7694
8221	8980
9905	10905
11883	12770
13530	14150
14633	14991
15248	15434
15559	15614
15600	15521
15386	15193
14933	14610
14234	13817
13367	12889
12414	11988
11678	11540
11590	11801
12115	12470
12822	13143
13420	13639
13774	13796
13707	13522
13266	12966
12615	12209
11755	11280
10824	10413
10069	9813
9664	9629
9666	9670
7262	7028
6771	6652
6655	6688
6696	6656
6569	6453
6313	6167
6034	5939
5896	5888
5908	5959
6050	6177
6323	6471
6606	6707
6749	6720
6642	6534
6391	6226
6080	5989
5949	5939
5964	6046
6193	6379
6582	6773
6913	6989
7006	6996
6984	6975
6973	6998
7044	7068
7035	6962
6898	6887
6940	7066
7317	7780
8489	9398
10406	11422
12370	13200
13879	14410
14792	15055
15241	15371
15442	15435
15352	15203
15003	14744
14424	14048
13633	13194
12739	12300
11915	11632
11501	11544
11745	12053
12417	12791
13134	13433
13672	13844
13928	13901
13766	13533
13217	12834
12389	11888
11369	10873
10450	10112
9855	9678
9593	9590
9639	9643
7258	7029
6775	6656
6650	6671
6666	6620
6536	6425
6294	6154
6034	5947
5907	5907
5940	6006
6105	6230
6376	6513
6636	6723
6749	6709
6628	6530
6418	6303
6225	6209
6242	6297
6394	6558
6786	7045
7293	7506
7646	7705
7693	7654
7612	7565
7516	7483
7467	7437
7351	7215
7079	6987
6973	7086
7412	8017
8875	9886
10928	11928
12821	13566
14150	14582
14877	15064
15184	15250
15256	15179
15024	14798
14524	14204
13840	13434
13005	12569
12152	11795
11543	11438
11498	11704
12020	12385
12763	13132
13465	13733
13923	14034
14049	13956
13756	13451
13047	12559
12015	11447
10907	10444
10087	9835
9661	9549
9507	9536
9601	9606
7244	7021
6770	6649
6632	6638
6623	6571
6492	6383
6260	6135
6028	5958
5930	5937
5978	6051
6156	6283
6418	6545
6649	6719
6742	6714
6660	6608
6555	6512
6507	6553
6634	6732
6883	7125
7441	7773
8063	8283
8416	8453
8420	8362
8313	8272
8226	8190
8172	8138
8045	7885
7685	7489
7362	7410
7751	8427
9360	10406
11445	12401
13218	13861
14335	14664
14877	14999
15055	15052
14984	14835
14603	14308
13967	13597
13201	12785
12370	11978
11648	11420
11335	11414
11641	11981
12373	12765
13145	13493
13793	14018
14143	14174
14104	13922
13630	13232
12726	12139
11527	10941
10435	10047
9776	9600
9485	9423
9420	9472
9548	9564
7222	7003
6758	6634
6606	6602
6582	6528
6444	6335
6219	6110
6026	5979
5965	5982
6025	6102
6201	6323
6449	6564
6662	6738
6791	6836
6877	6915
6930	6918
6911	6927
6958	7017
7167	7444
7816	8194
8498	8709
8829	8863
8842	8806
8789	8794
8804	8823
8855	8881
8863	8766
8587	8346
8130	8084
8359	8997
9900	10911
11907	12798
13529	14066
14430	14657
14785	14835
14826	14750
14604	14382
14089	13736
13345	12939
12526	12125
11765	11469
11272	11208
11297	11540
11900	12329
12767	13177
13543	13854
14101	14256
14296	14229
14049	13752
13348	12846
12248	11597
10969	10429
10007	9710
9520	9402
9334	9315
9343	9412
9499	9521
7205	6983
6737	6608
6577	6571
6549	6493
6402	6290
6180	6085
6025	6001
6006	6031
6073	6144
6241	6356
6476	6595
6714	6855
7039	7269
7516	7705
7768	7696
7548	7379
7214	7111
7155	7390
7745	8112
8410	8610
8733	8804
8838	8855
8896	8964
9041	9118
9203	9297
9380	9409
9346	9184
8986	8903
9089	9606
10387	11293
12213	13039
13697	14157
14428	14562
14602	14576
14492	14345
14124	13836
13489	13096
12676	12255
11855	11509
11249	11098
11072	11181
11426	11791
12235	12710
13177	13587
13926	14182
14352	14406
14342	14148
13835	13413
12898	12300
11649	10991
10411	9959
9644	9440
9319	9247
9222	9242
9305	9393
9478	9494
7192	6967
6712	6581
6551	6544
6523	6464
6372	6262
6159	6074
6028	6021
6038	6066
6108	6178
6272	6388
6522	6672
6874	7178
7616	8170
8716	9103
9218	9053
8698	8250
7771	7365
7162	7204
7428	7712
7970	8169
8320	8444
8548	8633
8728	8845
8964	9066
9169	9288
9427	9548
9601	9570
9490	9467
9624	10024
10646	11408
12220	12991
13626	14064
14297	14368
14332	14230
14074	13855
13567	13224
12833	12415
11988	11583
11240	10996
10884	10910
11061	11323
11686	12130
12616	13112
13578	13974
14268	14444
14505	14443
14247	13917
13466	12923
12314	11665
11006	10400
9914	9580
9370	9246
9181	9159
9187	9258
9346	9434
9501	9498
7196	6957
6693	6558
6530	6530
6501	6441
6349	6248
6153	6077
6039	6034
6058	6090
6139	6212
6311	6433
6594	6818
7173	7731
8490	9362
10174	10752
10988	10864
10446	9805
9022	8250
7670	7363
7293	7373
7522	7685
7848	8012
8168	8303
8436	8576
8705	8809
8915	9036
9173	9297
9386	9432
9459	9530
9716	10052
10539	11142
11835	12551
13201	13688
13959	14032
13965	13813
13592	13303
12955	12565
12148	11723
11321	10972
10733	10642
10713	10921
11227	11602
12043	12530
13030	13517
13963	14309
14528	14596
14530	14326
13992	13529
12962	12325
11663	11009
10401	9889
9522	9302
9189	9143
9143	9188
9273	9386
9488	9552
9582	9545
7201	6959
6686	6547
6518	6517
6487	6422
6336	6244
6159	6091
6053	6051
6074	6117
6174	6251
6359	6498
6704	7028
7563	8348
9313	10288
11138	11812
12273	12456
12277	11714
10831	9836
8944	8263
7798	7522
7393	7384
7472	7628
7799	7961
8112	8250
8373	8475
8584	8704
8821	8909
8968	9010
9068	9187
9394	9697
10086	10561
11128	11773
12430	12989
13356	13512
13490	13330
13059	12704
12302	11881
11460	11059
10719	10482
10395	10487
10741	11103
11521	11976
12468	12975
13468	13923
14307	14570
14670	14609
14396	14049
13584	13016
12369	11679
11010	10395
9871	9480
9236	9123
9102	9144
9231	9351
9498	9634
9716	9735
9711	9632
7207	6963
6687	6546
6515	6508
6475	6407
6325	6240
6163	6104
6071	6070
6096	6145
6211	6302
6423	6595
6846	7254
7895	8750
9665	10450
11087	11722
12442	13109
13441	13246
12565	11646
10718	9865
9094	8406
7838	7450
7291	7331
7475	7635
7784	7918
8034	8131
8233	8346
8446	8506
8534	8551
8591	8699
8894	9160
9482	9865
10327	10883
11488	12065
12521	12804
12891	12775
12486	12082
11635	11196
10798	10468
10242	10170
10273	10541
10937	11402
11895	12402
12922	13429
13896	14295
14582	14717
14673	14462
14108	13640
13071	12429
11732	11037
10397	9864
9455	9191
9062	9056
9135	9277
9459	9650
9826	9948
9985	9945
9869	9749
7208	6968
6694	6550
6511	6497
6458	6388
6306	6229
6160	6112
6089	6094
6126	6181
6255	6369
6520	6733
7033	7463
8066	8787
9447	9902
10232	10729
11607	12733
13650	13959
13649	12995
12257	11507
10711	9825
8872	8004
7421	7201
7230	7355
7482	7602
7708	7805
7897	7987
8066	8119
8150	8168
8196	8275
8433	8654
8926	9254
9644	10105
10610	11128
11612	12000
12215	12184
11914	11485
11007	10571
10229	10012
9953	10069
10356	10768
11256	11779
12315	12853
13375	13861
14279	14589
14753	14733
14532	14173
13695	13128
12492	11806
11096	10425
9864	9443
9169	9035
9030	9131
9317	9556
9806	10028
10191	10262
10238	10145
10024	9860
7196	6961
6690	6547
6501	6478
6434	6368
6291	6216
6155	6121
6111	6128
6169	6224
6310	6441
6633	6893
7217	7607
8059	8522
8867	9018
9101	9434
10338	11761
13162	13937
13948	13483
12887	12331
11799	11125
10153	8970
7934	7333
7146	7169
7245	7330
7423	7510
7588	7649
7709	7768
7822	7857
7891	7956
8080	8263
8495	8785
9130	9514
9921	10349
10802	11232
11537	11601
11390	10972
10495	10082
9824	9757
9881	10174
10607	11115
11652	12200
12750	13286
13785	14221
14568	14770
14790	14610
14254	13763
13183	12544
11866	11161
10470	9867
9417	9138
9019	9032
9162	9381
9656	9951
10218	10417
10525	10529
10442	10304
10141	9940
7173	6940
6674	6527
6479	6449
6406	6347
6275	6204
6153	6128
6137	6168
6213	6271
6358	6498
6721	7008
7318	7603
7845	8024
8088	8032
7972	8203
9085	10662
12388	13504
13701	13216
12519	12006
11821	11698
11166	10069
8774	7800
7331	7185
7154	7155
7194	7255
7308	7347
7388	7449
7514	7564
7607	7670
7782	7944
8158	8418
8718	9050
9398	9760
10154	10560
10899	11045
10927	10584
10154	9802
9649	9732
10013	10446
10972	11537
12090	12633
13172	13682
14129	14490
14727	14801
14673	14343
13851	13246
12579	11892
11193	10504
9873	9379
9072	8959
9008	9185
9460	9783
10111	10402
10625	10762
10796	10737
10596	10411
10209	9974
7142	6912
6649	6504
6453	6423
6381	6330
6271	6207
6163	6147
6161	6193
6228	6272
6350	6494
6717	6984
7221	7355
7377	7308
7171	7011
6929	7161
8051	9699
11602	12945
13246	12635
11644	10951
10972	11452
11633	11007
9802	8660
7952	7595
7370	7191
7083	7055
7070	7089
7114	7153
7200	7240
7285	7361
7479	7640
7840	8079
8349	8643
8957	9285
9626	9981
10306	10515
10519	10318
10014	9773
9732	9933
10314	10816
11390	11975
12532	13057
13562	14018
14386	14638
14752	14682
14407	13946
13342	12645
11916	11192
10505	9873
9352	9005
8873	8934
9156	9492
9887	10278
10610	10846
10990	11042
10999	10881
10698	10474
10233	9960
7107	6877
6620	6484
6433	6406
6370	6328
6274	6218
6176	6165
6172	6175
6172	6183
6251	6395
6594	6785
6887	6860
6708	6490
6277	6119
6107	6418
7343	8983
10941	12421
12838	12150
10869	9881
9902	10791
11644	11670
10887	9889
9125	8586
8088	7590
7204	7001
6937	6924
6915	6912
6912	6912
6939	7017
7150	7319
7521	7746
7993	8265
8566	8870
9178	9489
9796	10046
10172	10151
10038	9962
10042	10308
10719	11231
11809	12395
12938	13431
13882	14268
14543	14681
14659	14448
14038	13464
12769	12010
11237	10511
9865	9336
8965	8801
8851	9092
9464	9916
10383	10792
11080	11239
11285	11248
11140	10972
10748	10478
10176	9806
7062	6832
6594	6471
6427	6398
6370	6332
6283	6230
6195	6183
6165	6113
6048	6026
6094	6236
6384	6462
6424	6270
6040	5800
5613	5538
5627	6023
6946	8515
10423	11987
12549	11903
10468	9227
9119	10185
11488	12089
11849	11248
10662	10060
9285	8385
7619	7176
7000	6933
6877	6808
6745	6683
6652	6697
6818	6997
7209	7443
7689	7950
8230	8525
8810	9101
9401	9689
9917	10064
10160	10270
10468	10766
11151	11629
12188	12758
13276	13730
14126	14438
14620	14642
14496	14158
13639	12975
12222	11426
10638	9926
9348	8944
8743	8765
8996	9382
9865	10382
10866	11243
11469	11537
11492	11375
11212	11001
10735	10404
9960	9283
6999	6770
6567	6464
6425	6399
6374	6340
6293	6241
6208	6195
6144	6035
5916	5876
5952	6088
6179	6159
6018	5807
5574	5378
5265	5273
5443	5882
6776	8244
10075	11672
12365	11817
10350	8965
8737	9837
11361	12313
12507	12318
12005	11453
10495	9260
8155	7488
7214	7099
6985	6858
6732	6600
6489	6462
6555	6740
6970	7223
7476	7732
8006	8285
8560	8839
9147	9465
9765	10030
10282	10550
10842	11155
11503	11940
12463	13013
13506	13929
14282	14536
14641	14578
14333	13906
13312	12595
11809	10996
10209	9525
9011	8717
8656	8822
9183	9670
10219	10763
11233	11568
11727	11722
11607	11435
11233	10988
10687	10277
9599	8291
