5643	5588
5591	5569
5568	5573
5586	5596
5601	5597
5583	5573
5578	5644
5824	6182
6739	7459
8217	8854
9244	9348
9219	8977
8737	8584
8564	8686
8934	9277
9676	10090
10493	10860
11187	11467
11693	11851
11930	11915
11798	11568
11224	10786
10289	9794
9357	9015
8762	8558
8365	8137
7871	7516
7249	6606
5646	5586
5588	5565
5562	5570
5581	5594
5597	5592
5579	5564
5568	5629
5803	6152
6708	7427
8202	8870
9306	9470
9409	9232
9044	8928
8918	9031
9250	9549
9897	10261
10615	10942
11234	11486
11691	11836
11898	11874
11739	11487
11117	10656
10143	9647
9221	8897
8661	8475
8293	8082
7833	7496
7244	6611
5655	5587
5588	5560
5558	5563
5577	5588
5592	5586
5569	5551
5551	5607
5775	6119
6669	7396
8189	8895
9392	9630
9654	9559
9441	9368
9377	9473
9654	9900
10184	10482
10777	11052
11302	11519
11699	11821
11872	11832
11677	11396
10993	10493
9959	9456
9044	8741
8529	8365
8205	8015
7791	7477
7242	6624
5673	5595
5593	5561
5555	5560
5573	5583
5585	5576
5556	5534
5531	5585
5751	6093
6646	7381
8192	8938
9491	9805
9915	9899
9848	9820
9841	9927
10072	10261
10481	10715
10950	11175
11383	11568
11721	11828
11866	11810
11638	11327
10883	10345
9781	9268
8863	8581
8392	8252
8118	7957
7763	7471
7255	6645
5695	5610
5605	5567
5557	5559
5569	5579
5579	5565
5541	5517
5513	5566
5738	6084
6648	7396
8229	9005
9597	9966
10140	10189
10193	10197
10232	10304
10419	10562
10732	10915
11105	11291
11467	11630
11764	11860
11889	11826
11637	11302
10827	10255
9658	9130
8725	8451
8278	8157
8049	7915
7747	7478
7278	6675
5725	5632
5623	5577
5564	5563
5569	5575
5571	5553
5525	5499
5496	5560
5741	6107
6687	7459
8308	9099
9712	10109
10315	10401
10435	10464
10505	10572
10665	10781
10916	11068
11229	11394
11554	11702
11830	11918
11944	11875
11677	11332
10836	10236
9617	9067
8645	8366
8195	8087
7993	7885
7737	7487
7295	6703
5755	5655
5644	5593
5573	5569
5568	5572
5563	5540
5510	5484
5485	5561
5764	6159
6769	7559
8421	9213
9827	10222
10436	10534
10582	10619
10669	10731
10811	10910
11029	11162
11313	11471
11629	11780
11909	11996
12018	11945
11749	11397
10893	10282
9646	9071
8628	8329
8150	8039
7956	7859
7723	7480
7287	6704
5777	5673
5663	5606
5582	5571
5571	5568
5555	5531
5500	5475
5486	5575
5805	6233
6877	7692
8562	9345
9939	10316
10520	10612
10660	10701
10752	10812
10884	10973
11081	11212
11362	11526
11693	11854
11988	12076
12096	12022
11820	11471
10972	10362
9714	9123
8651	8328
8130	8008
7923	7828
7686	7434
7203	6654
5797	5692
5678	5619
5591	5577
5571	5565
5548	5523
5492	5470
5490	5597
5856	6315
6993	7829
8700	9468
10036	10387
10567	10648
10694	10736
10787	10843
10911	10993
11099	11228
11384	11558
11740	11915
12056	12148
12165	12087
11883	11537
11044	10441
9792	9186
8694	8346
8125	7990
7895	7785
7616	7332
7010	6525
5808	5702
5689	5628
5599	5581
5572	5562
5543	5516
5486	5470
5497	5620
5903	6393
7096	7949
8817	9568
10110	10435
10595	10668
10707	10750
10799	10856
10918	10995
11094	11226
11389	11579
11774	11962
12112	12205
12216	12131
11928	11584
11100	10502
9856	9244
8736	8366
8125	7980
7871	7739
7521	7179
6700	6308
5813	5709
5695	5635
5604	5584
5573	5561
5540	5513
5483	5471
5505	5638
5936	6445
7165	8028
8894	9631
10156	10462
10609	10673
10710	10754
10802	10856
10916	10989
11087	11221
11389	11588
11796	11993
12149	12243
12252	12161
11954	11611
11130	10539
9896	9280
8762	8382
8132	7975
7852	7690
7424	6726
6358	3893
