16193	16193
16193	16193
16193	16193
16193	16193
16193	16193
16193	16193
16193	16193
16193	16193
16193	16193
16193	16193
16193	16193
16193	16193
16193	16193
16193	16193
16193	16193
16193	16193
16193	16193
16193	16193
16193	16193
16193	16193
16193	16193
16193	16193
16193	16193
16193	16193
16193	16193
16193	16193
16193	16193
16193	16193
16193	16193
16193	16193
16193	16193
16193	16193
16193	16193
16193	16193
16193	16193
16190	16188
16183	16176
16166	16148
16121	16079
16008	15901
15733	15488
15141	14670
14065	13336
12497	11600
10703	9868
9144	8567
8145	7860
7677	7553
7447	7331
7191	7029
6847	6669
6505	6383
6314	6309
6374	6513
6716	6976
7270	7577
7874	8135
8338	8463
8505	8456
8330	8134
7906	7656
7426	7230
7095	7027
7036	7116
7258	7444
7657	7877
8089	8276
8438	8570
8690	8819
8986	9233
9586	10057
10652	11348
12097	12857
13576	14217
14756	15186
15507	15740
15896	16002
16068	16109
16132	16148
16159	16167
16172	16176
16181	16181
16186	16188
16188	16192
16193	16193
16193	16193
16193	16193
16193	16193
16193	16193
16193	16193
16193	16193
16193	16193
16193	16193
16193	16193
16193	16193
16193	16193
16193	16193
16193	16193
16193	16193
16193	16193
16193	16193
16193	16193
16193	16193
16193	16193
16193	16193
16193	16193
16193	16193
16193	16193
16193	16193
16193	16193
16193	16193
16193	16193
16193	0
16193	16193
16193	16193
16193	16193
16193	16193
16193	16193
16193	16193
16193	16193
16193	16193
16193	16193
16193	16193
16193	16193
16193	16193
16193	16193
16193	16193
16193	16193
16193	16193
16193	16193
16193	16193
16193	16193
16193	16193
16193	16193
16193	16193
16193	16193
16193	16193
16193	16193
16193	16193
16193	16193
16193	16193
16193	16193
16193	16193
16193	16193
16193	16193
16193	16193
16193	16193
16193	16193
16189	16188
16183	16176
16165	16147
16116	16072
15997	15886
15714	15462
15105	14631
14025	13294
12461	11580
10699	9885
9178	8622
8218	7946
7771	7654
7555	7447
7312	7152
6972	6794
6631	6501
6424	6409
6463	6588
6777	7015
7291	7585
7864	8114
8311	8437
8480	8442
8328	8153
7936	7704
7485	7300
7170	7111
7124	7205
7349	7535
7745	7964
8172	8358
8516	8646
8760	8881
9042	9277
9617	10074
10654	11327
12061	12808
13520	14160
14703	15138
15469	15708
15873	15983
16053	16096
16126	16141
16154	16162
16169	16174
16178	16181
16186	16187
16188	16192
16193	16193
16193	16193
16193	16193
16193	16193
16193	16193
16193	16193
16193	16193
16193	16193
16193	16193
16193	16193
16193	16193
16193	16193
16193	16193
16193	16193
16193	16193
16193	16193
16193	16193
16193	16193
16193	16193
16193	16193
16193	16193
16193	16193
16193	16193
16193	16193
16193	16193
16193	16193
16193	16193
16193	16193
16193	0
16193	16193
16193	16193
16193	16193
16193	16193
16193	16193
16193	16193
16193	16193
16193	16193
16193	16193
16193	16193
16193	16193
16193	16193
16193	16193
16193	16193
16193	16193
16193	16193
16193	16193
16193	16193
16193	16193
16193	16193
16193	16193
16193	16193
16193	16193
16193	16193
16193	16193
16193	16193
16193	16193
16193	16193
16193	16193
16193	16193
16193	16193
16193	16193
16193	16193
16193	16193
16193	16193
16189	16188
16183	16176
16164	16143
16113	16064
15986	15867
15685	15423
15060	14574
13963	13232
12413	11544
10689	9900
9224	8691
8308	8052
7889	7786
7693	7589
7463	7307
7131	6950
6786	6652
6565	6539
6581	6686
6850	7067
7320	7589
7853	8085
8274	8400
8451	8425
8330	8173
7979	7766
7565	7393
7277	7226
7245	7327
7471	7655
7866	8082
8285	8467
8617	8742
8848	8962
9114	9336
9656	10095
10645	11298
12012	12739
13445	14083
14629	15073
15417	15667
15846	15962
16036	16087
16118	16136
16148	16157
16164	16173
16177	16180
16184	16187
16188	16190
16193	16193
16193	16193
16193	16193
16193	16193
16193	16193
16193	16193
16193	16193
16193	16193
16193	16193
16193	16193
16193	16193
16193	16193
16193	16193
16193	16193
16193	16193
16193	16193
16193	16193
16193	16193
16193	16193
16193	16193
16193	16193
16193	16193
16193	16193
16193	16193
16193	16193
16193	16193
16193	16193
16193	16193
16193	0
16193	16193
16193	16193
16193	16193
16193	16193
16193	16193
16193	16193
16193	16193
16193	16193
16193	16193
16193	16193
16193	16193
16193	16193
16193	16193
16193	16193
16193	16193
16193	16193
16193	16193
16193	16193
16193	16193
16193	16193
16193	16193
16193	16193
16193	16193
16193	16193
16193	16193
16193	16193
16193	16193
16193	16193
16193	16193
16193	16193
16193	16193
16193	16193
16193	16193
16193	16193
16193	16193
16189	16186
16182	16176
16163	16142
16109	16056
15972	15843
15650	15378
14999	14503
13886	13158
12348	11499
10672	9912
9271	8770
8413	8177
8030	7934
7854	7760
7639	7487
7315	7138
6970	6833
6737	6695
6717	6802
6942	7131
7355	7595
7831	8051
8229	8353
8412	8402
8327	8196
8031	7845
7665	7516
7415	7372
7396	7485
7627	7809
8017	8227
8425	8599
8740	8857
8955	9059
9197	9400
9702	10109
10635	11257
11941	12653
13349	13985
14539	14996
15355	15620
15809	15938
16022	16072
16108	16129
16142	16153
16162	16169
16176	16179
16184	16187
16187	16190
16193	16193
16193	16193
16193	16193
16193	16193
16193	16193
16193	16193
16193	16193
16193	16193
16193	16193
16193	16193
16193	16193
16193	16193
16193	16193
16193	16193
16193	16193
16193	16193
16193	16193
16193	16193
16193	16193
16193	16193
16193	16193
16193	16193
16193	16193
16193	16193
16193	16193
16193	16193
16193	16193
16193	16193
16193	0
16193	16193
16193	16193
16193	16193
16193	16193
16193	16193
16193	16193
16193	16193
16193	16193
16193	16193
16193	16193
16193	16193
16193	16193
16193	16193
16193	16193
16193	16193
16193	16193
16193	16193
16193	16193
16193	16193
16193	16193
16193	16193
16193	16193
16193	16193
16193	16193
16193	16193
16193	16193
16193	16193
16193	16193
16193	16193
16193	16193
16193	16193
16193	16193
16193	16193
16193	16193
16193	16193
16189	16186
16181	16173
16160	16138
16101	16045
15955	15817
15613	15325
14934	14422
13798	13070
12271	11445
10648	9928
9323	8857
8526	8316
8186	8101
8028	7943
7828	7685
7520	7345
7177	7031
6928	6872
6874	6930
7046	7201
7393	7604
7815	8011
8177	8299
8368	8378
8326	8226
8092	7937
7785	7658
7576	7547
7581	7671
7814	7994
8195	8397
8584	8746
8878	8987
9070	9162
9286	9470
9743	10123
10614	11203
11862	12553
13237	13873
14435	14907
15284	15566
15770	15909
16002	16058
16096	16119
16137	16146
16158	16164
16172	16177
16182	16186
16187	16190
16193	16193
16193	16193
16193	16193
16193	16193
16193	16193
16193	16193
16193	16193
16193	16193
16193	16193
16193	16193
16193	16193
16193	16193
16193	16193
16193	16193
16193	16193
16193	16193
16193	16193
16193	16193
16193	16193
16193	16193
16193	16193
16193	16193
16193	16193
16193	16193
16193	16193
16193	16193
16193	16193
16193	16193
16193	0
16193	16193
16193	16193
16193	16193
16193	16193
16193	16193
16193	16193
16193	16193
16193	16193
16193	16193
16193	16193
16193	16193
16193	16193
16193	16193
16193	16193
16193	16193
16193	16193
16193	16193
16193	16193
16193	16193
16193	16193
16193	16193
16193	16193
16193	16193
16193	16193
16193	16193
16193	16193
16193	16193
16193	16193
16193	16193
16193	16193
16193	16193
16193	16193
16193	16193
16193	16193
16193	16193
16189	16186
16181	16173
16156	16136
16095	16034
15937	15790
15575	15273
14861	14340
13706	12980
12191	11388
10623	9941
9377	8945
8644	8454
8340	8270
8204	8126
8021	7885
7727	7558
7392	7246
7130	7061
7043	7077
7157	7283
7438	7616
7800	7975
8129	8250
8325	8352
8330	8263
8161	8041
7924	7828
7764	7752
7791	7887
8028	8201
8395	8585
8758	8908
9028	9122
9197	9273
9380	9542
9789	10136
10595	11146
11778	12448
13121	13761
14332	14820
15211	15512
15732	15882
15983	16045
16085	16112
16130	16141
16153	16159
16169	16177
16181	16185
16187	16190
16193	16193
16193	16193
16193	16193
16193	16193
16193	16193
16193	16193
16193	16193
16193	16193
16193	16193
16193	16193
16193	16193
16193	16193
16193	16193
16193	16193
16193	16193
16193	16193
16193	16193
16193	16193
16193	16193
16193	16193
16193	16193
16193	16193
16193	16193
16193	16193
16193	16193
16193	16193
16193	16193
16193	16193
16193	0
16193	16193
16193	16193
16193	16193
16193	16193
16193	16193
16193	16193
16193	16193
16193	16193
16193	16193
16193	16193
16193	16193
16193	16193
16193	16193
16193	16193
16193	16193
16193	16193
16193	16193
16193	16193
16193	16193
16193	16193
16193	16193
16193	16193
16193	16193
16193	16193
16193	16193
16193	16193
16193	16193
16193	16193
16193	16193
16193	16193
16193	16193
16193	16193
16193	16193
16193	16193
16193	16193
16189	16186
16181	16172
16156	16132
16090	16026
15921	15765
15539	15221
14799	14263
13622	12895
12119	11340
10606	9961
9435	9040
8769	8597
8496	8437
8378	8306
8210	8083
7935	7772
7609	7460
7339	7258
7220	7227
7279	7371
7492	7634
7790	7943
8087	8205
8292	8336
8343	8305
8241	8160
8074	8009
7970	7975
8027	8126
8264	8431
8611	8785
8943	9081
9185	9263
9325	9384
9475	9614
9833	10150
10573	11093
11696	12349
13016	13656
14235	14736
15144	15462
15695	15857
15966	16033
16077	16106
16124	16136
16149	16159
16166	16175
16178	16185
16187	16189
16192	16193
16193	16193
16193	16193
16193	16193
16193	16193
16193	16193
16193	16193
16193	16193
16193	16193
16193	16193
16193	16193
16193	16193
16193	16193
16193	16193
16193	16193
16193	16193
16193	16193
16193	16193
16193	16193
16193	16193
16193	16193
16193	16193
16193	16193
16193	16193
16193	16193
16193	16193
16193	16193
16193	16193
16193	0
16193	16193
16193	16193
16193	16193
16193	16193
16193	16193
16193	16193
16193	16193
16193	16193
16193	16193
16193	16193
16193	16193
16193	16193
16193	16193
16193	16193
16193	16193
16193	16193
16193	16193
16193	16193
16193	16193
16193	16193
16193	16193
16193	16193
16193	16193
16193	16193
16193	16193
16193	16193
16193	16193
16193	16193
16193	16193
16193	16193
16193	16193
16193	16193
16193	16193
16193	16193
16193	16193
16189	16187
16181	16172
16156	16131
16090	16021
15911	15749
15512	15184
14748	14201
13554	12828
12064	11306
10599	9992
9500	9135
8888	8734
8647	8592
8541	8476
8389	8272
8133	7981
7825	7679
7555	7461
7406	7389
7416	7471
7558	7671
7800	7933
8060	8178
8271	8336
8365	8362
8332	8291
8239	8204
8192	8214
8279	8380
8514	8669
8836	8994
9139	9255
9342	9406
9455	9501
9573	9693
9886	10176
10567	11057
11634	12269
12926	13566
14157	14671
15093	15423
15666	15836
15950	16023
16070	16097
16120	16132
16146	16155
16165	16173
16178	16184
16187	16189
16191	16193
16193	16193
16193	16193
16193	16193
16193	16193
16193	16193
16193	16193
16193	16193
16193	16193
16193	16193
16193	16193
16193	16193
16193	16193
16193	16193
16193	16193
16193	16193
16193	16193
16193	16193
16193	16193
16193	16193
16193	16193
16193	16193
16193	16193
16193	16193
16193	16193
16193	16193
16193	16193
16193	16193
16193	0
16193	16193
16193	16193
16193	16193
16193	16193
16193	16193
16193	16193
16193	16193
16193	16193
16193	16193
16193	16193
16193	16193
16193	16193
16193	16193
16193	16193
16193	16193
16193	16193
16193	16193
16193	16193
16193	16193
16193	16193
16193	16193
16193	16193
16193	16193
16193	16193
16193	16193
16193	16193
16193	16193
16193	16193
16193	16193
16193	16193
16193	16193
16193	16193
16193	16193
16193	16193
16193	16193
16189	16187
16181	16172
16156	16132
16084	16016
15904	15736
15493	15155
14712	14161
13511	12790
12033	11298
10616	10036
9574	9233
9006	8867
8789	8740
8695	8636
8556	8451
8327	8183
8036	7894
7771	7668
7599	7561
7557	7585
7644	7726
7827	7941
8061	8173
8274	8352
8406	8434
8438	8427
8412	8406
8419	8462
8534	8639
8769	8914
9063	9204
9326	9425
9495	9544
9576	9613
9669	9770
9941	10207
10572	11039
11599	12220
12868	13508
14104	14625
15058	15396
15645	15822
15942	16016
16065	16094
16116	16129
16144	16153
16163	16170
16177	16183
16187	16188
16191	16193
16193	16193
16193	16193
16193	16193
16193	16193
16193	16193
16193	16193
16193	16193
16193	16193
16193	16193
16193	16193
16193	16193
16193	16193
16193	16193
16193	16193
16193	16193
16193	16193
16193	16193
16193	16193
16193	16193
16193	16193
16193	16193
16193	16193
16193	16193
16193	16193
16193	16193
16193	16193
16193	16193
16193	0
16193	16193
16193	16193
16193	16193
16193	16193
16193	16193
16193	16193
16193	16193
16193	16193
16193	16193
16193	16193
16193	16193
16193	16193
16193	16193
16193	16193
16193	16193
16193	16193
16193	16193
16193	16193
16193	16193
16193	16193
16193	16193
16193	16193
16193	16193
16193	16193
16193	16193
16193	16193
16193	16193
16193	16193
16193	16193
16193	16193
16193	16193
16193	16193
16193	16193
16193	16193
16193	16193
16189	16186
16181	16172
16156	16131
16084	16015
15902	15732
15485	15144
14698	14146
13496	12779
12038	11315
10656	10098
9656	9335
9123	8994
8921	8874
8835	8782
8716	8620
8505	8375
8238	8103
7976	7870
7788	7735
7710	7713
7746	7803
7882	7979
8084	8195
8299	8392
8466	8517
8551	8574
8592	8612
8649	8707
8788	8893
9017	9151
9285	9406
9511	9589
9646	9678
9698	9720
9765	9852
10005	10251
10599	11051
11594	12204
12847	13486
14081	14606
15044	15384
15637	15817
15935	16013
16059	16091
16113	16129
16143	16153
16162	16170
16177	16183
16187	16188
16191	16193
16193	16193
16193	16193
16193	16193
16193	16193
16193	16193
16193	16193
16193	16193
16193	16193
16193	16193
16193	16193
16193	16193
16193	16193
16193	16193
16193	16193
16193	16193
16193	16193
16193	16193
16193	16193
16193	16193
16193	16193
16193	16193
16193	16193
16193	16193
16193	16193
16193	16193
16193	16193
16193	16193
16193	0
16193	16193
16193	16193
16193	16193
16193	16193
16193	16193
16193	16193
16193	16193
16193	16193
16193	16193
16193	16193
16193	16193
16193	16193
16193	16193
16193	16193
16193	16193
16193	16193
16193	16193
16193	16193
16193	16193
16193	16193
16193	16193
16193	16193
16193	16193
16193	16193
16193	16193
16193	16193
16193	16193
16193	16193
16193	16193
16193	16193
16193	16193
16193	16193
16193	16193
16193	16193
16193	16193
16189	16186
16181	16173
16157	16133
16086	16017
15904	15736
15489	15152
14706	14157
13516	12808
12074	11365
10717	10175
9744	9438
9232	9112
9040	8998
8963	8919
8857	8774
8675	8555
8428	8298
8177	8066
7977	7909
7865	7850
7860	7897
7957	8040
8139	8247
8354	8453
8543	8614
8674	8722
8765	8814
8869	8941
9030	9135
9255	9376
9492	9597
9682	9747
9786	9803
9810	9821
9852	9929
10076	10311
10647	11086
11624	12226
12864	13498
14093	14615
15048	15390
15643	15820
15938	16013
16063	16090
16112	16127
16139	16152
16162	16169
16177	16183
16187	16188
16190	16193
16193	16193
16193	16193
16193	16193
16193	16193
16193	16193
16193	16193
16193	16193
16193	16193
16193	16193
16193	16193
16193	16193
16193	16193
16193	16193
16193	16193
16193	16193
16193	16193
16193	16193
16193	16193
16193	16193
16193	16193
16193	16193
16193	16193
16193	16193
16193	16193
16193	16193
16193	16193
16193	16193
16193	0
16193	16193
16193	16193
16193	16193
16193	16193
16193	16193
16193	16193
16193	16193
16193	16193
16193	16193
16193	16193
16193	16193
16193	16193
16193	16193
16193	16193
16193	16193
16193	16193
16193	16193
16193	16193
16193	16193
16193	16193
16193	16193
16193	16193
16193	16193
16193	16193
16193	16193
16193	16193
16193	16193
16193	16193
16193	16193
16193	16193
16193	16193
16193	16193
16193	16193
16193	16193
16193	16193
16189	16186
16181	16173
16159	16134
16090	16021
15913	15747
15508	15175
14737	14197
13565	12869
12142	11443
10805	10264
9844	9538
9336	9218
9151	9112
9081	9042
8992	8920
8831	8723
8606	8484
8364	8253
8157	8078
8024	7989
7987	8006
8056	8129
8218	8321
8430	8534
8636	8722
8799	8867
8934	8999
9073	9156
9250	9357
9466	9576
9679	9767
9838	9886
9909	9915
9911	9912
9937	10007
10147	10379
10713	11152
11684	12283
12918	13548
14134	14649
15072	15409
15653	15827
15941	16015
16062	16090
16114	16128
16142	16152
16163	16170
16177	16183
16187	16188
16191	16193
16193	16193
16193	16193
16193	16193
16193	16193
16193	16193
16193	16193
16193	16193
16193	16193
16193	16193
16193	16193
16193	16193
16193	16193
16193	16193
16193	16193
16193	16193
16193	16193
16193	16193
16193	16193
16193	16193
16193	16193
16193	16193
16193	16193
16193	16193
16193	16193
16193	16193
16193	16193
16193	16193
16193	0
16193	16193
16193	16193
16193	16193
16193	16193
16193	16193
16193	16193
16193	16193
16193	16193
16193	16193
16193	16193
16193	16193
16193	16193
16193	16193
16193	16193
16193	16193
16193	16193
16193	16193
16193	16193
16193	16193
16193	16193
16193	16193
16193	16193
16193	16193
16193	16193
16193	16193
16193	16193
16193	16193
16193	16193
16193	16193
16193	16193
16193	16193
16193	16193
16193	16193
16193	16193
16193	16193
16190	16186
16182	16173
16159	16134
16097	16029
15924	15765
15534	15210
14788	14261
13642	12955
12241	11544
10907	10368
9944	9635
9433	9310
9247	9212
9188	9157
9113	9050
8971	8873
8765	8651
8536	8423
8323	8235
8172	8131
8114	8128
8168	8232
8316	8414
8522	8630
8733	8829
8920	9001
9082	9165
9247	9341
9437	9544
9648	9750
9841	9916
9971	10004
10015	10009
9997	9992
10012	10080
10222	10455
10796	11238
11774	12375
13005	13627
14204	14706
15118	15438
15677	15838
15951	16020
16066	16092
16115	16129
16143	16153
16163	16170
16177	16183
16187	16188
16191	16193
16193	16193
16193	16193
16193	16193
16193	16193
16193	16193
16193	16193
16193	16193
16193	16193
16193	16193
16193	16193
16193	16193
16193	16193
16193	16193
16193	16193
16193	16193
16193	16193
16193	16193
16193	16193
16193	16193
16193	16193
16193	16193
16193	16193
16193	16193
16193	16193
16193	16193
16193	16193
16193	16193
16193	0
16193	16193
16193	16193
16193	16193
16193	16193
16193	16193
16193	16193
16193	16193
16193	16193
16193	16193
16193	16193
16193	16193
16193	16193
16193	16193
16193	16193
16193	16193
16193	16193
16193	16193
16193	16193
16193	16193
16193	16193
16193	16193
16193	16193
16193	16193
16193	16193
16193	16193
16193	16193
16193	16193
16193	16193
16193	16193
16193	16193
16193	16193
16193	16193
16193	16193
16193	16193
16193	16193
16190	16188
16182	16174
16162	16139
16103	16038
15940	15790
15569	15263
14854	14345
13742	13068
12363	11669
11030	10484
10048	9733
9522	9397
9330	9298
9279	9256
9219	9169
9096	9006
8906	8795
8682	8570
8465	8377
8306	8257
8238	8242
8280	8340
8421	8521
8626	8731
8835	8932
9027	9116
9205	9295
9391	9488
9590	9694
9795	9889
9970	10033
10077	10099
10098	10082
10067	10058
10075	10149
10299	10544
10892	11345
11889	12494
13122	13735
14296	14781
15179	15482
15706	15860
15965	16029
16071	16097
16119	16133
16146	16154
16165	16170
16178	16184
16187	16189
16191	16193
16193	16193
16193	16193
16193	16193
16193	16193
16193	16193
16193	16193
16193	16193
16193	16193
16193	16193
16193	16193
16193	16193
16193	16193
16193	16193
16193	16193
16193	16193
16193	16193
16193	16193
16193	16193
16193	16193
16193	16193
16193	16193
16193	16193
16193	16193
16193	16193
16193	16193
16193	16193
16193	16193
16193	0
16193	16193
16193	16193
16193	16193
16193	16193
16193	16193
16193	16193
16193	16193
16193	16193
16193	16193
16193	16193
16193	16193
16193	16193
16193	16193
16193	16193
16193	16193
16193	16193
16193	16193
16193	16193
16193	16193
16193	16193
16193	16193
16193	16193
16193	16193
16193	16193
16193	16193
16193	16193
16193	16193
16193	16193
16193	16193
16193	16193
16193	16193
16193	16193
16193	16193
16193	16193
16193	16193
16191	16188
16183	16176
16162	16143
16109	16048
15954	15815
15610	15318
14932	14444
13861	13203
12506	11816
11171	10614
10164	9832
9610	9478
9407	9374
9358	9341
9312	9269
9203	9120
9022	8914
8803	8691
8585	8492
8416	8366
8343	8349
8382	8446
8528	8621
8723	8825
8921	9018
9110	9201
9293	9389
9491	9595
9702	9806
9904	9991
10066	10122
10155	10168
10162	10141
10119	10109
10136	10218
10379	10638
11005	11476
12031	12637
13260	13860
14405	14870
15245	15532
15740	15885
15979	16040
16078	16104
16121	16135
16148	16159
16166	16174
16178	16185
16187	16189
16192	16193
16193	16193
16193	16193
16193	16193
16193	16193
16193	16193
16193	16193
16193	16193
16193	16193
16193	16193
16193	16193
16193	16193
16193	16193
16193	16193
16193	16193
16193	16193
16193	16193
16193	16193
16193	16193
16193	16193
16193	16193
16193	16193
16193	16193
16193	16193
16193	16193
16193	16193
16193	16193
16193	16193
16193	0
16193	16193
16193	16193
16193	16193
16193	16193
16193	16193
16193	16193
16193	16193
16193	16193
16193	16193
16193	16193
16193	16193
16193	16193
16193	16193
16193	16193
16193	16193
16193	16193
16193	16193
16193	16193
16193	16193
16193	16193
16193	16193
16193	16193
16193	16193
16193	16193
16193	16193
16193	16193
16193	16193
16193	16193
16193	16193
16193	16193
16193	16193
16193	16193
16193	16193
16193	16193
16193	16193
16191	16188
16184	16177
16165	16147
16115	16061
15976	15845
15654	15385
15021	14559
13997	13359
12677	11984
11335	10766
10296	9945
9705	9560
9478	9446
9428	9413
9390	9348
9288	9209
9113	9007
8894	8779
8671	8575
8498	8448
8424	8433
8473	8534
8617	8709
8802	8900
8989	9076
9162	9250
9340	9441
9546	9655
9764	9872
9971	10056
10125	10176
10206	10212
10201	10179
10157	10153
10189	10286
10470	10749
11138	11625
12192	12800
13419	14004
14526	14970
15323	15589
15779	15910
15997	16052
16085	16111
16127	16138
16152	16160
16168	16175
16181	16186
16187	16190
16193	16193
16193	16193
16193	16193
16193	16193
16193	16193
16193	16193
16193	16193
16193	16193
16193	16193
16193	16193
16193	16193
16193	16193
16193	16193
16193	16193
16193	16193
16193	16193
16193	16193
16193	16193
16193	16193
16193	16193
16193	16193
16193	16193
16193	16193
16193	16193
16193	16193
16193	16193
16193	16193
16193	16193
16193	0
16193	16193
16193	16193
16193	16193
16193	16193
16193	16193
16193	16193
16193	16193
16193	16193
16193	16193
16193	16193
16193	16193
16193	16193
16193	16193
16193	16193
16193	16193
16193	16193
16193	16193
16193	16193
16193	16193
16193	16193
16193	16193
16193	16193
16193	16193
16193	16193
16193	16193
16193	16193
16193	16193
16193	16193
16193	16193
16193	16193
16193	16193
16193	16193
16193	16193
16193	16193
16193	16193
16192	16189
16185	16180
16169	16149
16121	16072
15996	15875
15702	15454
15116	14679
14146	13532
12865	12179
11528	10941
10453	10078
9818	9653
9558	9512
9493	9474
9451	9411
9352	9276
9181	9073
8955	8839
8723	8622
8544	8491
8471	8483
8526	8592
8677	8766
8856	8942
9025	9101
9178	9258
9350	9452
9558	9670
9785	9897
9998	10086
10153	10200
10223	10231
10219	10201
10188	10197
10250	10369
10576	10887
11297	11803
12378	12986
13594	14162
14659	15076
15401	15646
15821	15937
16015	16066
16096	16118
16134	16145
16157	16164
16172	16177
16181	16186
16187	16190
16193	16193
16193	16193
16193	16193
16193	16193
16193	16193
16193	16193
16193	16193
16193	16193
16193	16193
16193	16193
16193	16193
16193	16193
16193	16193
16193	16193
16193	16193
16193	16193
16193	16193
16193	16193
16193	16193
16193	16193
16193	16193
16193	16193
16193	16193
16193	16193
16193	16193
16193	16193
16193	16193
16193	16193
16193	0
16193	16193
16193	16193
16193	16193
16193	16193
16193	16193
16193	16193
16193	16193
16193	16193
16193	16193
16193	16193
16193	16193
16193	16193
16193	16193
16193	16193
16193	16193
16193	16193
16193	16193
16193	16193
16193	16193
16193	16193
16193	16193
16193	16193
16193	16193
16193	16193
16193	16193
16193	16193
16193	16193
16193	16193
16193	16193
16193	16193
16193	16193
16193	16193
16193	16193
16193	16193
16193	16193
16192	16189
16186	16180
16168	16153
16126	16084
16016	15909
15753	15525
15213	14810
14309	13722
13077	12405
11749	11153
10646	10248
9956	9764
9647	9586
9554	9529
9499	9456
9394	9314
9217	9105
8984	8861
8738	8634
8550	8496
8479	8493
8538	8610
8697	8784
8869	8946
9017	9081
9151	9223
9311	9411
9522	9641
9761	9877
9985	10073
10144	10192
10221	10230
10226	10216
10219	10248
10326	10477
10715	11053
11489	12011
12589	13194
13783	14327
14800	15186
15483	15707
15864	15968
16037	16078
16109	16129
16141	16151
16162	16168
16176	16179
16185	16187
16188	16190
16193	16193
16193	16193
16193	16193
16193	16193
16193	16193
16193	16193
16193	16193
16193	16193
16193	16193
16193	16193
16193	16193
16193	16193
16193	16193
16193	16193
16193	16193
16193	16193
16193	16193
16193	16193
16193	16193
16193	16193
16193	16193
16193	16193
16193	16193
16193	16193
16193	16193
16193	16193
16193	16193
16193	16193
16193	0
16193	16193
16193	16193
16193	16193
16193	16193
16193	16193
16193	16193
16193	16193
16193	16193
16193	16193
16193	16193
16193	16193
16193	16193
16193	16193
16193	16193
16193	16193
16193	16193
16193	16193
16193	16193
16193	16193
16193	16193
16193	16193
16193	16193
16193	16193
16193	16193
16193	16193
16193	16193
16193	16193
16193	16193
16193	16193
16193	16193
16193	16193
16193	16193
16193	16193
16193	16193
16193	16193
16193	16189
16186	16181
16172	16157
16136	16095
16038	15943
15802	15598
15319	14946
14482	13930
13309	12659
12012	11410
10886	10462
10140	9917
9770	9681
9626	9582
9540	9485
9420	9333
9229	9109
8979	8847
8720	8605
8516	8461
8440	8456
8505	8577
8663	8749
8832	8898
8963	9018
9076	9145
9229	9330
9445	9570
9698	9823
9936	10035
10108	10165
10198	10218
10227	10235
10258	10319
10430	10614
10888	11256
11715	12249
12825	13421
13989	14501
14939	15296
15569	15768
15904	15998
16054	16094
16121	16136
16148	16157
16163	16173
16177	16181
16186	16187
16189	16191
16193	16193
16193	16193
16193	16193
16193	16193
16193	16193
16193	16193
16193	16193
16193	16193
16193	16193
16193	16193
16193	16193
16193	16193
16193	16193
16193	16193
16193	16193
16193	16193
16193	16193
16193	16193
16193	16193
16193	16193
16193	16193
16193	16193
16193	16193
16193	16193
16193	16193
16193	16193
16193	16193
16193	16193
16193	0
16193	16193
16193	16193
16193	16193
16193	16193
16193	16193
16193	16193
16193	16193
16193	16193
16193	16193
16193	16193
16193	16193
16193	16193
16193	16193
16193	16193
16193	16193
16193	16193
16193	16193
16193	16193
16193	16193
16193	16193
16193	16193
16193	16193
16193	16193
16193	16193
16193	16193
16193	16193
16193	16193
16193	16193
16193	16193
16193	16193
16193	16193
16193	16193
16193	16193
16193	16193
16193	16193
16193	16189
16186	16182
16175	16162
16142	16108
16057	15974
15854	15671
15424	15088
14662	14151
13569	12944
12311	11712
11177	10726
10371	10110
9926	9800
9712	9642
9576	9507
9428	9330
9216	9089
8953	8807
8669	8547
8446	8383
8361	8374
8424	8493
8580	8662
8742	8806
8859	8908
8962	9024
9108	9214
9336	9467
9604	9741
9862	9967
10054	10116
10164	10196
10223	10262
10320	10417
10569	10796
11107	11504
11982	12522
13094	13664
14202	14680
15086	15407
15650	15823
15945	16023
16075	16110
16131	16144
16155	16163
16170	16176
16180	16185
16187	16188
16189	16193
16193	16193
16193	16193
16193	16193
16193	16193
16193	16193
16193	16193
16193	16193
16193	16193
16193	16193
16193	16193
16193	16193
16193	16193
16193	16193
16193	16193
16193	16193
16193	16193
16193	16193
16193	16193
16193	16193
16193	16193
16193	16193
16193	16193
16193	16193
16193	16193
16193	16193
16193	16193
16193	16193
16193	16193
16193	0
16193	16193
16193	16193
16193	16193
16193	16193
16193	16193
16193	16193
16193	16193
16193	16193
16193	16193
16193	16193
16193	16193
16193	16193
16193	16193
16193	16193
16193	16193
16193	16193
16193	16193
16193	16193
16193	16193
16193	16193
16193	16193
16193	16193
16193	16193
16193	16193
16193	16193
16193	16193
16193	16193
16193	16193
16193	16193
16193	16193
16193	16193
16193	16193
16193	16193
16193	16193
16193	16193
16193	16189
16187	16184
16175	16166
16148	16120
16075	16006
15903	15746
15528	15233
14849	14384
13846	13255
12651	12063
11519	11049
10664	10356
10126	9953
9822	9713
9618	9526
9427	9317
9189	9049
8898	8742
8588	8457
8347	8274
8244	8254
8299	8370
8450	8533
8604	8665
8715	8758
8809	8873
8959	9066
9196	9338
9485	9629
9764	9885
9979	10058
10124	10180
10236	10309
10408	10550
10751	11022
11372	11798
12288	12826
13381	13925
14426	14864
15229	15513
15725	15878
15980	16049
16094	16122
16139	16154
16163	16170
16175	16181
16183	16186
16188	16189
16191	16193
16193	16193
16193	16193
16193	16193
16193	16193
16193	16193
16193	16193
16193	16193
16193	16193
16193	16193
16193	16193
16193	16193
16193	16193
16193	16193
16193	16193
16193	16193
16193	16193
16193	16193
16193	16193
16193	16193
16193	16193
16193	16193
16193	16193
16193	16193
16193	16193
16193	16193
16193	16193
16193	16193
16193	16193
16193	0
16193	16193
16193	16193
16193	16193
16193	16193
16193	16193
16193	16193
16193	16193
16193	16193
16193	16193
16193	16193
16193	16193
16193	16193
16193	16193
16193	16193
16193	16193
16193	16193
16193	16193
16193	16193
16193	16193
16193	16193
16193	16193
16193	16193
16193	16193
16193	16193
16193	16193
16193	16193
16193	16193
16193	16193
16193	16193
16193	16193
16193	16193
16193	16193
16193	16193
16193	16193
16193	16193
16193	16190
16187	16184
16177	16168
16156	16132
16096	16035
15949	15817
15629	15374
15038	14620
14132	13590
13018	12451
11912	11425
11007	10655
10369	10142
9956	9804
9670	9544
9420	9290
9148	8993
8828	8660
8495	8346
8225	8143
8103	8105
8144	8210
8286	8363
8434	8490
8539	8583
8637	8701
8789	8901
9037	9187
9345	9505
9651	9784
9897	9996
10086	10170
10263	10377
10525	10721
10975	11294
11679	12128
12628	13153
13683	14189
14649	15043
15364	15614
15797	15924
16015	16072
16111	16133
16151	16162
16169	16173
16181	16183
16186	16188
16189	16191
16193	16193
16193	16193
16193	16193
16193	16193
16193	16193
16193	16193
16193	16193
16193	16193
16193	16193
16193	16193
16193	16193
16193	16193
16193	16193
16193	16193
16193	16193
16193	16193
16193	16193
16193	16193
16193	16193
16193	16193
16193	16193
16193	16193
16193	16193
16193	16193
16193	16193
16193	16193
16193	16193
16193	16193
16193	16193
16193	0
16193	16193
16193	16193
16193	16193
16193	16193
16193	16193
16193	16193
16193	16193
16193	16193
16193	16193
16193	16193
16193	16193
16193	16193
16193	16193
16193	16193
16193	16193
16193	16193
16193	16193
16193	16193
16193	16193
16193	16193
16193	16193
16193	16193
16193	16193
16193	16193
16193	16193
16193	16193
16193	16193
16193	16193
16193	16193
16193	16193
16193	16193
16193	16193
16193	16193
16193	16193
16193	16193
16193	16190
16187	16186
16181	16172
16162	16140
16111	16062
15991	15882
15726	15508
15218	14856
14422	13934
13408	12866
12339	11841
11395	11002
10659	10371
10126	9917
9736	9569
9416	9260
9101	8931
8753	8570
8391	8229
8099	8004
7953	7946
7977	8034
8107	8179
8249	8306
8354	8398
8454	8523
8616	8734
8878	9036
9207	9377
9537	9682
9814	9937
10052	10172
10307	10473
10678	10929
11236	11602
12026	12493
12988	13496
13996	14460
14869	15217
15497	15708
15861	15970
16044	16095
16124	16146
16158	16168
16173	16180
16182	16187
16188	16189
16190	16192
16193	16193
16193	16193
16193	16193
16193	16193
16193	16193
16193	16193
16193	16193
16193	16193
16193	16193
16193	16193
16193	16193
16193	16193
16193	16193
16193	16193
16193	16193
16193	16193
16193	16193
16193	16193
16193	16193
16193	16193
16193	16193
16193	16193
16193	16193
16193	16193
16193	16193
16193	16193
16193	16193
16193	16193
16193	16193
16193	0
16193	16193
16193	16193
16193	16193
16193	16193
16193	16193
16193	16193
16193	16193
16193	16193
16193	16193
16193	16193
16193	16193
16193	16193
16193	16193
16193	16193
16193	16193
16193	16193
16193	16193
16193	16193
16193	16193
16193	16193
16193	16193
16193	16193
16193	16193
16193	16193
16193	16193
16193	16193
16193	16193
16193	16193
16193	16193
16193	16193
16193	16193
16193	16193
16193	16193
16193	16193
16193	16193
16193	16190
16187	16187
16182	16174
16165	16149
16127	16088
16029	15942
15812	15630
15390	15081
14703	14272
13797	13293
12782	12282
11811	11376
10978	10626
10316	10044
9810	9603
9414	9233
9052	8867
8673	8477
8287	8113
7970	7867
7806	7789
7812	7864
7931	7999
8067	8124
8175	8223
8279	8354
8452	8576
8724	8893
9070	9249
9424	9586
9737	9884
10031	10190
10371	10591
10856	11169
11534	11942
12393	12871
13362	13846
14305	14720
15082	15380
15618	15793
15923	16012
16073	16111
16138	16154
16166	16173
16179	16182
16187	16188
16189	16191
16192	16192
16193	16193
16193	16193
16193	16193
16193	16193
16193	16193
16193	16193
16193	16193
16193	16193
16193	16193
16193	16193
16193	16193
16193	16193
16193	16193
16193	16193
16193	16193
16193	16193
16193	16193
16193	16193
16193	16193
16193	16193
16193	16193
16193	16193
16193	16193
16193	16193
16193	16193
16193	16193
16193	16193
16193	16193
16193	16193
16193	0
16193	16193
16193	16193
16193	16193
16193	16193
16193	16193
16193	16193
16193	16193
16193	16193
16193	16193
16193	16193
16193	16193
16193	16193
16193	16193
16193	16193
16193	16193
16193	16193
16193	16193
16193	16193
16193	16193
16193	16193
16193	16193
16193	16193
16193	16193
16193	16193
16193	16193
16193	16193
16193	16193
16193	16193
16193	16193
16193	16193
16193	16193
16193	16193
16193	16193
16193	16193
16193	16193
16193	16191
16188	16187
16182	16176
16171	16156
16136	16107
16061	15989
15886	15740
15544	15288
14972	14596
14173	13711
13224	12728
12240	11764
11316	10900
10524	10192
9901	9646
9420	9212
9009	8809
8602	8396
8199	8014
7861	7748
7681	7658
7673	7718
7777	7845
7908	7966
8018	8068
8131	8207
8310	8436
8590	8764
8947	9138
9324	9501
9674	9844
10024	10224
10458	10732
11053	11425
11845	12296
12770	13254
13731	14186
14604	14969
15280	15533
15728	15871
15977	16047
16095	16127
16149	16161
16170	16179
16183	16187
16189	16189
16191	16192
16192	16192
16193	16193
16193	16193
16193	16193
16193	16193
16193	16193
16193	16193
16193	16193
16193	16193
16193	16193
16193	16193
16193	16193
16193	16193
16193	16193
16193	16193
16193	16193
16193	16193
16193	16193
16193	16193
16193	16193
16193	16193
16193	16193
16193	16193
16193	16193
16193	16193
16193	16193
16193	16193
16193	16193
16193	16193
16193	16193
16193	0
16193	16193
16193	16193
16193	16193
16193	16193
16193	16193
16193	16193
16193	16193
16193	16193
16193	16193
16193	16193
16193	16193
16193	16193
16193	16193
16193	16193
16193	16193
16193	16193
16193	16193
16193	16193
16193	16193
16193	16193
16193	16193
16193	16193
16193	16193
16193	16193
16193	16193
16193	16193
16193	16193
16193	16193
16193	16193
16193	16193
16193	16193
16193	16193
16193	16193
16193	16193
16193	16193
16193	16192
16188	16187
16185	16178
16173	16162
16148	16124
16088	16034
15953	15835
15678	15471
15207	14888
14516	14101
13639	13158
12654	12148
11651	11176
10735	10341
9996	9695
9436	9196
8975	8759
8543	8330
8124	7934
7779	7661
7585	7555
7563	7603
7660	7725
7787	7847
7899	7953
8015	8095
8199	8329
8484	8658
8847	9043
9237	9430
9621	9817
10027	10270
10552	10881
11263	11691
12154	12642
13137	13620
14080	14500
14874	15195
15456	15666
15825	15940
16023	16078
16117	16141
16158	16169
16176	16182
16187	16188
16189	16191
16192	16192
16192	16193
16193	16193
16193	16193
16193	16193
16193	16193
16193	16193
16193	16193
16193	16193
16193	16193
16193	16193
16193	16193
16193	16193
16193	16193
16193	16193
16193	16193
16193	16193
16193	16193
16193	16193
16193	16193
16193	16193
16193	16193
16193	16193
16193	16193
16193	16193
16193	16193
16193	16193
16193	16193
16193	16193
16193	16193
16193	16193
16193	0
16193	16193
16193	16193
16193	16193
16193	16193
16193	16193
16193	16193
16193	16193
16193	16193
16193	16193
16193	16193
16193	16193
16193	16193
16193	16193
16193	16193
16193	16193
16193	16193
16193	16193
16193	16193
16193	16193
16193	16193
16193	16193
16193	16193
16193	16193
16193	16193
16193	16193
16193	16193
16193	16193
16193	16193
16193	16193
16193	16193
16193	16193
16193	16193
16193	16193
16193	16193
16193	16193
16193	16192
16189	16187
16186	16180
16175	16167
16154	16135
16105	16064
16003	15911
15789	15624
15407	15140
14819	14442
14016	13541
13033	12497
11960	11433
10938	10488
10090	9749
9455	9193
8956	8729
8506	8287
8077	7888
7728	7607
7531	7498
7502	7537
7590	7652
7714	7771
7828	7882
7947	8027
8128	8258
8410	8586
8778	8975
9177	9381
9585	9804
10046	10329
10654	11039
11471	11951
12456	12973
13477	13958
14396	14784
15113	15391
15609	15780
15905	15998
16061	16105
16134	16153
16165	16175
16182	16186
16188	16189
16192	16192
16192	16192
16193	16193
16193	16193
16193	16193
16193	16193
16193	16193
16193	16193
16193	16193
16193	16193
16193	16193
16193	16193
16193	16193
16193	16193
16193	16193
16193	16193
16193	16193
16193	16193
16193	16193
16193	16193
16193	16193
16193	16193
16193	16193
16193	16193
16193	16193
16193	16193
16193	16193
16193	16193
16193	16193
16193	16193
16193	16193
16193	16193
16193	0
16193	16193
16193	16193
16193	16193
16193	16193
16193	16193
16193	16193
16193	16193
16193	16193
16193	16193
16193	16193
16193	16193
16193	16193
16193	16193
16193	16193
16193	16193
16193	16193
16193	16193
16193	16193
16193	16193
16193	16193
16193	16193
16193	16193
16193	16193
16193	16193
16193	16193
16193	16193
16193	16193
16193	16193
16193	16193
16193	16193
16193	16193
16193	16193
16193	16193
16193	16193
16193	16193
16193	16192
16189	16187
16186	16182
16177	16169
16159	16144
16121	16088
16040	15971
15878	15746
15575	15349
15072	14733
14333	13873
13359	12810
12234	11664
11122	10621
10181	9804
9480	9199
8947	8715
8488	8272
8065	7875
7719	7596
7521	7485
7487	7519
7569	7629
7688	7747
7804	7860
7924	8005
8103	8229
8378	8549
8742	8935
9138	9349
9567	9805
10073	10387
10755	11184
11666	12186
12727	13265
13779	14251
14669	15024
15320	15555
15737	15873
15974	16043
16092	16126
16148	16163
16173	16182
16185	16188
16189	16192
16192	16192
16192	16193
16193	16193
16193	16193
16193	16193
16193	16193
16193	16193
16193	16193
16193	16193
16193	16193
16193	16193
16193	16193
16193	16193
16193	16193
16193	16193
16193	16193
16193	16193
16193	16193
16193	16193
16193	16193
16193	16193
16193	16193
16193	16193
16193	16193
16193	16193
16193	16193
16193	16193
16193	16193
16193	16193
16193	16193
16193	16193
16193	16193
16193	0
16193	16193
16193	16193
16193	16193
16193	16193
16193	16193
16193	16193
16193	16193
16193	16193
16193	16193
16193	16193
16193	16193
16193	16193
16193	16193
16193	16193
16193	16193
16193	16193
16193	16193
16193	16193
16193	16193
16193	16193
16193	16193
16193	16193
16193	16193
16193	16193
16193	16193
16193	16193
16193	16193
16193	16193
16193	16193
16193	16193
16193	16193
16193	16193
16193	16193
16193	16193
16193	16193
16193	16192
16189	16187
16186	16181
16177	16171
16162	16149
16131	16105
16069	16016
15940	15838
15696	15512
15269	14962
14588	14139
13625	13059
12459	11853
11273	10734
10261	9853
9508	9212
8955	8720
8497	8283
8079	7899
7746	7629
7552	7516
7518	7547
7592	7652
7711	7770
7828	7883
7946	8025
8123	8243
8387	8552
8733	8926
9127	9338
9562	9813
10103	10447
10851	11319
11838	12395
12964	13518
14039	14500
14894	15225
15486	15688
15839	15950
16027	16082
16120	16143
16161	16171
16179	16185
16187	16189
16191	16192
16192	16192
16193	16193
16193	16193
16193	16193
16193	16193
16193	16193
16193	16193
16193	16193
16193	16193
16193	16193
16193	16193
16193	16193
16193	16193
16193	16193
16193	16193
16193	16193
16193	16193
16193	16193
16193	16193
16193	16193
16193	16193
16193	16193
16193	16193
16193	16193
16193	16193
16193	16193
16193	16193
16193	16193
16193	16193
16193	16193
16193	16193
16193	16193
16193	0
16193	16193
16193	16193
16193	16193
16193	16193
16193	16193
16193	16193
16193	16193
16193	16193
16193	16193
16193	16193
16193	16193
16193	16193
16193	16193
16193	16193
16193	16193
16193	16193
16193	16193
16193	16193
16193	16193
16193	16193
16193	16193
16193	16193
16193	16193
16193	16193
16193	16193
16193	16193
16193	16193
16193	16193
16193	16193
16193	16193
16193	16193
16193	16193
16193	16193
16193	16193
16193	16193
16193	16192
16189	16187
16186	16181
16177	16171
16163	16151
16137	16116
16087	16045
15988	15906
15790	15631
15416	15135
14781	14341
13827	13250
12629	11998
11389	10820
10322	9892
9533	9230
8970	8738
8525	8317
8128	7953
7810	7696
7623	7585
7585	7608
7654	7708
7765	7824
7882	7943
8009	8085
8180	8296
8431	8586
8756	8943
9133	9342
9566	9827
10133	10500
10934	11431
11981	12567
13157	13724
14244	14695
15074	15378
15615	15790
15917	16007
16069	16110
16138	16156
16169	16178
16183	16187
16188	16190
16192	16192
16193	16193
16193	16193
16193	16193
16193	16193
16193	16193
16193	16193
16193	16193
16193	16193
16193	16193
16193	16193
16193	16193
16193	16193
16193	16193
16193	16193
16193	16193
16193	16193
16193	16193
16193	16193
16193	16193
16193	16193
16193	16193
16193	16193
16193	16193
16193	16193
16193	16193
16193	16193
16193	16193
16193	16193
16193	16193
16193	16193
16193	16193
16193	16193
16193	0
16193	16193
16193	16193
16193	16193
16193	16193
16193	16193
16193	16193
16193	16193
16193	16193
16193	16193
16193	16193
16193	16193
16193	16193
16193	16193
16193	16193
16193	16193
16193	16193
16193	16193
16193	16193
16193	16193
16193	16193
16193	16193
16193	16193
16193	16193
16193	16193
16193	16193
16193	16193
16193	16193
16193	16193
16193	16193
16193	16193
16193	16193
16193	16193
16193	16193
16193	16193
16193	16193
16193	16192
16189	16187
16186	16181
16176	16170
16164	16152
16142	16123
16099	16066
16021	15953
15854	15715
15522	15256
14913	14484
13969	13383
12749	12102
11468	10882
10363	9921
9555	9252
8999	8775
8569	8378
8201	8040
7903	7797
7723	7687
7680	7699
7735	7789
7843	7903
7963	8025
8094	8174
8267	8378
8506	8647
8809	8978
9161	9356
9581	9844
10159	10541
10998	11520
12096	12701
13305	13880
14400	14843
15208	15494
15709	15863
15975	16049
16098	16131
16155	16166
16175	16182
16187	16188
16189	16192
16192	16193
16193	16193
16193	16193
16193	16193
16193	16193
16193	16193
16193	16193
16193	16193
16193	16193
16193	16193
16193	16193
16193	16193
16193	16193
16193	16193
16193	16193
16193	16193
16193	16193
16193	16193
16193	16193
16193	16193
16193	16193
16193	16193
16193	16193
16193	16193
16193	16193
16193	16193
16193	16193
16193	16193
16193	16193
16193	16193
16193	16193
16193	16193
16193	16193
16193	0
16193	16193
16193	16193
16193	16193
16193	16193
16193	16193
16193	16193
16193	16193
16193	16193
16193	16193
16193	16193
16193	16193
16193	16193
16193	16193
16193	16193
16193	16193
16193	16193
16193	16193
16193	16193
16193	16193
16193	16193
16193	16193
16193	16193
16193	16193
16193	16193
16193	16193
16193	16193
16193	16193
16193	16193
16193	16193
16193	16193
16193	16193
16193	16193
16193	16193
16193	16193
16193	16193
16193	16192
16189	16187
16186	16181
16177	16172
16164	16154
16142	16129
16109	16079
16040	15983
15896	15769
15588	15336
14999	14571
14054	13464
12819	12155
11511	10912
10385	9937
9569	9269
9026	8817
8627	8453
8291	8146
8019	7917
7843	7801
7789	7797
7828	7871
7925	7985
8050	8118
8195	8278
8373	8478
8601	8732
8876	9027
9195	9379
9599	9857
10180	10572
11042	11583
12178	12798
13415	13994
14512	14949
15305	15574
15773	15916
16013	16076
16119	16146
16163	16173
16182	16187
16188	16189
16192	16192
16193	16193
16193	16193
16193	16193
16193	16193
16193	16193
16193	16193
16193	16193
16193	16193
16193	16193
16193	16193
16193	16193
16193	16193
16193	16193
16193	16193
16193	16193
16193	16193
16193	16193
16193	16193
16193	16193
16193	16193
16193	16193
16193	16193
16193	16193
16193	16193
16193	16193
16193	16193
16193	16193
16193	16193
16193	16193
16193	16193
16193	16193
16193	16192
16192	16192
16192	0
16192	16193
16192	16193
16193	16193
16193	16193
16193	16193
16193	16193
16193	16193
16193	16193
16193	16193
16193	16193
16193	16193
16193	16193
16193	16193
16193	16193
16193	16193
16193	16193
16193	16193
16193	16193
16193	16193
16193	16193
16193	16193
16193	16193
16193	16193
16193	16193
16193	16193
16193	16193
16193	16193
16193	16193
16193	16193
16193	16193
16193	16193
16193	16193
16193	16193
16193	16193
16193	16193
16193	16192
16190	16187
16186	16181
16177	16172
16163	16155
16144	16130
16114	16089
16053	16001
15921	15801
15624	15377
15041	14614
14094	13498
12845	12175
11520	10913
10383	9936
9573	9284
9050	8858
8689	8534
8391	8259
8141	8045
7971	7920
7895	7891
7911	7945
7994	8054
8124	8203
8285	8378
8477	8584
8697	8821
8949	9083
9233	9404
9609	9865
10186	10586
11065	11622
12226	12860
13483	14070
14584	15019
15365	15627
15818	15949
16037	16097
16133	16156
16169	16178
16183	16187
16188	16190
16192	16193
16193	16193
16193	16193
16193	16193
16193	16193
16193	16193
16193	16193
16193	16193
16193	16193
16193	16193
16193	16193
16193	16193
16193	16193
16193	16193
16193	16193
16193	16193
16193	16193
16193	16193
16193	16193
16193	16193
16193	16193
16193	16193
16193	16193
16193	16193
16193	16193
16193	16193
16193	16193
16193	16193
16193	16193
16193	16193
16193	16193
16193	16192
16192	16191
16190	16189
16189	0
16187	16192
16190	16192
16192	16193
16193	16193
16193	16193
16193	16193
16193	16193
16193	16193
16193	16193
16193	16193
16193	16193
16193	16193
16193	16193
16193	16193
16193	16193
16193	16193
16193	16193
16193	16193
16193	16193
16193	16193
16193	16193
16193	16193
16193	16193
16193	16193
16193	16193
16193	16193
16193	16193
16193	16193
16193	16193
16193	16193
16193	16193
16193	16193
16193	16193
16193	16193
16193	16193
16193	16192
16190	16187
16186	16181
16178	16172
16164	16157
16145	16134
16116	16094
16062	16013
15935	15818
15641	15396
15060	14629
14104	13499
12840	12162
11502	10896
10364	9922
9564	9288
9070	8896
8746	8614
8488	8371
8262	8166
8088	8029
7985	7966
7969	7993
8038	8098
8175	8265
8363	8466
8573	8682
8794	8906
9017	9136
9268	9424
9615	9867
10184	10588
11073	11635
12252	12893
13524	14110
14629	15059
15399	15656
15844	15968
16054	16105
16141	16163
16175	16180
16187	16187
16190	16191
16193	16193
16193	16193
16193	16193
16193	16193
16193	16193
16193	16193
16193	16193
16193	16193
16193	16193
16193	16193
16193	16193
16193	16193
16193	16193
16193	16193
16193	16193
16193	16193
16193	16193
16193	16193
16193	16193
16193	16193
16193	16193
16193	16193
16193	16193
16193	16193
16193	16193
16193	16193
16193	16193
16193	16193
16193	16193
16193	16193
16193	16192
16191	16189
16188	16188
16186	16183
16183	0
16179	16191
16187	16191
16190	16191
16192	16193
16193	16193
16193	16193
16193	16193
16193	16193
16193	16193
16193	16193
16193	16193
16193	16193
16193	16193
16193	16193
16193	16193
16193	16193
16193	16193
16193	16193
16193	16193
16193	16193
16193	16193
16193	16193
16193	16193
16193	16193
16193	16193
16193	16193
16193	16193
16193	16193
16193	16193
16193	16193
16193	16193
16193	16193
16193	16193
16193	16193
16193	16193
16193	16193
16190	16187
16187	16182
16177	16173
16164	16158
16146	16135
16119	16099
16068	16017
15941	15824
15647	15395
15056	14617
14086	13470
12806	12123
11463	10854
10329	9892
9546	9280
9079	8923
8795	8678
8571	8467
8367	8271
8183	8107
8046	8007
7991	8001
8040	8104
8188	8290
8403	8522
8640	8757
8869	8974
9074	9177
9293	9433
9617	9858
10175	10577
11066	11632
12255	12902
13539	14127
14647	15078
15419	15672
15855	15978
16060	16113
16145	16164
16174	16182
16187	16187
16190	16191
16192	16193
16193	16193
16193	16193
16193	16193
16193	16193
16193	16193
16193	16193
16193	16193
16193	16193
16193	16193
16193	16193
16193	16193
16193	16193
16193	16193
16193	16193
16193	16193
16193	16193
16193	16193
16193	16193
16193	16193
16193	16193
16193	16193
16193	16193
16193	16193
16193	16193
16193	16193
16193	16193
16193	16193
16193	16193
16193	16193
16193	16189
16188	16187
16184	16179
16176	16168
16172	0
16157	16187
16176	16187
16187	16190
16190	16192
16193	16193
16193	16193
16193	16193
16193	16193
16193	16193
16193	16193
16193	16193
16193	16193
16193	16193
16193	16193
16193	16193
16193	16193
16193	16193
16193	16193
16193	16193
16193	16193
16193	16193
16193	16193
16193	16193
16193	16193
16193	16193
16193	16193
16193	16193
16193	16193
16193	16193
16193	16193
16193	16193
16193	16193
16193	16193
16193	16193
16193	16193
16193	16193
16190	16187
16187	16182
16178	16173
16165	16158
16147	16136
16122	16101
16071	16021
15944	15824
15642	15386
15038	14592
14050	13427
12755	12068
11407	10803
10278	9850
9514	9262
9073	8934
8823	8728
8635	8539
8440	8341
8242	8149
8067	8006
7969	7966
7994	8058
8152	8269
8401	8537
8673	8796
8910	9013
9105	9200
9302	9431
9606	9842
10154	10557
11049	11616
12243	12893
13534	14128
14649	15082
15423	15677
15859	15982
16061	16115
16144	16164
16175	16182
16187	16187
16190	16191
16192	16193
16193	16193
16193	16193
16193	16193
16193	16193
16193	16193
16193	16193
16193	16193
16193	16193
16193	16193
16193	16193
16193	16193
16193	16193
16193	16193
16193	16193
16193	16193
16193	16193
16193	16193
16193	16193
16193	16193
16193	16193
16193	16193
16193	16193
16193	16193
16193	16193
16193	16193
16193	16193
16193	16193
16193	16193
16193	16193
16188	16188
16185	16180
16173	16162
16160	16139
16150	0
16115	16181
16155	16181
16176	16186
16187	16189
16192	16193
16193	16193
16193	16193
16193	16193
16193	16193
16193	16193
16193	16193
16193	16193
16193	16193
16193	16193
16193	16193
16193	16193
16193	16193
16193	16193
16193	16193
16193	16193
16193	16193
16193	16193
16193	16193
16193	16193
16193	16193
16193	16193
16193	16193
16193	16193
16193	16193
16193	16193
16193	16193
16193	16193
16193	16193
16193	16193
16193	16193
16193	16193
16190	16187
16187	16182
16178	16174
16166	16158
16150	16137
16125	16104
16072	16024
15943	15819
15631	15368
15011	14554
14004	13371
12692	12003
11342	10741
10221	9798
9475	9233
9058	8930
8834	8748
8669	8581
8480	8375
8260	8149
8044	7957
7899	7880
7900	7964
8068	8197
8351	8507
8659	8798
8920	9022
9114	9201
9301	9420
9589	9818
10130	10534
11023	11595
12222	12875
13518	14112
14638	15073
15418	15673
15856	15979
16060	16113
16143	16161
16174	16180
16186	16187
16188	16190
16192	16192
16193	16193
16193	16193
16193	16193
16193	16193
16193	16193
16193	16193
16193	16193
16193	16193
16193	16193
16193	16193
16193	16193
16193	16193
16193	16193
16193	16193
16193	16193
16193	16193
16193	16193
16193	16193
16193	16193
16193	16193
16193	16193
16193	16193
16193	16193
16193	16193
16193	16193
16193	16193
16193	16193
16193	16193
16193	16189
16188	16183
16176	16164
16155	16130
16130	16081
16111	0
16027	16169
16110	16171
16156	16180
16180	16186
16188	16192
16193	16193
16193	16193
16193	16193
16193	16193
16193	16193
16193	16193
16193	16193
16193	16193
16193	16193
16193	16193
16193	16193
16193	16193
16193	16193
16193	16193
16193	16193
16193	16193
16193	16193
16193	16193
16193	16193
16193	16193
16193	16193
16193	16193
16193	16193
16193	16193
16193	16193
16193	16193
16193	16193
16193	16193
16193	16193
16193	16193
16193	16193
16190	16187
16187	16183
16178	16174
16167	16162
16150	16140
16127	16107
16072	16022
15936	15809
15616	15344
14977	14510
13948	13310
12624	11932
11270	10670
10160	9746
9427	9194
9029	8913
8824	8744
8668	8583
8481	8360
8236	8101
7971	7859
7778	7741
7754	7818
7929	8078
8250	8427
8599	8755
8889	9000
9093	9182
9277	9399
9568	9795
10106	10507
10997	11570
12195	12848
13491	14090
14619	15058
15404	15662
15849	15974
16055	16108
16140	16160
16171	16179
16184	16187
16189	16189
16191	16192
16193	16193
16193	16193
16193	16193
16193	16193
16193	16193
16193	16193
16193	16193
16193	16193
16193	16193
16193	16193
16193	16193
16193	16193
16193	16193
16193	16193
16193	16193
16193	16193
16193	16193
16193	16193
16193	16193
16193	16193
16193	16193
16193	16193
16193	16193
16193	16193
16193	16193
16193	16193
16193	16193
16193	16193
16190	16187
16181	16175
16163	16140
16122	16075
16075	15975
16041	0
15860	16147
16032	16151
16126	16168
16171	16183
16186	16190
16193	16193
16193	16193
16193	16193
16193	16193
16193	16193
16193	16193
16193	16193
16193	16193
16193	16193
16193	16193
16193	16193
16193	16193
16193	16193
16193	16193
16193	16193
16193	16193
16193	16193
16193	16193
16193	16193
16193	16193
16193	16193
16193	16193
16193	16193
16193	16193
16193	16193
16193	16193
16193	16193
16193	16193
16193	16193
16193	16193
16193	16193
16190	16187
16187	16184
16179	16176
16169	16162
16153	16143
16130	16108
16073	16021
15933	15800
15601	15320
14941	14464
13892	13245
12556	11860
11198	10605
10098	9694
9381	9154
8996	8882
8797	8721
8641	8553
8441	8310
8162	8005
7851	7716
7611	7558
7562	7628
7747	7909
8099	8299
8494	8670
8818	8942
9046	9141
9241	9370
9539	9772
10082	10485
10973	11540
12165	12820
13466	14064
14594	15037
15389	15650
15838	15964
16050	16100
16136	16154
16168	16173
16180	16184
16187	16189
16189	16191
16192	16193
16193	16193
16193	16193
16193	16193
16193	16193
16193	16193
16193	16193
16193	16193
16193	16193
16193	16193
16193	16193
16193	16193
16193	16193
16193	16193
16193	16193
16193	16193
16193	16193
16193	16193
16193	16193
16193	16193
16193	16193
16193	16193
16193	16193
16193	16193
16193	16193
16193	16193
16193	16193
16193	16193
16187	16184
16176	16162
16139	16104
16072	15985
15989	15794
15932	0
15568	16116
15890	16120
16071	16148
16155	16176
16184	16188
16193	16193
16193	16193
16193	16193
16193	16193
16193	16193
16193	16193
16193	16193
16193	16193
16193	16193
16193	16193
16193	16193
16193	16193
16193	16193
16193	16193
16193	16193
16193	16193
16193	16193
16193	16193
16193	16193
16193	16193
16193	16193
16193	16193
16193	16193
16193	16193
16193	16193
16193	16193
16193	16193
16193	16193
16193	16193
16193	16193
16193	16193
16190	16187
16187	16184
16179	16176
16169	16162
16153	16143
16128	16107
16071	16017
15926	15787
15582	15290
14905	14415
13836	13181
12484	11791
11132	10540
10042	9639
9337	9112
8953	8840
8753	8674
8591	8488
8364	8218
8050	7870
7690	7531
7411	7340
7335	7399
7525	7701
7912	8134
8350	8545
8717	8859
8975	9086
9197	9337
9512	9749
10064	10460
10951	11517
12138	12789
13433	14038
14569	15016
15369	15637
15824	15955
16040	16092
16126	16148
16160	16169
16175	16181
16183	16187
16188	16189
16192	16193
16193	16193
16193	16193
16193	16193
16193	16193
16193	16193
16193	16193
16193	16193
16193	16193
16193	16193
16193	16193
16193	16193
16193	16193
16193	16193
16193	16193
16193	16193
16193	16193
16193	16193
16193	16193
16193	16193
16193	16193
16193	16193
16193	16193
16193	16193
16193	16193
16193	16193
16193	16193
16193	16191
16185	16177
16167	16143
16109	16049
16001	15847
15868	15502
15782	0
15087	16071
15658	16077
15984	16122
16130	16167
16177	16187
16190	16193
16193	16193
16193	16193
16193	16193
16193	16193
16193	16193
16193	16193
16193	16193
16193	16193
16193	16193
16193	16193
16193	16193
16193	16193
16193	16193
16193	16193
16193	16193
16193	16193
16193	16193
16193	16193
16193	16193
16193	16193
16193	16193
16193	16193
16193	16193
16193	16193
16193	16193
16193	16193
16193	16193
16193	16193
16193	16193
16193	16193
16190	16188
16187	16184
16179	16176
16170	16162
16154	16144
16129	16104
16069	16009
15918	15773
15560	15263
14866	14370
13780	13119
12420	11725
11069	10483
9990	9595
9292	9074
8912	8795
8702	8611
8516	8404
8262	8097
7908	7707
7504	7325
7186	7100
7087	7149
7284	7470
7696	7943
8179	8399
8590	8753
8892	9019
9148	9296
9487	9730
10050	10448
10934	11495
12115	12763
13405	14011
14544	14994
15349	15616
15810	15941
16027	16085
16119	16141
16154	16164
16171	16177
16181	16185
16187	16189
16189	16193
16193	16193
16193	16193
16193	16193
16193	16193
16193	16193
16193	16193
16193	16193
16193	16193
16193	16193
16193	16193
16193	16193
16193	16193
16193	16193
16193	16193
16193	16193
16193	16193
16193	16193
16193	16193
16193	16193
16193	16193
16193	16193
16193	16193
16193	16193
16193	16193
16193	16193
16193	16193
16192	16189
16183	16171
16153	16120
16069	15974
15907	15653
15709	15078
15581	0
14357	16009
15307	16020
15856	16088
16097	16154
16170	16182
16189	16192
16193	16193
16193	16193
16193	16193
16193	16193
16193	16193
16193	16193
16193	16193
16193	16193
16193	16193
16193	16193
16193	16193
16193	16193
16193	16193
16193	16193
16193	16193
16193	16193
16193	16193
16193	16193
16193	16193
16193	16193
16193	16193
16193	16193
16193	16193
16193	16193
16193	16193
16193	16193
16193	16193
16193	16193
16193	16193
16193	16193
16190	16189
16187	16184
16180	16176
16171	16162
16155	16143
16128	16104
16067	16007
15909	15761
15544	15236
14833	14329
13732	13067
12365	11671
11016	10434
9947	9558
9258	9036
8874	8751
8644	8546
8437	8304
8147	7961
7750	7527
7309	7107
6953	6857
6838	6900
7036	7235
7478	7739
7999	8238
8454	8638
8802	8950
9098	9262
9464	9718
10040	10438
10920	11478
12093	12739
13383	13983
14521	14974
15331	15603
15796	15930
16018	16075
16109	16130
16145	16159
16163	16172
16176	16182
16185	16187
16189	16192
16193	16193
16193	16193
16193	16193
16193	16193
16193	16193
16193	16193
16193	16193
16193	16193
16193	16193
16193	16193
16193	16193
16193	16193
16193	16193
16193	16193
16193	16193
16193	16193
16193	16193
16193	16193
16193	16193
16193	16193
16193	16193
16193	16193
16193	16193
16193	16193
16193	16193
16193	16193
16191	16187
16179	16165
16136	16090
16023	15884
15794	15401
15520	14501
15345	0
13333	15943
14823	15955
15686	16049
16053	16138
16163	16180
16188	16191
16193	16193
16193	16193
16193	16193
16193	16193
16193	16193
16193	16193
16193	16193
16193	16193
16193	16193
16193	16193
16193	16193
16193	16193
16193	16193
16193	16193
16193	16193
16193	16193
16193	16193
16193	16193
16193	16193
16193	16193
16193	16193
16193	16193
16193	16193
16193	16193
16193	16193
16193	16193
16193	16193
16193	16193
16193	16193
16193	16193
16190	16189
16187	16184
16180	16176
16171	16163
16155	16143
16128	16104
16064	16002
15902	15748
15526	15213
14802	14294
13690	13020
12317	11623
10971	10395
9912	9528
9232	9006
8840	8710
8594	8478
8351	8204
8030	7823
7597	7354
7115	6901
6732	6630
6603	6664
6805	7011
7266	7544
7822	8084
8321	8529
8713	8882
9048	9231
9445	9709
10032	10432
10914	11466
12078	12717
13359	13960
14498	14951
15313	15587
15784	15919
16006	16065
16101	16124
16140	16153
16161	16169
16175	16179
16184	16187
16188	16190
16193	16193
16193	16193
16193	16193
16193	16193
16193	16193
16193	16193
16193	16193
16193	16193
16193	16193
16193	16193
16193	16193
16193	16193
16193	16193
16193	16193
16193	16193
16193	16193
16193	16193
16193	16193
16193	16193
16193	16193
16193	16193
16193	16193
16193	16193
16193	16193
16193	16193
16193	16193
16189	16185
16173	16157
16122	16060
15967	15783
15673	15105
15317	13785
15091	0
12035	15874
14212	15888
15483	16010
16005	16123
16155	16176
16186	16190
16193	16193
16193	16193
16193	16193
16193	16193
16193	16193
16193	16193
16193	16193
16193	16193
16193	16193
16193	16193
16193	16193
16193	16193
16193	16193
16193	16193
16193	16193
16193	16193
16193	16193
16193	16193
16193	16193
16193	16193
16193	16193
16193	16193
16193	16193
16193	16193
16193	16193
16193	16193
16193	16193
16193	16193
16193	16193
16193	16193
16190	16189
16187	16184
16180	16176
16171	16163
16154	16143
16127	16102
16061	15997
15895	15738
15511	15195
14778	14262
13656	12983
12281	11585
10937	10367
9887	9504
9210	8985
8814	8675
8547	8421
8280	8116
7924	7700
7456	7201
6949	6723
6544	6433
6405	6461
6605	6817
7086	7374
7670	7949
8204	8433
8638	8825
9011	9206
9430	9700
10030	10429
10909	11460
12067	12704
13342	13943
14480	14936
15298	15573
15773	15908
15998	16056
16091	16117
16134	16145
16157	16164
16172	16177
16182	16186
16188	16190
16193	16193
16193	16193
16193	16193
16193	16193
16193	16193
16193	16193
16193	16193
16193	16193
16193	16193
16193	16193
16193	16193
16193	16193
16193	16193
16193	16193
16193	16193
16193	16193
16193	16193
16193	16193
16193	16193
16193	16193
16193	16193
16193	16193
16193	16193
16193	16193
16193	16193
16193	16193
16188	16184
16170	16150
16105	16032
15917	15681
15558	14793
15122	13001
14850	0
10576	15813
13532	15828
15263	15974
15957	16111
16149	16173
16184	16189
16193	16193
16193	16193
16193	16193
16193	16193
16193	16193
16193	16193
16193	16193
16193	16193
16193	16193
16193	16193
16193	16193
16193	16193
16193	16193
16193	16193
16193	16193
16193	16193
16193	16193
16193	16193
16193	16193
16193	16193
16193	16193
16193	16193
16193	16193
16193	16193
16193	16193
16193	16193
16193	16193
16193	16193
16193	16193
16193	16193
16190	16189
16187	16184
16180	16176
16171	16163
16153	16143
16127	16100
16057	15993
15888	15731
15500	15180
14760	14239
13631	12953
12250	11558
10910	10344
9868	9489
9195	8970
8796	8650
8514	8377
8223	8044
7840	7604
7347	7080
6817	6581
6394	6278
6245	6303
6449	6668
6941	7239
7546	7840
8113	8357
8576	8780
8978	9186
9419	9696
10027	10427
10904	11449
12056	12692
13328	13929
14465	14923
15286	15565
15762	15902
15990	16048
16085	16110
16128	16141
16153	16160
16168	16177
16179	16185
16187	16189
16191	16193
16193	16193
16193	16193
16193	16193
16193	16193
16193	16193
16193	16193
16193	16193
16193	16193
16193	16193
16193	16193
16193	16193
16193	16193
16193	16193
16193	16193
16193	16193
16193	16193
16193	16193
16193	16193
16193	16193
16193	16193
16193	16193
16193	16193
16193	16193
16193	16193
16193	16193
16187	16183
16168	16142
16091	16007
15878	15589
15460	14503
14956	12243
14645	0
