16189	16189
16189	16189
16189	16189
16189	16189
16189	16189
16189	16189
16189	16189
16189	16189
16189	16189
16189	16189
16185	16176
16153	16090
15946	15662
15178	14457
13517	12423
11269	10142
9127	8284
7665	7285
7131	7158
7325	7586
7895	8190
8417	8546
8594	8594
8584	8583
8588	8573
8527	8449
8352	8263
8197	8167
8174	8201
8237	8272
8292	8289
8264	8241
8255	8345
8513	8735
8937	9072
9106	9051
8952	8863
8829	8914
9167	9627
10286	11095
11980	12884
13751	14528
15159	15618
15908	16067
16141	16173
16185	16189
16189	16189
16189	16189
16189	16189
16189	16189
16189	16189
16189	16189
16189	16189
16189	16189
16189	16189
16189	16189
16189	16189
16189	16189
16189	16189
16189	16189
16189	16189
16189	16189
16189	16189
16189	16189
16189	16189
16189	16189
16185	16176
16153	16089
15945	15665
15188	14485
13569	12508
11387	10292
9303	8474
7862	7477
7307	7309
7443	7665
7931	8195
8405	8543
8611	8644
8661	8681
8694	8687
8648	8576
8485	8396
8326	8293
8298	8326
8362	8390
8397	8379
8339	8302
8296	8354
8486	8674
8869	9018
9088	9092
9053	9015
9022	9123
9380	9834
10472	11252
12104	12974
13808	14557
15172	15622
15907	16067
16141	16173
16185	16189
16189	16189
16189	16189
16189	16189
16189	16189
16189	16189
16189	16189
16189	16189
16189	16189
16189	16189
16189	16189
16189	16189
16189	16189
16189	16189
16189	16189
16189	16189
16189	16189
16189	16189
16189	16189
16189	16189
16189	16189
16185	16176
16152	16090
15951	15677
15218	14541
13666	12656
11593	10546
9592	8782
8169	7769
7574	7540
7627	7798
8016	8232
8418	8551
8641	8707
8762	8810
8842	8847
8816	8751
8662	8567
8491	8451
8455	8486
8526	8551
8548	8512
8456	8393
8354	8369
8454	8606
8791	8964
9089	9163
9200	9229
9286	9420
9691	10136
10756	11499
12305	13119
13905	14613
15201	15633
15911	16066
16141	16173
16185	16188
16189	16189
16189	16189
16189	16189
16189	16189
16189	16189
16189	16189
16189	16189
16189	16189
16189	16189
16189	16189
16189	16189
16189	16189
16189	16189
16189	16189
16189	16189
16189	16189
16189	16189
16189	16189
16189	16189
16189	16189
16185	16177
16154	16095
15962	15704
15274	14645
13835	12901
11911	10934
10025	9230
8609	8174
7932	7844
7878	7991
8152	8316
8461	8579
8677	8772
8868	8952
9015	9041
9025	8965
8872	8767
8676	8628
8631	8670
8718	8752
8743	8696
8615	8518
8432	8394
8430	8549
8730	8932
9119	9268
9384	9485
9603	9783
10081	10534
11133	11837
12586	13339
14059	14712
15256	15660
15922	16071
16141	16173
16185	16189
16189	16189
16189	16189
16189	16189
16189	16189
16189	16189
16189	16189
16189	16189
16189	16189
16189	16189
16189	16189
16189	16189
16189	16189
16189	16189
16189	16189
16189	16189
16189	16189
16189	16189
16189	16189
16189	16189
16189	16189
16186	16178
16158	16104
15984	15753
15369	14808
14085	13250
12361	11464
10611	9837
9191	8705
8387	8224
8189	8241
8341	8447
8539	8622
8715	8829
8967	9102
9213	9273
9276	9221
9121	9002
8899	8841
8847	8897
8964	9006
9002	8941
8827	8683
8540	8440
8427	8518
8704	8942
9184	9403
9592	9766
9956	10202
10551	11025
11611	12272
12957	13634
14283	14865
15351	15713
15948	16082
16147	16174
16185	16189
16189	16189
16189	16189
16189	16189
16189	16189
16189	16189
16189	16189
16189	16189
16189	16189
16189	16189
16189	16189
16189	16189
16189	16189
16189	16189
16189	16189
16189	16189
16189	16189
16189	16189
16189	16189
16189	16189
16189	16189
16187	16181
16162	16117
16015	15823
15500	15025
14415	13703
12934	12144
11357	10604
9928	9363
8946	8686
8564	8544
8581	8623
8659	8701
8775	8908
9085	9280
9448	9557
9588	9545
9443	9316
9202	9142
9146	9208
9287	9340
9337	9260
9112	8914
8704	8539
8475	8543
8735	8997
9289	9565
9823	10073
10353	10685
11103	11613
12191	12806
13421	14012
14569	15067
15480	15787
15986	16098
16153	16178
16185	16189
16189	16189
16189	16189
16189	16189
16189	16189
16189	16189
16189	16189
16189	16189
16189	16189
16189	16189
16189	16189
16189	16189
16189	16189
16189	16189
16189	16189
16189	16189
16189	16189
16189	16189
16189	16189
16189	16189
16189	16189
16187	16182
16168	16134
16054	15904
15651	15280
14796	14228
13598	12927
12221	11500
10786	10138
9604	9224
9004	8911
8883	8872
8855	8857
8917	9059
9278	9526
9750	9903
9968	9942
9851	9731
9624	9567
9574	9633
9712	9764
9757	9664
9483	9237
8968	8746
8635	8674
8858	9139
9457	9775
10088	10416
10790	11228
11732	12284
12855	13421
13952	14448
14904	15305
15634	15872
16030	16118
16162	16178
16186	16189
16189	16189
16189	16189
16189	16189
16189	16189
16189	16189
16189	16189
16189	16189
16189	16189
16189	16189
16189	16189
16189	16189
16189	16189
16189	16189
16189	16189
16189	16189
16189	16189
16189	16189
16189	16189
16189	16189
16189	16189
16187	16185
16175	16149
16092	15986
15805	15539
15186	14764
14278	13736
13125	12441
11705	10974
10325	9831
9514	9348
9267	9214
9166	9144
9193	9345
9584	9864
10122	10308
10396	10391
10325	10228
10141	10091
10098	10148
10212	10253
10236	10129
9931	9656
9353	9095
8950	8962
9127	9394
9716	10052
10406	10800
11267	11807
12398	12994
13557	14065
14510	14904
15250	15549
15790	15963
16075	16138
16169	16182
16187	16189
16189	16189
16189	16189
16189	16189
16189	16189
16189	16189
16189	16189
16189	16189
16189	16189
16189	16189
16189	16189
16189	16189
16189	16189
16189	16189
16189	16189
16189	16189
16189	16189
16189	16189
16189	16189
16189	16189
16189	16189
16189	16185
16179	16163
16126	16059
15940	15764
15533	15241
14893	14476
13957	13323
12585	11796
11060	10468
10070	9845
9730	9658
9602	9577
9625	9772
10008	10284
10541	10727
10824	10840
10800	10736
10676	10644
10646	10681
10720	10743
10713	10608
10416	10147
9849	9586
9429	9415
9546	9783
10074	10402
10769	11211
11751	12376
13035	13661
14210	14659
15021	15317
15562	15765
15925	16041
16113	16153
16176	16185
16188	16189
16189	16189
16189	16189
16189	16189
16189	16189
16189	16189
16189	16189
16189	16189
16189	16189
16189	16189
16189	16189
16189	16189
16189	16189
16189	16189
16189	16189
16189	16189
16189	16189
16189	16189
16189	16189
16189	16189
16189	16189
16189	16187
16183	16174
16153	16110
16042	15937
15796	15608
15370	15057
14627	14050
13330	12524
11740	11089
10636	10376
10245	10174
10128	10113
10160	10292
10498	10733
10952	11110
11200	11226
11210	11178
11147	11131
11130	11145
11163	11165
11129	11036
10871	10644
10386	10157
10008	9983
10076	10262
10504	10796
11156	11619
12203	12881
13577	14217
14741	15140
15428	15641
15806	15935
16032	16100
16145	16169
16180	16185
16189	16189
16189	16189
16189	16189
16189	16189
16189	16189
16189	16189
16189	16189
16189	16189
16189	16189
16189	16189
16189	16189
16189	16189
16189	16189
16189	16189
16189	16189
16189	16189
16189	16189
16189	16189
16189	16189
16189	16189
16189	16189
16189	16189
16185	16180
16168	16147
16108	16049
15965	15850
15684	15442
15081	14560
13881	13094
12305	11633
11158	10878
10743	10685
10661	10659
10702	10807
10964	11144
11308	11430
11500	11530
11531	11523
11513	11505
11504	11507
11507	11497
11463	11388
11262	11090
10894	10713
10596	10565
10624	10758
10944	11189
11525	11985
12581	13271
13973	14602
15098	15455
15694	15854
15965	16043
16100	16140
16165	16178
16183	16189
16189	16189
16189	16189
16189	16189
16189	16189
16189	16189
16189	16189
16189	16189
16189	16189
16189	16189
16189	16189
16189	16189
16189	16189
16189	16189
16189	16189
16189	16189
16189	16189
16189	16189
16189	16189
16189	16189
16189	16189
16189	16189
16189	16189
16187	16183
16177	16165
16142	16106
16052	15967
15839	15629
15305	14832
14201	13459
12706	12053
11582	11301
11173	11124
11115	11130
11172	11248
11359	11482
11598	11687
11744	11774
11788	11794
11796	11795
11792	11787
11778	11760
11727	11668
11575	11454
11316	11190
11104	11073
11105	11191
11324	11526
11827	12261
12836	13508
14185	14788
15261	15594
15814	15954
16042	16099
16136	16160
16174	16182
16186	16189
16189	16189
16189	16189
16189	16189
16189	16189
16189	16189
16189	16189
16189	16189
16189	16189
16189	16189
16189	16189
16189	16189
16189	16189
16189	16189
16189	16189
16189	16189
16189	16189
16189	16189
16189	16189
16189	16189
16189	16189
16189	16189
16189	16189
16188	16184
16179	16169
16150	16118
16063	15977
15839	15627
15309	14861
14276	13601
12912	12315
11872	11608
11485	11454
11460	11489
11531	11595
11675	11767
11853	11929
11983	12020
12045	12062
12073	12075
12073	12063
12047	12021
11984	11931
11855	11762
11661	11569
11497	11465
11471	11518
11610	11768
12027	12421
12947	13566
14196	14765
15225	15561
15793	15945
16044	16102
16142	16163
16176	16182
16187	16189
16189	16189
16189	16189
16189	16189
16189	16189
16189	16189
16189	16189
16189	16189
16189	16189
16189	16189
16189	16189
16189	16189
16189	16189
16189	16189
16189	16189
16189	16189
16189	16189
16189	16189
16189	16189
16189	16189
16189	16189
16189	16189
16189	16189
16186	16182
16175	16160
16130	16082
16003	15881
15702	15450
15108	14661
14118	13514
12913	12397
12016	11791
11695	11683
11710	11756
11813	11882
11965	12056
12143	12223
12292	12347
12386	12412
12430	12435
12431	12419
12395	12360
12310	12246
12167	12076
11979	11889
11816	11766
11744	11753
11802	11912
12119	12448
12902	13446
14014	14548
15003	15365
15635	15830
15965	16058
16115	16148
16169	16179
16184	16188
16189	16189
16189	16189
16189	16189
16189	16189
16189	16189
16189	16189
16189	16189
16189	16189
16189	16189
16189	16188
16188	16188
16188	16189
16189	16189
16189	16189
16189	16189
16189	16189
16189	16189
16189	16189
16189	16189
16189	16189
16189	16189
16189	16188
16183	16176
16161	16129
16078	15991
15861	15676
15428	15110
14723	14270
13767	13241
12748	12334
12045	11886
11835	11859
11921	12003
12094	12198
12307	12424
12537	12643
12735	12813
12869	12908
12933	12942
12936	12916
12886	12837
12771	12685
12586	12472
12354	12236
12133	12046
11981	11940
11939	11991
12134	12379
12741	13187
13679	14168
14619	15012
15341	15605
15806	15949
16048	16111
16149	16169
16180	16184
16189	16189
16189	16189
16189	16189
16189	16189
16189	16189
16189	16189
16189	16189
16189	16189
16189	16189
16186	16186
16185	16186
16188	16188
16188	16189
16189	16189
16189	16189
16189	16189
16189	16189
16189	16189
16189	16189
16189	16189
16189	16189
16188	16184
16177	16161
16128	16071
15974	15828
15621	15350
15018	14629
14201	13744
13288	12853
12476	12185
12002	11933
11957	12044
12169	12305
12455	12607
12767	12926
13074	13210
13327	13422
13492	13542
13571	13581
13577	13555
13514	13454
13372	13264
13140	12996
12843	12685
12529	12386
12257	12147
12075	12050
12105	12257
12510	12854
13257	13687
14125	14543
14930	15267
15549	15769
15931	16041
16110	16150
16171	16181
16185	16189
16189	16189
16189	16189
16189	16189
16189	16189
16189	16189
16189	16189
16189	16189
16189	16186
16184	16181
16178	16179
16184	16184
16186	16186
16189	16189
16189	16189
16189	16189
16189	16189
16189	16189
16189	16189
16189	16189
16189	16189
16184	16179
16163	16132
16071	15967
15804	15575
15273	14908
14494	14050
13599	13164
12770	12433
12168	12001
11941	11982
12106	12289
12499	12719
12937	13150
13356	13552
13730	13886
14015	14117
14195	14246
14275	14286
14283	14260
14218	14153
14064	13948
13806	13640
13456	13255
13047	12835
12627	12427
12254	12132
12085	12131
12277	12511
12821	13183
13584	14005
14429	14831
15196	15504
15747	15924
16042	16114
16155	16175
16183	16186
16189	16189
16189	16189
16189	16189
16189	16189
16189	16189
16189	16189
16189	16189
16185	16182
16174	16167
16153	16160
16178	16181
16182	16185
16186	16189
16189	16189
16189	16189
16189	16189
16189	16189
16189	16189
16189	16189
16189	16186
16182	16168
16141	16083
15979	15808
15558	15223
14819	14369
13894	13426
12991	12605
12283	12036
11880	11827
11885	12049
12303	12606
12928	13237
13526	13787
14025	14237
14418	14575
14699	14794
14864	14913
14940	14950
14944	14925
14888	14827
14747	14635
14496	14328
14134	13909
13663	13389
13094	12789
12495	12249
12085	12020
12067	12207
12432	12721
13065	13460
13889	14331
14763	15158
15494	15754
15939	16057
16125	16161
16176	16184
16188	16189
16189	16189
16189	16189
16189	16189
16189	16189
16189	16189
16189	16186
16182	16170
16152	16129
16088	16110
16165	16170
16175	16179
16184	16187
16189	16189
16189	16189
16189	16189
16189	16189
16189	16189
16189	16189
16189	16183
16176	16155
16105	16013
15850	15598
15245	14802
14301	13782
13282	12828
12436	12117
11869	11704
11633	11675
11844	12140
12531	12969
13408	13804
14148	14436
14677	14880
15044	15175
15277	15354
15409	15444
15464	15474
15469	15453
15425	15378
15313	15224
15105	14961
14778	14559
14294	13979
13605	13193
12772	12393
12098	11930
11891	11961
12118	12343
12629	12972
13372	13819
14290	14757
15182	15535
15800	15978
16083	16141
16168	16181
16186	16189
16189	16189
16189	16189
16189	16189
16189	16189
16189	16189
16188	16185
16174	16149
16101	16044
15920	15981
16145	16157
16161	16172
16180	16184
16188	16189
16189	16189
16189	16189
16189	16189
16189	16189
16189	16189
16187	16181
16168	16134
16064	15929
15700	15354
14896	14352
13774	13220
12724	12313
11983	11727
11544	11438
11428	11543
11809	12221
12746	13315
13860	14326
14707	14997
15219	15388
15519	15618
15695	15748
15782	15807
15821	15826
15823	15812
15794	15764
15719	15657
15570	15456
15304	15110
14852	14510
14079	13574
13030	12521
12112	11853
11747	11771
11884	12059
12291	12580
12933	13354
13836	14351
14853	15292
15638	15880
16032	16115
16157	16177
16184	16188
16189	16189
16189	16189
16189	16189
16189	16189
16189	16189
16187	16181
16161	16114
16010	15881
15558	15719
16122	16140
16148	16164
16175	16182
16187	16189
16189	16189
16189	16189
16189	16189
16189	16189
16189	16189
16185	16178
16161	16116
16022	15845
15553	15125
14576	13952
13323	12757
12286	11925
11654	11451
11313	11245
11272	11438
11772	12278
12910	13587
14214	14736
15128	15407
15601	15734
15832	15900
15947	15980
16003	16015
16024	16024
16025	16018
16007	15989
15962	15921
15865	15782
15668	15501
15260	14912
14445	13863
13224	12611
12111	11783
11635	11629
11718	11870
12063	12305
12607	12991
13460	13998
14553	15063
15484	15787
15981	16089
16147	16173
16183	16187
16189	16189
16189	16189
16189	16189
16189	16189
16189	16189
16186	16174
16145	16066
15877	15639
14972	15303
16102	16124
16136	16157
16171	16180
16185	16189
16189	16189
16189	16189
16189	16189
16189	16189
16189	16189
16185	16177
16153	16100
15987	15780
15439	14949
14336	13661
13004	12438
11998	11676
11448	11282
11168	11118
11166	11360
11739	12304
13010	13755
14437	14988
15388	15653
15824	15930
16000	16044
16076	16097
16109	16116
16121	16120
16122	16119
16114	16103
16087	16062
16022	15963
15876	15731
15506	15159
14668	14042
13339	12655
12097	11728
11554	11535
11618	11757
11927	12136
12400	12748
13201	13747
14333	14893
15364	15714
15940	16069
16138	16167
16182	16186
16189	16189
16189	16189
16189	16189
16189	16189
16189	16189
16185	16171
16129	15998
15736	14582
14307	8874
