16222	16222
16222	16222
16222	16222
16222	16222
16222	16222
16222	16222
16222	16222
16222	16222
16222	16222
16222	16222
16222	16222
16222	16222
16222	16222
16222	16222
16222	16222
16222	16222
16222	16222
16222	16222
16222	16222
16222	16222
16222	16222
16222	16221
16220	16220
16218	16212
16202	16176
16092	15860
15351	14502
13537	12958
13165	13999
14949	15630
15988	16140
16193	16211
16215	16217
16218	16220
16220	16222
16222	16222
16222	16222
16222	16222
16222	16222
16222	16222
16222	16222
16222	16222
16222	16222
16222	16222
16222	16222
16222	16222
16222	16222
16222	16222
16222	16222
16222	16222
16222	16222
16222	16222
16222	16222
16222	16222
16222	16222
16222	16222
16222	16222
16222	16222
16222	16222
16222	16222
16222	16222
16222	16222
16222	16222
16222	16222
16222	16222
16222	16222
16222	16222
16222	16222
16222	16222
16222	16222
16222	16222
16222	16222
16222	16222
16222	16222
16222	16222
16222	16222
16222	16222
16220	16215
16209	16201
16189	16169
16145	16099
15992	15737
15214	14385
13471	12935
13125	13916
14836	15518
15892	16059
16130	16162
16181	16191
16200	16209
16215	16220
16222	16222
16222	16222
16222	16222
16222	16222
16222	16222
16222	16222
16222	16222
16222	16222
16222	16222
16222	16222
16222	16222
16222	16222
16222	16222
16222	16222
16222	16222
16222	16222
16222	16222
16222	16222
16222	16222
16222	16222
16222	16222
16222	16222
16222	16222
16222	16222
16222	16222
16222	16222
16222	16222
16222	16222
16222	16222
16222	16222
16222	16222
16222	16222
16222	16222
16222	16222
16222	16222
16222	16222
16222	16222
16222	16222
16222	16222
16222	16222
16222	16222
16222	16219
16212	16197
16172	16136
16088	16024
15943	15839
15684	15403
14896	14139
13335	12873
13043	13744
14579	15219
15597	15798
15917	16003
16067	16114
16149	16178
16201	16216
16219	16222
16222	16222
16222	16222
16222	16222
16222	16222
16222	16222
16222	16222
16222	16222
16222	16222
16222	16222
16222	16222
16222	16222
16222	16222
16222	16222
16222	16222
16222	16222
16222	16222
16222	16222
16222	16222
16222	16222
16222	16222
16222	16222
16222	16222
16222	16222
16222	16222
16222	16222
16222	16222
16222	16222
16222	16222
16222	16222
16222	16222
16222	16222
16222	16222
16222	16222
16222	16222
16222	16222
16222	16222
16222	16222
16222	16222
16222	16221
16221	16221
16218	16211
16186	16142
16068	15965
15824	15650
15450	15240
15002	14698
14247	13644
13031	12688
12830	13381
14046	14582
14944	15202
15415	15600
15763	15901
16017	16104
16165	16200
16216	16221
16221	16221
16222	16222
16222	16222
16222	16222
16222	16222
16222	16222
16222	16222
16222	16222
16222	16222
16222	16222
16222	16222
16222	16222
16222	16222
16222	16222
16222	16222
16222	16222
16222	16222
16222	16222
16222	16222
16222	16222
16222	16222
16222	16222
16222	16222
16222	16222
16222	16222
16222	16222
16222	16222
16222	16222
16222	16222
16222	16222
16222	16222
16222	16222
16222	16222
16222	16222
16222	16222
16222	16222
16222	16222
16222	16220
16219	16217
16216	16214
16208	16183
16123	16011
15832	15584
15277	14929
14580	14258
13960	13662
13323	12934
12570	12383
12487	12833
13261	13641
13956	14249
14546	14848
15155	15456
15724	15936
16080	16162
16198	16210
16212	16215
16218	16220
16220	16222
16222	16222
16222	16222
16222	16222
16222	16222
16222	16222
16222	16222
16222	16222
16222	16222
16222	16222
16222	16222
16222	16222
16222	16222
16222	16222
16222	16222
16222	16222
16222	16222
16222	16222
16222	16222
16222	16222
16222	16222
16222	16222
16222	16222
16222	16222
16222	16222
16222	16222
16222	16222
16222	16222
16222	16222
16222	16222
16222	16222
16222	16222
16222	16222
16222	16222
16222	16221
16217	16211
16203	16194
16188	16176
16157	16094
15954	15709
15355	14907
14408	13916
13487	13145
12872	12642
12437	12251
12114	12069
12133	12292
12497	12705
12926	13183
13481	13827
14239	14710
15183	15585
15876	16049
16131	16161
16172	16186
16199	16208
16216	16220
16222	16222
16222	16222
16222	16222
16222	16222
16222	16222
16222	16222
16222	16222
16222	16222
16222	16222
16222	16222
16222	16222
16222	16222
16222	16222
16222	16222
16222	16222
16222	16222
16222	16222
16222	16222
16222	16222
16222	16222
16222	16222
16222	16222
16222	16222
16222	16222
16222	16222
16222	16222
16222	16222
16222	16222
16222	16222
16222	16222
16222	16222
16222	16222
16222	16222
16221	16216
16203	16183
16154	16122
16089	16053
15999	15863
15583	15136
14569	13957
13373	12882
12519	12287
12138	12019
11917	11839
11808	11827
11874	11940
12024	12116
12230	12375
12568	12841
13233	13759
14373	14966
15455	15775
15939	16012
16057	16100
16140	16175
16201	16216
16219	16222
16222	16222
16222	16222
16222	16222
16222	16222
16222	16222
16222	16222
16222	16222
16222	16222
16222	16222
16222	16222
16222	16222
16222	16222
16222	16222
16222	16222
16222	16222
16222	16222
16222	16222
16222	16222
16222	16222
16222	16222
16222	16222
16222	16222
16222	16222
16222	16222
16222	16222
16222	16222
16222	16222
16222	16222
16222	16222
16222	16222
16222	16222
16222	16222
16216	16201
16171	16113
16030	15932
15827	15725
15601	15365
14922	14282
13573	12939
12453	12136
11970	11932
11950	11947
11881	11777
11698	11694
11749	11841
11953	12032
12061	12074
12109	12217
12451	12857
13442	14122
14763	15234
15503	15643
15761	15884
15998	16092
16158	16196
16216	16219
16221	16221
16222	16222
16222	16222
16222	16222
16222	16222
16222	16222
16222	16222
16222	16222
16222	16222
16222	16222
16222	16222
16222	16222
16222	16222
16222	16222
16222	16222
16222	16222
16222	16222
16222	16222
16222	16222
16222	16222
16222	16222
16222	16222
16222	16222
16222	16222
16222	16222
16222	16222
16222	16222
16222	16222
16222	16222
16222	16222
16222	16222
16219	16214
16195	16155
16069	15934
15749	15524
15279	15050
14837	14523
13992	13292
12615	12128
11870	11815
11914	12108
12314	12415
12321	12063
11795	11683
11775	12024
12306	12471
12463	12339
12186	12080
12077	12246
12643	13224
13868	14390
14719	14942
15179	15442
15688	15886
16037	16133
16186	16207
16214	16218
16220	16220
16222	16222
16222	16222
16222	16222
16222	16222
16222	16222
16222	16222
16222	16222
16222	16222
16222	16222
16222	16222
16222	16222
16222	16222
16222	16222
16222	16222
16222	16222
16222	16222
16222	16222
16222	16222
16222	16222
16222	16222
16222	16222
16222	16222
16222	16222
16222	16222
16222	16222
16222	16222
16222	16222
16222	16222
16222	16219
16209	16181
16122	16002
15808	15530
15191	14801
14396	14046
13769	13453
12979	12408
11935	11692
11703	11925
12289	12708
13074	13231
13053	12567
12034	11774
11927	12402
12947	13276
13283	13054
12716	12374
12113	12016
12138	12480
12941	13359
13665	13934
14279	14685
15085	15435
15733	15951
16085	16156
16191	16205
16210	16213
16219	16221
16222	16222
16222	16222
16222	16222
16222	16222
16222	16222
16222	16222
16222	16222
16222	16222
16222	16222
16222	16222
16222	16222
16222	16222
16222	16222
16222	16222
16222	16222
16222	16222
16222	16222
16222	16222
16222	16222
16222	16222
16222	16222
16222	16222
16222	16222
16222	16222
16222	16222
16222	16222
16222	16222
16219	16209
16175	16091
15919	15641
15250	14786
14297	13810
13344	12969
12707	12473
12176	11844
11628	11640
11900	12351
12897	13429
13829	13951
13654	12967
12228	11856
12055	12715
13484	13984
14070	13830
13404	12901
12422	12070
11929	11999
12206	12434
12642	12888
13245	13691
14171	14657
15129	15539
15836	16020
16119	16165
16187	16201
16213	16218
16222	16222
16222	16222
16222	16222
16222	16222
16222	16222
16222	16222
16222	16222
16222	16222
16222	16222
16222	16222
16222	16222
16222	16222
16222	16222
16222	16222
16222	16222
16222	16222
16222	16222
16222	16222
16222	16222
16222	16222
16222	16222
16222	16222
16222	16222
16222	16222
16222	16222
16222	16222
16222	16220
16213	16183
16097	15893
15526	14991
14363	13747
13223	12791
12427	12152
11977	11859
11737	11619
11613	11817
12227	12747
13263	13686
13958	13970
13602	12884
12135	11766
11971	12647
13455	14011
14171	14021
13672	13195
12664	12185
11869	11754
11780	11856
11958	12120
12381	12736
13156	13661
14243	14842
15369	15752
15980	16092
16147	16178
16201	16216
16220	16222
16222	16222
16222	16222
16222	16222
16222	16222
16222	16222
16222	16222
16222	16222
16222	16222
16222	16222
16222	16222
16222	16222
16222	16222
16222	16222
16222	16222
16222	16222
16222	16222
16222	16222
16222	16222
16222	16222
16222	16222
16222	16222
16222	16222
16222	16222
16222	16222
16222	16222
16222	16216
16194	16124
15941	15556
14924	14119
13311	12672
12261	12014
11834	11701
11632	11602
11577	11566
11657	11901
12253	12583
12818	12957
13012	12936
12623	12098
11590	11364
11524	12003
12593	13021
13175	13132
12972	12710
12352	11961
11670	11551
11554	11595
11641	11725
11872	12081
12350	12732
13281	13976
14705	15325
15744	15975
16090	16154
16189	16211
16220	16222
16222	16222
16222	16222
16222	16222
16222	16222
16222	16222
16222	16222
16222	16222
16222	16222
16222	16222
16222	16222
16222	16222
16222	16222
16222	16222
16222	16222
16222	16222
16222	16222
16222	16222
16222	16222
16222	16222
16222	16222
16222	16222
16222	16222
16222	16222
16222	16222
16222	16222
16218	16205
16151	16002
15659	15040
14159	13182
12357	11839
11628	11588
11568	11531
11509	11507
11478	11428
11426	11507
11579	11546
11417	11273
11172	11082
10946	10776
10687	10702
10772	10900
11084	11238
11305	11317
11321	11307
11230	11119
11063	11150
11321	11460
11532	11593
11692	11809
11929	12123
12514	13147
13949	14754
15389	15795
16015	16126
16180	16208
16219	16222
16222	16222
16222	16222
16222	16222
16222	16222
16222	16222
16222	16222
16222	16222
16222	16222
16222	16222
16222	16222
16222	16222
16222	16222
16222	16222
16222	16222
16222	16222
16222	16222
16222	16222
16222	16222
16222	16222
16222	16222
16222	16222
16222	16222
16222	16222
16222	16222
16222	16219
16210	16175
16065	15785
15220	14348
13296	12314
11631	11324
11319	11441
11514	11498
11458	11411
11272	11022
10754	10522
10258	9929
9590	9332
9197	9166
9230	9428
9755	10010
9982	9736
9511	9395
9354	9365
9435	9545
9669	9817
10075	10490
10957	11303
11472	11585
11717	11814
11833	11860
12046	12501
13220	14085
14906	15525
15898	16083
16169	16204
16219	16222
16222	16222
16222	16222
16222	16222
16222	16222
16222	16222
16222	16222
16222	16222
16222	16222
16222	16222
16222	16222
16222	16222
16222	16222
16222	16222
16222	16222
16222	16222
16222	16222
16222	16222
16222	16222
16222	16222
16222	16222
16222	16222
16222	16222
16222	16222
16222	16222
16220	16216
16190	16120
15920	15458
14638	13542
12430	11566
11089	10990
11147	11359
11460	11427
11359	11240
10930	10399
9801	9279
8829	8422
8091	7882
7799	7846
8071	8531
9146	9564
9466	8971
8461	8158
8037	8023
8075	8182
8340	8604
9063	9758
10518	11082
11375	11550
11723	11834
11813	11739
11769	12039
12600	13420
14354	15174
15725	16017
16144	16197
16216	16222
16222	16222
16222	16222
16222	16222
16222	16222
16222	16222
16222	16222
16222	16222
16222	16222
16222	16222
16222	16222
16222	16222
16222	16222
16222	16222
16222	16222
16222	16222
16222	16222
16222	16222
16222	16222
16222	16222
16222	16222
16222	16222
16222	16222
16222	16222
16222	16222
16220	16207
16165	16037
15709	15033
13972	12732
11644	10923
10593	10597
10790	10988
11068	11081
11086	10990
10566	9814
8982	8304
7822	7484
7256	7134
7115	7242
7597	8241
9032	9546
9431	8812
8129	7680
7480	7424
7437	7492
7613	7878
8407	9241
10175	10872
11193	11301
11400	11491
11490	11427
11438	11640
12098	12837
13805	14776
15505	15921
16112	16188
16214	16221
16222	16222
16222	16222
16222	16222
16222	16222
16222	16222
16222	16222
16222	16222
16222	16222
16222	16222
16222	16222
16222	16222
16222	16222
16222	16222
16222	16222
16222	16222
16222	16222
16222	16222
16222	16222
16222	16222
16222	16222
16222	16222
16222	16222
16222	16222
16222	16222
16219	16198
16128	15926
15448	14551
13298	11991
10953	10295
9973	9907
9982	10065
10146	10325
10600	10711
10363	9563
8630	7882
7392	7111
6957	6886
6913	7117
7614	8435
9370	9961
9853	9156
8323	7713
7406	7299
7284	7310
7410	7684
8258	9145
10111	10772
10938	10782
10613	10578
10616	10679
10832	11147
11643	12358
13314	14369
15255	15809
16077	16181
16213	16221
16222	16222
16222	16222
16222	16222
16222	16222
16222	16222
16222	16222
16222	16222
16222	16222
16222	16222
16222	16222
16222	16222
16221	16219
16221	16221
16222	16222
16222	16222
16222	16222
16222	16222
16222	16222
16222	16222
16222	16222
16222	16222
16222	16222
16222	16222
16222	16222
16216	16190
16090	15809
15162	14062
12675	11351
10328	9613
9144	8886
8777	8764
8924	9375
10040	10526
10452	9778
8834	7992
7422	7127
7011	6965
6997	7245
7859	8824
9864	10506
10402	9654
8705	7957
7565	7438
7411	7416
7539	7901
8587	9530
10442	10911
10748	10181
9636	9373
9391	9586
9954	10502
11180	11960
12913	14009
15010	15693
16040	16173
16213	16221
16222	16222
16222	16222
16222	16222
16222	16222
16222	16222
16222	16222
16222	16222
16222	16222
16222	16222
16222	16222
16221	16216
16200	16173
16206	16207
16215	16222
16222	16222
16222	16222
16222	16222
16222	16222
16222	16222
16222	16222
16222	16222
16222	16222
16222	16222
16222	16222
16215	16180
16049	15679
14883	13620
12146	10817
9764	8915
8248	7804
7582	7575
7889	8632
9670	10561
10833	10358
9425	8454
7752	7422
7350	7325
7302	7484
8083	9058
10092	10721
10625	9891
8934	8179
7825	7765
7751	7728
7865	8363
9234	10281
11120	11335
10807	9837
8928	8414
8321	8546
9050	9816
10708	11612
12589	13701
14785	15576
15997	16161
16210	16221
16222	16222
16222	16222
16222	16222
16222	16222
16222	16222
16222	16222
16222	16222
16222	16222
16222	16222
16222	16222
16216	16185
16098	15921
16152	16154
16194	16217
16222	16222
16222	16222
16222	16222
16222	16222
16222	16222
16222	16222
16222	16222
16222	16222
16222	16222
16222	16221
16214	16167
16003	15545
14615	13227
11708	10383
9292	8325
7518	6987
6763	6842
7321	8280
9577	10756
11299	10991
10070	8990
8182	7861
7877	7882
7740	7711
8113	8933
9837	10391
10311	9669
8837	8241
8085	8196
8234	8146
8261	8856
9900	11061
11867	11905
11108	9854
8688	7959
7717	7871
8386	9247
10286	11298
12302	13424
14569	15456
15949	16150
16208	16221
16222	16222
16222	16222
16222	16222
16222	16222
16222	16222
16222	16222
16222	16222
16222	16222
16222	16222
16222	16221
16198	16099
15790	15078
16050	16056
16156	16211
16222	16222
16222	16222
16222	16222
16222	16222
16222	16222
16222	16222
16222	16222
16222	16222
16222	16222
16222	16221
16210	16157
15961	15427
14385	12914
11379	10078
8973	7947
7086	6549
6369	6531
7122	8211
9630	10946
11616	11397
10490	9364
8524	8248
8369	8399
8124	7848
7988	8593
9339	9809
9744	9206
8540	8165
8262	8570
8660	8504
8553	9184
10324	11560
12373	12341
11431	10044
8731	7863
7502	7567
8029	8892
9983	11052
12070	13199
14385	15347
15906	16137
16206	16221
16222	16222
16222	16222
16222	16222
16222	16222
16222	16222
16222	16222
16222	16222
16222	16222
16222	16222
16222	16216
16173	15968
15271	13456
