5796	5577
5549	5357
5238	5082
4974	4903
4897	4977
5156	5439
5842	6349
6936	7571
8204	8788
9279	9650
9888	10000
9995	9905
9752	9557
9348	9143
8959	8811
8718	8696
8750	8890
9106	9387
9708	10036
10344	10603
10799	10929
10997	11015
10997	10949
10875	10769
10618	10408
10144	9759
9433	8770
8638	7575
5716	5485
5457	5256
5136	4978
4866	4793
4788	4867
5042	5333
5733	6241
6831	7467
8103	8692
9192	9574
9826	9949
9963	9890
9754	9580
9386	9193
9016	8865
8765	8728
8761	8874
9064	9317
9615	9926
10225	10486
10691	10837
10920	10953
10941	10896
10819	10704
10544	10323
10054	9668
9342	8675
8551	7482
5607	5357
5337	5121
5000	4834
4722	4648
4645	4723
4900	5190
5593	6101
6695	7335
7975	8573
9083	9481
9744	9890
9925	9875
9764	9612
9438	9260
9090	8938
8830	8771
8775	8858
9009	9227
9494	9784
10072	10332
10547	10708
10809	10857
10855	10815
10734	10611
10438	10207
9929	9538
9212	8547
8429	7357
5465	5199
5181	4959
4834	4666
4550	4477
4471	4553
4729	5023
5427	5940
6535	7183
7833	8443
8964	9374
9662	9826
9886	9862
9776	9652
9500	9337
9176	9028
8909	8828
8803	8843
8955	9130
9358	9618
9889	10146
10371	10544
10663	10728
10735	10696
10609	10477
10294	10052
9770	9373
9050	8389
8273	7204
5302	5019
5008	4777
4655	4481
4364	4290
4282	4365
4543	4838
5245	5762
6364	7023
7684	8306
8847	9278
9583	9769
9856	9857
9799	9699
9571	9429
9277	9128
8998	8897
8841	8839
8901	9027
9214	9440
9690	9939
10166	10349
10485	10560
10578	10539
10450	10308
10113	9866
9576	9179
8857	8198
8084	7021
5120	4826
4821	4584
4463	4287
4173	4097
4093	4174
4355	4652
5063	5589
6201	6866
7545	8185
8742	9192
9523	9731
9837	9863
9829	9754
9646	9519
9378	9234
9094	8971
8881	8841
8855	8931
9073	9262
9483	9720
9943	10135
10278	10363
10389	10350
10254	10107
9907	9655
9359	8965
8639	7985
7866	6817
4935	4638
4634	4399
4279	4107
3992	3920
3914	3996
4178	4476
4893	5423
6046	6730
7423	8084
8663	9135
9481	9711
9837	9884
9869	9816
9724	9615
9482	9339
9192	9053
8936	8851
8822	8852
8943	9092
9286	9500
9715	9907
10054	10145
10173	10136
10039	9888
9686	9430
9133	8735
8404	7761
7614	6604
4760	4457
4464	4227
4116	3944
3835	3762
3757	3839
4019	4319
4742	5280
5915	6614
7327	8008
8609	9102
9469	9716
9857	9918
9918	9876
9801	9699
9579	9437
9286	9132
8988	8872
8800	8786
8832	8942
9104	9298
9501	9685
9832	9922
9951	9916
9818	9667
9463	9206
8907	8510
8159	7531
7333	6381
4602	4302
4315	4084
3976	3812
3704	3635
3627	3708
3890	4191
4618	5164
5810	6523
7258	7958
8581	9091
9477	9738
9893	9963
9972	9935
9873	9781
9666	9526
9369	9203
9040	8896
8789	8734
8744	8816
8952	9121
9306	9483
9627	9712
9740	9705
9609	9458
9257	9000
8697	8300
7923	7304
7036	6164
4472	4181
4193	3972
3868	3709
3605	3534
3531	3609
3792	4094
4523	5076
5734	6462
7212	7931
8571	9100
9500	9771
9929	10006
10020	9991
9931	9847
9737	9598
9438	9264
9086	8918
8782	8699
8677	8720
8826	8974
9146	9312
9444	9531
9557	9521
9426	9281
9081	8825
8512	8112
7696	7098
6732	5962
4371	4085
4102	3888
3789	3636
3537	3467
3464	3538
3722	4023
4455	5014
5683	6421
7184	7919
8572	9114
9521	9801
9965	10047
10062	10037
9981	9900
9789	9653
9494	9311
9121	8939
8784	8676
8629	8651
8736	8867
9023	9178
9306	9390
9413	9376
9286	9141
8945	8677
8373	7822
7509	6240
6457	3896
