7712	6616
5254	4221
3581	3130
2784	2565
2468	2466
2537	2677
2839	2962
3079	3343
3877	4616
5340	5858
6112	6156
6123	6129
6202	6242
6066	5513
4583	3510
2600	2010
1682	1523
1507	1689
2149	2840
3540	4003
4160	4093
3929	3779
3717	3714
3694	3618
3529	3523
3749	4260
4845	5147
5026	4620
4127	3674
3349	3188
3171	3207
3201	3121
2986	2834
2703	2649
2716	2960
3552	4787
6799	9247
11450	12899
13538	13659
13639	13679
13778	13882
14017	14199
14408	14599
14755	14876
14978	15077
15185	15270
15306	15304
15298	15302
15264	15122
14804	14234
13296	11917
10191	8415
6954	6051
5640	5456
5299	5234
5407	5782
6181	6533
6960	7547
8180	8799
9524	10456
11540	12597
13452	14046
14409	14568
14520	14219
13574	12501
11048	9383
7797	6698
6439	7016
7999	8781
8936	8452
7658	6976
6653	6726
7050	7402
7573	7498
7273	7073
6986	6995
7026	7066
7117	7179
7245	7313
7386	7480
7597	7745
7915	8084
8219	8350
8543	8832
9171	9469
9603	9545
9432	9490
9827	10289
10636	10730
10583	10284
9920	9587
9344	9181
9064	8980
8920	8872
8833	8796
8767	8746
8745	8782
8864	8971
9081	9180
9254	9313
9379	9465
9561	9629
9639	9591
9503	9401
9280	9139
8972	8801
8647	8533
8466	8436
8426	8430
8436	8447
8458	8501
8664	9059
9556	0
7489	6406
5072	4075
3457	3027
2706	2508
2431	2436
2519	2664
2840	3012
3227	3603
4202	4913
5555	5997
6208	6236
6190	6172
6197	6151
5836	5145
4180	3219
2490	2029
1744	1575
1519	1631
1986	2550
3156	3596
3802	3813
3730	3649
3634	3665
3672	3641
3633	3741
4046	4512
4927	5033
4796	4372
3928	3557
3314	3210
3203	3204
3156	3047
2917	2788
2683	2636
2694	2889
3363	4405
6230	8605
10892	12528
13350	13590
13603	13647
13770	13926
14096	14282
14474	14644
14774	14860
14930	15000
15076	15149
15206	15251
15303	15360
15380	15323
15163	14859
14289	13339
11990	10382
8768	7423
6506	5961
5617	5377
5257	5250
5293	5370
5573	5951
6427	6941
7596	8508
9669	10912
12021	12894
13531	13946
14153	14159
13911	13320
12326	10955
9395	8007
7174	7020
7329	7695
7822	7665
7372	7115
6999	7064
7282	7545
7699	7650
7436	7207
7077	7035
7031	7045
7088	7144
7213	7283
7356	7440
7524	7628
7777	7944
8101	8262
8495	8828
9206	9507
9613	9512
9381	9473
9914	10546
11049	11238
11133	10850
10509	10181
9901	9663
9464	9295
9149	9010
8874	8752
8651	8579
8549	8577
8652	8759
8874	8975
9054	9123
9202	9327
9479	9618
9702	9724
9695	9635
9554	9443
9303	9137
8970	8816
8689	8587
8516	8470
8444	8429
8420	8447
8599	8971
9422	0
7239	6181
4887	3924
3325	2918
2631	2468
2410	2427
2514	2666
2870	3129
3485	3997
4629	5266
5781	6124
6288	6301
6239	6189
6143	5961
5465	4634
3685	2904
2395	2068
1821	1634
1539	1581
1817	2237
2723	3108
3319	3388
3375	3356
3381	3438
3486	3539
3666	3931
4323	4709
4918	4841
4520	4103
3715	3429
3272	3228
3226	3199
3106	2980
2866	2775
2708	2680
2723	2863
3203	4016
5595	7839
10191	12031
13083	13489
13580	13641
13788	13997
14222	14417
14580	14704
14800	14870
14932	14981
15017	15055
15115	15196
15289	15381
15450	15470
15444	15356
15123	14618
13766	12549
11052	9509
8225	7365
6833	6394
5906	5394
4951	4653
4539	4622
4847	5178
5661	6406
7459	8707
9933	11009
11902	12602
13135	13538
13786	13765
13331	12389
11023	9549
8322	7535
7135	6937
6833	6813
6894	7045
7209	7381
7588	7805
7945	7911
7703	7436
7229	7104
7038	7021
7048	7102
7170	7249
7329	7405
7455	7504
7604	7763
7947	8163
8451	8817
9208	9500
9588	9490
9380	9522
10055	10844
11530	11854
11819	11578
11273	10959
10636	10318
10020	9754
9499	9244
8990	8760
8569	8432
8361	8359
8414	8503
8604	8698
8772	8848
8955	9119
9330	9540
9701	9791
9827	9826
9803	9753
9670	9548
9396	9222
9046	8874
8725	8616
8536	8473
8425	8416
8540	8883
9280	0
7026	5999
4744	3809
3227	2844
2593	2466
2426	2452
2540	2703
2951	3324
3829	4441
5057	5577
5961	6210
6325	6324
6255	6167
6024	5676
4997	4079
3210	2624
2302	2077
1860	1669
1547	1541
1689	2005
2386	2693
2863	2926
2940	2950
2979	3039
3142	3323
3628	4052
4486	4767
4802	4610
4276	3894
3560	3341
3249	3245
3252	3207
3101	2966
2863	2805
2773	2762
2794	2885
3109	3718
5036	7112
9489	11516
12795	13386
13593	13696
13849	14084
14343	14558
14703	14787
14835	14888
14954	15011
15037	15055
15106	15182
15273	15357
15439	15498
15530	15548
15499	15309
14894	14172
13100	11790
10540	9616
9008	8430
7638	6660
5724	4999
4520	4280
4241	4353
4599	5052
5791	6764
7801	8784
9688	10524
11319	12104
12847	13402
13546	13076
12021	10680
9419	8421
7651	7029
6581	6399
6511	6815
7165	7496
7797	8056
8221	8235
8066	7783
7482	7237
7080	7014
7020	7066
7133	7216
7315	7401
7428	7421
7463	7599
7818	8094
8423	8795
9153	9416
9519	9483
9461	9653
10231	11107
11943	12430
12501	12324
12057	11753
11404	11029
10660	10311
9961	9598
9230	8897
8618	8411
8283	8231
8237	8282
8342	8405
8470	8551
8680	8878
9127	9381
9593	9736
9823	9881
9924	9958
9962	9920
9822	9672
9486	9270
9067	8896
8761	8640
8529	8465
8546	8842
9176	0
6850	5845
4621	3714
3154	2803
2594	2493
2470	2509
2611	2801
3127	3614
4227	4864
5414	5817
6092	6265
6340	6321
6243	6125
5875	5347
4508	3568
2809	2373
2162	2001
1823	1655
1538	1507
1620	1881
2197	2438
2545	2561
2552	2539
2539	2595
2770	3109
3598	4127
4529	4692
4623	4399
4084	3739
3449	3285
3238	3253
3265	3224
3124	2998
2894	2843
2827	2834
2856	2915
3060	3503
4588	6473
8847	11034
12522	13289
13627	13795
13954	14167
14419	14652
14811	14890
14908	14924
14977	15045
15095	15130
15181	15241
15295	15345
15408	15469
15513	15547
15548	15496
15351	15036
14465	13649
12768	12054
11534	10964
10072	8869
7604	6510
5679	5142
4874	4801
4832	4993
5363	5905
6499	7052
7604	8236
9024	9997
11112	12192
12915	12957
12249	11120
10014	9142
8432	7743
7093	6654
6547	6728
7063	7452
7842	8179
8428	8544
8486	8235
7865	7491
7215	7068
7023	7047
7103	7197
7316	7415
7433	7390
7386	7501
7735	8053
8401	8747
9045	9271
9412	9497
9593	9841
10404	11289
12231	12874
13089	12994
12765	12468
12112	11717
11318	10925
10513	10067
9613	9194
8844	8568
8373	8255
8188	8161
8157	8174
8220	8305
8452	8662
8917	9180
9409	9582
9706	9811
9918	10029
10125	10173
10155	10062
9898	9690
9470	9273
9100	8927
8756	8629
8651	8878
9122	0
6679	5683
4478	3602
3088	2780
2599	2521
2513	2576
2720	2992
3427	4012
4652	5232
5678	5984
6182	6303
6350	6328
6255	6106
5745	5041
4092	3166
2504	2151
1983	1861
1734	1613
1526	1501
1603	1838
2127	2340
2411	2378
2313	2245
2204	2268
2536	3034
3648	4175
4467	4517
4408	4188
3890	3573
3334	3225
3217	3233
3234	3194
3113	3005
2904	2850
2841	2853
2875	2916
3016	3348
4231	5920
8254	10570
12246	13164
13609	13852
14041	14241
14467	14703
14894	15002
15026	15017
15036	15088
15153	15214
15272	15321
15349	15372
15417	15473
15517	15531
15514	15477
15433	15342
15127	14755
14304	13913
13595	13175
12433	11340
10079	8870
7850	7114
6690	6486
6384	6360
6458	6631
6737	6691
6591	6638
7001	7778
8952	10341
11564	12157
11900	11043
10095	9398
8924	8456
7902	7387
7094	7066
7233	7519
7864	8215
8534	8782
8865	8702
8324	7864
7469	7208
7077	7045
7090	7194
7323	7417
7424	7364
7339	7440
7675	8001
8346	8654
8903	9116
9307	9509
9718	10005
10530	11381
12380	13172
13542	13556
13379	13104
12755	12365
11974	11575
11132	10634
10128	9659
9256	8925
8663	8463
8307	8185
8100	8065
8085	8173
8320	8516
8745	8985
9209	9401
9555	9694
9840	9999
10158	10282
10336	10306
10197	10033
9850	9671
9492	9290
9071	8890
8841	8985
9119	0
6517	5518
4320	3480
3020	2755
2595	2520
2532	2645
2882	3281
3843	4485
5077	5534
5860	6084
6236	6328
6369	6361
6299	6118
5637	4790
3765	2876
2289	1976
1822	1729
1653	1588
1541	1535
1624	1831
2112	2346
2435	2378
2254	2137
2092	2213
2583	3169
3772	4173
4301	4264
4149	3944
3658	3371
3194	3149
3168	3180
3152	3103
3038	2958
2874	2828
2818	2833
2856	2895
2981	3246
3970	5477
7729	10127
11952	12992
13506	13812
14060	14295
14536	14777
14984	15116
15168	15160
15151	15166
15207	15259
15316	15359
15386	15408
15450	15505
15545	15547
15506	15453
15416	15394
15331	15195
15026	14892
14772	14544
14058	13308
12390	11414
10502	9770
9290	9026
8883	8797
8770	8730
8497	7944
7162	6421
6029	6195
6984	8272
9711	10794
11123	10712
9967	9341
9003	8790
8521	8197
7936	7810
7809	7907
8087	8326
8618	8922
9115	9063
8749	8288
7819	7438
7185	7080
7108	7216
7331	7395
7368	7293
7264	7359
7586	7897
8218	8493
8727	8952
9203	9489
9784	10101
10593	11405
12448	13368
13892	14022
13915	13674
13343	12979
12619	12236
11791	11280
10752	10258
9831	9458
9140	8858
8602	8382
8209	8107
8090	8157
8281	8432
8606	8808
9024	9235
9420	9582
9736	9911
10100	10264
10364	10388
10340	10245
10131	10005
9852	9658
9425	9208
9105	9158
9164	0
6393	5383
4187	3373
2955	2723
2571	2499
2541	2737
3112	3661
4321	4960
5442	5750
5955	6111
6231	6321
6380	6400
6340	6100
5506	4551
3502	2669
2146	1859
1718	1653
1621	1597
1575	1571
1639	1823
2115	2408
2558	2515
2374	2266
2290	2498
2914	3444
3880	4069
4051	3965
3856	3664
3403	3175
3066	3067
3097	3092
3041	2983
2925	2867
2812	2779
2775	2790
2819	2862
2955	3194
3821	5177
7326	9749
11686	12815
13365	13701
14012	14333
14646	14911
15108	15227
15280	15292
15281	15265
15263	15278
15311	15350
15387	15429
15476	15520
15547	15545
15506	15452
15413	15392
15355	15280
15219	15218
15221	15113
14846	14443
13968	13432
12852	12311
11892	11636
11509	11446
11400	11294
10955	10193
9010	7651
6488	5834
5867	6586
7795	9094
9993	10194
9800	9245
8892	8785
8780	8754
8693	8634
8593	8571
8576	8641
8804	9045
9255	9290
9083	8686
8201	7727
7356	7171
7161	7250
7337	7347
7282	7192
7163	7253
7468	7752
8032	8281
8515	8773
9081	9420
9755	10102
10600	11419
12509	13538
14191	14426
14383	14170
13868	13544
13234	12890
12463	11963
11441	10948
10510	10119
9755	9403
9061	8742
8481	8306
8231	8246
8309	8394
8499	8654
8863	9093
9303	9470
9615	9781
9972	10153
10279	10335
10341	10316
10277	10219
10121	9957
9740	9522
9395	9374
9252	0
6307	5291
4094	3296
2898	2687
2551	2502
2599	2904
3431	4109
4804	5356
5696	5861
5956	6051
6153	6254
6343	6384
6305	5985
5290	4285
3271	2514
2047	1792
1673	1635
1630	1626
1603	1585
1632	1807
2131	2499
2736	2765
2690	2675
2806	3060
3387	3692
3856	3837
3734	3647
3555	3395
3192	3040
2983	2996
3011	2985
2922	2858
2810	2770
2735	2720
2723	2742
2774	2823
2926	3164
3752	5017
7074	9475
11470	12677
13267	13619
13968	14364
14757	15069
15251	15322
15343	15357
15359	15346
15322	15306
15309	15334
15378	15435
15486	15511
15520	15508
15484	15443
15417	15395
15342	15265
15225	15267
15311	15247
15082	14892
14731	14559
14323	14029
13741	13544
13463	13449
13438	13367
13101	12439
11288	9768
8176	6838
6003	5838
6378	7446
8618	9382
9492	9154
8789	8658
8756	8943
9099	9200
9261	9267
9216	9152
9155	9269
9420	9481
9356	9042
8579	8060
7609	7338
7254	7282
7316	7289
7211	7120
7095	7180
7366	7609
7845	8064
8305	8599
8946	9301
9641	10019
10575	11457
12614	13728
14474	14775
14764	14579
14315	14050
13803	13506
13112	12639
12136	11662
11235	10841
10452	10052
9640	9242
8901	8650
8497	8424
8398	8404
8452	8567
8751	8976
9180	9331
9461	9613
9800	9983
10120	10197
10234	10262
10286	10289
10245	10135
9963	9773
9651	9584
9346	0
6239	5223
4028	3232
2846	2655
2555	2564
2756	3190
3851	4599
5241	5653
5833	5873
5868	5898
5969	6072
6177	6222
6117	5725
4988	4027
3117	2447
2033	1799
1689	1661
1660	1654
1621	1589
1625	1815
2175	2620
2966	3133
3210	3337
3533	3712
3791	3762
3648	3501
3393	3338
3281	3177
3062	2990
2962	2953
2920	2867
2801	2740
2695	2663
2653	2654
2667	2689
2721	2774
2881	3124
3701	4924
6916	9280
11310	12595
13256	13635
13994	14406
14836	15179
15362	15400
15385	15377
15386	15392
15381	15361
15341	15344
15372	15424
15474	15501
15497	15471
15436	15404
15390	15374
15325	15242
15205	15236
15261	15199
15070	14959
14912	14904
14869	14775
14631	14514
14477	14511
14557	14562
14442	14041
13226	11983
10449	8832
7371	6319
5928	6312
7262	8275
8870	8936
8724	8564
8624	8859
9145	9404
9625	9772
9794	9713
9627	9627
9704	9759
9687	9423
8981	8449
7950	7588
7396	7324
7296	7253
7191	7137
7132	7197
7335	7516
7708	7903
8144	8460
8814	9151
9466	9871
10510	11478
12709	13893
14700	15046
15066	14917
14711	14512
14320	14068
13710	13266
12793	12344
11938	11555
11162	10736
10279	9829
9429	9110
8878	8708
8585	8512
8506	8575
8714	8885
9042	9161
9270	9416
9602	9783
9926	10008
10060	10114
10173	10222
10233	10179
10066	9927
9828	9734
9415	0
6179	5162
3970	3177
2797	2627
2577	2679
2995	3562
4316	5060
5595	5848
5898	5831
5722	5648
5648	5706
5778	5807
5694	5318
4664	3866
3139	2592
2215	1967
1821	1751
1721	1703
1670	1643
1692	1896
2291	2800
3267	3596
3835	4053
4206	4180
3953	3623
3325	3142
3070	3055
3041	3013
3000	3002
2986	2923
2832	2747
2682	2630
2591	2572
2572	2588
2613	2639
2670	2721
2822	3057
3620	4812
6769	9108
11178	12561
13311	13739
14089	14465
14862	15205
15404	15458
15433	15407
15404	15415
15423	15419
15397	15375
15370	15397
15446	15486
15492	15460
15402	15349
15319	15298
15254	15193
15153	15151
15134	15066
14957	14853
14796	14793
14824	14841
14816	14770
14770	14840
14947	15038
15055	14901
14466	13681
12549	11120
9496	7879
6622	6071
6333	7128
7973	8488
8602	8527
8514	8684
8987	9343
9706	10006
10160	10150
10076	10048
10097	10154
10108	9871
9447	8919
8387	7940
7622	7433
7330	7275
7242	7228
7243	7289
7376	7497
7644	7818
8056	8371
8700	8986
9271	9692
10381	11398
12677	13932
14817	15227
15307	15223
15087	14950
14796	14571
14238	13826
13387	12970
12583	12213
11822	11387
10913	10436
10007	9650
9354	9100
8885	8740
8674	8679
8740	8827
8913	8985
9073	9210
9393	9574
9716	9802
9854	9913
9985	10065
10121	10128
10075	9990
9918	9812
9436	0
6109	5095
3904	3112
2743	2598
2610	2821
3274	3962
4756	5444
5857	5996
5951	5783
5544	5322
5184	5129
5114	5097
5006	4751
4319	3819
3366	2991
2670	2379
2135	1965
1876	1839
1827	1838
1924	2157
2572	3121
3657	4065
4344	4503
4498	4245
3801	3330
2996	2846
2821	2840
2860	2890
2949	3008
2997	2891
2752	2645
2581	2543
2512	2502
2512	2536
2565	2594
2623	2668
2751	2958
3489	4648
6576	8926
11051	12527
13377	13860
14198	14519
14844	15146
15369	15479
15498	15470
15437	15423
15430	15441
15434	15413
15390	15389
15420	15468
15490	15458
15381	15286
15197	15129
15080	15042
15016	14992
14955	14895
14810	14701
14598	14535
14539	14579
14610	14616
14652	14763
14927	15090
15200	15202
15036	14646
13998	13038
11697	10013
8250	6845
6170	6317
7032	7831
8330	8472
8468	8546
8794	9180
9621	10022
10285	10384
10394	10414
10486	10560
10532	10321
9936	9450
8923	8409
7972	7657
7465	7369
7338	7344
7368	7404
7451	7525
7640	7801
8030	8312
8591	8828
9093	9516
10191	11183
12473	13808
14813	15344
15517	15513
15440	15343
15212	15004
14701	14324
13920	13536
13169	12804
12412	11976
11500	11028
10594	10220
9891	9583
9296	9072
8922	8842
8814	8819
8837	8860
8919	9037
9204	9377
9514	9601
9656	9715
9792	9890
9983	10041
10047	10010
9966	9851
9428	0
6019	5010
3822	3036
2681	2578
2672	2997
3578	4348
5128	5730
6046	6117
6023	5777
5404	5007
4685	4460
4317	4240
4179	4072
3910	3746
3609	3463
3253	2962
2637	2378
2234	2194
2210	2276
2419	2687
3102	3603
4058	4362
4494	4474
4276	3893
3407	2985
2737	2662
2677	2713
2742	2789
2878	2960
2956	2837
2679	2564
2513	2496
2480	2469
2478	2500
2530	2560
2590	2627
2687	2854
3333	4443
6344	8710
10898	12461
13384	13904
14239	14515
14778	15040
15277	15454
15537	15529
15465	15411
15398	15413
15430	15433
15421	15411
15416	15439
15454	15424
15329	15176
15005	14865
14783	14760
14759	14746
14724	14690
14632	14526
14392	14277
14217	14215
14242	14292
14385	14556
14775	14982
15126	15193
15161	15018
14746	14262
13411	12060
10273	8371
6828	6091
6292	7072
7860	8297
8425	8482
8669	9026
9472	9905
10235	10431
10543	10640
10757	10852
10843	10674
10368	9976
9513	8988
8459	8015
7706	7537
7466	7452
7470	7493
7520	7571
7671	7825
8027	8257
8475	8688
8959	9371
9986	10899
12167	13578
14727	15401
15675	15736
15706	15635
15529	15351
15088	14757
14404	14056
13711	13347
12951	12518
12056	11595
11169	10795
10453	10113
9775	9470
9228	9058
8951	8891
8852	8826
8838	8914
9049	9201
9329	9423
9487	9546
9628	9732
9845	9943
9994	10006
9993	9869
9401	0
5909	4902
3719	2944
2621	2589
2794	3251
3938	4730
5451	5942
6178	6218
6112	5846
5399	4864
4359	3951
3669	3514
3455	3441
3453	3523
3623	3694
3654	3463
3181	2935
2808	2789
2836	2942
3126	3405
3745	4075
4292	4345
4252	4045
3737	3349
2967	2693
2574	2574
2613	2644
2660	2699
2780	2867
2867	2761
2618	2516
2486	2488
2489	2479
2472	2482
2504	2534
2567	2597
2646	2780
3208	4259
6111	8480
10721	12343
13302	13824
14146	14402
14649	14901
15151	15365
15503	15527
15464	15389
15355	15363
15384	15404
15413	15407
15394	15385
15365	15305
15176	14977
14741	14535
14410	14372
14380	14391
14391	14383
14341	14250
14120	13988
13887	13842
13867	13972
14153	14399
14667	14880
15006	15062
15072	15047
14984	14826
14405	13534
12092	10146
8062	6490
5944	6380
7229	7929
8294	8457
8644	8955
9358	9772
10121	10377
10557	10709
10857	10977
11004	10901
10691	10415
10057	9583
9026	8482
8052	7776
7631	7574
7563	7563
7566	7602
7705	7857
8022	8181
8347	8560
8863	9272
9817	10635
11849	13304
14578	15389
15759	15870
15863	15813
15736	15602
15393	15126
14835	14540
14227	13875
13481	13054
12605	12159
11735	11355
11007	10654
10279	9912
9592	9347
9179	9063
8972	8891
8844	8860
8938	9051
9166	9268
9346	9408
9479	9577
9699	9816
9906	9958
9977	9858
9354	0
5802	4798
3622	2866
2597	2668
3010	3607
4370	5141
5756	6126
6277	6287
6204	5989
5584	5010
4373	3803
3385	3144
3040	3013
3053	3177
3363	3546
3646	3627
3518	3412
3376	3392
3451	3561
3731	3947
4150	4254
4211	4042
3790	3499
3184	2883
2645	2519
2498	2541
2587	2601
2599	2622
2691	2764
2770	2688
2574	2500
2487	2506
2521	2503
2479	2470
2483	2515
2553	2587
2640	2769
3173	4159
5934	8268
10534	12190
13146	13635
13929	14177
14447	14726
14984	15202
15366	15435
15414	15354
15311	15296
15293	15296
15299	15293
15283	15263
15209	15094
14914	14676
14416	14188
14038	13970
13948	13937
13932	13923
13894	13830
13735	13628
13533	13494
13561	13737
14001	14317
14610	14801
14875	14883
14882	14889
14912	14910
14766	14312
13339	11695
9501	7369
6065	5911
6551	7378
8002	8384
8672	8978
9332	9705
10044	10311
10505	10665
10820	10967
11047	11017
10893	10713
10458	10084
9574	9001
8478	8087
7842	7710
7644	7594
7558	7581
7689	7847
7974	8071
8200	8436
8792	9217
9719	10433
11549	12986
14348	15288
15761	15928
15948	15919
15868	15776
15625	15424
15202	14964
14699	14380
14009	13600
13167	12719
12288	11892
11531	11172
10785	10383
10013	9715
9495	9327
9173	9034
8920	8869
8884	8943
9029	9132
9220	9277
9332	9415
9528	9654
9768	9853
9908	9803
9296	0
5731	4726
3557	2833
2638	2830
3316	4030
4837	5555
6051	6297
6358	6336
6287	6172
5891	5392
4721	4038
3485	3125
2922	2821
2801	2865
2994	3157
3310	3428
3509	3576
3639	3683
3724	3784
3880	3992
4060	4023
3866	3624
3349	3066
2809	2610
2496	2461
2483	2532
2570	2573
2562	2577
2631	2683
2687	2632
2552	2504
2502	2524
2537	2511
2469	2444
2454	2489
2532	2580
2648	2804
3207	4146
5836	8100
10346	12006
12944	13396
13654	13908
14210	14521
14775	14962
15120	15239
15293	15288
15254	15200
15146	15102
15069	15051
15053	15039
14968	14812
14583	14325
14080	13886
13743	13636
13541	13460
13400	13369
13349	13327
13289	13236
13196	13209
13332	13567
13883	14216
14496	14645
14672	14648
14626	14636
14683	14745
14735	14540
13973	12764
10802	8479
6592	5758
5964	6718
7521	8160
8634	9022
9374	9718
10041	10300
10478	10608
10734	10885
11008	11041
10975	10861
10701	10440
10034	9507
8945	8453
8082	7842
7685	7566
7481	7480
7593	7750
7863	7922
8047	8326
8743	9198
9663	10266
11241	12600
14016	15097
15705	15952
16013	16005
15972	15911
15805	15661
15496	15318
15111	14845
14518	14138
13716	13264
12814	12398
12024	11661
11272	10857
10461	10131
9872	9654
9446	9242
9066	8950
8895	8897
8946	9030
9108	9154
9190	9256
9358	9486
9609	9715
9790	9711
9232	0
5701	4691
3531	2852
2747	3066
3679	4469
5274	5916
6300	6443
6431	6383
6363	6342
6199	5835
5237	4521
3855	3345
3010	2808
2713	2696
2731	2800
2914	3074
3260	3433
3551	3593
3581	3569
3582	3615
3633	3592
3473	3285
3057	2823
2627	2504
2458	2457
2486	2522
2548	2551
2546	2560
2594	2625
2621	2588
2544	2518
2517	2530
2524	2487
2435	2406
2413	2448
2493	2554
2649	2839
3264	4182
5798	7983
10171	11805
12729	13159
13404	13664
13989	14311
14542	14688
14823	14967
15099	15172
15157	15066
14948	14841
14763	14721
14719	14716
14646	14488
14257	14006
13793	13636
13507	13367
13199	13036
12913	12851
12850	12879
12910	12932
12962	13048
13222	13479
13776	14066
14287	14392
14398	14371
14355	14369
14421	14496
14536	14465
14154	13341
11772	9569
7364	5917
5568	6055
6895	7734
8433	8979
9404	9762
10075	10332
10497	10588
10667	10792
10929	10996
10971	10900
10819	10676
10392	9958
9416	8853
8358	7977
7706	7515
7386	7360
7453	7599
7704	7774
7929	8259
8720	9186
9604	10093
10906	12155
13605	14840
15607	15958
16067	16082
16062	16020
15943	15842
15725	15596
15447	15244
14977	14638
14231	13777
13314	12886
12500	12132
11737	11321
10917	10577
10302	10056
9803	9542
9297	9107
8989	8926
8925	8969
9022	9047
9069	9125
9221	9346
9475	9589
9673	9622
9187	0
5700	4684
3531	2903
2900	3347
4057	4868
5619	6168
6460	6536
6493	6441
6439	6464
6419	6196
5738	5089
4374	3736
3257	2946
2771	2691
2651	2642
2681	2798
2985	3174
3292	3300
3241	3173
3146	3168
3212	3233
3195	3076
2899	2716
2579	2502
2477	2480
2492	2507
2524	2539
2554	2569
2578	2580
2573	2557
2544	2535
2533	2523
2489	2436
2380	2352
2361	2399
2446	2513
2621	2837
3288	4201
5781	7898
10025	11622
12541	12977
13234	13499
13826	14132
14335	14436
14532	14681
14864	14998
15008	14896
14728	14566
14449	14378
14344	14319
14259	14136
13955	13752
13570	13422
13282	13114
12912	12718
12575	12515
12541	12634
12744	12840
12939	13079
13276	13510
13738	13934
14071	14133
14140	14137
14141	14159
14201	14263
14300	14272
14096	13564
12393	10486
8215	6325
5408	5491
6203	7139
8039	8782
9337	9748
10077	10346
10519	10597
10643	10736
10860	10931
10923	10888
10869	10818
10658	10333
9847	9261
8664	8158
7786	7528
7370	7321
7375	7481
7571	7669
7879	8244
8706	9142
9503	9886
10549	11683
13153	14534
15472	15933
16090	16120
16114	16086
16038	15969
15889	15803
15704	15566
15356	15061
14681	14244
13793	13364
12975	12593
12189	11767
11370	11043
10779	10531
10251	9939
9626	9363
9174	9045
8980	8973
8985	8990
9000	9049
9144	9265
9393	9510
9601	9569
9170	0
5706	4681
3539	2966
3069	3635
4415	5207
5862	6305
6519	6557
6512	6478
6491	6526
6524	6409
6119	5618
4962	4276
3683	3238
2959	2807
2727	2674
2656	2705
2821	2950
3023	3000
2917	2838
2822	2876
2963	3029
3025	2932
2793	2663
2584	2554
2540	2529
2513	2498
2500	2526
2559	2574
2564	2539
2524	2529
2546	2556
2546	2508
2451	2381
2323	2301
2313	2347
2395	2460
2571	2795
3260	4184
5744	7818
9902	11488
12424	12889
13155	13406
13704	13981
14154	14230
14298	14425
14610	14762
14802	14705
14527	14338
14185	14077
13995	13922
13847	13754
13644	13516
13373	13221
13060	12883
12705	12555
12468	12465
12556	12716
12893	13051
13194	13350
13525	13700
13838	13919
13959	13978
13993	14010
14020	14013
14018	14042
14067	14046
13921	13560
12715	11161
9010	6870
5462	5084
5545	6461
7496	8425
9134	9637
10006	10296
10500	10604
10659	10736
10831	10883
10872	10853
10872	10891
10827	10604
10195	9625
8986	8396
7953	7665
7504	7439
7446	7478
7530	7637
7876	8248
8672	9055
9353	9662
10217	11254
12722	14217
15305	15863
16057	16099
16100	16091
16067	16030
15984	15934
15873	15779
15622	15377
15040	14640
14223	13819
13436	13050
12632	12206
11816	11508
11260	11025
10734	10383
10011	9689
9434	9241
9110	9047
9018	8998
8994	9040
9132	9251
9380	9494
9588	9560
9178	0
5702	4675
3550	3037
3246	3913
4741	5488
6035	6364
6506	6520
6493	6483
6508	6541
6547	6503
6351	6030
5525	4908
4265	3687
3249	2985
2864	2801
2762	2751
2778	2821
2832	2787
2704	2646
2662	2745
2842	2898
2883	2798
2686	2602
2584	2606
2621	2602
2555	2506
2486	2509
2553	2570
2549	2510
2491	2513
2553	2571
2546	2484
2404	2326
2277	2259
2273	2305
2351	2410
2515	2735
3197	4111
5656	7707
9782	11397
12388	12890
13148	13355
13598	13832
13989	14064
14124	14221
14354	14480
14541	14497
14365	14185
14008	13859
13722	13593
13474	13385
13321	13264
13179	13057
12909	12762
12651	12604
12635	12750
12936	13157
13379	13562
13711	13847
13980	14082
14123	14094
14044	14009
14004	14008
13983	13926
13870	13847
13839	13796
13679	13413
12804	11570
9622	7390
5625	4824
4973	5772
6855	7937
8821	9441
9867	10184
10425	10584
10685	10776
10847	10861
10827	10801
10833	10890
10893	10753
10430	9920
9293	8683
8213	7927
7780	7705
7658	7610
7583	7649
7869	8211
8597	8926
9188	9460
9957	10920
12363	13923
15121	15759
15987	16032
16043	16048
16044	16035
16016	15993
15961	15897
15775	15570
15289	14947
14580	14218
13859	13480
13066	12639
12252	11943
11701	11461
11166	10798
10405	10051
9751	9501
9313	9190
9117	9069
9058	9095
9177	9293
9415	9530
9617	9587
9198	0
5673	4653
3562	3124
3432	4189
5039	5728
6165	6387
6465	6465
6453	6472
6515	6543
6542	6528
6472	6310
5997	5523
4909	4229
3627	3223
3028	2958
2914	2876
2843	2814
2770	2700
2615	2572
2610	2708
2787	2808
2771	2697
2609	2554
2573	2641
2689	2679
2619	2543
2489	2483
2512	2533
2519	2488
2478	2507
2560	2574
2529	2440
2357	2290
2254	2245
2259	2284
2321	2369
2462	2663
3103	3992
5515	7551
9649	11327
12389	12928
13167	13316
13491	13682
13837	13940
14009	14067
14124	14184
14245	14274
14227	14093
13913	13731
13557	13383
13235	13132
13083	13070
13054	12998
12911	12835
12812	12887
13061	13313
13591	13853
14078	14251
14386	14492
14576	14607
14562	14445
14316	14221
14164	14117
14040	13920
13802	13710
13636	13553
13426	13212
12749	11721
9944	7713
5741	4622
4484	5110
6176	7376
8439	9209
9709	10047
10311	10522
10691	10811
10868	10847
10775	10730
10753	10828
10871	10805
10575	10163
9608	9033
8587	8326
8190	8089
7974	7832
7704	7686
7835	8126
8460	8763
9016	9303
9796	10714
12106	13674
14938	15645
15904	15965
15981	15997
16012	16016
16016	16012
15990	15946
15851	15690
15458	15175
14856	14531
14201	13848
13454	13041
12650	12327
12069	11818
11516	11155
10774	10422
10104	9813
9569	9390
9274	9198
9166	9185
9250	9351
9466	9577
9660	9615
9205	0
5619	4616
3577	3237
3654	4481
5325	5935
6263	6394
6425	6417
6431	6480
6535	6558
6543	6524
6517	6470
6322	6013
5496	4798
4092	3561
3271	3146
3079	3023
2980	2934
2864	2762
2647	2583
2616	2709
2776	2771
2728	2672
2605	2562
2596	2685
2751	2760
2708	2619
2521	2458
2442	2460
2474	2473
2472	2514
2566	2567
2494	2391
2311	2272
2259	2261
2269	2285
2304	2335
2409	2581
2989	3852
5351	7385
9511	11254
12385	12946
13169	13278
13393	13544
13701	13837
13923	13947
13935	13923
13962	14031
14063	14004
13864	13689
13501	13323
13183	13094
13062	13074
13093	13093
13071	13076
13156	13342
13624	13965
14292	14562
14758	14902
15014	15097
15137	15112
15004	14836
14657	14517
14404	14298
14159	13984
13806	13647
13506	13377
13247	13059
12635	11668
9958	7747
5697	4407
4070	4524
5510	6767
7993	8937
9534	9902
10172	10416
10637	10800
10866	10819
10713	10637
10645	10724
10799	10799
10666	10375
9944	9468
9098	8877
8729	8564
8350	8097
7864	7753
7811	8017
8293	8565
8836	9176
9718	10611
11926	13456
14755	15537
15851	15934
15958	15980
15997	16008
16016	16018
16008	15975
15904	15779
15596	15350
15067	14760
14452	14127
13768	13382
12998	12662
12390	12129
11820	11474
11127	10797
10477	10160
9872	9641
9477	9361
9301	9287
9319	9393
9495	9601
9690	9640
9205	0
5566	4589
3622	3394
3916	4782
5588	6109
6341	6400
6398	6397
6433	6505
6567	6575
6539	6514
6526	6538
6499	6331
5956	5347
4648	4049
3651	3416
3273	3189
3155	3134
3075	2946
2782	2664
2658	2735
2791	2785
2747	2707
2660	2631
2671	2755
2822	2843
2813	2721
2583	2448
2376	2377
2415	2443
2464	2510
2564	2558
2468	2362
2298	2283
2287	2292
2292	2294
2295	2307
2356	2499
2873	3714
5199	7232
9373	11153
12320	12905
13130	13225
13308	13426
13577	13725
13817	13825
13782	13737
13741	13798
13859	13870
13807	13683
13535	13396
13304	13267
13275	13295
13305	13297
13304	13375
13539	13805
14140	14498
14811	15046
15207	15328
15420	15482
15486	15423
15289	15107
14921	14770
14633	14475
14277	14049
13826	13625
13449	13305
13177	12977
12511	11487
9738	7521
5476	4161
3732	4038
4899	6134
7464	8571
9304	9738
10022	10277
10529	10736
10829	10781
10650	10545
10536	10618
10718	10765
10719	10559
10276	9944
9680	9514
9347	9097
8770	8406
8090	7896
7862	7960
8145	8373
8656	9057
9656	10538
11771	13230
14549	15420
15818	15940
15975	15993
16009	16019
16025	16029
16022	15998
15950	15859
15709	15495
15224	14928
14628	14326
14008	13662
13300	12974
12702	12433
12126	11790
11470	11167
10853	10520
10199	9923
9705	9544
9435	9372
9362	9402
9484	9589
9692	9657
9217	0
5564	4617
3723	3604
4212	5089
5826	6251
6401	6418
6400	6406
6454	6525
6577	6572
6526	6500
6521	6562
6578	6513
6280	5838
5247	4650
4160	3784
3518	3369
3326	3335
3307	3187
2994	2820
2759	2783
2809	2798
2774	2753
2725	2718
2766	2845
2899	2924
2913	2833
2673	2483
2352	2327
2366	2405
2429	2483
2548	2553
2469	2371
2327	2323
2328	2321
2310	2296
2284	2282
2310	2435
2792	3613
5084	7097
9229	11008
12190	12796
13036	13136
13214	13309
13443	13579
13666	13681
13653	13619
13598	13603
13633	13674
13693	13666
13604	13533
13496	13517
13568	13599
13576	13531
13537	13647
13873	14177
14520	14839
15090	15261
15380	15477
15559	15601
15583	15502
15368	15201
15035	14898
14756	14568
14322	14048
13796	13591
13428	13292
13152	12903
12340	11189
9333	7102
5132	3902
3470	3673
4378	5509
6852	8083
8974	9517
9859	10132
10401	10636
10761	10737
10603	10479
10456	10535
10648	10725
10735	10675
10537	10356
10206	10088
9913	9611
9200	8767
8386	8125
7998	7986
8068	8233
8503	8934
9564	10426
11568	12953
14297	15273
15775	15954
16005	16026
16037	16045
16047	16047
16044	16028
15992	15923
15800	15607
15351	15063
14771	14486
14197	13885
13559	13261
13002	12740
12433	12112
11809	11517
11206	10866
10524	10216
9951	9733
9567	9448
9390	9395
9453	9554
9677	9672
9251	0
5654	4735
3905	3867
4530	5378
6028	6359
6457	6455
6435	6440
6474	6521
6548	6532
6496	6483
6511	6567
6607	6607
6498	6222
5788	5263
4725	4239
3850	3601
3498	3495
3499	3414
3235	3043
2919	2864
2828	2800
2788	2789
2785	2800
2850	2912
2957	2990
3004	2941
2778	2564
2398	2336
2352	2373
2392	2452
2533	2557
2493	2414
2377	2372
2362	2338
2309	2287
2267	2258
2284	2407
2759	3567
5016	6999
9091	10838
12006	12621
12870	12969
13051	13162
13288	13406
13481	13511
13517	13512
13484	13435
13407	13441
13520	13600
13643	13649
13661	13709
13781	13811
13776	13730
13755	13911
14174	14493
14805	15060
15237	15340
15403	15466
15526	15555
15523	15433
15304	15159
15023	14899
14751	14546
14277	13985
13727	13536
13391	13263
13087	12753
12055	10738
8766	6550
4727	3658
3288	3421
3982	4962
6243	7533
8567	9250
9676	9983
10267	10518
10679	10686
10577	10454
10421	10488
10592	10673
10710	10721
10691	10624
10551	10465
10295	9986
9560	9100
8688	8370
8159	8055
8059	8170
8411	8823
9431	10240
11289	12601
13975	15070
15693	15952
16032	16056
16065	16068
16069	16068
16061	16047
16020	15966
15862	15695
15462	15189
14910	14633
14355	14062
13773	13509
13277	13024
12734	12429
12144	11857
11549	11204
10852	10517
10219	9950
9718	9545
9441	9406
9440	9530
9657	9682
9305	0
5846	4958
4175	4182
4843	5629
6181	6439
6507	6501
6490	6487
6492	6496
6491	6472
6456	6463
6505	6564
6620	6650
6615	6473
6195	5787
5287	4760
4288	3927
3724	3665
3672	3629
3483	3286
3112	2981
2877	2817
2810	2829
2846	2868
2901	2944
2986	3029
3053	3011
2872	2676
2506	2419
2402	2398
2398	2449
2536	2574
2524	2451
2415	2401
2376	2335
2296	2263
2241	2238
2272	2409
2770	3583
5031	6994
9018	10676
11785	12368
12595	12684
12785	12928
13070	13182
13260	13307
13337	13351
13332	13273
13215	13226
13327	13484
13619	13696
13744	13803
13867	13894
13886	13893
13987	14198
14494	14806
15081	15272
15379	15420
15433	15452
15477	15468
15407	15295
15163	15045
14937	14823
14667	14452
14185	13904
13659	13476
13340	13200
12977	12531
11658	10148
8076	5940
4331	3467
3185	3295
3757	4605
5779	7059
8173	8976
9491	9841
10129	10392
10576	10632
10563	10462
10423	10461
10536	10600
10655	10716
10760	10756
10707	10619
10446	10162
9767	9326
8899	8536
8264	8107
8071	8162
8376	8739
9278	9997
10948	12189
13595	14813
15579	15928
16046	16081
16090	16091
16091	16088
16078	16062
16035	15995
15914	15776
15571	15319
15050	14773
14489	14203
13938	13714
13510	13280
13014	12738
12469	12198
11889	11545
11186	10842
10513	10198
9917	9692
9545	9469
9471	9542
9661	9704
9386	0
6127	5272
4524	4525
5126	5816
6278	6487
6545	6554
6553	6540
6511	6470
6431	6407
6417	6448
6500	6561
6625	6664
6666	6607
6458	6186
5794	5312
4811	4371
4059	3922
3895	3853
3712	3500
3300	3126
2979	2889
2869	2891
2914	2925
2939	2969
3003	3038
3057	3035
2941	2791
2649	2563
2524	2489
2467	2500
2570	2600
2544	2462
2417	2403
2373	2324
2278	2242
2223	2223
2273	2426
2810	3664
5163	7123
9055	10567
11550	12060
12246	12317
12436	12606
12759	12878
12973	13046
13089	13112
13117	13102
13067	13067
13152	13326
13511	13649
13734	13797
13845	13885
13941	14052
14237	14503
14815	15110
15334	15465
15512	15513
15502	15497
15482	15423
15303	15148
15010	14911
14832	14726
14556	14331
14070	13815
13604	13441
13309	13158
12891	12330
11253	9534
7391	5390
4029	3364
3177	3310
3745	4510
5569	6764
7874	8734
9313	9695
9987	10252
10468	10569
10553	10490
10450	10452
10474	10517
10595	10705
10798	10817
10765	10644
10449	10171
9816	9409
8988	8595
8287	8103
8065	8160
8360	8666
9111	9728
10582	11765
13194	14530
15442	15896
16059	16101
16110	16111
16109	16104
16091	16070
16047	16016
15959	15845
15672	15446
15189	14913
14626	14347
14098	13897
13725	13527
13290	13034
12784	12523
12224	11884
11525	11172
10827	10484
10162	9901
9714	9605
9568	9605
9698	9747
9489	0
6474	5658
4924	4876
5374	5946
6326	6503
6566	6589
6598	6581
6528	6450
6388	6368
6395	6443
6500	6564
6626	6667
6677	6658
6596	6456
6200	5826
5374	4910
4525	4289
4175	4066
3884	3658
3448	3275
3121	3003
2957	2961
2972	2973
2983	3000
3015	3018
3022	3021
2981	2898
2806	2740
2689	2630
2581	2581
2620	2623
2548	2451
2399	2390
2366	2317
2264	2228
2213	2223
2291	2466
2894	3823
5401	7365
9175	10503
11336	11769
11922	11983
12088	12248
12400	12529
12639	12731
12789	12834
12887	12935
12952	12955
13006	13145
13339	13516
13633	13694
13742	13821
13977	14207
14492	14800
15098	15343
15494	15551
15549	15531
15526	15525
15496	15399
15235	15046
14897	14804
14732	14610
14417	14175
13932	13728
13571	13443
13321	13165
12862	12192
10909	8996
6824	4995
3872	3372
3265	3447
3914	4661
5624	6698
7720	8555
9147	9545
9844	10117
10354	10495
10535	10518
10481	10444
10419	10445
10550	10704
10829	10865
10806	10650
10408	10108
9768	9395
8987	8585
8259	8067
8032	8130
8310	8564
8927	9452
10227	11355
12798	14230
15283	15842
16056	16115
16126	16126
16125	16120
16104	16079
16057	16034
15992	15908
15765	15567
15329	15064
14789	14520
14279	14094
13946	13783
13566	13318
13072	12822
12533	12200
11846	11492
11141	10788
10452	10169
9951	9805
9725	9711
9770	9813
9606	0
6864	6085
5360	5235
5598	6046
6352	6503
6565	6603
6621	6606
6544	6458
6386	6366
6402	6456
6512	6573
6633	6668
6671	6662
6643	6590
6458	6218
5879	5471
5056	4718
4465	4240
3991	3750
3555	3399
3249	3119
3049	3028
3017	3011
3023	3044
3033	3005
2993	3007
3020	2999
2960	2914
2856	2769
2684	2646
2652	2630
2543	2441
2395	2399
2387	2338
2276	2234
2225	2248
2340	2561
3065	4091
5737	7656
9306	10443
11155	11557
11718	11771
11841	11969
12109	12237
12340	12424
12503	12593
12693	12789
12844	12857
12884	12984
13151	13334
13472	13554
13637	13791
14046	14385
14740	15051
15301	15462
15526	15513
15468	15436
15438	15453
15435	15346
15179	14984
14825	14718
14618	14463
14243	14005
13797	13653
13553	13455
13346	13186
12855	12084
10624	8555
6404	4774
3873	3506
3448	3666
4178	4945
5853	6806
7705	8448
9000	9382
9686	9978
10244	10418
10491	10510
10489	10443
10402	10426
10546	10719
10860	10914
10865	10695
10406	10059
9709	9352
8966	8572
8250	8055
8008	8082
8226	8427
8725	9184
9895	10971
12394	13891
15071	15750
16031	16111
16129	16133
16137	16130
16114	16086
16060	16039
16011	15949
15837	15676
15472	15233
14978	14717
14478	14296
14167	14030
13825	13572
13321	13070
12794	12476
12131	11783
11436	11094
10767	10476
10238	10052
9920	9855
9859	9883
9724	0
7274	6534
5806	5598
5822	6153
6386	6505
6557	6589
6611	6602
6559	6490
6428	6411
6440	6485
6537	6595
6647	6673
6669	6649
6631	6611
6567	6454
6246	5938
5551	5148
4774	4440
4131	3868
3670	3511
3353	3217
3135	3096
3068	3050
3059	3073
3054	3019
3007	3028
3065	3085
3080	3047
2968	2849
2729	2661
2639	2607
2533	2449
2423	2444
2448	2396
2320	2270
2260	2300
2428	2725
3350	4499
6163	7949
9378	10332
10975	11399
11618	11692
11735	11825
11958	12083
12165	12230
12314	12428
12554	12662
12731	12760
12782	12844
12968	13133
13293	13445
13621	13877
14213	14596
14952	15223
15395	15474
15480	15425
15357	15301
15280	15283
15272	15202
15058	14879
14718	14589
14457	14273
14043	13817
13649	13545
13476	13408
13320	13169
12808	11945
10336	8176
6100	4683
3991	3731
3702	3921
4452	5235
6128	7005
7784	8413
8878	9218
9519	9835
10129	10324
10411	10442
10450	10438
10432	10475
10590	10744
10884	10961
10944	10785
10479	10100
9719	9348
8964	8590
8290	8110
8051	8076
8156	8301
8539	8941
9591	10592
11957	13476
14774	15592
15962	16081
16112	16123
16130	16130
16118	16089
16056	16036
16013	15967
15886	15766
15608	15405
15167	14905
14658	14475
14356	14233
14034	13780
13520	13278
13020	12726
12397	12057
11719	11392
11080	10799
10549	10324
10146	10019
9967	9966
9850	0
7667	6958
6224	5940
6050	6277
6448	6525
6549	6562
6580	6585
6568	6529
6493	6480
6491	6523
6566	6616
6663	6688
6675	6639
6598	6581
6578	6556
6462	6252
5933	5547
5151	4778
4440	4146
3903	3686
3488	3330
3242	3190
3144	3105
3088	3081
3068	3058
3064	3084
3115	3143
3157	3122
3020	2868
2721	2631
2590	2567
2519	2473
2474	2511
2526	2484
2402	2336
2322	2376
2547	2950
3746	5033
6662	8223
9378	10154
10754	11236
11538	11670
11729	11810
11939	12061
12137	12183
12251	12347
12453	12544
12618	12663
12692	12726
12799	12939
13132	13378
13680	14032
14415	14785
15085	15283
15386	15424
15421	15378
15307	15217
15139	15091
15050	14976
14847	14686
14522	14372
14212	14014
13791	13589
13444	13363
13316	13276
13221	13084
12695	11739
10012	7804
5826	4615
4122	3982
3984	4182
4692	5473
6365	7207
7900	8422
8798	9090
9377	9699
10000	10203
10296	10336
10378	10424
10476	10546
10639	10752
10873	10982
11016	10910
10632	10241
9816	9392
8987	8634
8374	8234
8179	8164
8183	8263
8441	8765
9328	10217
11476	12975
14380	15360
15851	16030
16080	16101
16112	16119
16110	16085
16055	16029
16007	15975
15921	15841
15722	15554
15326	15061
14809	14624
14502	14379
14190	13941
13692	13464
13235	12968
12658	12326
11990	11666
11368	11094
10841	10601
10381	10204
10107	10085
10003	0
8008	7311
6569	6224
6250	6405
6525	6558
6550	6541
6548	6560
6564	6554
6540	6529
6533	6553
6587	6631
6676	6696
6683	6637
6580	6549
6561	6582
6555	6424
6189	5896
5587	5279
4973	4667
4358	4048
3769	3558
3431	3349
3269	3194
3133	3094
3086	3106
3132	3145
3150	3169
3184	3151
3038	2873
2717	2619
2567	2546
2526	2520
2545	2592
2624	2591
2504	2420
2392	2452
2683	3229
4228	5640
7180	8472
9355	9970
10525	11040
11417	11640
11766	11875
12001	12126
12206	12244
12275	12311
12364	12434
12513	12576
12609	12626
12668	12795
13026	13349
13735	14149
14544	14878
15114	15248
15317	15350
15371	15357
15291	15164
15023	14905
14815	14725
14606	14456
14284	14100
13905	13696
13487	13307
13196	13140
13116	13098
13067	12944
12533	11500
9670	7416
5525	4483
4162	4157
4226	4432
4909	5662
6538	7350
7991	8453
8780	9037
9290	9579
9853	10049
10157	10231
10312	10399
10491	10577
10652	10724
10820	10945
11045	11019
10809	10433
9960	9470
9025	8681
8467	8379
8361	8354
8347	8379
8481	8706
9145	9883
10990	12429
13919	15070
15710	15964
16045	16073
16090	16101
16100	16080
16056	16029
16008	15983
15945	15892
15805	15662
15447	15186
14938	14758
14630	14500
14316	14083
13852	13649
13443	13198
12901	12574
12236	11911
11613	11347
11098	10855
10618	10412
10285	10251
10188	0
8274	7579
6821	6431
6400	6506
6583	6584
6546	6518
6519	6533
6547	6556
6554	6549
6550	6566
6598	6638
6681	6701
6688	6636
6571	6530
6543	6582
6586	6504
6351	6178
6005	5823
5601	5327
4998	4633
4281	3995
3786	3634
3501	3375
3260	3178
3151	3169
3186	3170
3145	3150
3173	3158
3059	2908
2764	2669
2618	2592
2593	2614
2657	2714
2756	2727
2623	2510
2463	2551
2873	3598
4791	6284
7689	8716
9371	9859
10350	10842
11254	11562
11784	11953
12095	12219
12300	12329
12317	12298
12304	12360
12442	12506
12530	12541
12601	12756
13029	13385
13795	14216
14597	14886
15067	15166
15226	15271
15297	15284
15202	15050
14868	14709
14590	14486
14376	14236
14050	13837
13613	13396
13199	13046
12956	12925
12912	12897
12865	12754
12347	11265
9340	7033
5179	4241
4055	4193
4381	4635
5098	5810
6645	7418
8030	8476
8800	9044
9257	9481
9702	9886
10026	10147
10260	10364
10461	10550
10623	10671
10743	10865
11010	11067
10940	10600
10106	9563
9080	8725
8541	8502
8539	8580
8598	8616
8655	8778
9081	9649
10571	11898
13430	14736
15534	15886
16003	16046
16068	16082
16086	16078
16061	16041
16022	15998
15969	15927
15859	15732
15539	15301
15074	14905
14772	14626
14431	14208
13996	13815
13626	13395
13105	12779
12446	12132
11843	11584
11337	11090
10845	10623
10478	10433
10377	0
8471	7767
6981	6556
6486	6553
6601	6580
6528	6493
6491	6508
6524	6537
6544	6544
6549	6567
6599	6640
6683	6703
6690	6635
6567	6525
6537	6581
6597	6542
6445	6366
6319	6252
6118	5898
5609	5280
4940	4625
4354	4126
3926	3739
3564	3423
3347	3314
3274	3200
3129	3116
3152	3162
3103	2985
2870	2792
2742	2716
2724	2760
2813	2880
2926	2890
2761	2620
2583	2745
3227	4148
5488	6958
8169	8964
9453	9835
10236	10661
11062	11421
11728	11963
12145	12288
12380	12397
12356	12303
12292	12334
12399	12429
12425	12444
12559	12800
13139	13517
13910	14295
14624	14850
14970	15042
15103	15148
15157	15112
15000	14833
14647	14484
14352	14243
14128	13993
13824	13621
13399	13189
13005	12867
12789	12750
12727	12693
12652	12554
12156	11037
9040	6682
4832	3940
3834	4089
4410	4752
5231	5912
6701	7430
8016	8466
8807	9055
9242	9416
9590	9760
9926	10081
10217	10322
10410	10501
10584	10636
10686	10784
10931	11032
10970	10695
10231	9674
9151	8771
8588	8580
8667	8770
8844	8877
8891	8946
9136	9540
10267	11437
12939	14351
15310	15780
15954	16013
16041	16061
16070	16073
16067	16057
16041	16020
15994	15958
15896	15790
15618	15417
15225	15072
14933	14764
14549	14321
14120	13949
13774	13549
13263	12944
12633	12344
12088	11845
11596	11329
11067	10829
10665	10602
10537	0
8584	7868
7062	6605
6501	6539
6571	6543
6493	6463
6465	6480
6499	6515
6526	6531
6543	6566
6599	6639
6682	6703
6690	6634
6564	6522
6534	6579
6598	6554
6483	6459
6478	6485
6407	6239
6020	5787
5552	5303
5043	4790
4549	4313
4088	3896
3753	3641
3517	3364
3230	3177
3195	3221
3193	3105
3009	2943
2900	2879
2883	2915
2968	3041
3093	3060
2931	2807
2850	3174
3872	4975
6334	7635
8587	9161
9519	9815
10124	10469
10834	11204
11557	11860
12105	12298
12425	12454
12402	12335
12312	12331
12351	12335
12302	12335
12518	12851
13256	13644
13996	14318
14574	14730
14804	14854
14908	14943
14928	14854
14732	14575
14407	14252
14112	13979
13852	13735
13608	13442
13243	13055
12909	12795
12714	12656
12603	12555
12514	12402
11947	10744
8683	6324
4508	3646
3566	3883
4310	4752
5279	5956
6709	7400
7961	8408
8767	9032
9224	9388
9548	9706
9864	10019
10157	10268
10365	10465
10559	10619
10664	10736
10847	10932
10908	10707
10313	9784
9233	8814
8607	8598
8714	8861
8980	9045
9078	9123
9253	9528
10071	11053
12453	13911
15018	15632
15890	15980
16018	16039
16056	16069
16075	16074
16061	16043
16018	15983
15933	15838
15699	15533
15378	15243
15100	14911
14675	14435
14240	14081
13909	13689
13410	13100
12807	12551
12327	12099
11847	11568
11286	11031
10847	10764
10663	0
8615	7894
7077	6597
6464	6480
6498	6479
6447	6430
6438	6459
6477	6495
6508	6523
6539	6563
6595	6635
6675	6697
6685	6629
6557	6513
6525	6568
6584	6540
6473	6457
6499	6541
6495	6367
6212	6081
5972	5841
5661	5445
5216	4981
4754	4548
4376	4218
4024	3797
3589	3466
3435	3432
3390	3298
3191	3110
3066	3043
3039	3050
3087	3155
3213	3210
3145	3141
3360	3920
4836	6007
7217	8203
8846	9219
9472	9697
9942	10241
10575	10927
11292	11644
11966	12239
12425	12492
12448	12375
12332	12316
12289	12239
12204	12265
12486	12855
13262	13618
13909	14164
14371	14495
14555	14588
14624	14645
14628	14575
14481	14351
14200	14035
13874	13719
13588	13490
13394	13248
13069	12921
12832	12775
12711	12637
12568	12519
12457	12246
11610	10236
8129	5863
4189	3400
3320	3637
4118	4650
5244	5942
6688	7358
7890	8320
8681	8976
9202	9393
9572	9722
9852	9970
10090	10217
10345	10459
10552	10616
10671	10726
10783	10815
10788	10651
10345	9866
9308	8847
8608	8579
8688	8844
8975	9066
9142	9224
9345	9548
9951	10738
11973	13412
14648	15433
15801	15941
15993	16021
16042	16066
16082	16088
16079	16060
16035	16006
15963	15885
15774	15638
15514	15399
15256	15055
14806	14568
14378	14229
14063	13844
13569	13272
12992	12749
12535	12315
12067	11788
11503	11241
11049	10926
10753	0
8577	7863
7047	6556
6399	6393
6407	6403
6398	6402
6418	6439
6461	6480
6505	6523
6546	6565
6590	6622
6660	6687
6674	6617
6540	6493
6505	6544
6553	6505
6430	6409
6445	6490
6475	6391
6289	6231
6203	6155
6052	5901
5733	5556
5382	5223
5080	4927
4729	4480
4229	4038
3930	3864
3777	3644
3496	3380
3316	3279
3250	3232
3243	3297
3374	3439
3516	3705
4158	4920
5922	6977
7871	8468
8803	9006
9180	9372
9612	9914
10256	10595
10941	11319
11709	12073
12349	12473
12453	12380
12322	12275
12221	12174
12171	12266
12488	12807
13144	13429
13660	13874
14068	14202
14261	14286
14309	14333
14342	14322
14269	14157
13992	13803
13615	13460
13347	13268
13166	13008
12836	12734
12714	12726
12705	12643
12572	12502
12337	11898
10967	9389
7317	5286
3863	3210
3134	3415
3906	4498
5160	5907
6679	7341
7843	8241
8593	8911
9190	9426
9624	9769
9866	9949
10047	10183
10328	10457
10552	10623
10681	10722
10727	10699
10647	10548
10324	9904
9358	8879
8616	8563
8641	8760
8862	8951
9065	9209
9367	9555
9870	10484
11518	12867
14185	15139
15661	15886
15972	16009
16034	16061
16084	16092
16085	16066
16044	16021
15985	15926
15835	15723
15619	15519
15389	15189
14945	14716
14541	14395
14230	14011
13744	13455
13180	12930
12706	12480
12238	11978
11712	11469
11266	11087
10805	0
8493	7803
7007	6513
6339	6313
6328	6343
6357	6380
6403	6427
6449	6474
6503	6534
6556	6569
6576	6595
6632	6663
6653	6593
6508	6459
6469	6503
6504	6450
6382	6350
6376	6414
6417	6371
6322	6300
6300	6280
6219	6129
6028	5929
5831	5740
5652	5549
5402	5201
4970	4758
4594	4475
4352	4191
4015	3865
3761	3683
3617	3571
3566	3623
3745	3926
4170	4543
5133	5917
6775	7511
7996	8219
8295	8352
8469	8670
8966	9339
9736	10107
10464	10858
11297	11747
12130	12340
12371	12310
12247	12190
12134	12105
12150	12287
12500	12759
13012	13224
13410	13595
13776	13905
13962	13983
14016	14064
14102	14108
14055	13924
13724	13509
13323	13186
13094	13015
12897	12731
12580	12526
12565	12635
12665	12635
12561	12394
11978	11163
9891	8207
6334	4676
3584	3095
3031	3269
3734	4356
5084	5897
6707	7374
7848	8208
8544	8884
9201	9472
9679	9815
9899	9967
10057	10183
10327	10453
10551	10622
10674	10689
10649	10567
10491	10416
10252	9894
9377	8903
8640	8581
8616	8665
8701	8770
8904	9106
9319	9533
9818	10295
11106	12279
13594	14708
15429	15793
15943	16000
16030	16059
16081	16090
16079	16059
16038	16021
15998	15956
15881	15783
15688	15602
15487	15311
15085	14872
14698	14545
14371	14155
13897	13620
13347	13092
12851	12618
12384	12144
11909	11685
11474	11231
10831	0
8417	7749
6971	6481
6292	6257
6273	6302
6335	6365
6392	6414
6439	6469
6501	6541
6565	6565
6553	6558
6590	6630
6623	6555
6469	6418
6430	6457
6452	6397
6332	6301
6318	6348
6358	6344
6326	6324
6329	6315
6281	6230
6176	6124
6073	6022
5971	5914
5835	5717
5559	5382
5222	5106
5002	4872
4718	4543
4369	4205
4080	4010
4009	4105
4313	4613
4968	5396
5910	6476
6972	7285
7383	7321
7204	7141
7208	7438
7820	8295
8788	9247
9686	10137
10629	11161
11656	11989
12119	12110
12063	12012
11965	11959
12040	12222
12471	12734
12966	13144
13277	13399
13513	13592
13627	13666
13742	13832
13885	13870
13784	13612
13384	13162
12993	12883
12801	12716
12590	12442
12339	12338
12427	12541
12616	12611
12490	12112
11297	10020
8463	6848
5352	4161
3410	3055
3001	3193
3628	4268
5050	5921
6769	7440
7890	8217
8540	8891
9235	9519
9725	9860
9954	10031
10118	10226
10342	10449
10537	10605
10646	10641
10566	10450
10348	10274
10141	9826
9354	8919
8687	8633
8634	8612
8588	8621
8760	8986
9232	9480
9767	10149
10740	11654
12867	14105
15067	15635
15888	15983
16027	16060
16081	16081
16068	16047
16027	16013
16003	15976
15911	15817
15722	15646
15555	15406
15207	15000
14822	14654
14466	14246
13999	13742
13480	13217
12972	12740
12524	12306
12087	11871
11645	11354
10866	0
8374	7716
6944	6452
6256	6221
6246	6285
6323	6354
6381	6401
6425	6454
6492	6534
6556	6545
6521	6514
6544	6585
6587	6523
6434	6389
6400	6421
6411	6359
6302	6280
6291	6319
6330	6332
6328	6333
6341	6343
6329	6302
6265	6216
6166	6118
6073	6034
6001	5958
5878	5762
5653	5587
5559	5512
5393	5176
4880	4573
4346	4240
4247	4390
4666	5021
5372	5683
5963	6185
6281	6229
6068	5859
5650	5508
5532	5766
6187	6713
7273	7844
8408	8966
9544	10155
10756	11234
11521	11647
11693	11696
11679	11691
11805	12041
12361	12690
12962	13140
13218	13245
13249	13259
13280	13345
13455	13567
13610	13569
13444	13249
13015	12811
12667	12571
12493	12407
12298	12193
12141	12181
12308	12458
12555	12537
12282	11589
10319	8636
6946	5554
4517	3791
3320	3064
3001	3158
3562	4203
5022	5928
6799	7469
7904	8214
8532	8891
9259	9565
9782	9932
10049	10142
10231	10311
10388	10455
10513	10568
10605	10601
10522	10385
10250	10143
10003	9715
9302	8933
8748	8709
8688	8629
8577	8594
8715	8920
9156	9407
9689	10000
10387	11025
12052	13357
14572	15390
15789	15941
16013	16058
16082	16077
16058	16034
16015	16007
16004	15983
15927	15833
15737	15665
15589	15462
15285	15088
14901	14722
14522	14301
14064	13821
13572	13317
13073	12856
12658	12460
12244	12021
11782	11463
10924	0
8373	7704
6920	6417
6221	6199
6238	6286
6315	6341
6363	6383
6405	6435
6473	6511
6531	6513
6477	6467
6496	6543
6550	6491
6411	6370
6385	6405
6391	6341
6292	6274
6291	6318
6333	6338
6339	6349
6366	6384
6394	6376
6333	6266
6194	6129
6075	6047
6042	6036
5998	5926
5867	5869
5918	5934
5829	5528
5067	4574
4211	4028
4013	4150
4412	4708
4940	5068
5112	5072
4930	4706
4473	4262
4071	3926
3914	4097
4450	4906
5428	6014
6648	7292
7942	8608
9279	9882
10360	10716
10979	11148
11242	11330
11512	11810
12178	12549
12857	13046
13101	13065
13000	12961
12975	13046
13153	13240
13258	13191
13052	12860
12651	12480
12366	12289
12229	12166
12100	12033
12001	12047
12188	12356
12436	12305
11823	10781
9145	7257
5630	4538
3912	3537
3269	3074
3006	3127
3489	4096
4902	5815
6696	7382
7824	8128
8446	8830
9239	9595
9854	10038
10175	10289
10377	10437
10473	10490
10502	10531
10572	10591
10534	10394
10220	10061
9883	9622
9281	8993
8852	8817
8781	8716
8672	8696
8801	8952
9124	9324
9573	9817
10048	10433
11253	12555
13975	15055
15638	15877
15981	16044
16074	16073
16053	16027
16009	16003
16000	15988
15933	15841
15743	15671
15600	15490
15326	15140
14955	14771
14570	14346
14114	13881
13649	13403
13168	12962
12772	12580
12367	12139
11898	11572
10998	0
8392	7705
6895	6371
6183	6180
6241	6291
6317	6327
6340	6359
6383	6411
6447	6480
6492	6471
6431	6416
6446	6493
6508	6458
6388	6358
6377	6399
6384	6336
6290	6279
6303	6334
6352	6358
6365	6373
6396	6425
6447	6433
6382	6302
6215	6140
6097	6091
6105	6107
6061	5986
5940	5979
6074	6120
5983	5582
4968	4322
3829	3558
3479	3550
3712	3877
3955	3932
3855	3736
3554	3344
3168	3049
2949	2860
2835	2926
3128	3417
3785	4251
4798	5388
6001	6642
7289	7926
8539	9137
9701	10176
10530	10831
11166	11549
11942	12295
12579	12767
12836	12809
12743	12700
12710	12769
12840	12881
12863	12780
12638	12457
12280	12156
12089	12053
12031	12015
11990	11944
11894	11911
12036	12178
12156	11824
11047	9718
7927	6094
4692	3897
3549	3380
3223	3068
3000	3087
3382	3900
4617	5486
6380	7116
7605	7941
8272	8688
9150	9573
9892	10119
10286	10420
10524	10586
10595	10568
10533	10532
10576	10619
10595	10463
10270	10066
9863	9629
9369	9158
9046	8990
8924	8856
8836	8886
8977	9068
9152	9268
9443	9619
9745	9955
10584	11802
13329	14635
15429	15790
15941	16021
16062	16067
16050	16025
16008	16001
16001	15989
15937	15844
15745	15672
15605	15501
15348	15173
14995	14819
14617	14395
14167	13943
13719	13498
13274	13067
12867	12663
12455	12239
12010	11672
11079	0
8414	7704
6867	6329
6146	6167
6246	6302
6316	6315
6320	6336
6360	6386
6416	6443
6447	6419
6382	6366
6394	6446
6465	6430
6372	6347
6370	6393
6383	6336
6293	6290
6320	6355
6377	6384
6389	6399
6416	6444
6462	6451
6401	6330
6252	6189
6166	6187
6220	6206
6124	6013
5945	5987
6096	6142
5973	5509
4817	4092
3525	3188
3042	3028
3085	3125
3093	2996
2889	2791
2665	2533
2453	2438
2435	2413
2384	2393
2460	2581
2768	3034
3375	3769
4208	4684
5191	5737
6342	7051
7850	8649
9373	10026
10639	11203
11658	11985
12219	12382
12474	12490
12456	12425
12434	12482
12530	12541
12501	12401
12248	12062
11903	11820
11807	11831
11864	11889
11879	11833
11766	11760
11838	11876
11655	11033
9967	8489
6776	5206
4109	3556
3359	3274
3167	3043
2977	3034
3245	3626
4199	4968
5843	6651
7258	7684
8067	8508
9005	9471
9844	10115
10321	10497
10641	10730
10739	10685
10614	10583
10618	10677
10678	10568
10378	10174
9980	9789
9601	9449
9333	9229
9111	9024
9012	9079
9160	9203
9214	9250
9346	9456
9522	9634
10102	11166
12678	14141
15158	15677
15895	15996
16049	16062
16048	16026
16008	16002
16002	15989
15937	15845
15745	15673
15608	15506
15359	15197
15033	14861
14664	14447
14221	14003
13797	13593
13384	13167
12948	12729
12526	12326
12088	11702
11076	0
8436	7709
6850	6298
6120	6156
6252	6310
6315	6303
6304	6319
6340	6366
6389	6408
6406	6376
6336	6322
6347	6401
6429	6401
6353	6337
6360	6388
6379	6337
6298	6301
6335	6376
6399	6408
6414	6418
6430	6442
6448	6436
6405	6349
6295	6255
6260	6302
6340	6310
6188	6033
5941	5970
6076	6119
5934	5451
4748	4010
3425	3054
2868	2795
2779	2756
2681	2560
2452	2370
2289	2220
2210	2261
2323	2341
2315	2284
2279	2310
2371	2464
2598	2777
2992	3253
3553	3921
4392	5037
5880	6874
7914	8939
9903	10731
11341	11715
11927	12060
12147	12180
12167	12146
12155	12208
12257	12263
12213	12105
11931	11728
11569	11508
11537	11612
11685	11726
11719	11672
11615	11600
11605	11474
10988	10058
8771	7282
5800	4569
3764	3374
3241	3183
3102	2999
2943	2979
3116	3370
3777	4399
5217	6084
6836	7415
7891	8362
8854	9328
9728	10038
10288	10515
10713	10840
10867	10808
10715	10663
10685	10743
10760	10678
10518	10342
10186	10046
9913	9788
9655	9485
9302	9178
9159	9218
9283	9298
9271	9255
9296	9362
9402	9469
9806	10684
12099	13649
14858	15545
15851	15979
16040	16059
16050	16028
16012	16005
16007	15992
15939	15846
15746	15674
15608	15508
15369	15218
15065	14902
14709	14491
14268	14059
13862	13671
13471	13255
13026	12799
12595	12384
12066	11506
10809	0
8447	7708
6836	6280
6106	6154
6258	6316
6315	6297
6295	6308
6331	6348
6369	6384
6377	6344
6304	6291
6320	6372
6405	6384
6340	6328
6354	6381
6375	6336
6302	6307
6344	6387
6414	6422
6427	6430
6429	6432
6430	6417
6396	6364
6328	6309
6328	6380
6419	6372
6228	6050
5941	5963
6062	6100
5917	5441
4748	4021
3441	3062
2848	2744
2700	2658
2578	2457
2347	2263
2190	2147
2172	2263
2346	2379
2354	2308
2286	2289
2298	2299
2314	2352
2422	2525
2674	2889
3215	3733
4511	5542
6742	8012
9244	10310
11085	11544
11770	11887
11947	11974
11962	11944
11962	12022
12079	12085
12036	11920
11734	11523
11361	11307
11353	11451
11543	11588
11577	11534
11498	11477
11411	11126
10427	9283
7870	6431
5159	4188
3579	3277
3164	3113
3044	2963
2913	2936
3034	3206
3496	4000
4748	5643
6507	7217
7783	8277
8756	9221
9625	9958
10240	10506
10746	10904
10954	10896
10796	10732
10743	10796
10817	10752
10622	10485
10365	10257
10156	10046
9890	9671
9441	9281
9242	9288
9337	9339
9301	9272
9286	9329
9360	9404
9657	10397
11719	13303
14634	15443
15819	15974
16041	16059
16053	16032
16016	16008
16008	15994
15942	15846
15748	15675
15607	15506
15372	15228
15083	14926
14738	14520
14296	14090
13897	13715
13520	13308
13081	12857
12648	12410
11863	10124
6218	0
