6032	5806
5784	5664
5614	5592
5594	5609
5622	5628
5629	5632
5638	5648
5659	5665
5666	5663
5661	5659
5661	5661
5660	5648
5629	5598
5563	5527
5495	5478
5481	5535
5689	6005
6531	7261
8127	8992
9721	10212
10432	10395
10150	9747
9253	8728
8223	7771
7389	7090
6874	6747
6711	6749
6851	6995
7177	7405
7691	8034
8432	8857
9271	9655
9992	10289
10550	10786
11002	11195
11377	11559
11746	11933
12110	12261
12368	12426
12439	12415
12366	12298
12227	12153
12073	11980
11851	11662
11399	11050
10625	10158
9694	9294
8998	8833
8791	8853
8966	9076
9125	9078
8929	8698
8424	8154
7928	7773
7689	7585
7588	7062
6029	5802
5779	5656
5604	5579
5584	5598
5611	5622
5624	5629
5637	5648
5657	5664
5665	5665
5663	5662
5665	5665
5662	5652
5627	5597
5561	5527
5496	5476
5475	5522
5669	5972
6483	7205
8069	8949
9702	10222
10470	10461
10237	9865
9403	8919
8462	8060
7718	7448
7251	7139
7097	7130
7221	7360
7537	7759
8036	8366
8741	9131
9511	9853
10154	10413
10648	10860
11056	11239
11412	11587
11766	11943
12108	12242
12334	12380
12382	12353
12294	12225
12150	12074
11992	11892
11754	11560
11292	10944
10526	10069
9623	9236
8953	8796
8754	8804
8903	8996
9028	8967
8804	8567
8295	8037
7833	7701
7645	7563
7582	7059
6022	5793
5768	5645
5590	5563
5566	5581
5595	5608
5616	5625
5635	5648
5658	5665
5666	5665
5664	5664
5667	5668
5665	5650
5627	5595
5560	5525
5493	5470
5467	5504
5637	5920
6410	7117
7979	8874
9658	10220
10509	10534
10344	10008
9600	9176
8785	8447
8164	7940
7774	7671
7638	7663
7744	7874
8043	8255
8516	8817
9153	9495
9819	10107
10354	10574
10769	10950
11126	11291
11456	11619
11788	11950
12096	12208
12281	12309
12298	12258
12198	12127
12051	11972
11878	11764
11612	11402
11124	10770
10361	9923
9502	9146
8886	8739
8697	8735
8813	8882
8897	8817
8642	8397
8132	7890
7714	7616
7597	7538
7581	7064
6022	5789
5762	5633
5575	5544
5544	5558
5577	5591
5606	5619
5631	5646
5657	5664
5667	5667
5668	5669
5673	5673
5665	5649
5622	5589
5554	5518
5489	5464
5454	5482
5595	5854
6316	6999
7854	8770
9591	10200
10532	10594
10441	10152
9803	9453
9142	8880
8666	8496
8367	8287
8255	8279
8349	8463
8619	8814
9047	9312
9594	9875
10136	10363
10560	10731
10892	11046
11196	11349
11500	11650
11800	11941
12064	12156
12211	12221
12203	12158
12097	12028
11952	11862
11756	11617
11434	11193
10889	10529
10128	9717
9335	9017
8792	8667
8628	8652
8707	8754
8747	8653
8469	8226
7967	7745
7602	7541
7553	7525
7584	7072
6023	5787
5758	5623
5560	5526
5522	5536
5554	5573
5591	5611
5628	5644
5657	5663
5667	5670
5673	5675
5678	5675
5668	5645
5617	5583
5545	5513
5480	5453
5438	5456
5549	5781
6210	6868
7715	8644
9501	10153
10525	10628
10511	10271
9983	9708
9478	9295
9150	9036
8949	8892
8874	8893
8956	9051
9186	9354
9549	9765
9994	10211
10408	10579
10728	10863
10993	11123
11258	11393
11530	11665
11793	11916
12013	12086
12121	12125
12104	12067
12013	11950
11872	11774
11638	11462
11229	10940
10600	10222
9830	9450
9117	8857
8678	8583
8551	8565
8597	8622
8600	8501
8320	8084
7841	7641
7521	7489
7530	7522
7598	7086
6033	5796
5761	5621
5551	5510
5502	5512
5529	5553
5575	5598
5622	5639
5654	5662
5667	5672
5676	5679
5680	5677
5663	5637
5605	5569
5535	5502
5471	5439
5420	5424
5502	5711
6109	6741
7577	8518
9402	10091
10501	10631
10550	10355
10128	9926
9774	9663
9580	9518
9468	9438
9429	9447
9497	9575
9682	9814
9968	10134
10302	10461
10607	10733
10846	10954
11065	11178
11301	11423
11547	11662
11773	11868
11946	12001
12027	12032
12021	11995
11959	11906
11828	11712
11544	11311
11016	10660
10269	9868
9481	9137
8862	8667
8548	8489
8471	8474
8487	8494
8463	8373
8209	7995
7773	7592
7492	7479
7535	7537
7621	7109
6050	5808
5772	5626
5549	5499
5486	5494
5509	5533
5561	5588
5614	5636
5650	5660
5665	5670
5675	5678
5680	5673
5653	5625
5590	5555
5520	5488
5456	5425
5399	5398
5462	5649
6027	6638
7463	8407
9313	10028
10465	10620
10570	10414
10243	10108
10024	9975
9946	9924
9907	9897
9896	9913
9949	10003
10079	10172
10281	10399
10520	10634
10739	10833
10922	11012
11110	11216
11326	11437
11544	11642
11733	11810
11873	11917
11946	11958
11962	11955
11940	11901
11821	11684
11474	11178
10807	10380
9927	9493
9108	8803
8590	8467
8409	8393
8390	8390
8388	8379
8347	8272
8137	7952
7761	7598
7511	7503
7561	7567
7648	7137
6077	5831
5793	5640
5556	5497
5478	5479
5494	5520
5550	5582
5611	5633
5650	5657
5662	5668
5672	5675
5675	5662
5639	5609
5571	5532
5502	5471
5439	5408
5379	5375
5430	5603
5964	6562
7376	8325
9242	9974
10427	10602
10578	10460
10338	10257
10227	10226
10239	10246
10252	10255
10262	10273
10295	10327
10370	10429
10502	10582
10668	10752
10831	10905
10980	11060
11148	11244
11348	11444
11535	11617
11691	11753
11808	11854
11890	11917
11937	11952
11953	11925
11844	11689
11440	11084
10639	10135
9616	9141
8752	8477
8323	8266
8273	8299
8319	8318
8303	8286
8257	8200
8097	7954
7792	7651
7572	7559
7611	7607
7681	7167
6104	5860
5818	5661
5570	5503
5474	5471
5484	5512
5543	5579
5607	5634
5647	5657
5659	5663
5664	5666
5661	5648
5620	5587
5551	5515
5482	5455
5426	5393
5364	5357
5406	5576
5930	6519
7331	8278
9199	9937
10399	10590
10589	10506
10427	10388
10395	10426
10463	10492
10512	10523
10530	10537
10546	10558
10580	10612
10655	10714
10777	10844
10909	10972
11039	11113
11194	11283
11375	11459
11537	11605
11667	11723
11779	11828
11875	11917
11952	11982
11995	11973
11896	11726
11448	11046
10539	9967
9386	8868
8465	8206
8093	8092
8150	8221
8260	8264
8244	8218
8191	8153
8082	7975
7846	7727
7651	7631
7667	7648
7712	7196
6138	5896
5849	5690
5589	5518
5482	5472
5484	5508
5543	5577
5611	5634
5649	5656
5658	5660
5660	5656
5646	5629
5599	5565
5527	5495
5466	5440
5412	5379
5350	5342
5395	5565
5921	6511
7323	8267
9185	9920
10385	10584
10607	10553
10505	10496
10524	10572
10625	10662
10687	10705
10712	10714
10715	10716
10722	10739
10772	10816
10874	10933
10996	11057
11121	11188
11264	11342
11421	11493
11558	11617
11674	11733
11795	11854
11910	11960
12003	12038
12057	12041
11966	11793
11503	11077
10532	9912
9281	8714
8284	8020
7927	7957
8054	8155
8221	8234
8213	8184
8156	8128
8080	8002
7902	7802
7730	7705
7728	7692
7744	7225
6172	5930
5883	5720
5615	5535
5493	5479
5487	5512
5546	5583
5615	5638
5653	5656
5657	5656
5653	5647
5633	5608
5577	5539
5506	5475
5452	5427
5401	5369
5341	5336
5393	5574
5941	6541
7359	8299
9205	9928
10387	10594
10633	10603
10577	10582
10619	10673
10724	10763
10791	10809
10818	10821
10821	10818
10822	10837
10867	10912
10971	11033
11097	11160
11221	11287
11355	11425
11493	11555
11611	11663
11723	11786
11858	11929
11989	12042
12083	12112
12131	12118
12047	11883
11597	11171
10617	9973
9307	8701
8230	7941
7838	7877
7995	8119
8200	8223
8206	8173
8145	8119
8086	8027
7948	7863
7802	7770
7779	7730
7768	7247
6201	5961
5913	5748
5642	5556
5510	5489
5496	5517
5553	5588
5619	5642
5655	5660
5659	5656
5650	5638
5618	5587
5553	5517
5482	5455
5437	5415
5389	5359
5334	5332
5403	5599
5990	6610
7441	8377
9269	9970
10414	10619
10673	10656
10640	10649
10684	10728
10771	10808
10835	10855
10869	10875
10877	10882
10888	10911
10949	11001
11064	11133
11199	11264
11328	11393
11459	11521
11581	11632
11683	11734
11798	11872
11953	12028
12094	12140
12174	12197
12206	12191
12128	11979
11712	11306
10764	10126
9445	8809
8297	7969
7831	7860
7975	8103
8189	8219
8203	8169
8138	8114
8084	8039
7977	7910
7854	7823
7826	7766
7792	7268
6226	5994
5942	5780
5669	5582
5529	5505
5507	5530
5560	5592
5623	5646
5660	5665
5663	5659
5647	5631
5605	5571
5533	5494
5464	5441
5423	5402
5378	5348
5325	5334
5423	5648
6072	6726
7573	8507
9378	10049
10473	10666
10720	10713
10700	10698
10718	10745
10777	10806
10833	10857
10876	10891
10901	10914
10934	10964
11011	11069
11139	11211
11282	11350
11415	11482
11549	11608
11665	11713
11763	11818
11887	11969
12055	12132
12196	12235
12258	12269
12272	12254
12195	12062
11821	11449
10941	10324
9652	8999
8451	8076
7898	7891
7984	8099
8177	8203
8183	8147
8116	8092
8070	8034
7990	7938
7893	7867
7866	7797
7814	7290
6254	6022
5968	5806
5692	5601
5545	5520
5519	5537
5566	5596
5627	5648
5663	5668
5667	5660
5648	5625
5594	5556
5513	5478
5449	5428
5410	5390
5366	5336
5318	5342
5457	5719
6189	6882
7753	8686
9528	10166
10555	10732
10781	10772
10750	10736
10732	10741
10757	10778
10802	10832
10858	10882
10902	10926
10953	10991
11044	11108
11180	11256
11325	11395
11464	11533
11601	11668
11724	11776
11828	11892
11967	12057
12145	12224
12277	12310
12322	12324
12321	12301
12245	12125
11909	11574
11107	10528
9875	9220
8646	8232
8005	7953
8008	8094
8152	8160
8133	8097
8066	8049
8034	8014
7987	7955
7926	7906
7904	7829
7837	7314
6278	6044
5990	5825
5710	5618
5561	5532
5528	5545
5570	5600
5627	5650
5664	5671
5673	5666
5649	5621
5586	5542
5501	5464
5439	5418
5397	5375
5349	5322
5315	5356
5502	5812
6335	7078
7975	8904
9715	10309
10661	10814
10849	10828
10792	10759
10736	10720
10720	10733
10757	10790
10824	10857
10887	10916
10951	10993
11047	11110
11180	11252
11321	11387
11460	11536
11613	11682
11748	11806
11868	11941
12025	12120
12213	12287
12338	12362
12368	12362
12349	12324
12269	12160
11966	11664
11242	10704
10082	9436
8848	8397
8124	8021
8033	8080
8112	8103
8064	8022
7993	7982
7980	7981
7974	7963
7950	7938
7936	7860
7863	7331
6292	6058
6006	5837
5724	5630
5571	5542
5537	5550
5575	5602
5629	5651
5666	5672
5673	5666
5646	5617
5578	5533
5491	5456
5429	5408
5387	5362
5334	5309
5311	5377
5559	5921
6503	7296
8220	9139
9914	10461
10771	10897
10910	10875
10824	10771
10727	10698
10684	10691
10716	10751
10794	10833
10866	10900
10934	10976
11025	11084
11146	11208
11271	11339
11410	11490
11577	11659
11736	11810
11885	11969
12067	12167
12261	12333
12379	12401
12399	12386
12365	12334
12276	12172
11994	11719
11334	10836
10248	9618
9025	8546
8232	8078
8045	8056
8062	8035
7989	7943
7916	7911
7922	7939
7953	7960
7962	7961
7963	7886
7886	7346
6298	6066
6012	5845
5731	5639
5579	5548
5541	5554
5577	5602
5629	5651
5666	5671
5671	5661
5641	5610
5572	5525
5488	5453
5427	5402
5380	5351
5323	5303
5317	5405
5628	6044
6684	7521
8465	9370
10106	10605
10875	10969
10963	10911
10841	10774
10713	10671
10653	10659
10689	10732
10777	10821
10857	10887
10917	10953
10994	11039
11092	11144
11202	11263
11337	11422
11518	11613
11706	11798
11890	11991
12097	12205
12298	12371
12415	12428
12422	12402
12370	12330
12266	12164
11994	11742
11388	10923
10366	9758
9168	8670
8318	8124
8046	8025
8011	7977
7930	7884
7858	7857
7874	7899
7926	7945
7960	7969
7976	7897
7897	7351
6297	6068
6015	5849
5735	5644
5585	5555
5546	5559
5579	5604
5629	5650
5663	5667
5666	5654
5633	5600
5562	5519
5484	5452
5428	5402
5377	5347
5319	5303
5330	5443
5706	6172
6864	7737
8690	9571
10264	10715
10945	11013
10990	10923
10842	10763
10696	10652
10635	10647
10683	10733
10786	10830
10865	10890
10911	10935
10966	10998
11036	11080
11131	11190
11262	11354
11457	11565
11677	11790
11902	12022
12138	12251
12345	12413
12450	12457
12445	12415
12375	12323
12249	12140
11977	11739
11405	10971
10440	9854
9272	8766
8387	8159
8044	8000
7975	7943
7899	7861
7837	7836
7851	7875
7902	7925
7946	7960
7969	7888
7878	7336
6289	6061
6011	5851
5741	5651
5593	5563
5554	5564
5582	5606
5628	5648
5657	5661
5654	5643
5619	5589
5551	5513
5479	5452
5431	5408
5381	5352
5325	5315
5354	5493
5789	6299
7033	7934
8881	9736
10383	10789
10981	11027
10990	10915
10826	10742
10676	10632
10622	10646
10696	10755
10812	10857
10888	10906
10918	10931
10947	10971
10997	11030
11072	11131
11205	11302
11417	11543
11674	11807
11943	12074
12201	12315
12406	12469
12502	12500
12475	12436
12383	12317
12231	12114
11948	11715
11397	10983
10476	9913
9346	8842
8452	8195
8055	7992
7962	7935
7905	7875
7856	7848
7853	7864
7882	7898
7918	7935
7938	7849
7805	7280
6277	6052
6004	5848
5742	5657
5604	5575
5566	5571
5588	5609
5631	5646
5652	5651
5644	5629
5606	5574
5542	5508
5478	5455
5438	5415
5391	5364
5340	5336
5387	5547
5877	6421
7183	8098
9033	9852
10453	10817
10981	11011
10965	10885
10797	10714
10651	10616
10620	10656
10718	10788
10850	10894
10918	10931
10936	10939
10944	10956
10973	11001
11037	11096
11176	11284
11408	11552
11703	11856
12008	12151
12283	12396
12483	12536
12558	12547
12510	12460
12396	12318
12219	12091
11918	11685
11373	10971
10485	9942
9395	8903
8510	8239
8082	8003
7970	7951
7933	7915
7899	7887
7877	7868
7866	7872
7885	7893
7878	7763
7638	7159
6265	6042
5998	5847
5748	5666
5616	5587
5578	5582
5595	5614
5630	5641
5646	5643
5633	5613
5593	5563
5533	5502
5479	5462
5447	5431
5407	5379
5359	5361
5424	5598
5952	6523
7306	8222
9142	9925
10487	10817
10958	10976
10926	10848
10760	10681
10623	10602
10614	10667
10739	10820
10884	10928
10950	10956
10955	10953
10951	10954
10965	10986
11025	11084
11173	11287
11425	11580
11748	11917
12081	12235
12370	12480
12559	12604
12612	12592
12546	12486
12410	12323
12212	12076
11896	11657
11345	10950
10477	9953
9427	8949
8561	8285
8115	8026
7990	7977
7967	7960
7948	7932
7906	7880
7857	7844
7846	7843
7795	7637
7368	6967
6251	6033
5993	5846
5751	5674
5626	5599
5590	5594
5603	5617
5632	5640
5642	5636
5623	5606
5585	5557
5528	5502
5482	5468
5453	5439
5418	5393
5374	5380
5450	5638
6007	6597
7391	8305
9209	9964
10498	10803
10930	10941
10889	10813
10728	10655
10605	10587
10611	10674
10755	10839
10908	10951
10970	10973
10968	10964
10957	10956
10963	10982
11020	11081
11177	11299
11448	11615
11794	11974
12147	12303
12438	12545
12619	12657
12657	12626
12576	12507
12426	12332
12213	12068
11881	11638
11323	10930
10465	9956
9444	8980
8598	8323
8147	8054
8012	8004
8000	7999
7988	7966
7932	7890
7851	7828
7815	7791
7712	7192
7070	4395
