8035	7303
6970	6501
6278	6218
6231	6255
6267	6277
6292	6305
6304	6287
6260	6234
6213	6202
6204	6220
6246	6274
6288	6279
6258	6238
6242	6261
6286	6300
6310	6325
6354	6389
6419	6440
6451	6445
6426	6400
6380	6378
6390	6404
6410	6411
6408	6406
6392	6351
6276	6191
6118	6060
5986	5846
5587	5197
4703	4183
3709	3315
3007	2779
2639	2576
2556	2545
2516	2470
2423	2399
2414	2458
2507	2531
2530	2518
2514	2514
2496	2458
2411	2375
2362	2357
2353	2338
2329	2357
2465	2716
3182	3931
4968	6205
7468	8585
9447	10045
10430	10676
10847	10976
11076	11146
11177	11170
11142	11108
11076	11042
11006	10954
10861	10703
10472	10168
9798	9378
8914	8407
7823	7128
6321	5454
4638	3970
3496	3194
3017	2914
2860	2840
2835	2835
2839	2853
2879	2929
3038	3274
3722	4406
5278	6229
7143	7932
8579	9095
9516	9868
10175	10447
10686	10869
10981	11027
11045	11068
11113	11176
11239	11291
11330	11354
11366	11357
11314	11215
11034	10778
10474	10173
9904	9666
9455	9295
9208	9207
9259	9327
9380	9445
9628	10089
10934	12112
13393	14507
15288	15740
15955	16037
16059	16057
16051	16038
16020	15985
15930	15855
15766	15672
15574	15473
15362	15236
15092	14924
14737	14543
14357	14185
14021	13849
13666	13471
13270	13069
12863	12628
12329	11643
11594	0
9427	7291
6963	6501
6282	6218
6223	6240
6251	6263
6284	6297
6292	6268
6234	6201
6183	6174
6183	6203
6233	6260
6275	6265
6240	6218
6219	6242
6273	6292
6307	6321
6352	6385
6418	6439
6453	6447
6430	6405
6389	6387
6403	6418
6422	6413
6405	6397
6386	6349
6289	6211
6137	6062
5967	5800
5529	5138
4656	4149
3686	3303
3003	2786
2649	2587
2565	2560
2542	2509
2476	2451
2458	2487
2526	2547
2549	2539
2536	2531
2517	2486
2450	2424
2417	2415
2407	2390
2376	2393
2472	2661
3019	3611
4459	5509
6628	7669
8531	9189
9667	10017
10281	10486
10652	10777
10853	10879
10864	10829
10779	10722
10651	10551
10394	10148
9806	9384
8911	8411
7916	7421
6898	6306
5632	4921
4259	3722
3342	3098
2954	2873
2836	2829
2833	2837
2837	2843
2862	2910
3023	3270
3721	4401
5264	6208
7126	7931
8599	9135
9572	9927
10229	10493
10722	10900
11017	11079
11119	11164
11226	11304
11378	11440
11488	11521
11545	11549
11526	11447
11293	11057
10769	10465
10167	9872
9592	9363
9227	9196
9245	9315
9373	9439
9607	10031
10821	11953
13221	14364
15198	15697
15941	16036
16064	16068
16063	16051
16031	15996
15941	15865
15777	15679
15579	15476
15364	15240
15095	14926
14738	14546
14365	14201
14046	13880
13697	13497
13288	13087
12882	12652
12358	11667
11614	0
9421	7272
6950	6497
6280	6211
6208	6218
6223	6241
6264	6280
6271	6239
6196	6161
6138	6137
6153	6179
6213	6243
6257	6246
6220	6196
6195	6222
6257	6284
6303	6320
6347	6379
6410	6437
6450	6448
6433	6411
6399	6404
6422	6436
6435	6419
6403	6391
6378	6353
6304	6237
6158	6069
5943	5750
5459	5066
4594	4104
3654	3287
3002	2796
2666	2605
2585	2583
2577	2564
2543	2521
2517	2530
2555	2573
2579	2573
2569	2562
2545	2522
2497	2486
2484	2486
2479	2467
2456	2469
2526	2648
2880	3278
3878	4663
5556	6447
7252	7940
8504	8964
9337	9644
9900	10111
10258	10333
10339	10289
10198	10079
9939	9759
9507	9152
8696	8166
7606	7064
6578	6147
5731	5283
4788	4274
3805	3426
3161	2987
2882	2827
2809	2815
2830	2836
2832	2828
2841	2890
3013	3272
3731	4410
5262	6201
7124	7946
8641	9205
9660	10026
10326	10582
10796	10969
11093	11177
11244	11314
11394	11482
11560	11627
11681	11724
11755	11777
11775	11728
11610	11414
11154	10855
10528	10175
9808	9485
9269	9189
9218	9289
9357	9428
9584	9957
10670	11727
12973	14155
15062	15630
15917	16034
16071	16076
16073	16063
16046	16010
15955	15880
15791	15692
15589	15483
15371	15249
15101	14928
14738	14548
14376	14220
14075	13915
13734	13529
13316	13110
12909	12684
12396	11697
11638	0
9412	7252
6936	6486
6269	6197
6188	6187
6191	6208
6232	6248
6237	6200
6154	6114
6096	6101
6122	6155
6191	6221
6236	6227
6200	6177
6175	6205
6245	6279
6296	6312
6335	6366
6398	6425
6440	6443
6430	6415
6408	6420
6442	6460
6455	6432
6408	6390
6378	6357
6315	6255
6174	6072
5924	5708
5401	5005
4540	4064
3628	3275
3002	2810
2688	2630
2613	2617
2626	2622
2610	2591
2577	2577
2594	2610
2618	2616
2606	2597
2580	2560
2545	2542
2547	2556
2556	2557
2563	2590
2641	2719
2850	3074
3435	3948
4575	5252
5921	6550
7123	7635
8081	8468
8813	9113
9348	9489
9514	9434
9274	9063
8821	8545
8202	7772
7265	6708
6162	5672
5269	4946
4664	4370
4048	3716
3415	3180
3013	2899
2828	2790
2785	2804
2825	2831
2823	2818
2834	2888
3019	3288
3756	4431
5278	6212
7138	7981
8701	9294
9771	10153
10460	10711
10920	11092
11223	11324
11412	11496
11582	11666
11737	11798
11847	11890
11928	11963
11982	11964
11887	11735
11517	11239
10902	10505
10067	9654
9350	9198
9185	9249
9328	9419
9570	9894
10514	11480
12687	13904
14892	15539
15883	16027
16074	16083
16082	16075
16056	16024
15973	15900
15810	15709
15604	15494
15385	15260
15109	14933
14740	14551
14380	14235
14098	13948
13765	13559
13342	13135
12939	12718
12431	11720
11657	0
9400	7229
6915	6469
6253	6175
6159	6153
6151	6165
6189	6203
6192	6155
6108	6072
6056	6066
6093	6130
6166	6200
6214	6209
6185	6165
6166	6196
6239	6272
6289	6302
6322	6350
6381	6405
6424	6429
6423	6413
6416	6433
6462	6480
6474	6447
6419	6398
6384	6363
6325	6265
6183	6073
5914	5683
5365	4963
4502	4035
3612	3268
3008	2826
2717	2663
2651	2658
2671	2675
2670	2652
2634	2626
2635	2652
2661	2657
2649	2636
2617	2598
2588	2588
2600	2613
2627	2647
2680	2730
2791	2852
2920	3024
3208	3500
3887	4331
4797	5273
5750	6216
6657	7068
7462	7836
8151	8356
8404	8291
8054	7742
7403	7047
6658	6230
5769	5308
4877	4517
4249	4054
3895	3729
3539	3338
3158	3016
2916	2845
2796	2773
2776	2800
2820	2828
2823	2827
2852	2919
3063	3337
3800	4466
5304	6229
7151	8004
8750	9370
9877	10282
10607	10871
11082	11255
11392	11504
11598	11682
11761	11827
11880	11920
11955	11990
12032	12072
12104	12110
12061	11955
11779	11535
11210	10802
10328	9852
9462	9226
9153	9194
9286	9400
9558	9841
10373	11239
12399	13637
14705	15438
15840	16014
16073	16087
16088	16081
16067	16037
15990	15920
15833	15732
15626	15515
15403	15272
15118	14939
14743	14552
14386	14245
14115	13968
13791	13586
13369	13160
12965	12746
12458	11737
11669	0
9385	7204
6892	6446
6228	6151
6129	6117
6110	6119
6139	6154
6143	6108
6066	6035
6026	6040
6071	6107
6146	6176
6196	6191
6172	6157
6163	6195
6238	6266
6278	6286
6303	6330
6359	6385
6403	6411
6409	6407
6418	6443
6476	6495
6490	6464
6433	6411
6394	6373
6333	6274
6189	6074
5909	5666
5339	4930
4469	4008
3595	3259
3011	2840
2742	2699
2692	2702
2715	2720
2717	2698
2678	2667
2673	2687
2697	2698
2689	2676
2656	2641
2630	2633
2644	2661
2683	2721
2775	2850
2926	2986
3023	3060
3142	3292
3506	3752
4003	4274
4579	4919
5277	5647
6032	6427
6784	7033
7104	6975
6690	6318
5928	5549
5182	4828
4493	4193
3933	3729
3585	3491
3422	3339
3231	3112
3000	2916
2857	2814
2782	2768
2777	2801
2827	2842
2851	2873
2918	3005
3159	3439
3892	4541
5347	6240
7138	7987
8748	9401
9942	10380
10737	11024
11255	11439
11581	11690
11777	11847
11903	11945
11971	11988
12004	12029
12069	12116
12157	12172
12145	12068
11926	11714
11415	11024
10552	10049
9600	9282
9133	9133
9229	9364
9534	9792
10251	11028
12133	13385
14519	15331
15793	15999
16071	16088
16090	16085
16074	16049
16005	15942
15857	15761
15652	15541
15422	15289
15127	14945
14747	14559
14391	14252
14124	13983
13808	13603
13390	13182
12986	12770
12475	11746
11669	0
9371	7182
6871	6425
6209	6126
6101	6083
6069	6074
6091	6104
6093	6065
6030	6006
6005	6024
6053	6092
6128	6159
6174	6175
6162	6151
6165	6201
6240	6263
6266	6267
6281	6307
6337	6361
6379	6390
6393	6400
6415	6445
6480	6501
6499	6476
6450	6427
6412	6386
6346	6281
6195	6072
5901	5653
5314	4896
4429	3970
3565	3241
3004	2851
2766	2737
2733	2742
2750	2753
2747	2726
2706	2693
2699	2714
2725	2728
2726	2719
2707	2692
2686	2686
2693	2708
2732	2771
2834	2915
2999	3060
3088	3102
3138	3218
3327	3430
3506	3587
3712	3902
4142	4425
4747	5106
5452	5705
5788	5669
5388	5028
4661	4327
4036	3793
3602	3456
3344	3256
3198	3168
3146	3109
3048	2969
2896	2845
2812	2792
2779	2774
2791	2820
2853	2882
2914	2962
3037	3151
3327	3615
4062	4679
5436	6265
7108	7919
8676	9354
9936	10419
10814	11140
11398	11601
11750	11852
11924	11973
12003	12018
12019	12016
12017	12033
12074	12125
12168	12185
12162	12096
11978	11790
11519	11159
10716	10220
9743	9361
9141	9087
9164	9308
9488	9730
10137	10847
11903	13162
14350	15231
15746	15982
16065	16087
16090	16087
16076	16056
16017	15963
15883	15788
15680	15568
15444	15306
15141	14957
14759	14569
14400	14259
14129	13987
13814	13615
13403	13201
13007	12786
12487	11748
11668	0
9355	7162
6851	6405
6190	6107
6080	6057
6037	6032
6042	6052
6048	6028
6006	5991
5997	6017
6049	6084
6118	6143
6156	6155
6148	6148
6171	6212
6247	6257
6247	6242
6252	6280
6310	6336
6353	6366
6373	6384
6403	6435
6469	6495
6496	6482
6461	6447
6430	6406
6360	6294
6200	6075
5895	5637
5283	4851
4379	3919
3517	3206
2986	2855
2790	2769
2771	2774
2776	2774
2758	2739
2714	2704
2708	2728
2744	2758
2766	2772
2772	2768
2763	2759
2760	2766
2779	2807
2859	2931
3006	3064
3093	3107
3133	3180
3230	3241
3201	3154
3153	3228
3366	3553
3786	4061
4345	4562
4639	4548
4322	4036
3752	3508
3311	3171
3082	3041
3015	2993
2979	2978
2978	2967
2930	2876
2825	2794
2782	2783
2790	2804
2826	2861
2901	2947
3006	3086
3200	3350
3560	3868
4310	4892
5583	6328
7082	7828
8553	9240
9859	10389
10828	11193
11479	11702
11861	11964
12026	12058
12070	12064
12044	12022
12011	12027
12073	12130
12174	12178
12147	12077
11963	11791
11545	11218
10814	10349
9870	9452
9167	9053
9091	9225
9410	9646
10029	10693
11716	12978
14206	15144
15706	15966
16061	16086
16089	16086
16078	16061
16029	15981
15911	15822
15716	15595
15468	15323
15158	14974
14780	14588
14416	14267
14132	13983
13809	13613
13408	13213
13022	12798
12491	11744
11657	0
9338	7141
6832	6388
6172	6090
6060	6033
6008	5996
6000	6008
6010	6000
5990	5988
5998	6023
6052	6083
6112	6130
6139	6136
6132	6145
6180	6224
6252	6248
6225	6211
6221	6251
6283	6309
6326	6336
6346	6360
6382	6412
6445	6469
6477	6473
6463	6458
6445	6421
6373	6303
6210	6080
5893	5624
5255	4806
4321	3858
3464	3167
2966	2857
2811	2803
2806	2806
2797	2782
2761	2737
2714	2705
2714	2737
2763	2789
2815	2839
2857	2864
2861	2853
2844	2836
2834	2840
2867	2913
2971	3021
3061	3086
3113	3142
3146	3095
2995	2889
2836	2856
2934	3048
3191	3369
3559	3712
3774	3715
3567	3380
3200	3050
2934	2859
2832	2834
2844	2847
2846	2853
2870	2875
2857	2820
2783	2765
2773	2795
2824	2856
2888	2925
2971	3033
3118	3238
3391	3585
3830	4157
4591	5137
5759	6419
7080	7748
8427	9102
9741	10304
10781	11174
11491	11731
11902	12012
12078	12109
12115	12098
12064	12028
12015	12034
12087	12146
12183	12176
12126	12039
11920	11751
11521	11222
10852	10423
9960	9527
9199	9029
9019	9130
9304	9538
9908	10554
11561	12832
14092	15073
15669	15953
16055	16086
16089	16085
16077	16061
16034	15994
15935	15853
15749	15625
15489	15341
15176	14993
14803	14612
14434	14277
14130	13973
13796	13601
13403	13216
13029	12801
12489	11731
11640	0
9316	7120
6810	6366
6152	6070
6041	6013
5983	5965
5965	5973
5979	5981
5983	5993
6008	6031
6059	6087
6108	6122
6126	6121
6122	6141
6186	6234
6255	6239
6202	6180
6191	6222
6257	6280
6296	6307
6316	6328
6351	6379
6408	6431
6444	6450
6453	6454
6446	6422
6377	6310
6221	6095
5906	5623
5238	4767
4266	3798
3410	3128
2949	2858
2832	2834
2839	2836
2821	2801
2773	2744
2723	2716
2730	2762
2798	2838
2884	2926
2961	2975
2974	2959
2938	2917
2896	2880
2877	2895
2930	2978
3027	3072
3100	3102
3058	2965
2840	2727
2676	2690
2748	2818
2894	2984
3085	3169
3204	3175
3097	3000
2905	2824
2758	2720
2713	2728
2747	2754
2762	2778
2804	2823
2821	2800
2775	2771
2793	2837
2892	2943
2986	3023
3068	3139
3247	3398
3591	3825
4103	4444
4862	5369
5934	6521
7110	7707
8333	8978
9615	10196
10699	11118
11449	11704
11887	12007
12083	12127
12143	12127
12089	12049
12034	12057
12115	12177
12208	12188
12121	12017
11883	11701
11469	11180
10832	10433
9996	9569
9215	9002
8945	9019
9176	9409
9777	10421
11425	12704
13991	15006
15634	15938
16051	16085
16088	16082
16071	16055
16034	16001
15953	15879
15776	15648
15507	15354
15191	15014
14828	14637
14453	14283
14125	13958
13774	13581
13391	13211
13027	12797
12475	11712
11617	0
9286	7091
6781	6339
6125	6046
6020	5992
5963	5943
5940	5947
5959	5970
5982	5993
6014	6035
6060	6084
6103	6114
6114	6109
6112	6135
6184	6232
6250	6225
6182	6154
6165	6195
6227	6250
6264	6272
6282	6294
6313	6337
6361	6383
6400	6412
6421	6427
6422	6401
6365	6308
6229	6111
5925	5637
5233	4742
4221	3744
3361	3096
2936	2868
2858	2868
2880	2877
2863	2842
2814	2783
2760	2757
2775	2811
2857	2912
2968	3022
3062	3082
3079	3061
3030	2993
2955	2919
2892	2887
2909	2958
3021	3078
3100	3071
2983	2857
2727	2636
2610	2639
2694	2740
2772	2801
2836	2867
2879	2868
2838	2799
2755	2709
2668	2647
2652	2671
2688	2698
2708	2733
2771	2802
2815	2805
2793	2803
2846	2918
3001	3076
3129	3168
3210	3282
3401	3574
3793	4054
4351	4691
5090	5559
6079	6617
7152	7700
8274	8884
9502	10088
10611	11048
11398	11658
11842	11967
12055	12116
12148	12148
12115	12082
12073	12103
12162	12223
12248	12223
12146	12025
11862	11651
11393	11093
10751	10374
9967	9560
9203	8957
8859	8895
9034	9260
9636	10282
11286	12569
13876	14922
15584	15912
16042	16079
16085	16080
16065	16047
16026	15999
15958	15891
15790	15658
15514	15360
15200	15028
14847	14657
14469	14289
14118	13940
13754	13559
13374	13200
13019	12787
12459	11688
11591	0
9253	7051
6742	6302
6089	6013
5991	5969
5942	5925
5920	5930
5945	5961
5976	5993
6012	6032
6052	6075
6094	6106
6106	6104
6105	6131
6174	6220
6234	6212
6168	6141
6146	6174
6203	6222
6234	6240
6247	6257
6272	6289
6311	6334
6353	6367
6380	6385
6382	6366
6340	6296
6231	6125
5946	5656
5244	4736
4198	3710
3327	3074
2935	2886
2887	2907
2924	2932
2926	2914
2888	2859
2834	2829
2845	2880
2930	2988
3046	3099
3139	3157
3154	3129
3094	3047
2996	2944
2903	2884
2901	2953
3029	3093
3107	3047
2924	2776
2653	2587
2585	2632
2687	2718
2724	2720
2715	2714
2712	2708
2703	2692
2670	2639
2608	2593
2605	2628
2647	2659
2675	2708
2755	2798
2817	2821
2823	2851
2919	3021
3138	3241
3319	3366
3412	3479
3596	3768
3994	4260
4559	4890
5268	5704
6186	6687
7188	7693
8228	8799
9397	9984
10526	10985
11351	11618
11801	11921
12006	12079
12129	12147
12138	12123
12131	12171
12233	12288
12307	12274
12188	12053
11858	11606
11301	10967
10618	10259
9888	9516
9171	8909
8772	8772
8889	9112
9489	10133
11126	12405
13722	14805
15509	15874
16027	16074
16083	16076
16057	16036
16013	15989
15953	15890
15788	15657
15509	15358
15202	15036
14857	14669
14479	14293
14113	13927
13732	13537
13352	13184
13004	12769
12436	11662
11562	0
9217	7007
6699	6256
6047	5975
5961	5946
5928	5913
5913	5921
5937	5954
5970	5985
5999	6019
6036	6057
6077	6093
6100	6102
6104	6122
6158	6198
6215	6197
6158	6135
6137	6160
6183	6199
6207	6210
6213	6218
6228	6242
6262	6282
6301	6319
6331	6337
6341	6332
6312	6276
6222	6129
5962	5679
5273	4760
4211	3713
3330	3084
2961	2923
2929	2953
2976	2995
3008	3006
2993	2966
2940	2924
2930	2953
2990	3035
3085	3132
3164	3179
3174	3148
3108	3057
3000	2943
2895	2871
2887	2941
3024	3087
3092	3012
2875	2724
2616	2567
2581	2628
2676	2699
2697	2677
2657	2640
2630	2627
2631	2628
2615	2584
2555	2546
2563	2589
2612	2628
2652	2693
2748	2795
2823	2831
2846	2891
2987	3124
3282	3428
3541	3615
3673	3738
3838	3991
4199	4450
4734	5044
5396	5801
6242	6708
7175	7650
8149	8692
9276	9871
10436	10927
11317	11595
11775	11884
11963	12032
12094	12131
12148	12162
12196	12256
12322	12372
12377	12336
12241	12088
11861	11563
11204	10828
10462	10119
9787	9455
9131	8863
8700	8669
8764	8977
9347	9972
10941	12198
13520	14639
15401	15818
16001	16063
16077	16068
16048	16023
15999	15972
15937	15874
15776	15645
15499	15349
15198	15036
14863	14674
14482	14290
14105	13910
13711	13514
13328	13158
12980	12744
12411	11632
11533	0
9177	6962
6651	6211
6004	5938
5931	5926
5914	5905
5906	5917
5932	5948
5961	5974
5986	5999
6018	6037
6058	6079
6090	6097
6099	6112
6137	6172
6190	6181
6152	6131
6131	6148
6165	6179
6184	6184
6181	6182
6185	6196
6212	6233
6253	6272
6287	6301
6311	6305
6288	6256
6206	6118
5968	5707
5317	4816
4272	3774
3395	3154
3033	2991
2989	3007
3035	3067
3096	3113
3111	3086
3053	3025
3009	3010
3019	3040
3070	3103
3128	3140
3132	3107
3067	3015
2960	2906
2863	2840
2857	2910
2985	3044
3041	2959
2826	2692
2599	2564
2574	2612
2650	2666
2661	2643
2618	2600
2583	2578
2578	2582
2569	2545
2517	2510
2526	2556
2584	2605
2635	2680
2735	2782
2812	2825
2846	2908
3031	3205
3407	3606
3770	3887
3966	4035
4120	4246
4418	4635
4885	5165
5482	5846
6249	6674
7104	7546
8021	8547
9130	9742
10336	10862
11281	11581
11765	11871
11940	12005
12068	12120
12158	12200
12261	12342
12420	12462
12456	12397
12286	12113
11860	11520
11125	10712
10330	9996
9697	9403
9109	8848
8671	8615
8687	8878
9226	9818
10737	11949
13268	14430
15259	15741
15967	16050
16068	16060
16038	16007
15981	15954
15918	15855
15758	15626
15485	15337
15188	15031
14858	14671
14477	14284
14093	13896
13692	13489
13301	13131
12950	12713
12380	11603
11505	0
9149	6918
6610	6169
5968	5908
5910	5912
5906	5898
5900	5908
5922	5933
5945	5954
5966	5980
5998	6019
6043	6063
6082	6090
6093	6099
6117	6147
6169	6165
6147	6129
6127	6141
6155	6165
6168	6165
6157	6149
6149	6157
6171	6191
6211	6228
6247	6270
6288	6293
6277	6240
6184	6103
5970	5743
5386	4915
4392	3914
3544	3302
3167	3101
3074	3078
3100	3140
3183	3216
3223	3203
3164	3121
3083	3053
3029	3014
3014	3025
3041	3046
3037	3010
2974	2928
2882	2836
2806	2794
2815	2863
2923	2964
2955	2886
2777	2670
2594	2561
2564	2588
2613	2627
2627	2615
2597	2573
2553	2540
2538	2540
2534	2517
2496	2491
2508	2537
2568	2593
2622	2663
2712	2756
2782	2796
2824	2897
3038	3244
3491	3743
3963	4131
4245	4327
4405	4506
4643	4819
5022	5262
5533	5846
6199	6577
6969	7381
7838	8362
8957	9592
10224	10787
11240	11565
11766	11877
11949	12012
12074	12127
12174	12231
12309	12406
12494	12539
12523	12449
12318	12124
11853	11495
11077	10649
10258	9925
9639	9375
9115	8875
8702	8627
8666	8825
9131	9671
10520	11677
12976	14177
15086	15645
15920	16027
16053	16045
16020	15990
15959	15933
15895	15836
15738	15612
15470	15326
15177	15019
14847	14660
14465	14271
14080	13879
13671	13465
13270	13094
12908	12670
12338	11568
11477	0
9122	6883
6576	6136
5940	5891
5902	5910
5905	5898
5896	5900
5907	5914
5924	5933
5945	5961
5979	6001
6025	6049
6066	6078
6080	6083
6099	6128
6152	6154
6141	6123
6124	6137
6151	6160
6160	6151
6139	6124
6116	6120
6134	6154
6171	6187
6206	6236
6266	6281
6265	6224
6165	6093
5978	5786
5474	5052
4580	4142
3789	3538
3371	3259
3192	3168
3177	3214
3263	3304
3322	3302
3260	3205
3151	3094
3039	2990
2953	2936
2928	2921
2903	2878
2843	2807
2769	2743
2732	2746
2778	2824
2862	2880
2860	2803
2726	2649
2591	2559
2551	2561
2580	2595
2600	2592
2575	2551
2527	2511
2505	2507
2508	2503
2495	2497
2513	2541
2570	2592
2611	2640
2676	2712
2733	2752
2786	2870
3024	3249
3525	3817
4082	4298
4450	4557
4645	4736
4853	4993
5154	5339
5552	5809
6102	6428
6781	7174
7624	8160
8776	9446
10112	10711
11198	11551
11776	11905
11987	12056
12117	12164
12203	12258
12340	12443
12540	12587
12566	12482
12335	12127
11844	11481
11065	10637
10240	9900
9616	9368
9139	8933
8778	8692
8698	8809
9063	9535
10306	11384
12655	13888
14876	15519
15858	15993
16029	16021
16000	15969
15940	15908
15876	15817
15724	15600
15458	15311
15159	15000
14825	14638
14444	14250
14057	13856
13646	13434
13233	13047
12856	12616
12286	11528
11453	0
9104	6858
6551	6117
5930	5891
5908	5919
5912	5903
5892	5889
5887	5891
5896	5908
5924	5944
5965	5988
6012	6033
6050	6058
6061	6065
6085	6114
6140	6140
6126	6112
6117	6132
6150	6158
6158	6145
6125	6101
6087	6088
6105	6123
6135	6143
6162	6195
6234	6258
6248	6207
6148	6081
5991	5837
5583	5227
4823	4438
4109	3845
3631	3466
3351	3288
3269	3291
3332	3371
3391	3378
3334	3280
3217	3147
3069	2985
2914	2860
2822	2794
2765	2736
2704	2673
2648	2642
2661	2705
2761	2809
2827	2817
2781	2733
2682	2634
2589	2557
2542	2547
2562	2579
2586	2581
2564	2539
2511	2487
2481	2485
2496	2506
2514	2523
2546	2572
2595	2605
2609	2618
2641	2668
2691	2717
2762	2858
3014	3239
3516	3818
4108	4359
4548	4693
4803	4907
5015	5131
5254	5387
5543	5733
5966	6241
6561	6941
7399	7955
8606	9316
10021	10657
11171	11546
11792	11944
12043	12122
12181	12216
12238	12275
12349	12453
12552	12604
12586	12495
12338	12122
11837	11477
11071	10650
10250	9899
9604	9362
9162	8995
8868	8780
8753	8812
9007	9407
10092	11085
12307	13557
14619	15356
15765	15943
15994	15994
15979	15949
15918	15890
15857	15800
15710	15586
15443	15292
15134	14969
14794	14604
14412	14220
14027	13826
13615	13400
13191	12996
12798	12553
12230	11487
11430	0
9092	6841
6539	6110
5933	5900
5920	5931
5922	5907
5889	5875
5867	5864
5869	5882
5902	5924
5949	5973
5996	6017
6029	6036
6038	6048
6073	6105
6128	6125
6108	6096
6105	6128
6149	6160
6159	6144
6116	6087
6068	6066
6080	6095
6099	6101
6112	6144
6190	6222
6223	6186
6133	6076
6007	5891
5697	5416
5093	4769
4467	4190
3935	3717
3552	3445
3391	3381
3401	3427
3440	3425
3388	3333
3274	3195
3101	2992
2890	2804
2739	2693
2654	2619
2585	2561
2547	2561
2610	2691
2775	2833
2836	2798
2743	2694
2656	2623
2588	2558
2543	2547
2563	2575
2579	2569
2552	2527
2502	2481
2475	2479
2495	2516
2539	2563
2592	2619
2634	2630
2616	2611
2623	2647
2681	2723
2786	2889
3046	3249
3499	3776
4060	4324
4548	4725
4866	4986
5095	5197
5294	5388
5494	5628
5804	6034
6330	6705
7177	7767
8458	9213
9960	10630
11169	11563
11824	11991
12105	12192
12248	12272
12279	12300
12362	12459
12558	12609
12589	12492
12331	12109
11826	11474
11078	10659
10253	9889
9580	9339
9163	9031
8934	8855
8806	8818
8954	9285
9881	10783
11939	13186
14308	15141
15641	15876
15956	15971
15957	15934
15903	15874
15836	15781
15687	15563
15416	15260
15098	14932
14753	14565
14371	14181
13990	13794
13582	13363
13147	12942
12734	12486
12170	11443
11405	0
9075	6836
6540	6118
5947	5915
5934	5940
5929	5906
5885	5865
5851	5843
5846	5860
5882	5906
5932	5956
5977	5992
6003	6008
6013	6032
6060	6092
6110	6101
6082	6076
6091	6118
6144	6156
6154	6138
6110	6078
6054	6048
6057	6067
6068	6063
6070	6100
6145	6183
6188	6157
6109	6064
6017	5939
5799	5594
5350	5089
4819	4538
4258	4000
3792	3645
3551	3503
3483	3480
3471	3447
3407	3358
3299	3217
3110	2987
2862	2760
2681	2628
2585	2548
2516	2492
2492	2524
2603	2713
2822	2885
2884	2827
2755	2697
2659	2630
2596	2568
2552	2557
2566	2572
2564	2550
2531	2512
2495	2484
2479	2486
2505	2535
2567	2602
2639	2663
2672	2659
2638	2626
2639	2670
2721	2789
2877	2994
3138	3306
3505	3731
3981	4237
4475	4677
4840	4969
5077	5170
5251	5326
5404	5499
5633	5829
6107	6488
6984	7612
8351	9153
9940	10642
11202	11606
11874	12047
12169	12258
12314	12331
12327	12339
12390	12476
12564	12606
12577	12474
12309	12087
11807	11462
11068	10649
10235	9853
9531	9289
9128	9032
8966	8901
8836	8811
8892	9157
9672	10478
11552	12771
13938	14869
15475	15789
15917	15955
15952	15930
15896	15862
15819	15755
15654	15524
15372	15212
15049	14882
14704	14516
14325	14137
13949	13755
13546	13325
13106	12893
12679	12426
12114	11398
11370	0
9052	6834
6545	6133
5965	5929
5940	5941
5925	5901
5878	5855
5839	5829
5831	5841
5860	5888
5912	5935
5955	5967
5973	5978
5990	6013
6048	6078
6087	6074
6056	6055
6074	6104
6131	6143
6144	6129
6105	6073
6048	6034
6034	6036
6036	6032
6040	6066
6110	6143
6149	6120
6079	6044
6013	5964
5873	5734
5560	5361
5131	4867
4578	4304
4070	3890
3760	3668
3604	3552
3504	3453
3400	3347
3280	3194
3078	2945
2819	2715
2642	2594
2558	2525
2500	2484
2498	2548
2645	2773
2894	2960
2956	2891
2808	2741
2695	2654
2616	2582
2568	2568
2573	2566
2547	2522
2506	2493
2490	2486
2488	2497
2514	2546
2587	2632
2673	2701
2706	2692
2673	2667
2686	2733
2805	2899
3011	3140
3273	3406
3543	3706
3906	4132
4362	4570
4739	4866
4966	5052
5133	5208
5281	5364
5481	5657
5929	6316
6844	7513
8301	9143
9965	10686
11258	11665
11936	12111
12237	12325
12378	12392
12385	12392
12434	12504
12574	12601
12557	12446
12276	12056
11777	11436
11042	10622
10196	9800
9462	9215
9068	8998
8961	8914
8842	8785
8820	9023
9462	10171
11152	12324
13523	14550
15277	15691
15883	15952
15963	15941
15902	15856
15802	15722
15607	15464
15306	15146
14985	14822
14648	14464
14274	14090
13905	13714
13510	13289
13069	12853
12631	12375
12062	11352
11326	0
9023	6839
6557	6158
5987	5942
5941	5935
5915	5894
5871	5851
5832	5819
5817	5828
5842	5864
5887	5909
5926	5938
5941	5947
5962	5995
6031	6055
6058	6040
6026	6029
6056	6088
6112	6124
6126	6114
6096	6069
6040	6021
6009	6006
6005	6008
6019	6044
6080	6108
6108	6081
6040	6012
5995	5968
5914	5825
5709	5566
5385	5153
4887	4616
4377	4184
4028	3895
3774	3657
3549	3450
3365	3295
3222	3130
3014	2880
2758	2667
2609	2578
2559	2544
2533	2534
2560	2627
2731	2860
2979	3043
3036	2971
2890	2814
2753	2697
2647	2605
2588	2586
2583	2564
2534	2502
2483	2474
2476	2481
2489	2500
2522	2555
2601	2652
2698	2732
2742	2734
2719	2721
2747	2803
2888	2998
3128	3267
3397	3502
3593	3699
3844	4028
4231	4421
4577	4698
4792	4882
4974	5064
5154	5243
5360	5541
5820	6225
6784	7490
8313	9183
10025	10753
11327	11735
12004	12181
12304	12389
12440	12453
12451	12458
12492	12545
12591	12595
12534	12411
12237	12014
11736	11398
11006	10581
10146	9733
9379	9123
8985	8936
8928	8895
8824	8745
8738	8887
9250	9864
10747	11863
13081	14200
15050	15579
15849	15959
15983	15958
15912	15854
15782	15683
15549	15392
15225	15065
14912	14759
14590	14407
14221	14038
13859	13672
13471	13254
13035	12815
12591	12333
12015	11305
11276	0
8991	6842
6571	6177
6004	5946
5931	5916
5898	5880
5864	5845
5825	5814
5810	5815
5827	5846
5865	5883
5897	5903
5907	5914
5935	5972
6009	6028
6022	6003
5993	6005
6034	6066
6089	6101
6106	6099
6087	6066
6040	6011
5991	5979
5978	5987
6006	6031
6058	6074
6069	6037
5999	5972
5960	5949
5918	5866
5797	5704
5570	5386
5157	4918
4700	4513
4342	4173
3996	3805
3616	3446
3312	3211
3127	3039
2933	2814
2702	2626
2582	2572
2576	2587
2600	2622
2663	2735
2837	2954
3058	3115
3109	3054
2973	2897
2824	2751
2683	2633
2607	2601
2595	2572
2534	2496
2470	2460
2458	2464
2474	2492
2519	2562
2615	2673
2728	2770
2788	2785
2777	2780
2804	2855
2936	3045
3178	3321
3449	3543
3608	3673
3773	3914
4079	4239
4378	4494
4600	4707
4822	4935
5040	5144
5280	5479
5784	6220
6804	7537
8379	9264
10107	10837
11403	11804
12070	12245
12366	12445
12494	12514
12519	12530
12556	12589
12611	12590
12511	12378
12197	11974
11695	11357
10964	10537
10092	9666
9294	9028
8894	8866
8879	8865
8792	8699
8662	8757
9046	9565
10352	11407
12635	13836
14810	15457
15810	15965
16000	15975
15921	15849
15759	15638
15488	15314
15142	14984
14838	14690
14528	14350
14164	13983
13805	13623
13426	13214
12995	12775
12546	12282
11963	11251
11218	0
8956	6846
6578	6190
6009	5938
5910	5891
5876	5862
5852	5836
5820	5808
5804	5807
5815	5827
5838	5852
5863	5870
5873	5880
5902	5939
5973	5987
5977	5961
5960	5980
6013	6045
6070	6081
6086	6085
6079	6063
6037	6004
5975	5956
5959	5975
5996	6019
6038	6046
6033	6000
5959	5934
5922	5915
5899	5867
5830	5777
5690	5554
5377	5186
5008	4846
4682	4492
4259	3990
3708	3449
3244	3105
3015	2939
2859	2764
2676	2611
2584	2589
2617	2654
2692	2731
2780	2844
2932	3029
3114	3161
3159	3118
3053	2980
2899	2813
2727	2661
2624	2612
2603	2583
2545	2504
2472	2453
2443	2444
2456	2481
2519	2573
2640	2711
2777	2830
2856	2857
2844	2834
2842	2876
2938	3029
3147	3281
3406	3498
3557	3611
3684	3787
3917	4050
4182	4310
4446	4584
4721	4842
4953	5071
5230	5470
5817	6289
6897	7642
8487	9369
10202	10917
11474	11866
12126	12295
12408	12485
12537	12561
12578	12593
12611	12631
12630	12586
12492	12346
12162	11934
11655	11318
10927	10495
10047	9604
9219	8941
8809	8795
8827	8828
8766	8667
8605	8647
8858	9283
9980	10978
12208	13476
14560	15318
15753	15953
16009	15982
15920	15836
15729	15591
15423	15239
15063	14906
14766	14623
14464	14289
14106	13922
13742	13561
13369	13161
12941	12718
12484	12217
11894	11188
11152	0
8926	6849
6583	6188
5997	5912
5877	5855
5846	5839
5833	5823
5811	5803
5798	5801
5805	5810
5813	5820
5829	5837
5841	5849
5868	5897
5927	5936
5926	5917
5923	5951
5988	6024
6048	6063
6071	6073
6070	6060
6034	5998
5966	5946
5948	5966
5988	6009
6020	6020
6004	5969
5931	5904
5892	5885
5871	5853
5834	5804
5750	5657
5533	5399
5275	5157
5013	4815
4540	4196
3816	3459
3179	2994
2898	2844
2800	2747
2687	2641
2626	2645
2689	2744
2794	2836
2877	2923
2989	3064
3130	3173
3178	3154
3111	3057
2983	2887
2784	2691
2635	2609
2602	2585
2557	2519
2484	2458
2443	2439
2451	2482
2534	2600
2683	2773
2859	2924
2953	2950
2922	2888
2868	2875
2910	2973
3065	3178
3293	3388
3457	3518
3585	3673
3783	3909
4048	4204
4374	4540
4683	4795
4895	5020
5214	5509
5913	6432
7065	7809
8639	9498
10307	10999
11533	11910
12159	12318
12424	12499
12553	12589
12617	12637
12654	12663
12644	12585
12476	12321
12129	11899
11618	11284
10894	10462
10006	9555
9158	8877
8743	8739
8785	8803
8753	8657
8572	8570
8708	9051
9662	10596
11809	13122
14291	15151
15667	15915
15989	15969
15899	15805
15685	15537
15360	15177
14997	14841
14700	14556
14399	14227
14043	13855
13670	13487
13293	13085
12862	12634
12397	12126
11809	11117
11081	0
8902	6853
6579	6174
5968	5871
5828	5810
5806	5807
5810	5806
5798	5793
5794	5797
5798	5794
5786	5785
5792	5804
5811	5818
5828	5848
5869	5876
5872	5872
5889	5921
5963	6000
6026	6045
6055	6061
6060	6050
6026	5994
5963	5945
5946	5962
5981	5995
6002	5997
5978	5946
5913	5887
5872	5862
5849	5836
5820	5800
5765	5704
5627	5549
5482	5412
5305	5115
4814	4401
3930	3481
3126	2906
2805	2778
2776	2766
2745	2723
2723	2753
2807	2860
2903	2926
2942	2966
3006	3063
3121	3156
3166	3163
3153	3132
3077	2979
2848	2723
2635	2590
2576	2571
2555	2529
2500	2476
2459	2455
2472	2510
2570	2648
2745	2852
2958	3035
3067	3051
3001	2940
2894	2878
2892	2931
2991	3074
3172	3271
3359	3440
3528	3627
3745	3883
4044	4229
4419	4585
4705	4783
4862	4997
5236	5604
6087	6662
7320	8060
8860	9675
10435	11079
11577	11927
12160	12308
12410	12486
12548	12597
12636	12662
12679	12682
12656	12585
12467	12300
12099	11859
11578	11249
10865	10441
9984	9527
9126	8846
8713	8714
8767	8798
8758	8663
8563	8525
8604	8877
9416	10284
11453	12774
14003	14949
15544	15843
15941	15929
15858	15755
15627	15474
15300	15121
14944	14787
14641	14495
14336	14166
13979	13782
13586	13393
13196	12982
12752	12516
12271	12006
11699	11031
11003	0
8884	6854
6571	6152
5930	5821
5777	5762
5766	5773
5781	5781
5782	5782
5788	5793
5792	5779
5765	5756
5763	5775
5787	5790
5792	5799
5807	5815
5819	5827
5853	5892
5935	5973
6002	6021
6037	6047
6045	6035
6013	5984
5960	5947
5946	5957
5970	5982
5985	5978
5960	5934
5904	5879
5862	5850
5836	5820
5802	5783
5751	5710
5666	5633
5613	5591
5521	5353
5039	4576
4033	3511
3109	2861
2760	2757
2792	2823
2835	2844
2865	2907
2957	2995
3012	3004
2986	2984
3011	3059
3112	3144
3159	3172
3195	3212
3183	3083
2927	2759
2629	2558
2538	2538
2541	2533
2518	2503
2491	2494
2513	2557
2618	2705
2811	2935
3053	3138
3166	3137
3067	2988
2928	2908
2915	2942
2980	3035
3113	3214
3329	3443
3565	3698
3849	4020
4205	4399
4576	4702
4766	4797
4857	5016
5319	5772
6342	6986
7677	8407
9161	9910
10590	11161
11600	11917
12131	12276
12378	12463
12535	12597
12643	12674
12692	12694
12664	12588
12458	12278
12059	11811
11529	11209
10842	10426
9977	9523
9125	8849
8728	8736
8792	8824
8786	8689
8578	8512
8552	8772
9248	10039
11141	12431
13688	14704
15379	15731
15858	15856
15788	15682
15553	15400
15234	15061
14895	14737
14586	14432
14275	14104
13917	13709
13497	13287
13077	12853
12612	12363
12116	11857
11570	10934
10921	0
8860	6852
6562	6132
5897	5780
5734	5721
5729	5742
5752	5758
5760	5767
5778	5787
5785	5768
5746	5733
5739	5756
5770	5770
5764	5759
5759	5764
5776	5793
5825	5864
5907	5944
5973	5997
6014	6022
6023	6013
5994	5971
5954	5943
5944	5950
5960	5969
5970	5965
5949	5927
5901	5880
5859	5846
5829	5809
5786	5759
5729	5696
5672	5665
5678	5693
5661	5519
5206	4718
4132	3573
3142	2882
2783	2793
2851	2909
2951	2985
3027	3080
3122	3139
3119	3076
3031	3013
3032	3083
3134	3160
3174	3201
3252	3305
3297	3192
3004	2796
2629	2536
2505	2511
2528	2536
2538	2532
2530	2540
2568	2612
2674	2757
2863	2989
3109	3195
3214	3176
3102	3027
2980	2972
2991	3020
3049	3087
3155	3265
3405	3563
3735	3917
4111	4310
4508	4687
4818	4873
4865	4844
4895	5092
5472	6021
6684	7396
8119	8832
9530	10187
10764	11239
11608	11883
12083	12228
12341	12437
12521	12592
12642	12677
12696	12699
12669	12587
12445	12244
12005	11744
11465	11161
10814	10420
9983	9537
9152	8890
8785	8802
8861	8886
8842	8734
8610	8522
8534	8716
9138	9856
10868	12092
13344	14415
15165	15586
15750	15764
15697	15593
15465	15319
15159	14998
14838	14682
14526	14367
14209	14039
13847	13628
13398	13170
12941	12702
12449	12189
11940	11689
11421	10825
10830	0
8836	6852
6556	6116
5873	5751
5704	5693
5702	5715
5727	5733
5741	5750
5766	5778
5777	5763
5737	5720
5726	5743
5759	5760
5746	5732
5728	5733
5748	5770
5801	5838
5876	5910
5937	5960
5977	5988
5990	5983
5968	5951
5939	5931
5933	5938
5947	5953
5956	5955
5942	5926
5902	5881
5860	5842
5820	5797
5769	5736
5703	5674
5656	5663
5693	5729
5731	5619
5326	4840
4250	3684
3246	2980
2877	2886
2947	3016
3074	3130
3190	3248
3281	3276
3232	3161
3098	3072
3096	3150
3197	3219
3227	3261
3331	3408
3409	3291
3076	2836
2648	2541
2507	2513
2534	2551
2558	2563
2569	2585
2615	2660
2718	2790
2889	3008
3120	3193
3209	3169
3111	3064
3050	3074
3119	3162
3192	3231
3302	3431
3603	3806
4022	4249
4478	4697
4889	5032
5104	5087
5009	4952
5018	5267
5724	6355
7096	7861
8605	9296
9925	10477
10940	11312
11606	11839
12027	12179
12306	12416
12511	12586
12638	12675
12695	12698
12664	12576
12418	12196
11937	11665
11388	11099
10776	10407
9992	9569
9201	8958
8867	8894
8952	8970
8916	8798
8656	8548
8537	8692
9068	9709
10621	11755
12972	14077
14904	15399
15613	15650
15593	15491
15365	15223
15071	14916
14761	14605
14445	14285
14126	13954
13755	13527
13280	13034
12786	12532
12265	11996
11743	11501
11256	10700
10729	0
8803	6852
6551	6108
5861	5735
5684	5674
5682	5696
5704	5710
5718	5732
5750	5768
5769	5754
5730	5715
5720	5738
5755	5755
5740	5720
5713	5718
5732	5754
5782	5813
5843	5871
5896	5917
5935	5946
5952	5946
5936	5925
5917	5912
5912	5919
5927	5937
5943	5946
5937	5922
5903	5881
5859	5837
5812	5783
5753	5718
5682	5652
5636	5643
5680	5730
5753	5678
5424	4976
4417	3867
3429	3150
3024	3010
3060	3125
3193	3260
3331	3393
3425	3407
3346	3267
3196	3170
3192	3242
3280	3295
3306	3352
3438	3521
3515	3374
3133	2878
2687	2587
2552	2558
2572	2586
2592	2598
2603	2622
2653	2696
2746	2810
2892	2991
3087	3148
3161	3138
3114	3112
3147	3207
3276	3332
3381	3434
3528	3681
3887	4128
4382	4639
4887	5104
5272	5378
5397	5334
5227	5175
5274	5584
6106	6790
7567	8355
9093	9746
10300	10747
11098	11373
11599	11797
11974	12138
12280	12405
12508	12585
12637	12671
12688	12688
12650	12554
12381	12145
11871	11592
11313	11034
10727	10383
9998	9603
9260	9034
8948	8972
9030	9049
8991	8865
8711	8582
8552	8674
9008	9580
10390	11421
12577	13694
14595	15176
15458	15528
15482	15383
15258	15116
14966	14814
14659	14499
14335	14172
14006	13831
13627	13392
13135	12872
12610	12341
12064	11792
11540	11306
11081	10567
10619	0
8771	6850
6547	6100
5851	5726
5674	5663
5671	5683
5690	5693
5701	5714
5733	5754
5761	5749
5727	5715
5719	5740
5756	5755
5738	5719
5707	5710
5725	5741
5765	5785
5809	5831
5852	5869
5889	5901
5908	5904
5899	5891
5887	5886
5888	5894
5906	5918
5932	5938
5936	5922
5905	5882
5858	5831
5800	5769
5735	5699
5663	5633
5618	5623
5658	5713
5754	5716
5522	5148
4644	4126
3687	3379
3210	3158
3183	3238
3302	3369
3440	3498
3527	3514
3456	3379
3315	3289
3303	3335
3357	3368
3393	3463
3570	3653
3622	3446
3178	2918
2744	2661
2638	2636
2637	2636
2636	2637
2643	2658
2686	2726
2770	2819
2882	2962
3040	3090
3108	3113
3132	3185
3269	3363
3448	3521
3584	3666
3791	3980
4220	4485
4762	5031
5276	5476
5618	5696
5702	5644
5566	5561
5715	6079
6633	7328
8088	8849
9548	10145
10621	10973
11228	11423
11593	11759
11930	12103
12259	12396
12501	12579
12628	12661
12675	12670
12622	12518
12338	12096
11819	11533
11250	10967
10662	10335
9983	9628
9313	9093
8995	9005
9058	9085
9042	8923
8765	8623
8569	8662
8952	9455
10172	11092
12168	13276
14235	14913
15276	15394
15366	15271
15141	14997
14844	14691
14532	14366
14192	14017
13843	13661
13454	13215
12951	12680
12408	12133
11850	11577
11327	11102
10898	10427
10500	0
8735	6847
6541	6091
5839	5715
5667	5659
5666	5677
5680	5683
5685	5697
5715	5738
5750	5745
5727	5718
5724	5747
5764	5763
5744	5720
5709	5708
5718	5729
5743	5757
5774	5792
5809	5826
5841	5853
5860	5858
5853	5850
5852	5854
5859	5865
5877	5896
5916	5929
5932	5925
5909	5888
5860	5830
5793	5759
5722	5687
5653	5625
5607	5609
5633	5684
5735	5736
5616	5330
4913	4440
4000	3654
3433	3333
3322	3356
3405	3457
3511	3562
3588	3582
3540	3482
3430	3407
3406	3413
3413	3425
3479	3590
3727	3804
3738	3519
3222	2960
2802	2741
2731	2727
2717	2702
2690	2682
2684	2695
2724	2759
2795	2832
2876	2935
2997	3043
3074	3114
3186	3292
3416	3537
3634	3711
3792	3900
4063	4286
4552	4837
5120	5384
5617	5799
5927	6005
6040	6042
6047	6124
6344	6743
7295	7953
8651	9336
9960	10482
10876	11147
11329	11466
11594	11738
11903	12075
12241	12377
12487	12562
12612	12638
12649	12634
12582	12472
12294	12058
11787	11502
11211	10908
10592	10271
9948	9629
9341	9122
9003	8988
9035	9077
9060	8967
8821	8673
8595	8653
8894	9329
9957	10773
11757	12830
13832	14598
15055	15236
15239	15146
15012	14859
14703	14542
14379	14205
14021	13830
13641	13449
13238	12995
12731	12458
12182	11904
11623	11351
11107	10893
10712	10285
10387	0
8703	6841
6532	6074
5823	5702
5661	5659
5671	5680
5682	5677
5675	5678
5695	5718
5734	5735
5728	5722
5734	5756
5776	5774
5754	5727
5711	5705
5710	5713
5718	5729
5741	5757
5773	5787
5799	5809
5809	5805
5800	5803
5810	5817
5825	5832
5844	5867
5894	5916
5927	5928
5916	5897
5868	5832
5788	5749
5713	5679
5649	5622
5604	5599
5611	5648
5701	5734
5681	5500
5178	4771
4348	3979
3710	3559
3496	3489
3501	3520
3544	3574
3596	3601
3584	3552
3522	3504
3490	3469
3452	3472
3567	3731
3900	3968
3863	3598
3272	3005
2859	2815
2817	2820
2805	2782
2758	2744
2737	2746
2771	2804
2836	2859
2889	2929
2980	3028
3081	3160
3279	3427
3582	3720
3828	3914
4003	4133
4323	4574
4861	5155
5439	5701
5923	6098
6232	6344
6448	6548
6666	6841
7117	7527
8048	8631
9230	9806
10328	10755
11069	11275
11406	11506
11610	11739
11893	12060
12216	12351
12454	12529
12576	12603
12608	12585
12526	12422
12257	12038
11778	11492
11183	10857
10519	10191
9885	9597
9330	9108
8970	8930
8972	9033
9054	8998
8876	8736
8638	8652
8835	9200
9745	10464
11355	12375
13389	14228
14780	15040
15085	15005
14864	14703
14534	14369
14203	14021
13826	13621
13415	13208
12988	12747
12486	12214
11936	11658
11382	11118
10883	10685
10528	10146
10276	0
8672	6830
6515	6050
5800	5682
5652	5659
5678	5689
5691	5679
5669	5666
5679	5699
5718	5727
5730	5734
5748	5774
5789	5787
5763	5733
5711	5704
5703	5700
5697	5702
5712	5729
5744	5758
5765	5766
5760	5753
5748	5754
5768	5782
5791	5797
5810	5833
5867	5898
5921	5929
5926	5907
5878	5835
5787	5744
5706	5676
5651	5625
5606	5593
5590	5608
5650	5697
5706	5616
5407	5092
4720	4357
4055	3847
3723	3650
3603	3569
3551	3555
3571	3585
3590	3590
3585	3577
3556	3520
3495	3531
3670	3881
4072	4123
3980	3678
3328	3051
2907	2872
2890	2903
2894	2866
2836	2813
2801	2810
2839	2875
2905	2921
2937	2966
3010	3066
3144	3257
3405	3577
3753	3908
4036	4133
4233	4367
4570	4836
5138	5443
5731	5993
6220	6408
6573	6741
6931	7148
7380	7638
7955	8352
8813	9305
9789	10244
10644	10972
11208	11362
11467	11551
11645	11765
11907	12055
12196	12315
12409	12481
12530	12555
12557	12531
12472	12376
12226	12027
11778	11488
11162	10806
10444	10104
9799	9526
9276	9058
8906	8855
8890	8970
9023	9016
8935	8814
8701	8667
8780	9072
9541	10176
10974	11919
12914	13798
14439	14789
14895	14842
14703	14524
14345	14179
14007	13826
13623	13402
13177	12949
12717	12475
12219	11953
11681	11408
11141	10889
10664	10480
10347	10011
10169	0
8645	6823
6501	6026
5774	5664
5645	5662
5685	5699
5698	5685
5671	5663
5668	5686
5706	5722
5732	5745
5764	5787
5801	5794
5768	5732
5708	5702
5697	5689
5683	5684
5695	5712
5725	5734
5737	5733
5719	5704
5698	5707
5726	5746
5756	5760
5771	5796
5835	5874
5905	5923
5927	5914
5883	5837
5782	5738
5699	5672
5651	5630
5610	5589
5573	5571
5596	5646
5691	5681
5586	5387
5105	4779
4465	4204
4006	3854
3732	3631
3569	3543
3546	3568
3592	3617
3636	3643
3630	3598
3579	3637
3804	4036
4222	4245
4066	3742
3384	3105
2958	2928
2958	2985
2985	2957
2921	2890
2876	2888
2927	2973
3006	3018
3026	3045
3085	3150
3249	3381
3542	3719
3902	4076
4232	4360
4475	4610
4810	5079
5391	5707
6013	6291
6537	6754
6965	7199
7478	7792
8117	8440
8773	9134
9524	9920
10295	10629
10914	11138
11302	11416
11508	11594
11691	11804
11932	12062
12182	12279
12358	12424
12473	12500
12502	12477
12425	12340
12207	12019
11773	11475
11129	10747
10360	10004
9695	9430
9190	8982
8834	8773
8802	8889
8972	9008
8978	8884
8765	8692
8743	8965
9363	9922
10637	11494
12436	13331
14042	14485
14669	14654
14521	14337
14148	13968
13796	13613
13404	13172
12923	12676
12433	12194
11946	11686
11423	11163
10908	10674
10458	10285
10172	9879
10063	0
8617	6815
6487	6009
5753	5646
5630	5653
5680	5698
5700	5689
5678	5671
5673	5686
5703	5721
5735	5755
5774	5795
5805	5794
5761	5725
5703	5701
5700	5694
5685	5683
5692	5704
5716	5720
5721	5707
5689	5667
5659	5669
5698	5719
5731	5730
5738	5762
5803	5846
5881	5905
5913	5904
5874	5826
5772	5726
5689	5666
5650	5632
5612	5588
5561	5548
5557	5595
5654	5708
5721	5656
5493	5238
4930	4622
4349	4115
3913	3751
3640	3585
3576	3595
3635	3675
3712	3736
3747	3732
3734	3803
3970	4183
4329	4310
4108	3782
3437	3168
3022	2994
3032	3075
3087	3057
3008	2967
2950	2970
3021	3079
3122	3135
3137	3149
3189	3260
3366	3500
3656	3823
4002	4198
4396	4573
4717	4862
5056	5313
5625	5958
6285	6595
6873	7134
7395	7692
8038	8423
8805	9162
9493	9817
10138	10444
10721	10948
11131	11267
11369	11456
11543	11634
11736	11848
11965	12076
12171	12250
12317	12372
12422	12453
12462	12447
12404	12326
12196	12006
11754	11444
11082	10683
10279	9911
9595	9331
9102	8906
8765	8695
8711	8788
8889	8966
8986	8927
8818	8718
8722	8890
9230	9725
10359	11123
11984	12851
13601	14127
14392	14431
14318	14135
13936	13750
13568	13377
13163	12917
12656	12393
12140	11902
11663	11419
11170	10923
10687	10468
10264	10099
10001	9747
9956	0
8584	6811
6479	5995
5736	5627
5613	5634
5663	5685
5693	5693
5690	5690
5692	5701
5712	5728
5741	5760
5779	5796
5799	5780
5739	5700
5687	5695
5707	5709
5700	5697
5699	5707
5714	5713
5709	5694
5671	5645
5635	5647
5677	5701
5711	5708
5712	5731
5768	5813
5850	5875
5885	5880
5850	5809
5756	5707
5672	5653
5640	5627
5611	5587
5563	5540
5532	5554
5616	5714
5828	5902
5878	5719
5439	5102
4769	4464
4196	3978
3820	3733
3704	3718
3754	3800
3848	3897
3933	3952
3969	4029
4156	4312
4393	4326
4110	3806
3494	3249
3111	3086
3132	3190
3211	3178
3111	3049
3021	3041
3101	3171
3219	3238
3239	3251
3288	3362
3462	3588
3724	3874
4049	4264
4505	4741
4936	5104
5297	5546
5855	6202
6554	6895
7219	7528
7838	8185
8575	8993
9398	9762
10077	10363
10623	10859
11054	11200
11298	11365
11420	11484
11568	11667
11775	11887
11999	12094
12174	12235
12285	12332
12379	12419
12443	12444
12413	12336
12200	11997
11734	11412
11038	10628
10214	9843
9527	9269
9052	8866
8718	8630
8615	8671
8772	8881
8949	8932
8843	8741
8718	8848
9146	9587
10150	10822
11583	12387
13136	13715
14054	14155
14079	13907
13703	13504
13310	13110
12885	12632
12361	12086
11835	11602
11377	11149
10914	10685
10463	10250
10057	9903
9827	9613
9844	0
8550	6810
6476	5988
5727	5616
5594	5611
5634	5659
5678	5694
5705	5717
5725	5730
5733	5739
5748	5763
5780	5791
5784	5757
5710	5672
5666	5691
5721	5734
5730	5724
5720	5719
5716	5715
5705	5688
5660	5635
5623	5635
5665	5693
5702	5696
5692	5705
5738	5777
5813	5837
5849	5844
5819	5776
5727	5683
5650	5632
5624	5615
5605	5591
5568	5542
5521	5525
5581	5709
5905	6112
6236	6192
5978	5647
5284	4933
4616	4348
4146	4018
3965	3958
3979	4018
4071	4139
4207	4251
4268	4288
4345	4409
4416	4309
4094	3824
3558	3344
3228	3209
3264	3331
3359	3322
3235	3145
3093	3100
3156	3223
3275	3298
3301	3315
3354	3427
3524	3633
3754	3890
4066	4296
4575	4866
5117	5322
5527	5774
6084	6436
6811	7187
7557	7916
8276	8658
9066	9483
9877	10220
10513	10762
10978	11156
11291	11379
11421	11438
11462	11511
11593	11697
11809	11924
12027	12119
12188	12234
12271	12307
12349	12400
12444	12469
12451	12376
12228	12012
11733	11401
11020	10608
10198	9831
9526	9279
9072	8881
8716	8588
8528	8543
8633	8756
8864	8894
8839	8748
8724	8833
9097	9495
9998	10584
11242	11953
12657	13253
13650	13816
13790	13643
13441	13229
13020	12807
12577	12319
12043	11770
11518	11290
11077	10862
10644	10423
10210	10004
9819	9681
9631	9463
9720	0
8511	6810
6477	5988
5723	5606
5576	5585
5604	5629
5658	5691
5720	5745
5755	5758
5751	5750
5753	5763
5774	5779
5766	5729
5675	5639
5645	5687
5734	5760
5764	5751
5741	5732
5721	5716
5705	5687
5660	5634
5621	5634
5661	5688
5697	5689
5680	5686
5710	5744
5773	5795
5805	5802
5780	5742
5695	5655
5622	5608
5603	5601
5601	5596
5579	5546
5512	5502
5549	5697
5955	6273
6540	6637
6524	6249
5892	5525
5179	4874
4633	4470
4380	4340
4329	4342
4388	4464
4548	4597
4591	4550
4518	4492
4430	4295
4091	3855
3630	3456
3362	3356
3413	3485
3515	3472
3372	3257
3182	3166
3199	3254
3301	3325
3335	3352
3394	3467
3558	3659
3774	3910
4090	4336
4644	4974
5271	5520
5747	6003
6312	6674
7069	7481
7894	8301
8702	9103
9507	9897
10252	10561
10816	11030
11203	11340
11438	11487
11498	11491
11496	11537
11620	11724
11842	11958
12062	12147
12209	12243
12267	12292
12335	12394
12459	12510
12510	12441
12285	12056
11768	11430
11051	10646
10248	9900
9616	9388
9183	8978
8774	8591
8468	8433
8490	8612
8744	8817
8807	8754
8740	8836
9068	9425
9878	10393
10956	11564
12189	12763
13193	13424
13454	13341
13146	12928
12704	12484
12250	11997
11721	11448
11196	10976
10768	10564
10350	10133
9920	9716
9545	9426
9409	9296
9586	0
8464	6813
6479	5990
5720	5596
5559	5559
5575	5604
5643	5687
5733	5767
5783	5781
5769	5757
5755	5761
5767	5767
5745	5702
5645	5616
5629	5684
5745	5783
5791	5779
5759	5742
5727	5718
5706	5688
5662	5637
5624	5636
5661	5688
5698	5688
5678	5675
5693	5719
5742	5757
5766	5762
5743	5706
5662	5619
5592	5578
5576	5583
5593	5596
5584	5546
5502	5478
5520	5674
5970	6373
6773	7023
7049	6867
6562	6212
5862	5542
5275	5079
4949	4866
4811	4785
4801	4861
4932	4955
4903	4794
4679	4577
4464	4312
4119	3905
3712	3566
3495	3496
3552	3619
3646	3601
3498	3377
3288	3253
3265	3298
3333	3356
3371	3396
3446	3519
3607	3705
3824	3971
4169	4430
4754	5107
5439	5720
5972	6243
6565	6938
7354	7794
8246	8692
9122	9530
9912	10256
10555	10810
11019	11192
11330	11435
11503	11533
11533	11519
11522	11564
11646	11757
11878	11996
12100	12183
12235	12263
12277	12297
12339	12409
12491	12561
12580	12518
12364	12135
11846	11509
11138	10750
10379	10065
9817	9612
9407	9175
8916	8664
8464	8363
8373	8475
8613	8721
8763	8751
8759	8842
9044	9358
9764	10220
10707	11212
11746	12271
12712	12992
13081	13004
12826	12606
12381	12159
11928	11678
11408	11137
10884	10659
10452	10244
10032	9817
9606	9410
9247	9149
9168	9114
9436	0
8416	6817
6486	5997
5724	5592
5545	5541
5554	5588
5634	5688
5740	5781
5797	5794
5777	5761
5753	5755
5757	5751
5726	5678
5626	5598
5620	5682
5749	5795
5809	5796
5772	5749
5730	5719
5708	5691
5668	5645
5634	5644
5668	5691
5701	5693
5682	5679
5688	5707
5723	5730
5731	5723
5707	5674
5630	5587
5556	5545
5547	5563
5580	5592
5579	5540
5485	5455
5487	5639
5952	6420
6933	7344
7527	7472
7251	6944
6614	6302
6031	5817
5652	5523
5417	5338
5307	5316
5331	5301
5187	5017
4840	4688
4544	4381
4185	3977
3792	3661
3605	3609
3653	3704
3722	3683
3593	3490
3413	3373
3373	3390
3414	3437
3464	3500
3555	3628
3710	3805
3929	4095
4315	4595
4933	5296
5644	5949
6229	6517
6856	7241
7672	8134
8611	9084
9526	9924
10272	10564
10803	10998
11158	11288
11390	11467
11518	11542
11543	11537
11547	11596
11683	11799
11927	12048
12153	12229
12274	12294
12302	12322
12367	12445
12536	12618
12646	12592
12447	12228
11948	11629
11276	10918
10590	10325
10122	9947
9746	9482
9164	8832
8550	8369
8315	8376
8504	8635
8717	8747
8772	8846
9010	9281
9640	10048
10470	10896
11340	11804
12234	12549
12686	12650
12495	12285
12061	11845
11620	11378
11117	10848
10594	10363
10139	9922
9701	9487
9283	9097
8948	8872
8922	8926
9278	0
8359	6824
6493	6005
5727	5588
5535	5526
5544	5579
5629	5685
5739	5781
5799	5795
5778	5757
5749	5748
5746	5736
5708	5663
5616	5596
5621	5682
5751	5796
5812	5800
5775	5750
5732	5720
5709	5695
5676	5656
5646	5654
5675	5694
5703	5701
5695	5691
5697	5708
5715	5711
5703	5690
5672	5638
5595	5552
5525	5515
5524	5541
5563	5575
5564	5523
5469	5433
5454	5597
5915	6429
7045	7606
7953	8038
7913	7669
7383	7105
6854	6639
6450	6280
6122	5989
5891	5822
5753	5639
5459	5241
5027	4844
4679	4499
4289	4069
3874	3742
3682	3680
3711	3743
3749	3718
3656	3592
3548	3531
3534	3548
3569	3601
3643	3697
3760	3825
3896	3981
4106	4289
4533	4837
5188	5559
5916	6238
6537	6849
7197	7588
8020	8485
8974	9454
9893	10270
10578	10818
10995	11134
11247	11338
11411	11466
11508	11537
11550	11559
11587	11643
11739	11860
11993	12116
12218	12286
12323	12336
12346	12368
12417	12496
12589	12664
12694	12645
12515	12314
12065	11773
11458	11144
10872	10665
10521	10381
10186	9899
9527	9119
8749	8478
8347	8349
8451	8583
8688	8739
8771	8830
8962	9187
9498	9860
10231	10595
10970	11377
11786	12113
12287	12289
12160	11966
11757	11545
11334	11098
10844	10580
10321	10071
9835	9598
9371	9156
8964	8795
8659	8605
8683	8736
9110	0
8291	6825
6496	6009
5728	5583
5526	5519
5541	5580
5628	5683
5735	5774
5792	5788
5770	5752
5740	5737
5732	5720
5692	5652
5613	5600
5626	5682
5745	5791
5807	5799
5774	5751
5732	5721
5711	5701
5685	5669
5660	5665
5680	5700
5710	5712
5710	5708
5712	5720
5718	5706
5681	5661
5640	5608
5568	5528
5505	5500
5508	5526
5546	5553
5541	5503
5450	5410
5423	5551
5870	6421
7132	7828
8324	8541
8515	8344
8119	7894
7683	7484
7281	7081
6882	6694
6530	6376
6209	6003
5759	5496
5256	5049
4862	4660
4430	4184
3967	3813
3738	3722
3735	3749
3748	3728
3702	3685
3692	3717
3747	3775
3809	3856
3921	3992
4061	4118
4167	4237
4358	4548
4811	5135
5496	5873
6234	6571
6893	7221
7574	7955
8369	8823
9305	9783
10208	10555
10818	11005
11130	11218
11292	11353
11407	11453
11499	11540
11573	11608
11654	11723
11822	11945
12077	12201
12295	12353
12382	12393
12404	12430
12482	12556
12639	12703
12718	12668
12552	12385
12174	11930
11664	11403
11193	11050
10957	10857
10677	10376
9966	9499
9052	8696
8475	8410
8463	8575
8672	8722
8745	8787
8887	9072
9338	9653
9983	10303
10635	10997
11373	11700
11897	11930
11831	11659
11463	11261
11054	10828
10582	10319
10057	9798
9542	9290
9052	8839
8658	8506
8390	8347
8434	8503
8875	0
8120	6822
6481	6011
5726	5577
5518	5512
5539	5583
5633	5684
5731	5764
5781	5777
5762	5746
5733	5726
5721	5707
5680	5646
5617	5606
5633	5682
5740	5783
5800	5792
5772	5748
5733	5722
5713	5706
5695	5679
5670	5672
5684	5701
5714	5721
5723	5723
5728	5733
5725	5700
5667	5639
5612	5582
5543	5515
5502	5503
5512	5523
5531	5529
5514	5480
5434	5394
5397	5514
5833	6414
7200	8011
8633	8958
9018	8919
8765	8603
8447	8272
8073	7852
7623	7395
7172	6944
6687	6397
6086	5786
5521	5293
5080	4851
4594	4320
4074	3892
3794	3755
3752	3754
3753	3748
3754	3783
3844	3916
3990	4049
4113	4183
4270	4355
4420	4463
4496	4550
4667	4860
5131	5463
5832	6208
6571	6920
7262	7606
7952	8309
8689	9120
9587	10051
10457	10773
10992	11126
11201	11251
11295	11338
11384	11435
11492	11557
11622	11685
11750	11829
11929	12051
12177	12292
12375	12422
12441	12449
12462	12492
12543	12609
12675	12721
12721	12667
12563	12428
12266	12078
11871	11670
11514	11421
11368	11294
11128	10830
10405	9907
9406	8979
8679	8539
8535	8605
8676	8706
8708	8725
8798	8948
9172	9446
9737	10034
10335	10666
11013	11329
11538	11597
11524	11368
11183	10991
10790	10571
10330	10074
9806	9538
9269	9005
8761	8553
8383	8248
8146	8097
8138	8103
8386	0
7494	6813
6406	6005
5718	5567
5509	5507
5538	5585
5635	5683
5727	5758
5774	5771
5757	5741
5730	5720
5713	5699
5673	5643
5618	5613
5636	5683
5736	5777
5794	5790
5769	5748
5733	5722
5715	5710
5698	5685
5678	5676
5687	5702
5718	5727
5731	5734
5739	5742
5731	5700
5657	5620
5590	5559
5528	5510
5508	5514
5523	5525
5521	5510
5491	5462
5419	5381
5381	5489
5809	6411
7254	8148
8861	9265
9390	9353
9262	9164
9057	8911
8721	8491
8244	7988
7729	7444
7124	6766
6402	6066
5777	5528
5290	5035
4752	4453
4181	3974
3846	3793
3777	3776
3775	3784
3816	3882
3984	4104
4220	4318
4407	4503
4603	4698
4760	4797
4818	4867
4975	5169
5441	5773
6137	6507
6869	7230
7587	7941
8274	8601
8948	9350
9803	10253
10642	10925
11103	11193
11229	11249
11271	11309
11355	11416
11494	11586
11681	11773
11856	11944
12042	12155
12272	12376
12448	12482
12492	12498
12514	12546
12591	12644
12695	12723
12707	12646
12554	12446
12331	12196
12044	11894
11780	11717
11685	11622
11467	11179
10759	10254
9728	9252
8896	8692
8630	8653
8685	8687
8667	8664
8716	8841
9030	9266
9529	9803
10097	10406
10727	11026
11240	11316
11262	11120
10943	10754
10556	10345
10112	9858
9590	9317
9041	8772
8527	8323
8164	8043
7945	7851
7746	7379
7431	0
5942	6807
6209	6000
5708	5560
5501	5502
5535	5587
5637	5684
5725	5754
5770	5768
5755	5739
5727	5718
5709	5696
5671	5644
5619	5616
5639	5683
5733	5773
5790	5786
5768	5747
5733	5723
5716	5710
5700	5688
5681	5680
5688	5704
5718	5729
5736	5740
5746	5747
5734	5699
5654	5611
5576	5545
5520	5512
5517	5530
5536	5531
5517	5498
5477	5450
5413	5376
5372	5476
5795	6411
7286	8231
8999	9449
9614	9615
9569	9516
9444	9324
9140	8909
8651	8384
8102	7788
7429	7034
6634	6273
5965	5699
5442	5169
4869	4557
4263	4036
3892	3822
3802	3799
3802	3820
3868	3956
4087	4239
4385	4513
4626	4737
4847	4942
5003	5031
5048	5095
5203	5395
5663	5994
6350	6714
7073	7438
7806	8162
8488	8788
9108	9492
9934	10376
10751	11014
11163	11222
11234	11233
11244	11278
11329	11402
11496	11611
11728	11841
11939	12030
12125	12231
12342	12435
12497	12521
12527	12529
12548	12579
12620	12664
12704	12719
12693	12628
12540	12454
12368	12274
12157	12043
11953	11904
11873	11816
11664	11385
10977	10479
9946	9448
9054	8808
8706	8693
8696	8675
8638	8620
8658	8767
8934	9143
9385	9652
9938	10236
10544	10831
11041	11128
11083	10951
10774	10588
10396	10192
9960	9707
9440	9165
8885	8618
8374	8178
8029	7912
7807	7648
7348	6504
6250	0
