16222	16222
16222	16222
16222	16222
16222	16222
16222	16222
16222	16222
16222	16222
16222	16222
16222	16219
16215	16195
16143	15978
15568	14782
13645	12446
11558	11134
11002	10918
10769	10575
10426	10360
10336	10303
10301	10386
10528	10692
11033	11788
12938	14173
15159	15762
16047	16151
16181	16187
16181	16173
16164	16161
16156	16151
16153	16158
16163	16168
16175	16182
16182	16158
16072	15845
15344	14480
13327	12199
11453	11170
11096	10994
10886	10894
10984	11074
11169	11336
11579	11811
11960	12049
12242	12744
13601	14584
15392	15880
16105	16185
16211	16219
16222	16222
16222	16222
16222	16222
16222	16222
16222	16222
16222	16222
16222	16222
16222	16222
16222	16222
16222	16222
16222	16222
16222	16222
16222	16222
16222	16222
16222	16222
16222	16222
16222	16222
16220	16216
16197	16152
16031	15733
15133	14180
13024	11986
11314	11009
10873	10734
10554	10375
10254	10214
10247	10336
10487	10680
10846	10938
11071	11482
12298	13395
14482	15299
15781	16004
16076	16081
16059	16023
15991	15959
15935	15917
15917	15931
15952	15980
16012	16043
16052	16003
15820	15418
14712	13739
12699	11891
11492	11433
11454	11375
11213	11076
11011	11008
11060	11192
11405	11648
11849	11977
12113	12443
13112	14030
14937	15594
15960	16125
16187	16212
16220	16222
16222	16222
16222	16222
16222	16222
16222	16222
16222	16222
16222	16222
16222	16222
16222	16222
16222	16222
16222	16222
16222	16222
16222	16222
16222	16222
16222	16222
16222	16222
16222	16222
16218	16207
16169	16065
15819	15305
14454	13359
12283	11487
11042	10825
10664	10482
10297	10151
10072	10097
10231	10449
10693	10909
11059	11117
11129	11252
11678	12482
13523	14512
15235	15631
15776	15768
15689	15587
15486	15397
15323	15277
15268	15300
15361	15444
15540	15633
15678	15592
15273	14660
13785	12843
12083	11674
11593	11673
11738	11702
11557	11357
11160	11024
10985	11050
11211	11435
11672	11854
11983	12173
12611	13365
14287	15119
15690	16002
16143	16198
16217	16221
16222	16222
16222	16222
16222	16222
16222	16222
16222	16222
16222	16222
16222	16222
16222	16222
16222	16222
16222	16222
16222	16222
16222	16222
16222	16222
16222	16222
16222	16222
16222	16222
16216	16192
16118	15920
15478	14698
13630	12509
11621	11077
10787	10588
10398	10212
10064	9974
9977	10100
10321	10563
10739	10834
10908	11003
11084	11153
11318	11762
12536	13483
14336	14884
15093	15047
14878	14673
14483	14318
14187	14105
14088	14140
14246	14391
14570	14753
14860	14760
14343	13625
12795	12102
11721	11626
11666	11719
11754	11772
11746	11624
11416	11187
11023	10976
11051	11222
11453	11681
11860	12007
12256	12771
13581	14496
15285	15797
16062	16172
16210	16219
16222	16222
16222	16222
16222	16222
16222	16222
16222	16222
16222	16222
16222	16222
16222	16222
16222	16222
16222	16222
16222	16222
16222	16222
16222	16222
16222	16222
16222	16222
16220	16219
16207	16165
16029	15679
14997	13967
12793	11787
11133	10769
10530	10310
10110	9960
9876	9879
9994	10199
10419	10520
10439	10270
10220	10406
10737	11015
11182	11379
11785	12442
13174	13726
13942	13862
13632	13377
13153	12974
12835	12750
12734	12789
12897	13048
13250	13466
13604	13522
13138	12552
12009	11697
11620	11632
11610	11547
11526	11594
11703	11746
11654	11443
11196	11017
10968	11054
11235	11476
11711	11893
12055	12354
12948	13821
14752	15487
15924	16125
16193	16214
16220	16221
16222	16222
16222	16222
16222	16222
16222	16222
16222	16222
16222	16222
16222	16222
16222	16222
16222	16222
16222	16222
16222	16222
16222	16222
16222	16222
16222	16221
16219	16212
16189	16107
15867	15321
14383	13181
12042	11242
10793	10512
10263	10024
9840	9744
9750	9871
10083	10290
10352	10153
9697	9202
9004	9302
9954	10611
11036	11235
11389	11670
12084	12462
12630	12575
12400	12225
12087	11980
11900	11854
11853	11888
11944	12026
12141	12277
12362	12293
12059	11780
11616	11601
11621	11578
11472	11371
11344	11412
11554	11699
11757	11666
11438	11175
10994	10958
11066	11278
11541	11774
11940	12110
12477	13187
14142	15058
15700	16028
16159	16199
16214	16219
16222	16222
16222	16222
16222	16222
16222	16222
16222	16222
16222	16222
16222	16222
16222	16222
16222	16222
16222	16222
16222	16222
16222	16222
16222	16222
16222	16219
16214	16198
16151	16004
15614	14833
13677	12427
11440	10854
10526	10265
9997	9768
9619	9590
9700	9923
10151	10218
9990	9414
8598	7846
7549	7917
8818	9857
10670	11117
11276	11346
11465	11631
11746	11766
11726	11686
11669	11655
11643	11643
11658	11676
11678	11676
11689	11708
11697	11632
11551	11535
11600	11649
11586	11463
11420	11499
11589	11590
11557	11604
11712	11760
11653	11406
11134	10972
10971	11121
11370	11639
11848	11984
12190	12679
13529	14530
15365	15868
16093	16176
16204	16216
16221	16222
16222	16222
16222	16222
16222	16222
16222	16222
16222	16222
16222	16222
16222	16222
16222	16222
16222	16222
16222	16222
16222	16222
16222	16222
16222	16217
16206	16174
16086	15837
15257	14243
12955	11777
10991	10566
10286	10013
9753	9555
9465	9520
9726	9978
10091	9894
9304	8391
7371	6557
6258	6638
7619	8891
10077	10895
11289	11399
11422	11478
11561	11622
11648	11656
11666	11684
11700	11717
11735	11737
11722	11707
11709	11707
11675	11631
11627	11694
11763	11699
11484	11347
11532	11975
12298	12237
11916	11661
11627	11727
11763	11629
11357	11086
10958	11017
11217	11482
11734	11903
12040	12336
12994	13968
14944	15635
15991	16137
16191	16212
16220	16222
16222	16222
16222	16222
16222	16222
16222	16222
16222	16222
16222	16222
16222	16222
16222	16222
16222	16222
16222	16222
16222	16222
16222	16222
16220	16216
16195	16142
15989	15594
14799	13601
12295	11271
10665	10324
10047	9776
9544	9396
9382	9531
9779	9944
9824	9289
8375	7277
6274	5602
5402	5771
6705	8052
9485	10626
11293	11565
11650	11705
11762	11784
11733	11647
11593	11602
11638	11669
11669	11629
11588	11611
11715	11828
11885	11894
11908	11943
11919	11718
11395	11271
11656	12421
13026	13053
12574	11990
11661	11646
11762	11775
11587	11279
11026	10965
11091	11323
11586	11804
11951	12135
12593	13440
14469	15331
15844	16082
16172	16207
16219	16222
16222	16222
16222	16222
16222	16222
16222	16222
16222	16222
16222	16222
16222	16222
16222	16222
16222	16222
16222	16222
16222	16222
16222	16222
16220	16211
16177	16087
15836	15259
14244	12938
11721	10881
10407	10090
9804	9551
9369	9294
9375	9589
9787	9753
9319	8467
7359	6279
5474	5049
5027	5447
6368	7726
9225	10484
11271	11647
11802	11891
11930	11865
11661	11415
11297	11358
11502	11591
11544	11377
11226	11259
11497	11792
11983	12050
12061	12053
11976	11746
11415	11276
11648	12468
13264	13567
13245	12552
11922	11650
11695	11806
11757	11497
11177	10989
11006	11174
11410	11661
11859	12020
12328	13000
13986	14960
15643	15995
16145	16200
16218	16222
16222	16222
16222	16222
16222	16222
16222	16222
16222	16222
16222	16222
16222	16222
16222	16222
16222	16222
16222	16222
16222	16222
16222	16222
16219	16203
16149	15998
15610	14823
13621	12294
11230	10573
10173	9853
9566	9347
9227	9248
9417	9634
9681	9365
8611	7537
6415	5518
4995	4849
5060	5664
6695	8045
9436	10551
11226	11556
11727	11858
11919	11803
11479	11115
10994	11213
11577	11782
11662	11287
10939	10914
11239	11666
11940	12017
11992	11957
11916	11781
11546	11386
11558	12141
12926	13531
13625	13157
12412	11838
11664	11759
11824	11682
11378	11094
10984	11056
11241	11494
11746	11940
12163	12652
13513	14532
15368	15865
16099	16184
16213	16221
16222	16222
16222	16222
16222	16222
16222	16222
16222	16222
16222	16222
16222	16222
16222	16222
16222	16222
16222	16222
16222	16222
16222	16222
16217	16193
16108	15872
15312	14304
12970	11706
10824	10310
9953	9626
9346	9162
9116	9239
9460	9602
9425	8797
7784	6631
5648	5025
4798	4934
5444	6326
7509	8788
9902	10658
11034	11193
11340	11556
11735	11697
11389	11010
10923	11275
11828	12139
11961	11421
10935	10860
11192	11609
11836	11836
11743	11688
11709	11729
11666	11557
11538	11772
12317	13035
13562	13553
12986	12239
11768	11696
11798	11789
11572	11255
11024	10979
11100	11340
11623	11863
12055	12383
13073	14062
15024	15688
16029	16167
16210	16220
16222	16222
16222	16222
16222	16222
16222	16222
16222	16222
16222	16222
16222	16222
16222	16222
16222	16222
16222	16222
16222	16222
16222	16221
16214	16178
16053	15701
14945	13734
12345	11205
10496	10079
9741	9418
9154	9008
9043	9243
9461	9450
9009	8109
6942	5850
5099	4760
4823	5271
6107	7244
8474	9535
10233	10513
10481	10387
10502	10879
11315	11537
11427	11151
11053	11349
11866	12172
12001	11506
11111	11094
11367	11633
11703	11606
11481	11437
11493	11597
11676	11679
11608	11585
11804	12385
13156	13645
13483	12784
12056	11710
11728	11815
11723	11437
11120	10956
11004	11215
11515	11788
11971	12185
12689	13588
14630	15463
15940	16138
16204	16220
16222	16222
16222	16222
16222	16222
16222	16222
16222	16222
16222	16222
16222	16222
16222	16222
16222	16222
16222	16222
16222	16222
16222	16221
16212	16162
15985	15499
14537	13172
11798	10812
10242	9870
9539	9235
8999	8910
9018	9253
9388	9170
8467	7367
6186	5261
4758	4691
5038	5810
6933	8183
9269	9960
10169	9934
9467	9113
9196	9768
10554	11173
11420	11363
11254	11333
11579	11751
11666	11434
11316	11405
11570	11638
11594	11539
11552	11595
11605	11592
11621	11671
11650	11536
11514	11877
12696	13559
13862	13384
12516	11864
11686	11783
11812	11607
11261	10995
10963	11135
11418	11703
11896	12046
12391	13159
14228	15208
15827	16107
16198	16219
16222	16222
16222	16222
16222	16222
16222	16222
16222	16222
16222	16222
16222	16222
16222	16222
16222	16222
16222	16222
16222	16222
16222	16221
16206	16139
15894	15267
14125	12670
11368	10522
10036	9680
9354	9078
8893	8868
9042	9253
9240	8783
7848	6655
5569	4863
4610	4793
5431	6489
7767	8934
9707	9943
9646	8955
8148	7615
7679	8379
9443	10466
11157	11439
11442	11361
11330	11342
11361	11405
11507	11616
11647	11603
11632	11855
12197	12403
12296	11975
11698	11592
11561	11466
11402	11683
12513	13585
14223	13995
13103	12179
11722	11726
11832	11741
11435	11106
10980	11094
11342	11619
11829	11960
12196	12825
13860	14945
15700	16065
16189	16218
16222	16222
16222	16222
16222	16222
16222	16222
16222	16222
16222	16222
16222	16222
16222	16222
16222	16222
16222	16222
16222	16222
16222	16221
16201	16106
15787	15019
13738	12248
11040	10302
9859	9504
9191	8951
8825	8878
9086	9226
9025	8330
7230	6040
5121	4644
4617	5052
5961	7209
8470	9387
9749	9513
8780	7779
6835	6281
6333	7014
8144	9415
10506	11217
11510	11513
11411	11357
11414	11545
11657	11669
11608	11642
11963	12589
13269	13616
13406	12775
12079	11619
11423	11374
11467	11906
12823	13933
14670	14588
13745	12641
11883	11691
11798	11820
11597	11261
11045	11076
11277	11537
11765	11912
12094	12599
13556	14688
15563	16014
16178	16217
16222	16222
16222	16222
16222	16222
16222	16222
16222	16222
16222	16222
16222	16222
16222	16222
16222	16222
16222	16222
16222	16222
16222	16218
16192	16065
15660	14761
13374	11898
10783	10120
9694	9340
9051	8848
8784	8899
9106	9146
8774	7909
6739	5622
4864	4576
4756	5435
6562	7871
8966	9533
9459	8795
7756	6659
5799	5361
5406	5931
6896	8163
9494	10603
11307	11611
11663	11650
11672	11701
11666	11581
11596	11917
12623	13554
14371	14740
14507	13758
12787	11968
11526	11512
11874	12592
13580	14567
15173	15119
14359	13192
12177	11729
11754	11852
11734	11420
11133	11072
11217	11456
11704	11887
12054	12459
13318	14454
15414	15955
16159	16212
16222	16222
16222	16222
16222	16222
16222	16222
16222	16222
16222	16222
16222	16222
16222	16222
16222	16222
16222	16222
16222	16222
16222	16217
16179	16011
15512	14482
13020	11579
10560	9956
9543	9192
8920	8757
8743	8901
9079	9026
8554	7658
6548	5538
4875	4683
5019	5899
7156	8399
9223	9407
8923	7934
6766	5762
5116	4844
4889	5227
5903	6946
8265	9608
10703	11404
11738	11833
11778	11621
11425	11377
11693	12449
13475	14481
15201	15488
15302	14661
13705	12750
12173	12191
12746	13606
14507	15230
15612	15525
14883	13759
12580	11864
11734	11848
11824	11550
11219	11066
11149	11369
11631	11854
12028	12362
13121	14223
15249	15875
16134	16207
16221	16222
16222	16222
16222	16222
16222	16222
16222	16222
16221	16219
16221	16221
16222	16222
16222	16222
16222	16222
16222	16222
16222	16214
16163	15947
15346	14192
12672	11284
10352	9796
9387	9044
8791	8660
8699	8877
9020	8908
8457	7720
6830	5939
5261	5024
5412	6402
7677	8750
9261	9067
8248	7074
5940	5139
4724	4593
4637	4827
5231	5955
7042	8373
9700	10765
11427	11658
11514	11143
10842	10990
11773	12986
14222	15151
15690	15879
15767	15344
14637	13845
13338	13384
13931	14667
15309	15731
15909	15805
15285	14275
13032	12085
11757	11829
11867	11657
11301	11064
11081	11273
11544	11805
11999	12280
12938	13992
15064	15779
16098	16198
16219	16222
16222	16222
16222	16222
16222	16222
16221	16216
16200	16173
16206	16207
16215	16222
16222	16222
16222	16222
16222	16222
16221	16210
16141	15870
15163	13893
12334	11005
10157	9640
9231	8888
8650	8555
8647	8842
8952	8830
8518	8113
7587	6861
6080	5661
5953	6915
8086	8929
9119	8599
7540	6314
5326	4744
4510	4466
4509	4615
4832	5266
6023	7129
8452	9739
10687	11057
10815	10239
9866	10248
11489	13127
14551	15460
15904	16053
16007	15784
15384	14907
14597	14650
15026	15481
15832	16025
16081	15980
15574	14699
13459	12343
11814	11804
11885	11733
11378	11074
11013	11170
11451	11747
11969	12216
12782	13771
14873	15670
16055	16181
16214	16221
16222	16222
16222	16222
16222	16222
16216	16185
16098	15921
16152	16154
16194	16217
16222	16222
16222	16222
16222	16222
16221	16204
16117	15793
14982	13610
12027	10759
9983	9494
9083	8737
8515	8461
8600	8812
8897	8797
8669	8654
8559	8051
7185	6517
6590	7388
8377	8975
8890	8115
6913	5727
4907	4511
4389	4391
4432	4496
4615	4855
5319	6108
7244	8555
9664	10131
9809	9064
8633	9160
10703	12684
14379	15437
15937	16110
16116	16023
15845	15635
15504	15547
15736	15948
16090	16157
16167	16079
15762	15011
13815	12592
11888	11784
11882	11793
11452	11096
10961	11081
11366	11698
11951	12179
12671	13600
14713	15570
16010	16167
16210	16220
16222	16222
16222	16222
16222	16221
16198	16099
15790	15078
16050	16056
16156	16211
16222	16222
16222	16222
16222	16222
16220	16200
16097	15732
14845	13399
11802	10584
9860	9387
8976	8630
8413	8387
8562	8789
8859	8779
8804	9091
9351	9061
8172	7306
7146	7748
8557	8963
8681	7745
6476	5355
4667	4383
4322	4343
4384	4435
4506	4644
4924	5459
6362	7575
8715	9221
8852	8019
7546	8104
9769	11982
13964	15255
15885	16113
16156	16122
16054	15982
15948	15977
16056	16138
16188	16208
16200	16133
15871	15205
14057	12780
11953	11773
11878	11832
11512	11123
10935	11025
11314	11668
11944	12169
12615	13499
14609	15499
15973	16153
16204	16217
16222	16222
16222	16222
16222	16216
16173	15968
15271	13456
