16158	16158
16158	16158
16158	16158
16158	16158
16158	16158
16158	16158
16158	16158
16158	16157
16154	16146
16134	16108
16051	15949
15787	15549
15188	14656
14071	13766
13970	14533
15104	15501
15753	15923
16032	16097
16131	16143
16153	16157
16158	16158
16158	16158
16158	16158
16158	16158
16158	16158
16158	16158
16158	16158
16158	16158
16158	16158
16158	16158
16158	16158
16158	16158
16158	16158
16158	16158
16158	16158
16155	16146
16130	16099
16052	15969
15825	15592
15284	14922
14502	14007
13520	13281
13459	13934
14452	14886
15244	15553
15793	15947
16039	16093
16127	16146
16155	16158
16158	16158
16158	16158
16158	16158
16158	16158
16158	16158
16158	16158
16158	16158
16158	16158
16158	16158
16158	16158
16158	16158
16158	16158
16158	16158
16158	16153
16140	16106
16041	15940
15802	15607
15320	14923
14465	14024
13625	13235
12886	12729
12869	13227
13635	14027
14445	14882
15274	15569
15774	15923
16027	16098
16134	16149
16156	16158
16158	16158
16158	16158
16158	16158
16158	16158
16158	16158
16158	16158
16158	16158
16158	16158
16158	16158
16158	16158
16158	16158
16158	16158
16153	16136
16085	15977
15793	15541
15247	14900
14480	13990
13512	13152
12904	12678
12450	12346
12462	12722
12980	13225
13543	13973
14435	14856
15205	15510
15768	15955
16069	16125
16148	16156
16158	16158
16158	16158
16158	16158
16158	16158
16158	16158
16158	16158
16158	16158
16158	16158
16158	16158
16158	16158
16158	16158
16158	16153
16139	16084
15945	15678
15278	14811
14340	13886
13427	12975
12633	12467
12416	12328
12170	12086
12198	12408
12540	12589
12706	12985
13397	13847
14312	14786
15245	15633
15903	16056
16124	16150
16158	16158
16158	16158
16158	16158
16158	16158
16158	16158
16158	16158
16158	16158
16158	16158
16158	16158
16158	16158
16158	16158
16158	16146
16103	15968
15661	15135
14461	13786
13225	12777
12383	12039
11812	11750
11771	11746
11648	11600
11696	11843
11893	11843
11846	12021
12358	12779
13260	13824
14462	15092
15598	15919
16075	16135
16153	16158
16158	16158
16158	16158
16158	16158
16158	16158
16158	16158
16158	16158
16158	16158
16158	16158
16158	16158
16158	16158
16153	16128
16030	15758
15202	14359
13417	12630
12112	11779
11491	11171
10879	10700
10640	10646
10673	10717
10767	10785
10752	10724
10817	11090
11474	11864
12275	12807
13529	14370
15146	15698
15993	16114
16150	16158
16158	16158
16158	16158
16158	16158
16158	16156
16153	16153
16156	16157
16158	16158
16158	16158
16158	16158
16158	16158
16146	16096
15915	15452
14590	13418
12259	11442
11048	10907
10740	10378
9896	9491
9310	9379
9603	9784
9765	9599
9458	9498
9798	10295
10791	11135
11404	11822
12552	13558
14597	15408
15879	16079
16143	16157
16158	16158
16158	16158
16158	16158
16153	16143
16127	16126
16148	16152
16156	16158
16158	16158
16158	16158
16158	16157
16138	16054
15771	15091
13916	12438
11088	10243
9986	10084
10127	9815
9208	8635
8387	8535
8932	9224
9157	8843
8615	8709
9184	9852
10371	10544
10573	10847
11590	12749
14037	15096
15745	16038
16133	16154
16158	16158
16158	16158
16158	16156
16140	16086
15999	15981
16132	16140
16150	16156
16158	16158
16158	16158
16158	16154
16128	16010
15629	14759
13321	11590
10068	9169
9018	9379
9729	9597
8999	8365
8078	8256
8718	9057
8976	8615
8371	8521
9103	9830
10236	10122
9852	9969
10748	12065
13558	14823
15626	15999
16124	16154
16158	16158
16158	16158
16158	16150
16105	15930
15613	15518
16117	16131
16147	16156
16158	16158
16158	16158
16158	16154
16122	15980
15537	14544
12947	11060
9417	8468
8382	8947
9553	9604
9069	8423
8114	8263
8708	9045
8969	8624
8417	8625
9263	9991
10265	9905
9395	9402
10207	11634
13262	14655
15550	15974
16118	16154
16158	16158
16158	16158
16158	16144
16060	15565
13466	8366
