6998	6820
6804	6709
6668	6643
6628	6600
6544	6454
6334	6192
6049	5919
5819	5759
5736	5758
5816	5908
6027	6159
6294	6415
6509	6564
6573	6526
6433	6299
6142	5975
5819	5687
5592	5542
5545	5592
5683	5798
5926	6052
6169	6283
6405	6548
6728	6942
7180	7423
7644	7828
7969	8064
8121	8149
8173	8223
8338	8566
8940	9471
10142	10908
11716	12511
13256	13920
14484	14938
15285	15531
15689	15779
15819	15812
15771	15687
15561	15379
15133	14810
14414	13958
13470	12994
12575	12250
12048	11978
12026	12164
12360	12570
12753	12877
12912	12854
12709	12500
12251	11982
11697	11401
11093	10779
10476	10194
9943	9609
9425	8525
6998	6823
6806	6711
6668	6643
6624	6594
6535	6445
6326	6188
6049	5925
5829	5775
5756	5780
5841	5934
6052	6183
6313	6430
6519	6566
6568	6517
6421	6287
6129	5968
5817	5695
5607	5567
5577	5631
5726	5843
5968	6090
6204	6310
6425	6560
6728	6926
7147	7366
7568	7732
7858	7948
8008	8051
8100	8186
8348	8629
9051	9627
10325	11104
11903	12682
13403	14036
14568	14995
15320	15540
15681	15754
15775	15750
15685	15578
15424	15214
14943	14602
14193	13741
13273	12831
12456	12187
12035	12012
12095	12259
12466	12677
12854	12965
12992	12923
12775	12562
12308	12031
11738	11429
11108	10783
10470	10186
9936	9603
9424	8526
7002	6826
6809	6713
6669	6639
6618	6585
6524	6433
6317	6182
6051	5937
5849	5799
5787	5814
5877	5973
6090	6220
6345	6454
6532	6574
6562	6507
6407	6271
6118	5965
5824	5711
5642	5615
5634	5700
5799	5921
6044	6162
6265	6362
6461	6586
6732	6911
7102	7291
7459	7596
7703	7785
7850	7917
8003	8144
8376	8731
9227	9859
10593	11382
12173	12924
13606	14194
14682	15064
15351	15540
15654	15702
15694	15637
15541	15394
15201	14953
14647	14282
13869	13429
12996	12607
12305	12109
12038	12075
12209	12403
12623	12831
12998	13092
13101	13017
12856	12633
12369	12077
11767	11440
11103	10765
10445	10160
9914	9589
9414	8524
7005	6830
6813	6717
6673	6640
6615	6577
6513	6420
6304	6178
6054	5948
5872	5826
5823	5856
5922	6018
6138	6262
6383	6483
6552	6579
6560	6496
6393	6259
6112	5971
5847	5755
5705	5696
5734	5816
5926	6047
6169	6279
6373	6455
6540	6640
6765	6909
7067	7214
7343	7447
7527	7600
7672	7764
7902	8114
8431	8880
9464	10161
10932	11727
12500	13208
13836	14368
14798	15126
15364	15514
15590	15603
15557	15463
15317	15128
14887	14596
14257	13878
13471	13060
12682	12371
12158	12060
12075	12183
12368	12589
12818	13019
13166	13234
13219	13113
12931	12688
12406	12091
11757	11406
11051	10703
10385	10109
9873	9562
9399	8518
7010	6834
6816	6721
6675	6639
6610	6568
6500	6407
6295	6172
6058	5961
5894	5860
5863	5903
5972	6073
6188	6308
6422	6513
6572	6589
6561	6490
6386	6261
6128	6004
5905	5837
5815	5834
5896	5996
6120	6250
6370	6470
6551	6618
6683	6757
6849	6959
7071	7178
7263	7328
7380	7439
7515	7638
7832	8124
8540	9088
9755	10512
11310	12102
12843	13501
14068	14530
14893	15161
15343	15443
15474	15441
15351	15208
15015	14775
14488	14163
13804	13423
13039	12680
12381	12167
12059	12061
12161	12342
12566	12807
13034	13218
13337	13374
13324	13185
12972	12701
12385	12037
11672	11301
10934	10590
10283	10024
9811	9520
9373	8506
7016	6838
6821	6724
6675	6639
6604	6557
6487	6393
6283	6165
6058	5974
5915	5892
5903	5948
6024	6122
6240	6358
6465	6549
6597	6606
6573	6505
6408	6295
6181	6084
6012	5978
5986	6041
6136	6261
6404	6543
6662	6755
6822	6871
6912	6962
7019	7092
7163	7224
7267	7291
7313	7352
7432	7583
7829	8200
8709	9347
10093	10895
11707	12479
13175	13771
14262	14653
14944	15146
15269	15315
15292	15208
15067	14872
14630	14348
14028	13679
13317	12958
12625	12340
12137	12035
12035	12133
12313	12544
12796	13043
13255	13411
13491	13486
13392	13208
12951	12637
12280	11895
11502	11114
10748	10417
10139	9912
9728	9464
9335	8485
7015	6841
6820	6723
6670	6629
6589	6541
6468	6375
6267	6160
6060	5985
5936	5922
5941	5993
6072	6173
6289	6404
6509	6588
6636	6647
6621	6562
6480	6388
6297	6226
6185	6186
6228	6318
6450	6606
6769	6919
7042	7129
7183	7218
7241	7265
7297	7334
7370	7392
7398	7387
7376	7393
7468	7634
7927	8365
8953	9663
10459	11287
12088	12824
13464	13992
14409	14720
14938	15073
15131	15119
15036	14899
14703	14462
14176	13859
13521	13172
12831	12520
12262	12078
11988	11995
12100	12285
12525	12788
13051	13285
13466	13579
13611	13553
13401	13164
12851	12485
12081	11663
11250	10859
10510	10211
9968	9782
9636	9401
9293	8462
7010	6836
6817	6717
6661	6614
6572	6520
6445	6353
6250	6151
6062	5995
5958	5954
5979	6037
6119	6222
6338	6453
6560	6644
6708	6736
6734	6701
6645	6575
6508	6456
6434	6452
6521	6643
6802	6989
7172	7335
7461	7549
7597	7619
7631	7643
7657	7676
7688	7688
7670	7636
7600	7593
7655	7827
8145	8626
9262	10018
10841	11665
12441	13125
13697	14149
14484	14719
14866	14931
14924	14847
14706	14511
14265	13980
13666	13331
12997	12672
12384	12148
11987	11915
11940	12058
12255	12504
12784	13061
13314	13515
13653	13710
13676	13549
13332	13028
12657	12238
11796	11355
10936	10563
10244	9987
9793	9649
9542	9335
9245	8432
7002	6831
6808	6707
6648	6596
6549	6494
6418	6329
6232	6140
6061	6006
5979	5983
6016	6077
6165	6269
6390	6512
6635	6746
6845	6917
6963	6975
6955	6907
6848	6794
6761	6775
6841	6970
7141	7341
7537	7707
7838	7926
7974	8001
8015	8027
8041	8057
8066	8066
8041	7999
7952	7931
7980	8146
8467	8964
9615	10378
11195	11996
12725	13351
13848	14224
14483	14645
14715	14712
14637	14500
14301	14052
13764	13451
13120	12797
12486	12216
12004	11866
11816	11861
11999	12213
12480	12777
13072	13342
13565	13717
13793	13779
13670	13464
13170	12800
12372	11908
11440	10994
10595	10251
9979	9773
9628	9531
9457	9279
9207	8407
6992	6818
6795	6689
6627	6574
6522	6463
6388	6303
6213	6129
6061	6017
6000	6010
6052	6120
6209	6322
6451	6594
6750	6913
7081	7231
7355	7436
7460	7430
7362	7272
7196	7155
7177	7268
7419	7602
7790	7957
8089	8179
8240	8278
8308	8337
8367	8399
8425	8437
8429	8397
8359	8338
8379	8533
8841	9321
9956	10693
11474	12230
12910	13471
13904	14207
14394	14480
14484	14411
14273	14074
13823	13532
13215	12888
12567	12274
12023	11834
11721	11693
11759	11916
12149	12440
12760	13078
13370	13611
13781	13870
13866	13768
13570	13280
12910	12473
11997	11510
11039	10614
10249	9960
9742	9591
9496	9440
9400	9240
9179	8386
6978	6806
6779	6674
6608	6547
6493	6433
6360	6277
6195	6122
6062	6029
6023	6043
6089	6163
6258	6380
6532	6714
6929	7172
7436	7696
7925	8093
8177	8169
8079	7933
7771	7633
7555	7560
7636	7764
7911	8051
8171	8265
8341	8399
8454	8507
8563	8616
8666	8705
8727	8725
8710	8704
8749	8894
9178	9622
10209	10895
11623	12324
12948	13456
13831	14077
14204	14228
14168	14033
13836	13586
13293	12974
12645	12329
12045	11809
11641	11551
11550	11638
11814	12066
12378	12723
13069	13384
13649	13838
13943	13947
13852	13657
13367	12992
12552	12066
11562	11073
10625	10242
9937	9708
9552	9459
9411	9392
9377	9231
9177	8384
6967	6789
6763	6654
6586	6524
6471	6409
6337	6258
6182	6117
6069	6045
6047	6075
6126	6206
6315	6455
6637	6869
7158	7500
7881	8266
8616	8888
9049	9078
8983	8782
8524	8262
8050	7919
7872	7891
7952	8032
8116	8199
8280	8357
8435	8513
8593	8671
8746	8811
8864	8893
8908	8925
8986	9125
9386	9785
10310	10927
11586	12229
12804	13275
13616	13822
13909	13886
13772	13585
13336	13047
12725	12397
12079	11801
11577	11427
11363	11388
11500	11701
11972	12303
12667	13037
13381	13671
13886	14007
14023	13933
13735	13439
13059	12611
12114	11600
11097	10633
10235	9916
9681	9526
9437	9398
9398	9407
9407	9266
9209	8401
6960	6778
6752	6638
6570	6504
6449	6387
6316	6243
6172	6112
6076	6060
6070	6106
6166	6253
6377	6540
6761	7053
7419	7855
8339	8832
9292	9667
9927	10034
9975	9764
9444	9072
8719	8427
8222	8090
8022	7999
8010	8050
8117	8197
8291	8386
8481	8577
8667	8751
8821	8876
8914	8959
9033	9173
9410	9762
10221	10765
11354	11938
12474	12918
13243	13438
13507	13456
13309	13082
12797	12476
12149	11831
11554	11337
11201	11156
11207	11348
11574	11868
12216	12596
12987	13355
13673	13911
14054	14086
14004	13808
13511	13124
12663	12154
11629	11114
10638	10227
9899	9661
9506	9428
9406	9422
9458	9491
9498	9346
9279	8442
6955	6771
6744	6628
6556	6489
6430	6371
6302	6233
6170	6118
6086	6081
6095	6139
6207	6309
6448	6640
6895	7231
7651	8148
8689	9246
9774	10245
10615	10843
10894	10747
10429	10003
9543	9114
8746	8449
8221	8053
7951	7911
7929	7988
8074	8172
8271	8368
8465	8553
8632	8700
8757	8816
8900	9036
9250	9559
9954	10426
10945	11476
11977	12406
12731	12937
13009	12955
12791	12541
12238	11912
11594	11315
11102	10973
10943	11013
11179	11430
11750	12121
12521	12927
13315	13655
13919	14085
14135	14065
13876	13578
13188	12718
12200	11658
11131	10641
10222	9884
9644	9495
9429	9426
9467	9528
9592	9634
9635	9465
9375	8497
6950	6765
6737	6617
6542	6476
6415	6358
6290	6226
6167	6124
6099	6100
6122	6175
6252	6366
6523	6733
7012	7371
7804	8301
8833	9381
9928	10462
10952	11341
11560	11556
11325	10917
10417	9899
9417	8978
8594	8270
8023	7866
7797	7801
7853	7930
8017	8111
8195	8282
8358	8425
8486	8550
8636	8767
8959	9226
9565	9972
10426	10904
11372	11790
12126	12350
12445	12408
12249	12000
11697	11382
11101	10884
10755	10730
10813	10999
11274	11617
12011	12431
12859	13264
13625	13913
14101	14171
14118	13935
13641	13247
12774	12246
11694	11151
10649	10217
9876	9634
9491	9440
9456	9524
9616	9711
9789	9830
9811	9610
9495	8563
6942	6756
6725	6607
6530	6462
6401	6343
6282	6221
6168	6132
6114	6121
6150	6207
6295	6420
6590	6809
7089	7430
7825	8259
8720	9198
9713	10277
10874	11437
11864	12048
11963	11637
11162	10631
10102	9591
9104	8650
8261	7968
7785	7700
7690	7721
7775	7842
7912	7983
8046	8107
8165	8229
8310	8431
8600	8833
9126	9477
9874	10301
10730	11132
11475	11721
11848	11842
11711	11482
11202	10928
10703	10564
10536	10623
10817	11109
11473	11885
12327	12771
13196	13579
13886	14102
14196	14159
13992	13701
13304	12827
12293	11731
11175	10661
10216	9869
9626	9488
9451	9490
9588	9712
9844	9955
10028	10049
10003	9760
9613	8624
6931	6745
6714	6595
6517	6446
6387	6330
6270	6215
6171	6139
6127	6138
6172	6235
6326	6458
6630	6843
7096	7384
7698	8026
8370	8743
9195	9764
10447	11171
11796	12185
12257	12039
11628	11137
10639	10147
9647	9141
8655	8245
7937	7744
7639	7598
7593	7614
7649	7695
7743	7792
7840	7897
7975	8081
8232	8436
8691	8997
9344	9724
10116	10494
10834	11099
11258	11294
11208	11024
10797	10580
10432	10385
10458	10651
10946	11320
11748	12206
12667	13108
13511	13843
14082	14205
14196	14045
13763	13369
12885	12344
11770	11202
10674	10215
9855	9610
9483	9463
9527	9653
9808	9973
10117	10223
10278	10266
10178	9892
9706	8669
6913	6730
6698	6580
6501	6432
6373	6319
6263	6216
6175	6147
6138	6149
6182	6241
6333	6462
6623	6812
7014	7226
7432	7634
7851	8120
8504	9070
9816	10667
11458	12014
12221	12097
11754	11331
10918	10532
10124	9664
9167	8689
8282	7974
7755	7608
7513	7461
7445	7452
7473	7503
7536	7584
7648	7746
7882	8065
8291	8563
8874	9212
9566	9920
10249	10523
10715	10796
10768	10652
10497	10362
10297	10344
10512	10792
11164	11598
12067	12542
13002	13421
13777	14043
14196	14219
14098	13836
13449	12960
12408	11820
11236	10690
10212	9837
9586	9459
9452	9545
9704	9899
10100	10278
10416	10496
10513	10456
10318	9984
9755	8680
6890	6707
6678	6561
6484	6417
6360	6310
6259	6212
6176	6149
6139	6144
6171	6222
6309	6423
6562	6709
6849	6969
7069	7153
7262	7445
7781	8340
9135	10077
10985	11661
11964	11901
11599	11240
10938	10708
10475	10161
9747	9274
8809	8397
8051	7772
7558	7408
7317	7273
7259	7262
7275	7305
7355	7437
7561	7730
7941	8189
8470	8776
9099	9426
9743	10020
10237	10368
10407	10374
10308	10266
10295	10429
10674	11019
11444	11914
12400	12872
13309	13686
13983	14171
14233	14152
13923	13557
13078	12514
11909	11298
10725	10221
9821	9547
9409	9408
9519	9713
9952	10197
10418	10592
10702	10743
10710	10603
10410	10020
9722	8638
6864	6684
6659	6544
6470	6406
6353	6303
6258	6216
6180	6153
6135	6128
6141	6181
6252	6348
6454	6553
6623	6660
6665	6665
6698	6829
7144	7707
8532	9529
10516	11263
11622	11584
11301	10982
10782	10723
10698	10584
10316	9917
9444	8957
8490	8069
7719	7450
7274	7169
7110	7079
7064	7072
7103	7171
7284	7441
7640	7874
8136	8420
8720	9027
9331	9610
9850	10026
10137	10190
10219	10271
10386	10590
10893	11284
11734	12217
12702	13157
13564	13893
14126	14238
14209	14033
13710	13255
12696	12078
11440	10824
10274	9830
9514	9343
9323	9435
9650	9928
10226	10505
10726	10879
10949	10946
10862	10701
10440	9987
9575	8518
6839	6664
6639	6528
6458	6398
6346	6301
6260	6217
6182	6148
6122	6104
6104	6127
6182	6256
6332	6385
6397	6366
6306	6248
6240	6352
6662	7235
8081	9111
10138	10925
11309	11278
10994	10697
10575	10655
10820	10907
10806	10510
10065	9533
8968	8418
7936	7557
7293	7127
7023	6957
6913	6894
6907	6960
7064	7215
7407	7632
7885	8155
8440	8733
9027	9306
9563	9778
9951	10081
10197	10330
10516	10773
11113	11523
11988	12470
12945	13381
13753	14041
14215	14258
14155	13900
13501	12977
12368	11709
11053	10443
9925	9534
9298	9220
9299	9506
9805	10146
10480	10769
10983	11108
11140	11094
10963	10749
10424	9894
9311	8321
6818	6646
6625	6519
6451	6392
6343	6301
6260	6219
6182	6146
6109	6080
6066	6081
6119	6177
6227	6245
6218	6143
6043	5957
5934	6042
6359	6940
7799	8844
9887	10695
11091	11061
10768	10481
10403	10579
10880	11119
11154	10951
10543	9989
9356	8715
8134	7669
7336	7120
6982	6890
6825	6783
6778	6819
6914	7061
7251	7472
7718	7982
8259	8543
8830	9112
9379	9627
9838	10025
10202	10394
10627	10920
11281	11703
12165	12646
13109	13529
13875	14129
14261	14258
14100	13793
13343	12776
12131	11453
10785	10188
9695	9349
9169	9161
9305	9578
9928	10307
10663	10955
11158	11259
11264	11183
11021	10758
10376	9434
9003	5539
