16133	16133
16133	16133
16133	16133
16132	16131
16131	16127
16122	16110
16092	16059
16006	15923
15799	15622
15385	15081
14704	14266
13777	13261
12740	12241
11787	11388
11056	10794
10592	10451
10359	10312
10311	10350
10441	10590
10800	11079
11419	11819
12258	12719
13174	13601
13974	14285
14524	14694
14804	14866
14894	14900
14891	14888
14881	14872
14860	14832
14781	14694
14558	14370
14125	13831
13494	13137
12779	12443
12142	11886
11682	11524
11413	11343
11308	11308
11341	11411
11524	11679
11880	12138
12443	12794
13184	13597
14017	14422
14794	15123
15398	15620
15788	15911
15994	16052
16087	16106
16120	16126
16131	16131
16131	16133
16133	16133
16133	16133
16133	16133
16133	16133
16133	16133
16133	16133
16131	16131
16130	16126
16118	16105
16082	16041
15980	15886
15746	15552
15294	14968
14576	14123
13628	13110
12595	12103
11660	11276
10955	10701
10508	10367
10273	10222
10209	10240
10319	10451
10652	10916
11248	11637
12068	12516
12963	13378
13744	14045
14277	14442
14548	14605
14629	14636
14628	14619
14613	14606
14595	14570
14523	14443
14322	14145
13917	13644
13331	13003
12680	12369
12097	11865
11680	11538
11436	11368
11330	11326
11350	11410
11508	11649
11838	12077
12368	12706
13086	13490
13903	14310
14691	15031
15320	15553
15737	15875
15968	16033
16072	16099
16115	16123
16127	16131
16131	16132
16133	16133
16133	16133
16133	16133
16133	16133
16133	16133
16133	16132
16131	16131
16127	16123
16112	16095
16065	16020
15942	15831
15669	15449
15166	14816
14400	13934
13428	12910
12401	11922
11494	11127
10821	10579
10391	10254
10151	10089
10061	10077
10138	10257
10441	10694
11014	11393
11813	12252
12684	13087
13442	13735
13958	14115
14213	14268
14289	14292
14286	14277
14270	14263
14256	14237
14198	14127
14015	13859
13654	13409
13130	12841
12552	12281
12044	11845
11685	11563
11470	11407
11370	11358
11372	11413
11494	11612
11783	12001
12274	12592
12958	13349
13756	14162
14550	14905
15210	15462
15665	15819
15932	16008
16058	16090
16111	16121
16127	16131
16131	16132
16133	16133
16133	16133
16133	16133
16133	16133
16133	16133
16133	16131
16131	16131
16126	16120
16105	16083
16046	15984
15891	15757
15570	15322
15004	14624
14182	13696
13180	12662
12161	11700
11290	10942
10651	10423
10239	10099
9988	9911
9865	9855
9896	9996
10164	10406
10717	11087
11499	11929
12350	12742
13084	13362
13576	13727
13821	13870
13891	13888
13883	13872
13869	13865
13858	13843
13811	13751
13660	13523
13348	13135
12899	12651
12409	12184
11992	11827
11697	11597
11519	11458
11420	11397
11396	11419
11481	11580
11724	11916
12163	12458
12800	13179
13576	13985
14380	14744
15070	15348
15574	15750
15880	15971
16034	16075
16099	16115
16124	16127
16131	16131
16132	16133
16133	16133
16133	16133
16133	16133
16133	16133
16132	16131
16131	16127
16123	16113
16097	16068
16020	15942
15830	15666
15446	15161
14808	14393
13924	13416
12896	12379
11891	11448
11061	10731
10459	10237
10059	9913
9787	9684
9614	9582
9595	9677
9831	10063
10368	10736
11140	11563
11974	12358
12687	12955
13159	13301
13388	13435
13453	13454
13445	13437
13433	13433
13429	13421
13398	13351
13275	13168
13023	12850
12655	12455
12263	12089
11938	11817
11720	11641
11580	11524
11484	11450
11436	11441
11477	11548
11665	11829
12045	12314
12632	12989
13377	13779
14180	14560
14906	15209
15461	15665
15817	15930
16006	16059
16090	16110
16121	16127
16131	16131
16132	16133
16133	16133
16133	16133
16133	16133
16133	16133
16131	16131
16131	16126
16120	16106
16084	16045
15984	15890
15751	15560
15300	14977
14586	14135
13638	13113
12586	12074
11600	11179
10813	10504
10249	10033
9850	9689
9545	9416
9316	9252
9246	9307
9451	9681
9985	10353
10763	11179
11587	11957
12278	12537
12730	12866
12949	12996
13014	13016
13011	13004
13004	13006
13006	13004
12989	12959
12903	12819
12709	12576
12427	12276
12129	12004
11902	11819
11754	11702
11654	11609
11561	11521
11489	11473
11484	11527
11612	11743
11929	12166
12455	12794
13167	13562
13964	14357
14723	15050
15333	15563
15743	15878
15969	16034
16076	16099
16116	16124
16128	16131
16131	16132
16133	16133
16133	16133
16133	16133
16133	16132
16131	16131
16128	16123
16114	16097
16067	16019
15943	15827
15660	15430
15136	14771
14341	13854
13331	12793
12263	11761
11305	10901
10557	10268
10024	9811
9619	9440
9269	9111
8982	8892
8861	8913
9052	9282
9592	9966
10378	10799
11205	11565
11879	12128
12319	12449
12533	12582
12605	12611
12610	12607
12609	12612
12618	12622
12617	12602
12568	12508
12429	12332
12225	12121
12023	11942
11879	11837
11805	11776
11744	11704
11656	11606
11558	11522
11506	11521
11573	11672
11821	12028
12287	12597
12949	13338
13738	14143
14528	14883
15191	15450
15657	15815
15929	16007
16058	16091
16110	16121
16127	16131
16131	16132
16133	16133
16133	16133
16133	16133
16133	16132
16131	16131
16127	16120
16109	16086
16049	15989
15891	15751
15555	15290
14954	14546
14078	13560
13016	12466
11938	11445
11009	10628
10306	10031
9792	9577
9371	9167
8969	8781
8624	8509
8466	8511
8656	8892
9215	9597
10013	10435
10834	11191
11498	11742
11929	12060
12149	12203
12235	12250
12256	12262
12268	12275
12286	12297
12303	12301
12285	12253
12202	12142
12072	12003
11946	11906
11882	11870
11869	11863
11845	11814
11768	11709
11647	11586
11547	11529
11551	11617
11733	11902
12131	12413
12744	13120
13514	13924
14324	14699
15037	15325
15561	15746
15883	15976
16038	16079
16104	16118
16126	16129
16131	16131
16133	16133
16133	16133
16133	16133
16133	16131
16131	16129
16125	16117
16102	16073
16027	15954
15837	15669
15437	15135
14758	14309
13803	13258
12697	12141
11618	11143
10724	10366
10060	9795
9556	9332
9110	8884
8656	8441
8260	8134
8087	8136
8286	8535
8869	9258
9677	10096
10488	10838
11137	11375
11565	11704
11803	11871
11915	11943
11962	11976
11988	12004
12020	12038
12055	12070
12070	12062
12039	12006
11967	11933
11907	11896
11902	11922
11942	11956
11959	11937
11891	11826
11747	11672
11605	11563
11551	11581
11662	11800
11993	12248
12554	12909
13298	13707
14118	14513
14874	15189
15454	15665
15823	15935
16014	16063
16095	16112
16123	16127
16131	16131
16132	16133
16133	16133
16133	16133
16132	16131
16131	16127
16123	16110
16091	16055
16000	15906
15771	15571
15308	14965
14548	14064
13523	12954
12382	11824
11312	10852
10456	10115
9824	9567
9327	9088
8844	8589
8341	8105
7912	7783
7743	7803
7968	8232
8572	8963
9374	9782
10161	10499
10788	11025
11219	11369
11486	11573
11637	11686
11722	11749
11771	11797
11821	11850
11880	11909
11930	11942
11942	11935
11919	11908
11906	11918
11947	11989
12031	12065
12081	12072
12030	11959
11872	11776
11685	11614
11574	11570
11616	11718
11879	12101
12382	12713
13095	13499
13917	14327
14710	15054
15344	15581
15765	15896
15988	16047
16085	16107
16120	16126
16130	16130
16130	16131
16130	16131
16133	16133
16132	16131
16131	16126
16120	16107
16082	16041
15971	15861
15700	15472
15170	14788
14332	13813
13245	12656
12075	11526
11025	10582
10204	9881
9600	9347
9097	8845
8578	8307
8038	7790
7597	7476
7452	7532
7715	7985
8326	8708
9099	9479
9835	10152
10429	10667
10870	11039
11180	11297
11391	11464
11524	11572
11610	11648
11688	11730
11775	11819
11860	11894
11916	11927
11930	11936
11947	11974
12020	12074
12135	12185
12216	12217
12180	12109
12011	11899
11785	11683
11610	11578
11591	11659
11786	11980
12230	12542
12903	13301
13720	14141
14545	14912
15230	15492
15701	15851
15959	16028
16074	16101
16117	16124
16128	16128
16129	16128
16128	16130
16133	16133
16132	16131
16129	16125
16116	16102
16070	16019
15937	15811
15624	15364
15026	14606
14113	13558
12968	12368
11782	11239
10752	10333
9972	9666
9392	9136
8878	8609
8326	8035
7759	7513
7328	7227
7225	7329
7527	7802
8130	8483
8839	9182
9499	9787
10048	10285
10501	10697
10872	11025
11156	11265
11356	11427
11486	11544
11599	11657
11723	11790
11854	11911
11955	11983
12004	12018
12038	12070
12120	12187
12258	12326
12371	12381
12349	12279
12171	12041
11905	11778
11673	11606
11586	11623
11719	11878
12102	12388
12730	13119
13537	13963
14381	14770
15112	15397
15626	15803
15923	16009
16062	16094
16108	16120
16121	16126
16121	16125
16122	16126
16130	16133
16131	16131
16128	16124
16113	16094
16059	15997
15901	15753
15539	15251
14878	14422
13894	13312
12700	12089
11509	10975
10506	10103
9764	9468
9201	8941
8677	8393
8096	7797
7516	7282
7117	7044
7070	7193
7398	7666
7966	8279
8582	8872
9137	9388
9627	9862
10093	10320
10535	10733
10911	11063
11189	11293
11381	11462
11541	11628
11720	11816
11912	11995
12060	12109
12138	12159
12183	12215
12264	12336
12415	12490
12547	12567
12539	12469
12348	12203
12043	11888
11752	11656
11602	11604
11664	11796
11991	12254
12576	12953
13363	13794
14221	14627
14993	15306
15556	15749
15890	15986
16046	16083
16103	16114
16117	16120
16115	16120
16113	16121
16128	16128
16128	16129
16126	16122
16107	16086
16043	15975
15861	15695
15456	15133
14727	14237
13678	13069
12445	11829
11251	10731
10280	9898
9574	9291
9029	8769
8494	8204
7897	7596
7325	7108
6970	6926
6976	7115
7321	7564
7821	8078
8312	8533
8738	8948
9166	9395
9642	9902
10163	10413
10638	10840
11010	11153
11275	11389
11501	11621
11749	11880
12010	12130
12227	12291
12336	12362
12381	12412
12461	12527
12610	12693
12756	12783
12757	12681
12555	12388
12201	12017
11850	11718
11637	11604
11637	11736
11904	12141
12444	12803
13205	13637
14075	14495
14878	15210
15484	15699
15853	15960
16032	16075
16098	16108
16109	16109
16104	16102
16096	16107
16126	16127
16125	16126
16122	16117
16103	16077
16028	15948
15823	15635
15368	15020
14581	14059
13471	12841
12207	11587
11017	10511
10078	9714
9406	9134
8878	8619
8343	8050
7744	7449
7191	6996
6887	6869
6942	7084
7275	7485
7686	7868
8028	8172
8313	8474
8661	8889
9152	9442
9749	10049
10333	10586
10805	10993
11157	11309
11460	11621
11795	11973
12151	12307
12438	12533
12592	12623
12642	12666
12709	12771
12850	12936
13002	13030
13008	12920
12778	12589
12375	12160
11963	11798
11681	11620
11622	11693
11834	12044
12325	12668
13062	13489
13933	14365
14766	15119
15414	15646
15816	15937
16016	16065
16090	16096
16096	16090
16077	16075
16052	16080
16121	16121
16120	16121
16118	16111
16097	16064
16011	15923
15781	15574
15283	14904
14435	13886
13274	12629
11980	11364
10802	10312
9896	9552
9260	9002
8756	8498
8226	7936
7636	7358
7118	6948
6863	6866
6952	7088
7248	7407
7546	7648
7725	7790
7864	7973
8134	8352
8630	8950
9296	9650
9986	10296
10566	10803
11011	11207
11408	11613
11843	12077
12308	12516
12687	12814
12893	12933
12956	12975
13009	13067
13143	13219
13285	13308
13278	13177
13017	12804
12563	12316
12084	11888
11737	11647
11620	11661
11779	11964
12224	12553
12937	13361
13804	14246
14664	15033
15343	15591
15780	15910
15998	16049
16073	16078
16068	16054
16024	16026
15971	16032
16117	16120
16119	16119
16116	16109
16091	16057
15995	15896
15741	15513
15201	14797
14300	13725
13090	12430
11778	11164
10613	10138
9742	9412
9140	8895
8661	8416
8151	7869
7583	7320
7104	6957
6892	6910
6991	7109
7233	7334
7397	7422
7414	7400
7411	7472
7602	7811
8096	8442
8826	9221
9610	9969
10288	10572
10830	11075
11326	11594
11880	12176
12472	12734
12956	13118
13222	13280
13306	13324
13352	13402
13470	13538
13596	13607
13563	13448
13264	13024
12754	12474
12210	11978
11800	11681
11626	11644
11737	11902
12143	12454
12829	13247
13692	14140
14567	14952
15278	15544
15747	15888
15980	16036
16056	16056
16029	16002
15939	15942
15828	15949
16111	16115
16114	16117
16114	16105
16086	16048
15979	15871
15704	15458
15124	14695
14175	13576
12927	12254
11598	10986
10446	9986
9605	9297
9039	8812
8590	8361
8111	7845
7579	7335
7142	7015
6966	6985
7055	7144
7219	7258
7249	7190
7106	7025
6975	6996
7095	7293
7578	7942
8353	8787
9215	9621
9986	10319
10622	10916
11223	11549
11899	12262
12623	12947
13222	13426
13562	13639
13676	13696
13722	13763
13820	13877
13921	13917
13857	13717
13509	13245
12943	12628
12333	12072
11864	11719
11638	11635
11704	11851
12075	12373
12732	13147
13592	14046
14481	14879
15219	15498
15709	15862
15960	16016
16032	16017
15971	15922
15799	15811
15580	15819
16106	16111
16112	16112
16111	16100
16081	16038
15968	15847
15667	15407
15055	14607
14065	13445
12781	12100
11445	10837
10305	9855
9495	9204
8963	8753
8549	8335
8106	7859
7615	7394
7219	7105
7062	7077
7127	7179
7207	7181
7099	6973
6818	6678
6582	6561
6638	6823
7104	7474
7904	8364
8827	9268
9674	10047
10395	10738
11097	11482
11896	12324
12746	13137
13464	13715
13886	13984
14035	14062
14086	14122
14167	14214
14236	14218
14132	13974
13740	13446
13115	12772
12447	12162
11929	11758
11656	11632
11681	11812
12019	12305
12656	13066
13509	13965
14407	14815
15169	15459
15681	15838
15942	15992
16002	15969
15887	15805
15593	15622
15199	15622
16100	16106
16105	16110
16106	16096
16073	16031
15952	15826
15635	15361
14995	14528
13970	13337
12661	11975
11313	10712
10189	9754
9406	9129
8907	8711
8527	8333
8119	7897
7675	7473
7315	7211
7171	7174
7199	7216
7193	7112
6968	6780
6571	6382
6247	6194
6252	6419
6697	7070
7508	7984
8469	8940
9375	9784
10170	10555
10961	11400
11872	12360
12848	13290
13671	13962
14168	14293
14360	14397
14421	14450
14487	14517
14526	14491
14381	14200
13942	13624
13268	12898
12548	12236
11981	11790
11672	11629
11667	11783
11980	12250
12596	13000
13438	13899
14348	14763
15126	15424
15655	15820
15923	15972
15966	15912
15781	15661
15327	15376
14680	15364
16093	16102
16101	16106
16103	16096
16071	16025
15942	15812
15612	15327
14946	14466
13894	13253
12568	11877
11216	10618
10101	9672
9339	9073
8867	8687
8518	8340
8149	7948
7743	7560
7416	7317
7274	7263
7263	7246
7180	7050
6854	6621
6369	6144
5979	5904
5944	6099
6369	6737
7179	7666
8165	8655
9115	9549
9966	10388
10831	11314
11836	12378
12913	13409
13833	14165
14397	14548
14632	14674
14705	14732
14759	14776
14768	14712
14589	14388
14108	13768
13390	13004
12631	12300
12027	11821
11689	11631
11656	11759
11946	12211
12548	12947
13389	13848
14300	14721
15092	15395
15635	15802
15907	15952
15932	15850
15663	15502
15017	15096
14063	15066
16088	16098
16097	16102
16098	16093
16068	16019
15936	15801
15592	15300
14913	14422
13839	13188
12497	11804
11143	10549
10037	9620
9292	9037
8840	8673
8517	8356
8182	7994
7808	7639
7500	7407
7360	7335
7317	7268
7168	7003
6773	6502
6224	5972
5786	5698
5720	5866
6128	6491
6934	7424
7933	8432
8910	9361
9800	10248
10721	11240
11798	12381
12957	13490
13948	14311
14570	14737
14835	14890
14920	14945
14966	14974
14953	14883
14742	14523
14231	13876
13482	13079
12693	12348
12061	11843
11700	11632
11647	11744
11925	12184
12516	12913
13350	13814
14266	14692
15066	15375
15618	15791
15895	15934
15898	15748
15550	14842
14706	12383
13428	8036
