16276	16276
16276	16276
16276	16276
16276	16276
16276	16276
16276	16276
16276	16276
16276	16276
16276	16276
16276	16276
16275	16273
16267	16258
16244	16228
16199	16123
15903	15394
14481	13210
11847	10741
10070	9779
9677	9606
9475	9247
8934	8628
8438	8373
8313	8166
8027	8061
8304	8635
8905	9049
9073	8973
8738	8405
8146	8227
8810	9761
10751	11489
11889	11989
11812	11320
10499	9498
8631	8194
8242	8581
8952	9216
9347	9348
9164	8708
7935	6930
5906	5093
4590	4352
4260	4229
4219	4221
4230	4242
4254	4266
4275	4285
4295	4310
4328	4350
4377	4406
4441	4481
4523	4570
4627	4696
4798	4956
5184	5462
5715	5835
5775	5575
5346	5177
5089	5057
5058	5086
5190	5474
6072	7090
8527	10231
11960	13467
14608	15358
15792	16015
16125	16180
16211	16224
16227	16225
16229	16230
16233	16229
16227	16228
16238	16253
16265	16272
16275	16276
16276	16276
16276	16276
16276	16272
16265	16240
16186	16057
15772	15197
14236	12980
11778	11045
10947	11290
11729	12044
12200	12234
12156	11926
11515	11010
10630	10543
10681	10808
10837	10910
11177	11575
11935	12143
12202	12132
11963	11813
11906	12442
13379	14432
15287	15812
16064	16164
16207	16231
16248	16263
16270	16274
16276	16276
16276	16276
16276	16276
16276	16276
16276	16276
16276	16276
16276	16276
16276	16276
16276	16276
16276	16276
16276	0
16276	16276
16276	16276
16276	16276
16276	16276
16276	16276
16276	16276
16276	16276
16276	16276
16276	16276
16276	16276
16275	16272
16266	16255
16237	16220
16188	16102
15862	15322
14373	13082
11729	10651
10015	9742
9647	9573
9439	9207
8892	8591
8410	8352
8292	8149
8021	8076
8331	8658
8915	9049
9059	8947
8699	8360
8119	8239
8857	9821
10794	11506
11884	11976
11801	11317
10511	9529
8681	8254
8299	8622
8973	9218
9333	9309
9091	8600
7799	6787
5784	5002
4531	4310
4231	4209
4206	4211
4221	4233
4242	4249
4259	4267
4277	4292
4311	4333
4357	4387
4418	4454
4494	4542
4598	4667
4761	4897
5083	5304
5500	5595
5558	5416
5251	5130
5069	5047
5047	5068
5145	5356
5814	6627
7833	9353
11005	12575
13879	14836
15459	15821
16019	16125
16183	16213
16228	16235
16238	16243
16244	16242
16240	16242
16249	16258
16268	16273
16276	16276
16276	16276
16276	16276
16276	16273
16266	16243
16192	16072
15805	15261
14330	13087
11854	11065
10913	11236
11686	12024
12193	12235
12166	11948
11553	11060
10674	10569
10696	10825
10851	10913
11162	11553
11915	12134
12200	12126
11947	11774
11839	12349
13283	14353
15238	15789
16056	16163
16207	16229
16248	16262
16270	16274
16276	16276
16276	16276
16276	16276
16276	16276
16276	16276
16276	16276
16276	16276
16276	16276
16276	16276
16276	16276
16276	0
16276	16276
16276	16276
16276	16276
16276	16276
16276	16276
16276	16276
16276	16276
16276	16276
16276	16276
16276	16276
16275	16272
16264	16251
16230	16208
16172	16072
15799	15204
14193	12867
11527	10500
9922	9683
9598	9523
9381	9144
8835	8542
8374	8323
8261	8121
8011	8088
8359	8681
8924	9041
9035	8907
8641	8299
8084	8259
8924	9905
10853	11524
11870	11947
11770	11289
10493	9527
8707	8308
8364	8674
9004	9225
9314	9254
8988	8444
7604	6589
5616	4885
4453	4263
4199	4187
4189	4197
4207	4217
4223	4227
4232	4240
4251	4265
4282	4305
4328	4354
4384	4416
4455	4500
4555	4623
4712	4824
4965	5122
5259	5330
5316	5241
5150	5083
5048	5038
5039	5049
5090	5216
5510	6066
6957	8189
9676	11252
12728	13949
14851	15447
15806	16015
16128	16190
16225	16241
16251	16255
16257	16256
16255	16255
16260	16266
16270	16275
16276	16276
16276	16276
16276	16276
16276	16273
16266	16245
16198	16093
15851	15351
14470	13248
11979	11107
10875	11164
11623	11991
12185	12238
12179	11978
11605	11125
10729	10601
10712	10845
10873	10918
11141	11518
11886	12119
12193	12122
11933	11741
11774	12259
13183	14274
15189	15766
16047	16162
16206	16230
16248	16262
16270	16274
16276	16276
16276	16276
16276	16276
16276	16276
16276	16276
16276	16276
16276	16276
16276	16276
16276	16276
16276	16276
16276	0
16276	16276
16276	16276
16276	16276
16276	16276
16276	16276
16276	16276
16276	16276
16276	16276
16276	16276
16276	16276
16274	16271
16263	16246
16226	16200
16157	16038
15726	15060
13971	12593
11268	10306
9797	9608
9541	9463
9319	9078
8774	8496
8342	8292
8223	8082
7989	8093
8375	8694
8921	9022
9002	8853
8568	8230
8049	8286
9006	9995
10910	11533
11844	11901
11716	11226
10426	9470
8685	8328
8411	8721
9033	9229
9289	9188
8872	8267
7387	6368
5437	4760
4378	4216
4170	4168
4175	4182
4189	4196
4200	4202
4207	4212
4221	4232
4248	4266
4287	4312
4337	4369
4406	4449
4505	4573
4656	4753
4860	4972
5068	5125
5136	5111
5076	5047
5033	5031
5031	5032
5050	5108
5259	5582
6160	7056
8276	9736
11281	12729
13937	14836
15440	15810
16025	16144
16206	16239
16256	16264
16266	16266
16265	16266
16268	16272
16274	16276
16276	16276
16276	16276
16276	16276
16276	16274
16266	16249
16205	16111
15898	15447
14625	13429
12125	11161
10836	11081
11552	11951
12170	12239
12192	12012
11662	11193
10787	10630
10726	10863
10894	10918
11115	11477
11854	12103
12191	12123
11932	11732
11751	12218
13134	14228
15157	15751
16042	16159
16205	16230
16247	16261
16270	16274
16276	16276
16276	16276
16276	16276
16276	16276
16276	16276
16276	16276
16276	16276
16276	16276
16276	16276
16276	16276
16276	0
16276	16276
16276	16276
16276	16276
16276	16276
16276	16276
16276	16276
16276	16276
16276	16276
16276	16276
16276	16276
16274	16271
16261	16245
16222	16193
16140	16001
15644	14907
13737	12309
10992	10097
9669	9534
9486	9409
9254	9014
8718	8457
8315	8266
8183	8037
7958	8082
8378	8693
8908	8996
8962	8793
8491	8156
8018	8323
9095	10087
10965	11536
11807	11841
11638	11133
10319	9372
8619	8310
8424	8746
9044	9220
9254	9119
8751	8093
7177	6163
5274	4653
4318	4182
4149	4153
4162	4169
4174	4177
4179	4179
4180	4182
4187	4196
4206	4222
4241	4263
4290	4321
4357	4400
4456	4521
4599	4685
4780	4869
4949	5003
5032	5038
5034	5028
5025	5025
5023	5022
5023	5041
5104	5262
5587	6166
7062	8281
9741	11288
12739	13950
14854	15463
15835	16049
16163	16222
16249	16263
16266	16269
16270	16271
16273	16273
16276	16276
16276	16276
16276	16276
16276	16276
16276	16274
16266	16249
16209	16123
15937	15532
14766	13603
12274	11222
10809	11005
11481	11909
12153	12238
12204	12041
11713	11253
10833	10652
10731	10872
10907	10914
11080	11432
11821	12087
12189	12127
11942	11746
11770	12230
13134	14220
15149	15747
16040	16159
16205	16230
16246	16261
16269	16274
16276	16276
16276	16276
16276	16276
16276	16276
16276	16276
16276	16276
16276	16276
16276	16276
16276	16276
16276	16276
16276	0
16276	16276
16276	16276
16276	16276
16276	16276
16276	16276
16276	16276
16276	16276
16276	16276
16276	16276
16276	16276
16274	16269
16260	16242
16216	16183
16122	15964
15567	14768
13524	12054
10750	9913
9554	9468
9440	9360
9195	8955
8668	8423
8294	8240
8142	7991
7921	8065
8370	8681
8886	8962
8912	8727
8412	8082
7988	8357
9180	10172
11009	11530
11759	11765
11544	11024
10197	9257
8537	8270
8418	8742
9030	9190
9205	9045
8640	7940
6995	5986
5134	4565
4270	4159
4135	4143
4151	4156
4155	4155
4152	4152
4152	4152
4154	4157
4163	4174
4192	4217
4247	4279
4317	4365
4417	4485
4557	4638
4726	4810
4888	4952
4996	5022
5038	5040
5042	5039
5037	5030
5023	5020
5034	5094
5250	5579
6166	7073
8303	9775
11328	12781
13991	14893
15496	15864
16071	16179
16230	16253
16261	16264
16269	16271
16273	16275
16276	16276
16276	16276
16276	16276
16276	16276
16276	16273
16266	16247
16209	16130
15962	15593
14876	13748
12399	11281
10786	10937
11416	11866
12135	12237
12213	12066
11753	11304
10873	10668
10730	10871
10903	10896
11043	11391
11789	12073
12184	12128
11951	11772
11808	12268
13162	14235
15155	15747
16040	16159
16205	16230
16246	16261
16269	16274
16276	16276
16276	16276
16276	16276
16276	16276
16276	16276
16276	16276
16276	16276
16276	16276
16276	16276
16276	16276
16276	0
16276	16276
16276	16276
16276	16276
16276	16276
16276	16276
16276	16276
16276	16276
16276	16276
16276	16276
16276	16276
16274	16268
16256	16236
16208	16171
16101	15927
15499	14652
13356	11853
10558	9764
9456	9409
9392	9315
9147	8904
8621	8391
8271	8215
8104	7946
7888	8044
8353	8658
8852	8916
8856	8655
8330	8010
7957	8385
9249	10240
11039	11510
11703	11686
11449	10914
10083	9153
8458	8224
8391	8716
8990	9136
9140	8967
8540	7812
6849	5848
5024	4496
4234	4141
4124	4133
4140	4143
4141	4135
4131	4128
4126	4124
4122	4119
4121	4128
4146	4175
4217	4263
4315	4369
4427	4491
4561	4640
4726	4812
4895	4972
5033	5074
5101	5113
5117	5111
5102	5088
5071	5052
5035	5039
5095	5256
5596	6198
7118	8359
9835	11383
12829	14029
14924	15522
15883	16080
16178	16222
16242	16251
16258	16265
16269	16273
16275	16276
16276	16276
16276	16276
16276	16276
16276	16273
16266	16247
16208	16131
15977	15634
14955	13851
12497	11329
10772	10883
11357	11828
12117	12231
12218	12081
11783	11341
10904	10680
10725	10860
10887	10872
11005	11352
11762	12056
12173	12118
11949	11784
11835	12300
13187	14248
15160	15748
16041	16160
16205	16229
16246	16261
16269	16274
16276	16276
16276	16276
16276	16276
16276	16276
16276	16276
16276	16276
16276	16276
16276	16276
16276	16276
16276	16276
16276	0
16276	16276
16276	16276
16276	16276
16276	16276
16276	16276
16276	16276
16276	16276
16276	16276
16276	16276
16276	16275
16272	16265
16251	16227
16196	16153
16078	15890
15441	14558
13229	11701
10409	9640
9370	9347
9345	9269
9099	8854
8577	8354
8244	8184
8070	7908
7856	8019
8326	8621
8803	8857
8787	8580
8249	7939
7922	8397
9292	10281
11048	11481
11642	11604
11353	10811
9983	9062
8393	8179
8358	8677
8941	9074
9069	8886
8450	7711
6745	5752
4951	4451
4209	4125
4110	4118
4126	4125
4121	4112
4105	4100
4099	4095
4090	4083
4079	4083
4107	4153
4221	4305
4393	4476
4550	4619
4690	4767
4852	4947
5044	5138
5218	5281
5321	5342
5345	5336
5317	5290
5249	5189
5124	5073
5063	5122
5294	5642
6250	7174
8414	9880
11416	12851
14044	14933
15526	15879
16067	16158
16201	16225
16239	16253
16262	16269
16274	16275
16276	16276
16276	16276
16276	16276
16276	16272
16265	16244
16206	16131
15985	15661
15005	13925
12568	11369
10765	10845
11314	11797
12102	12227
12223	12094
11804	11368
10926	10686
10714	10837
10861	10838
10970	11319
11734	12034
12146	12085
11919	11762
11824	12297
13183	14244
15154	15745
16040	16160
16205	16229
16246	16261
16268	16274
16276	16276
16276	16276
16276	16276
16276	16276
16276	16276
16276	16276
16276	16276
16276	16276
16276	16276
16276	16276
16276	0
16276	16276
16276	16276
16276	16276
16276	16276
16276	16276
16276	16276
16276	16276
16276	16276
16276	16276
16276	16274
16271	16263
16246	16221
16190	16144
16064	15865
15398	14490
13129	11579
10280	9523
9273	9268
9284	9216
9057	8815
8535	8317
8208	8153
8037	7879
7828	7991
8289	8571
8741	8786
8713	8503
8174	7875
7881	8389
9305	10291
11033	11440
11580	11529
11272	10728
9901	8996
8344	8143
8324	8639
8890	9013
8999	8811
8374	7634
6673	5693
4914	4427
4192	4104
4086	4089
4099	4100
4097	4087
4081	4075
4073	4069
4063	4054
4047	4050
4081	4157
4284	4447
4619	4768
4883	4974
5052	5136
5235	5347
5465	5585
5692	5781
5840	5874
5881	5866
5832	5775
5677	5531
5360	5208
5115	5095
5158	5332
5683	6288
7205	8433
9884	11409
12839	14035
14924	15511
15857	16040
16132	16183
16213	16236
16252	16264
16271	16275
16276	16276
16276	16276
16276	16276
16276	16272
16264	16244
16205	16134
15993	15683
15046	13978
12619	11398
10763	10819
11282	11773
12088	12222
12225	12103
11821	11389
10942	10686
10701	10812
10832	10807
10940	11292
11708	12005
12106	12034
11859	11708
11778	12258
13153	14219
15141	15738
16041	16162
16206	16228
16246	16259
16268	16274
16276	16276
16276	16276
16276	16276
16276	16276
16276	16276
16276	16276
16276	16276
16276	16276
16276	16276
16276	16276
16276	0
16276	16276
16276	16276
16276	16276
16276	16276
16276	16276
16276	16276
16276	16276
16276	16276
16276	16276
16276	16274
16270	16258
16242	16216
16185	16141
16062	15856
15372	14438
13045	11464
10148	9393
9153	9169
9205	9155
9009	8774
8498	8275
8168	8116
8007	7852
7804	7959
8248	8515
8671	8712
8639	8433
8109	7818
7838	8363
9285	10267
10997	11391
11521	11467
11207	10664
9845	8952
8309	8112
8291	8601
8845	8960
8938	8747
8315	7590
6650	5693
4926	4441
4198	4095
4063	4056
4064	4066
4065	4059
4053	4050
4046	4048
4045	4036
4027	4032
4079	4204
4424	4718
5032	5298
5495	5629
5736	5844
5967	6109
6265	6420
6563	6683
6771	6823
6837	6816
6763	6651
6454	6152
5794	5464
5238	5126
5110	5174
5348	5693
6291	7195
8405	9849
11378	12818
14021	14907
15490	15830
16017	16118
16176	16215
16241	16259
16269	16274
16276	16276
16276	16276
16276	16276
16276	16272
16264	16244
16206	16138
16003	15704
15076	14014
12652	11416
10762	10804
11265	11759
12081	12220
12227	12109
11836	11407
10956	10690
10689	10790
10807	10784
10917	11267
11678	11963
12052	11967
11784	11626
11699	12188
13096	14180
15118	15731
16039	16164
16208	16229
16246	16259
16268	16274
16276	16276
16276	16276
16276	16276
16276	16276
16276	16276
16276	16276
16276	16276
16276	16276
16276	16276
16276	16276
16276	0
16276	16276
16276	16276
16276	16276
16276	16276
16276	16276
16276	16276
16276	16276
16276	16276
16276	16276
16276	16274
16269	16259
16240	16218
16191	16154
16075	15865
15364	14407
12981	11367
10021	9251
9015	9046
9104	9084
8959	8733
8457	8230
8120	8074
7977	7828
7779	7925
8202	8462
8612	8647
8577	8376
8061	7776
7799	8321
9241	10218
10947	11339
11473	11421
11167	10633
9826	8940
8296	8088
8254	8557
8799	8910
8883	8695
8279	7589
6690	5767
5019	4530
4261	4125
4058	4031
4024	4027
4027	4026
4023	4021
4022	4025
4028	4026
4021	4032
4102	4290
4632	5096
5596	6025
6335	6538
6688	6834
7000	7183
7381	7579
7767	7924
8044	8118
8145	8123
8046	7865
7530	7018
6399	5825
5411	5187
5101	5098
5169	5339
5677	6262
7154	8362
9818	11365
12818	14020
14901	15478
15820	16012
16123	16186
16228	16253
16268	16274
16276	16276
16276	16276
16276	16276
16276	16272
16265	16245
16210	16144
16016	15718
15095	14032
12664	11422
10761	10799
11259	11755
12079	12221
12229	12116
11844	11420
10967	10695
10683	10776
10787	10763
10897	11241
11640	11912
11985	11892
11703	11540
11611	12106
13029	14134
15092	15719
16039	16164
16210	16230
16247	16259
16268	16274
16276	16276
16276	16276
16276	16276
16276	16276
16276	16276
16276	16276
16276	16276
16276	16276
16276	16276
16276	16276
16276	0
16276	16276
16276	16276
16276	16276
16276	16276
16276	16276
16276	16276
16276	16276
16276	16276
16276	16276
16276	16274
16268	16259
16241	16223
16202	16171
16097	15886
15376	14403
12955	11309
9928	9124
8870	8903
8981	8986
8889	8680
8407	8176
8065	8025
7940	7800
7748	7887
8159	8415
8561	8600
8531	8338
8028	7744
7759	8267
9176	10148
10881	11286
11432	11392
11149	10633
9841	8961
8301	8067
8207	8498
8739	8851
8830	8657
8274	7641
6810	5949
5242	4756
4451	4253
4123	4046
4011	3998
3996	3995
3995	3996
3998	4004
4012	4017
4019	4042
4139	4392
4854	5496
6192	6791
7220	7496
7695	7877
8078	8299
8538	8778
9005	9201
9353	9451
9496	9480
9377	9127
8648	7915
7031	6199
5591	5246
5101	5061
5076	5146
5310	5640
6221	7119
8351	9830
11392	12843
14035	14907
15480	15827
16025	16140
16203	16243
16262	16272
16275	16276
16276	16276
16276	16276
16276	16272
16265	16246
16212	16149
16022	15724
15094	14024
12653	11410
10756	10803
11266	11762
12082	12223
12231	12116
11845	11422
10971	10698
10679	10761
10763	10735
10864	11201
11590	11847
11914	11819
11626	11458
11522	12022
12961	14091
15069	15712
16036	16166
16210	16230
16247	16259
16268	16274
16276	16276
16276	16276
16276	16276
16276	16276
16276	16276
16276	16276
16276	16276
16276	16276
16276	16276
16276	16276
16276	0
16276	16276
16276	16276
16276	16276
16276	16276
16276	16276
16276	16276
16276	16276
16276	16276
16276	16276
16276	16274
16269	16259
16245	16228
16212	16188
16119	15912
15409	14445
13000	11341
9920	9063
8757	8761
8836	8859
8788	8600
8338	8108
7998	7966
7893	7764
7712	7846
8114	8370
8519	8560
8498	8313
8009	7723
7719	8206
9100	10070
10813	11232
11393	11370
11148	10655
9886	9009
8323	8047
8151	8427
8669	8790
8781	8630
8295	7738
7005	6248
5619	5160
4820	4538
4308	4143
4045	3996
3977	3971
3969	3971
3974	3981
3991	4001
4014	4052
4174	4483
5042	5821
6669	7404
7928	8260
8486	8683
8889	9120
9365	9619
9866	10086
10263	10390
10457	10450
10334	10031
9446	8552
7476	6459
5711	5283
5096	5035
5026	5047
5112	5277
5612	6210
7139	8394
9886	11440
12876	14056
14919	15497
15847	16052
16165	16226
16254	16268
16271	16273
16274	16275
16276	16276
16276	16272
16265	16246
16214	16149
16020	15718
15079	13997
12619	11385
10749	10813
11283	11776
12090	12223
12227	12108
11831	11404
10953	10684
10662	10732
10721	10684
10811	11147
11525	11773
11840	11750
11556	11382
11440	11944
12899	14050
15048	15702
16033	16165
16210	16230
16247	16259
16268	16274
16276	16276
16276	16276
16276	16276
16276	16276
16276	16276
16276	16276
16276	16276
16276	16276
16276	16276
16276	16276
16276	0
16276	16276
16276	16276
16276	16276
16276	16276
16276	16276
16276	16276
16276	16276
16276	16276
16276	16276
16276	16274
16271	16261
16250	16236
16222	16198
16133	15937
15466	14545
13145	11500
10041	9107
8714	8649
8691	8709
8648	8480
8234	8013
7910	7892
7836	7717
7666	7797
8063	8325
8480	8527
8472	8295
7997	7705
7682	8140
9009	9978
10735	11176
11359	11356
11155	10691
9948	9076
8359	8032
8092	8350
8594	8727
8734	8614
8330	7860
7245	6624
6117	5734
5390	5027
4667	4367
4163	4044
3987	3963
3954	3951
3950	3957
3964	3975
3991	4045
4192	4540
5161	6022
6957	7768
8345	8702
8927	9093
9248	9414
9604	9819
10049	10272
10465	10610
10694	10706
10592	10276
9656	8709
7577	6511
5730	5283
5086	5018
5002	5003
5025	5099
5272	5627
6251	7196
8458	9939
11476	12899
14072	14941
15522	15877
16081	16186
16235	16257
16265	16267
16270	16271
16273	16274
16276	16272
16265	16247
16213	16149
16013	15698
15043	13947
12567	11350
10741	10829
11307	11794
12100	12225
12218	12088
11796	11358
10903	10638
10616	10671
10638	10597
10733	11074
11454	11701
11772	11686
11497	11315
11367	11872
12847	14018
15034	15696
16032	16164
16210	16230
16247	16259
16268	16274
16276	16276
16276	16276
16276	16276
16276	16276
16276	16276
16276	16276
16276	16276
16276	16276
16276	16276
16276	16276
16276	0
16276	16276
16276	16276
16276	16276
16276	16276
16276	16276
16276	16276
16276	16276
16276	16276
16276	16276
16276	16275
16271	16264
16254	16240
16228	16205
16145	15970
15545	14701
13382	11780
10294	9265
8758	8596
8570	8558
8493	8332
8102	7891
7799	7797
7759	7653
7604	7733
8003	8274
8438	8495
8448	8283
7992	7692
7646	8065
8910	9873
10647	11112
11320	11340
11168	10739
10028	9162
8411	8023
8035	8271
8521	8666
8693	8602
8373	7984
7486	7004
6646	6390
6107	5710
5226	4764
4402	4170
4042	3979
3949	3935
3931	3928
3933	3939
3961	4020
4188	4562
5214	6108
7076	7914
8505	8859
9047	9133
9163	9181
9227	9333
9498	9690
9878	10032
10137	10163
10073	9784
9213	8346
7310	6345
5642	5243
5073	5014
4999	4996
4999	5028
5112	5302
5674	6308
7255	8502
9967	11494
12912	14089
14965	15550
15905	16096
16194	16232
16248	16254
16258	16261
16267	16271
16274	16271
16265	16247
16213	16143
15999	15666
14989	13875
12497	11307
10736	10851
11336	11816
12108	12219
12201	12052
11737	11277
10815	10556
10534	10573
10525	10484
10639	11001
11388	11640
11714	11634
11445	11258
11304	11819
12809	13997
15022	15689
16027	16162
16210	16232
16247	16261
16268	16274
16276	16276
16276	16276
16276	16276
16276	16276
16276	16276
16276	16276
16276	16276
16276	16276
16276	16276
16276	16276
16276	0
16276	16276
16276	16276
16276	16276
16276	16276
16276	16276
16276	16276
16276	16276
16276	16276
16276	16276
16276	16275
16272	16266
16257	16246
16233	16212
16158	16011
15642	14892
13673	12132
10623	9498
8866	8600
8499	8440
8342	8175
7941	7735
7648	7662
7647	7560
7513	7643
7921	8204
8389	8458
8426	8272
7989	7687
7612	7989
8797	9752
10548	11042
11278	11323
11183	10793
10123	9267
8485	8034
7989	8199
8452	8616
8663	8600
8415	8093
7684	7316
7105	7015
6870	6521
5971	5352
4808	4412
4165	4030
3960	3924
3910	3902
3900	3902
3922	3988
4170	4560
5225	6128
7098	7934
8520	8852
8978	8941
8785	8580
8411	8351
8407	8540
8703	8852
8962	9006
8950	8727
8276	7588
6776	6021
5481	5180
5055	5017
5007	5002
5001	5011
5050	5143
5343	5718
6347	7283
8519	9975
11500	12921
14104	14984
15569	15916
16098	16180
16218	16232
16243	16249
16258	16265
16270	16272
16266	16248
16213	16138
15978	15620
14909	13772
12403	11253
10735	10883
11374	11838
12114	12208
12171	11999
11650	11160
10691	10437
10422	10452
10397	10369
10556	10943
11344	11598
11675	11599
11408	11219
11273	11803
12809	14004
15028	15691
16025	16160
16210	16232
16247	16261
16270	16274
16276	16276
16276	16276
16276	16276
16276	16276
16276	16276
16276	16276
16276	16276
16276	16276
16276	16276
16276	16276
16276	0
16276	16276
16276	16276
16276	16276
16276	16276
16276	16276
16276	16276
16276	16276
16276	16276
16276	16276
16276	16276
16273	16270
16262	16253
16242	16224
16178	16057
15743	15077
13953	12466
10938	9727
8991	8634
8472	8362
8230	8036
7789	7571
7478	7498
7500	7427
7386	7515
7805	8113
8326	8421
8407	8268
7996	7690
7587	7911
8674	9621
10437	10967
11236	11306
11199	10853
10229	9394
8586	8067
7956	8133
8387	8568
8639	8602
8455	8181
7833	7541
7436	7504
7548	7346
6831	6118
5396	4805
4394	4143
4004	3934
3900	3884
3875	3872
3888	3958
4147	4545
5218	6119
7083	7912
8487	8789
8844	8669
8306	7852
7446	7199
7132	7194
7321	7454
7559	7619
7598	7459
7159	6697
6154	5658
5304	5115
5042	5023
5018	5015
5015	5018
5033	5077
5176	5374
5743	6363
7286	8518
9973	11500
12926	14116
14996	15574
15909	16082
16162	16199
16221	16234
16249	16260
16269	16270
16266	16248
16211	16131
15952	15556
14800	13634
12280	11191
10740	10927
11419	11862
12114	12188
12128	11923
11538	11016
10537	10297
10293	10327
10281	10281
10510	10923
11332	11583
11660	11582
11394	11218
11294	11849
12871	14061
15064	15706
16027	16159
16210	16234
16250	16263
16271	16274
16276	16276
16276	16276
16276	16276
16276	16276
16276	16276
16276	16276
16276	16276
16276	16276
16276	16276
16276	16276
16276	0
16276	16276
16276	16276
16276	16276
16276	16276
16276	16276
16276	16276
16276	16276
16276	16276
16276	16276
16276	16276
16275	16272
16268	16261
16252	16239
16205	16102
15830	15226
14170	12717
11164	9889
9083	8669
8468	8324
8160	7937
7663	7419
7305	7316
7326	7261
7219	7347
7648	7993
8245	8374
8382	8261
8007	7703
7565	7832
8542	9471
10313	10887
11190	11288
11209	10912
10341	9540
8713	8129
7943	8077
8326	8525
8619	8608
8492	8259
7946	7684
7628	7811
8046	8062
7695	6998
6161	5381
4775	4363
4115	3979
3913	3880
3860	3848
3862	3934
4129	4534
5206	6107
7065	7888
8453	8732
8727	8434
7888	7215
6604	6194
6022	6022
6112	6225
6322	6389
6400	6337
6171	5917
5617	5348
5160	5066
5032	5026
5026	5024
5023	5024
5031	5051
5098	5193
5387	5748
6359	7278
8505	9961
11493	12931
14123	14999
15567	15895
16065	16150
16193	16219
16238	16256
16266	16271
16265	16251
16210	16119
15916	15475
14662	13463
12136	11127
10762	10991
11471	11881
12100	12149
12064	11829
11404	10851
10367	10150
10173	10227
10203	10247
10513	10949
11355	11595
11662	11580
11400	11253
11377	11978
13014	14179
15139	15740
16038	16160
16210	16234
16251	16263
16271	16274
16276	16276
16276	16276
16276	16276
16276	16276
16276	16276
16276	16276
16276	16276
16276	16276
16276	16276
16276	16276
16276	0
16276	16276
16276	16276
16276	16276
16276	16276
16276	16276
16276	16276
16276	16276
16276	16276
16276	16276
16276	16276
16276	16274
16272	16266
16263	16252
16227	16140
15895	15329
14307	12865
11292	9973
9125	8689
8474	8319
8132	7889
7591	7313
7159	7144
7148	7082
7030	7147
7457	7836
8131	8298
8333	8240
8010	7718
7557	7760
8405	9316
10184	10803
11144	11266
11214	10961
10451	9696
8862	8218
7952	8028
8260	8476
8593	8607
8521	8323
8036	7774
7717	7941
8321	8565
8434	7876
7039	6135
5342	4739
4339	4097
3967	3896
3857	3836
3851	3926
4127	4533
5207	6103
7060	7879
8438	8699
8653	8275
7604	6783
6030	5511
5267	5225
5283	5379
5471	5540
5577	5565
5501	5390
5259	5143
5069	5036
5028	5029
5027	5025
5025	5025
5029	5040
5061	5105
5194	5380
5737	6346
7260	8488
9951	11497
12939	14130
14994	15559
15886	16060
16152	16199
16231	16252
16265	16269
16266	16249
16206	16105
15870	15376
14501	13273
11982	11065
10794	11063
11524	11890
12070	12090
11980	11709
11247	10672
10201	10021
10085	10166
10178	10265
10571	11014
11403	11620
11669	11584
11420	11321
11515	12179
13228	14355
15248	15792
16055	16166
16210	16234
16253	16264
16272	16275
16276	16276
16276	16276
16276	16276
16276	16276
16276	16276
16276	16276
16276	16276
16276	16276
16276	16276
16276	16276
16276	0
16276	16276
16276	16276
16276	16276
16276	16276
16276	16276
16276	16276
16276	16276
16276	16276
16276	16276
16276	16276
16276	16276
16274	16273
16270	16264
16241	16164
15935	15389
14386	12949
11360	10012
9143	8700
8487	8329
8138	7886
7569	7261
7063	7009
6997	6923
6849	6935
7236	7635
7974	8177
8242	8182
7989	7719
7539	7680
8254	9135
10026	10699
11082	11231
11202	10995
10551	9853
9030	8335
7979	7983
8191	8414
8554	8599
8540	8376
8114	7847
7744	7941
8381	8816
8951	8641
7937	7025
6104	5319
4732	4339
4095	3954
3874	3840
3852	3934
4137	4546
5215	6110
7064	7881
8435	8687
8617	8196
7457	6554
5724	5147
4864	4796
4839	4920
5008	5080
5129	5149
5142	5114
5074	5041
5023	5021
5024	5027
5026	5025
5024	5024
5025	5033
5042	5061
5097	5181
5365	5718
6323	7243
8483	9963
11515	12957
14137	14999
15559	15890
16071	16165
16216	16246
16263	16269
16266	16249
16200	16083
15816	15265
14325	13069
11825	11013
10839	11136
11571	11885
12022	12015
11879	11573
11080	10493
10053	9928
10039	10152
10200	10329
10663	11104
11466	11653
11678	11585
11436	11388
11666	12400
13472	14554
15373	15853
16078	16171
16210	16235
16254	16266
16272	16275
16276	16276
16276	16276
16276	16276
16276	16276
16276	16276
16276	16276
16276	16276
16276	16276
16276	16276
16276	16276
16276	0
16276	16276
16276	16276
16276	16276
16276	16276
16276	16276
16276	16276
16276	16276
16276	16276
16276	16276
16276	16276
16276	16276
16276	16276
16274	16270
16250	16180
15961	15440
14462	13040
11443	10073
9179	8729
8516	8362
8170	7916
7591	7255
7017	6924
6893	6808
6703	6737
7006	7405
7767	7996
8092	8068
7924	7688
7498	7579
8076	8915
9827	10551
10986	11171
11175	11017
10642	10011
9213	8470
8023	7943
8111	8340
8506	8573
8545	8416
8184	7914
7753	7866
8283	8827
9207	9193
8736	7950
7015	6102
5331	4740
4335	4077
3931	3869
3872	3954
4156	4564
5234	6125
7074	7888
8440	8687
8608	8172
7407	6473
5611	5010
4710	4629
4663	4739
4825	4900
4958	4996
5014	5017
5011	5007
5010	5016
5024	5026
5027	5023
5022	5020
5021	5024
5028	5034
5045	5079
5163	5342
5696	6309
7246	8504
9991	11541
12974	14150
15008	15573
15904	16089
16184	16234
16256	16266
16262	16242
16188	16053
15742	15124
14118	12839
11651	10953
10872	11201
11598	11862
11958	11923
11757	11421
10900	10326
9938	9883
10039	10176
10249	10418
10771	11197
11524	11679
11678	11570
11428	11425
11783	12594
13689	14737
15490	15909
16098	16177
16213	16236
16254	16266
16272	16275
16276	16276
16276	16276
16276	16276
16276	16276
16276	16276
16276	16276
16276	16276
16276	16276
16276	16276
16276	16276
16276	0
16276	16276
16276	16276
16276	16276
16276	16276
16276	16276
16276	16276
16276	16276
16276	16276
16276	16276
16276	16276
16276	16276
16276	16276
16276	16273
16257	16193
15994	15506
14577	13195
11608	10209
9272	8789
8566	8406
8217	7964
7641	7289
7019	6891
6845	6752
6610	6584
6792	7162
7527	7776
7896	7911
7812	7613
7422	7441
7858	8643
9565	10345
10845	11082
11134	11029
10725	10169
9406	8631
8090	7917
8032	8259
8447	8541
8541	8447
8251	7986
7773	7775
8099	8663
9218	9492
9345	8795
7974	7035
6124	5336
4725	4307
4054	3936
3914	3984
4182	4585
5249	6139
7088	7899
8451	8699
8622	8190
7431	6503
5646	5047
4746	4662
4692	4768
4854	4932
4997	5040
5057	5054
5040	5026
5019	5021
5027	5030
5028	5024
5020	5019
5018	5017
5016	5017
5016	5025
5057	5141
5326	5692
6320	7272
8534	10017
11562	12989
14161	15022
15591	15927
16108	16200
16241	16256
16254	16231
16162	15998
15632	14934
13851	12561
11446	10869
10886	11239
11610	11827
11886	11824
11628	11258
10722	10176
9862	9885
10075	10221
10311	10508
10871	11276
11571	11694
11669	11538
11393	11425
11852	12731
13854	14880
15584	15955
16116	16181
16215	16237
16256	16267
16273	16275
16276	16276
16276	16276
16276	16276
16276	16276
16276	16276
16276	16276
16276	16276
16276	16276
16276	16276
16276	16276
16276	0
16276	16276
16276	16276
16276	16276
16276	16276
16276	16276
16276	16276
16276	16276
16276	16276
16276	16276
16276	16276
16276	16276
16276	16276
16276	16274
16261	16207
16032	15597
14744	13433
11870	10434
9428	8882
8626	8457
8271	8023
7705	7349
7055	6901
6841	6741
6574	6486
6617	6941
7294	7550
7689	7729
7667	7499
7303	7266
7593	8314
9235	10075
10656	10964
11074	11028
10797	10318
9602	8809
8187	7909
7956	8166
8374	8495
8525	8465
8308	8067
7817	7714
7905	8401
9037	9539
9707	9461
8860	8015
7058	6119
5306	4691
4288	4070
3991	4030
4209	4605
5268	6156
7102	7915
8468	8721
8659	8256
7538	6659
5847	5285
5004	4929
4963	5041
5128	5209
5273	5309
5299	5247
5173	5101
5053	5035
5033	5034
5031	5025
5021	5019
5016	5014
5011	5004
4999	4998
5008	5044
5135	5332
5710	6347
7297	8553
10028	11568
12995	14170
15034	15602
15938	16114
16199	16231
16234	16202
16115	15911
15473	14676
13514	12219
11196	10752
10871	11252
11599	11784
11817	11729
11503	11097
10553	10053
9828	9921
10138	10275
10371	10588
10955	11339
11602	11701
11653	11502
11352	11413
11903	12844
13991	14996
15659	15992
16130	16185
16215	16238
16257	16267
16273	16275
16276	16276
16276	16276
16276	16276
16276	16276
16276	16276
16276	16276
16276	16276
16276	16276
16276	16276
16276	16276
16276	0
16276	16276
16276	16276
16276	16276
16276	16276
16276	16276
16276	16276
16276	16276
16276	16276
16276	16276
16276	16276
16276	16276
16276	16276
16276	16274
16265	16220
16077	15700
14934	13711
12186	10713
9619	8989
8684	8503
8316	8078
7771	7422
7112	6931
6858	6765
6588	6444
6496	6760
7088	7349
7501	7559
7519	7370
7166	7073
7302	7941
8845	9742
10416	10813
10991	11007
10845	10450
9799	9013
8323	7932
7888	8063
8284	8438
8500	8471
8356	8150
7894	7709
7755	8123
8736	9377
9805	9878
9564	8921
8039	7048
6085	5272
4678	4307
4125	4100
4248	4625
5286	6174
7125	7939
8498	8763
8732	8389
7761	6989
6280	5795
5566	5516
5564	5647
5741	5824
5884	5888
5817	5658
5455	5262
5129	5064
5042	5039
5033	5025
5019	5017
5015	5014
5010	5004
4994	4988
4988	5003
5047	5148
5353	5727
6356	7297
8547	10020
11562	12992
14171	15036
15602	15931
16102	16178
16193	16159
16045	15786
15256	14348
13109	11832
10922	10631
10850	11258
11584	11743
11755	11645
11387	10947
10404	9963
9833	9994
10220	10341
10439	10666
11030	11389
11624	11702
11637	11472
11331	11440
11998	12994
14147	15116
15731	16028
16144	16192
16220	16241
16258	16267
16273	16275
16276	16276
16276	16276
16276	16276
16276	16276
16276	16276
16276	16276
16276	16276
16276	16276
16276	16276
16276	16276
16276	0
16276	16276
16276	16276
16276	16276
16276	16276
16276	16276
16276	16276
16276	16276
16276	16276
16276	16276
16276	16276
16276	16276
16276	16276
16276	16275
16268	16234
16116	15799
15122	13990
12509	11001
9816	9097
8738	8534
8352	8125
7837	7497
7175	6969
6886	6807
6640	6456
6432	6629
6929	7192
7358	7425
7395	7255
7041	6893
7020	7555
8418	9355
10121	10614
10869	10948
10857	10546
9983	9236
8498	7992
7824	7933
8157	8350
8455	8468
8394	8231
7997	7767
7684	7887
8393	9064
9672	10022
10016	9640
8949	8037
7027	6065
5272	4702
4360	4225
4311	4662
5310	6204
7164	7986
8551	8834
8849	8598
8111	7508
6963	6609
6459	6455
6525	6623
6725	6814
6861	6817
6638	6311
5904	5522
5252	5109
5057	5037
5029	5019
5013	5014
5015	5019
5017	5011
5001	4991
4988	4994
5016	5068
5164	5357
5717	6335
7268	8519
9994	11536
12966	14148
15015	15579
15905	16066
16122	16092
15951	15621
14983	13959
12663	11439
10679	10547
10857	11279
11584	11715
11711	11576
11281	10810
10272	9903
9872	10090
10312	10412
10508	10748
11105	11439
11648	11704
11624	11459
11355	11534
12177	13217
14352	15263
15816	16074
16171	16208
16230	16247
16261	16269
16273	16275
16276	16276
16276	16276
16276	16276
16276	16276
16276	16276
16276	16276
16276	16276
16276	16276
16276	16276
16276	16276
16276	0
16276	16276
16276	16276
16276	16276
16276	16276
16276	16276
16276	16276
16276	16276
16276	16276
16276	16276
16276	16276
16276	16276
16276	16276
16276	16275
16269	16244
16151	15885
15289	14248
12820	11292
10027	9215
8788	8561
8379	8165
7894	7568
7239	7009
6912	6852
6706	6504
6415	6539
6806	7074
7255	7331
7305	7173
6952	6755
6780	7192
7981	8928
9771	10358
10693	10834
10812	10594
10136	9456
8697	8074
7761	7773
7979	8211
8371	8438
8413	8303
8111	7874
7702	7739
8077	8674
9357	9911
10186	10110
9690	8971
8044	7032
6084	5303
4754	4459
4440	4736
5366	6258
7226	8058
8630	8932
9001	8862
8552	8160
7816	7613
7563	7612
7713	7832
7949	8047
8078	7974
7664	7131
6471	5852
5406	5161
5060	5025
5008	4999
4998	5004
5018	5027
5033	5027
5020	5010
5006	5008
5023	5044
5078	5150
5319	5659
6269	7198
8443	9914
11459	12898
14091	14967
15536	15861
16002	15999
15832	15423
14663	13528
12207	11083
10507	10533
10916	11333
11604	11707
11679	11521
11186	10682
10168	9882
9946	10205
10407	10484
10587	10837
11183	11486
11667	11704
11616	11466
11415	11693
12428	13503
14596	15427
15910	16124
16200	16226
16243	16255
16264	16270
16274	16276
16276	16276
16276	16276
16276	16276
16276	16276
16276	16276
16276	16276
16276	16276
16276	16276
16276	16276
16276	16276
16276	0
16276	16276
16276	16276
16276	16276
16276	16276
16276	16276
16276	16276
16276	16276
16276	16276
16276	16276
16276	16276
16276	16276
16276	16276
16276	16276
16272	16252
16177	15955
15436	14492
13132	11602
10263	9351
8851	8588
8402	8203
7950	7638
7308	7054
6937	6889
6771	6565
6419	6476
6707	6980
7178	7267
7248	7126
6909	6681
6610	6888
7565	8484
9379	10053
10463	10667
10714	10586
10238	9649
8898	8178
7709	7587
7740	8001
8231	8365
8400	8344
8209	7999
7786	7689
7842	8284
8932	9595
10094	10306
10192	9745
9013	8075
7064	6116
5351	4851
4676	4874
5458	6335
7305	8144
8723	9044
9167	9137
8993	8802
8643	8584
8618	8719
8848	8992
9130	9236
9257	9096
8659	7928
7026	6174
5554	5205
5051	4995
4975	4969
4975	4989
5009	5026
5038	5040
5039	5043
5053	5063
5066	5062
5046	5032
5064	5205
5533	6129
7043	8280
9757	11323
12793	14015
14913	15489
15793	15858
15681	15180
14289	13056
11756	10789
10422	10595
11021	11411
11639	11710
11658	11466
11086	10561
10085	9896
10046	10325
10495	10552
10666	10929
11262	11534
11682	11702
11606	11480
11501	11885
12712	13805
14845	15589
15997	16172
16230	16247
16257	16263
16270	16273
16276	16276
16276	16276
16276	16276
16276	16276
16276	16276
16276	16276
16276	16276
16276	16276
16276	16276
16276	16276
16276	16276
16276	0
16276	16276
16276	16276
16276	16276
16276	16276
16276	16276
16276	16276
16276	16276
16276	16276
16276	16276
16276	16276
16276	16276
16276	16276
16276	16276
16273	16257
16198	16013
15573	14726
13450	11936
10533	9517
8929	8626
8432	8240
8006	7709
7379	7104
6962	6916
6825	6628
6436	6425
6619	6893
7113	7217
7213	7106
6910	6669
6523	6660
7196	8043
8960	9709
10205	10477
10587	10538
10295	9806
9100	8320
7694	7405
7460	7718
8008	8220
8326	8334
8257	8103
7895	7717
7702	7949
8465	9129
9768	10227
10409	10269
9803	9050
8099	7081
6148	5439
5066	5113
5602	6433
7391	8227
8813	9151
9314	9363
9338	9285
9250	9278
9366	9498
9652	9816
9970	10088
10101	9897
9371	8500
7421	6399
5648	5218
5025	4955
4933	4932
4940	4956
4979	4999
5013	5029
5059	5108
5162	5195
5186	5127
5036	4940
4869	4867
4989	5296
5870	6777
8028	9549
11168	12695
13955	14866
15414	15613
15443	14854
13833	12537
11319	10559
10409	10708
11149	11497
11674	11714
11631	11394
10972	10444
10027	9945
10166	10441
10570	10612
10747	11024
11340	11578
11691	11687
11589	11494
11592	12082
12988	14091
15068	15726
16068	16207
16249	16263
16267	16272
16273	16276
16276	16276
16276	16276
16276	16276
16276	16276
16276	16276
16276	16276
16276	16276
16276	16276
16276	16276
16276	16276
16276	16276
16276	0
16276	16276
16276	16276
16276	16276
16276	16276
16276	16276
16276	16276
16276	16276
16276	16276
16276	16276
16276	16276
16276	16276
16276	16276
16276	16276
16274	16262
16215	16066
15693	14946
13763	12282
10826	9710
9029	8678
8466	8279
8055	7777
7452	7160
6983	6928
6859	6681
6464	6389
6533	6800
7040	7174
7191	7110
6945	6712
6507	6512
6883	7617
8522	9343
9935	10290
10461	10478
10321	9938
9306	8513
7765	7292
7194	7391
7704	7986
8163	8237
8227	8138
7975	7779
7646	7703
8025	8586
9258	9886
10321	10475
10309	9821
9049	8095
7096	6222
5639	5484
5817	6553
7465	8288
8874	9222
9407	9487
9505	9494
9500	9548
9646	9781
9942	10114
10280	10403
10412	10199
9637	8707
7556	6464
5653	5190
4980	4908
4888	4885
4892	4901
4916	4931
4955	5008
5106	5252
5401	5482
5442	5288
5070	4854
4680	4577
4557	4659
4953	5531
6469	7784
9378	11067
12634	13904
14769	15163
15045	14384
13269	11970
10907	10390
10450	10843
11272	11566
11700	11702
11576	11287
10823	10312
9989	10017
10289	10537
10621	10664
10829	11119
11416	11617
11695	11664
11559	11493
11672	12265
13243	14341
15255	15836
16119	16230
16263	16270
16273	16274
16276	16276
16276	16276
16276	16276
16276	16276
16276	16276
16276	16276
16276	16276
16276	16276
16276	16276
16276	16276
16276	16276
16276	16276
16276	0
16276	16276
16276	16276
16276	16276
16276	16276
16276	16276
16276	16276
16276	16276
16276	16276
16276	16276
16276	16276
16276	16276
16276	16276
16276	16276
16274	16265
16227	16109
15796	15148
14063	12628
11137	9924
9146	8732
8501	8314
8099	7833
7518	7210
7007	6931
6878	6731
6505	6370
6453	6701
6968	7133
7182	7135
7007	6794
6554	6439
6638	7220
8071	8942
9641	10099
10342	10420
10338	10056
9523	8769
7952	7311
7015	7078
7354	7671
7912	8056
8109	8090
7989	7822
7638	7549
7661	8035
8630	9312
9925	10340
10470	10284
9785	9021
8093	7151
6393	6010
6129	6712
7533	8318
8895	9241
9419	9476
9451	9381
9327	9323
9386	9502
9650	9813
9972	10095
10109	9908
9374	8483
7380	6327
5548	5100
4901	4834
4817	4810
4805	4800
4802	4819
4877	5009
5241	5555
5856	6010
5931	5629
5222	4831
4527	4325
4214	4189
4294	4606
5235	6246
7639	9295
11015	12573
13754	14394
14378	13710
12578	11381
10547	10302
10546	10991
11382	11618
11707	11670
11493	11140
10643	10176
9966	10103
10402	10599
10651	10711
10916	11221
11496	11655
11695	11629
11511	11475
11735	12433
13475	14561
15410	15919
16158	16243
16268	16274
16276	16276
16276	16276
16276	16276
16276	16276
16276	16276
16276	16276
16276	16276
16276	16276
16276	16276
16276	16276
16276	16276
16276	16276
16276	16276
16276	0
16276	16276
16276	16276
16276	16276
16276	16276
16276	16276
16276	16276
16276	16276
16276	16276
16276	16276
16276	16276
16276	16276
16276	16276
16276	16276
16274	16268
16238	16142
15886	15327
14346	12974
11457	10150
9268	8785
8529	8343
8141	7889
7585	7269
7031	6928
6886	6768
6549	6367
6383	6601
6879	7088
7181	7174
7083	6901
6650	6448
6478	6878
7618	8500
9300	9877
10215	10361
10348	10160
9745	9082
8263	7494
6994	6858
7025	7321
7606	7810
7930	7972
7938	7824
7645	7471
7404	7559
7973	8589
9272	9869
10262	10385
10205	9726
8991	8106
7251	6658
6537	6913
7606	8325
8876	9203
9339	9312
9157	8929
8720	8604
8592	8665
8785	8925
9063	9171
9191	9029
8577	7816
6874	5971
5306	4920
4751	4696
4680	4668
4651	4636
4640	4692
4830	5104
5540	6084
6576	6826
6703	6240
5604	4984
4499	4172
3979	3880
3875	4018
4388	5083
6158	7590
9253	10931
12348	13223
13366	12789
11781	10809
10285	10309
10694	11145
11484	11659
11703	11618
11379	10963
10446	10046
9964	10193
10488	10635
10664	10760
11012	11325
11571	11687
11682	11577
11441	11441
11795	12598
13692	14756
15539	15985
16182	16251
16272	16276
16276	16276
16276	16276
16276	16276
16276	16276
16276	16276
16276	16276
16276	16276
16276	16276
16276	16276
16276	16276
16276	16276
16276	16276
16276	16276
16276	0
16276	16276
16276	16276
16276	16276
16276	16276
16276	16276
16276	16276
16276	16276
16276	16276
16276	16276
16276	16276
16276	16276
16276	16276
16276	16276
16274	16270
16247	16172
15962	15486
14609	13308
11783	10385
9388	8831
8552	8371
8188	7952
7663	7344
7076	6930
6881	6792
6591	6379
6328	6497
6780	7028
7167	7202
7149	7005
6774	6523
6409	6608
7184	8017
8883	9586
10045	10279
10344	10246
9951	9414
8660	7836
7159	6798
6781	6996
7287	7543
7723	7820
7841	7782
7641	7447
7274	7234
7422	7859
8474	9137
9714	10107
10247	10098
9642	8921
8069	7329
6974	7128
7666	8306
8815	9104
9170	9012
8658	8197
7769	7493
7381	7395
7474	7580
7689	7778
7801	7690
7360	6797
6093	5420
4923	4636
4509	4468
4455	4447
4433	4436
4486	4628
4915	5401
6081	6864
7541	7879
7727	7131
6283	5418
4703	4205
3894	3726
3660	3701
3894	4320
5053	6141
7552	9136
10621	11660
11999	11644
10926	10322
10156	10422
10889	11311
11578	11697
11692	11554
11245	10765
10253	9940
9983	10278
10548	10644
10674	10820
11109	11421
11634	11710
11656	11508
11361	11410
11870	12776
13909	14939
15650	16035
16200	16256
16272	16276
16276	16276
16276	16276
16276	16276
16276	16276
16276	16276
16276	16276
16276	16276
16276	16276
16276	16276
16276	16276
16276	16276
16276	16276
16276	16276
16276	0
16276	16276
16276	16276
16276	16276
16276	16276
16276	16276
16276	16276
16276	16276
16276	16276
16276	16276
16276	16276
16276	16276
16276	16276
16276	16276
16274	16271
16252	16191
16021	15621
14842	13619
12098	10617
9512	8873
8573	8406
8245	8036
7766	7452
7150	6956
6872	6797
6625	6402
6287	6395
6660	6938
7124	7201
7186	7086
6893	6632
6418	6429
6801	7515
8389	9200
9795	10147
10303	10295
10116	9720
9084	8285
7502	6929
6691	6756
7000	7281
7515	7661
7726	7714
7625	7462
7261	7099
7080	7282
7709	8291
8921	9487
9898	10064
9918	9430
8672	7867
7337	7295
7683	8242
8709	8956
8938	8633
8060	7344
6681	6229
6012	5963
6004	6078
6154	6223
6251	6190
5985	5631
5186	4760
4446	4270
4196	4175
4175	4185
4213	4287
4451	4760
5265	5991
6898	7853
8632	9011
8857	8202
7223	6151
5193	4464
3985	3711
3583	3564
3652	3883
4322	5042
6089	7400
8766	9858
10405	10395
10122	9976
10166	10616
11107	11470
11664	11725
11672	11475
11094	10567
10080	9871
10020	10343
10567	10630
10687	10887
11201	11498
11673	11706
11608	11425
11279	11400
11979	12984
14137	15113
15748	16076
16213	16260
16274	16276
16276	16276
16276	16276
16276	16276
16276	16276
16276	16276
16276	16276
16276	16276
16276	16276
16276	16276
16276	16276
16276	16276
16276	16276
16276	16276
16276	0
16276	16276
16276	16276
16276	16276
16276	16276
16276	16276
16276	16276
16276	16276
16276	16276
16276	16276
16276	16276
16276	16276
16276	16276
16276	16276
16274	16271
16256	16207
16068	15734
15053	13923
12427	10884
9659	8929
8594	8444
8313	8134
7891	7585
7262	7010
6877	6798
6652	6431
6270	6302
6528	6818
7047	7168
7194	7134
6986	6748
6484	6348
6508	7039
7848	8719
9448	9939
10201	10289
10217	9958
9471	8771
7970	7252
6787	6648
6774	7032
7299	7496
7604	7634
7598	7496
7332	7134
6987	6974
7153	7530
8057	8654
9215	9623
9757	9522
8918	8140
7524	7357
7638	8131
8566	8775
8685	8252
7494	6567
5708	5108
4801	4703
4711	4757
4810	4862
4889	4870
4772	4590
4357	4136
3982	3901
3880	3892
3933	4001
4125	4340
4696	5233
5973	6900
7932	8921
9679	10034
9894	9269
8271	7087
5919	4937
4230	3801
3589	3523
3549	3660
3884	4299
4978	5936
7054	8100
8844	9249
9494	9820
10307	10855
11311	11600
11726	11736
11629	11364
10911	10364
9941	9844
10072	10379
10550	10602
10709	10963
11290	11551
11685	11675
11537	11328
11210	11429
12136	13228
14374	15279
15835	16111
16222	16261
16273	16276
16276	16276
16276	16276
16276	16276
16276	16276
16276	16276
16276	16276
16276	16276
16276	16276
16276	16276
16276	16276
16276	16276
16276	16276
16276	16276
16276	0
16276	16276
16276	16276
16276	16276
16276	16276
16276	16276
16276	16276
16276	16276
16276	16276
16276	16276
16276	16276
16276	16276
16276	16276
16276	16276
16275	16272
16258	16218
16107	15832
15251	14229
12796	11216
9880	9032
8634	8479
8371	8228
8017	7730
7397	7098
6904	6800
6676	6478
6278	6231
6394	6677
6941	7114
7179	7157
7052	6854
6584	6354
6327	6648
7313	8170
8998	9633
10025	10215
10241	10108
9781	9232
8505	7726
7074	6697
6632	6800
7063	7303
7466	7546
7568	7531
7432	7274
7088	6942
6903	7031
7344	7814
8362	8870
9191	9173
8757	8087
7498	7300
7537	8003
8416	8599
8461	7943
7067	5997
5011	4314
3948	3818
3805	3833
3871	3906
3937	3945
3916	3846
3753	3674
3630	3627
3659	3729
3844	4027
4315	4740
5336	6103
7024	8033
9039	9913
10534	10806
10685	10153
9242	8048
6742	5533
4582	3963
3639	3517
3504	3550
3649	3854
4244	4881
5740	6710
7635	8445
9171	9872
10540	11098
11479	11684
11750	11711
11541	11199
10693	10159
9835	9857
10123	10382
10503	10576
10751	11051
11367	11590
11675	11621
11442	11225
11167	11514
12355	13504
14615	15433
15911	16140
16231	16263
16274	16276
16276	16276
16276	16276
16276	16276
16276	16276
16276	16276
16276	16276
16276	16276
16276	16276
16276	16276
16276	16276
16276	16276
16276	16276
16276	16276
16276	0
16276	16276
16276	16276
16276	16276
16276	16276
16276	16276
16276	16276
16276	16276
16276	16276
16276	16276
16276	16276
16276	16276
16276	16276
16276	16276
16275	16272
16260	16225
16134	15914
15434	14547
13223	11654
10219	9226
8720	8519
8419	8298
8118	7858
7534	7205
6956	6816
6705	6533
6316	6199
6281	6533
6825	7046
7158	7173
7102	6946
6704	6435
6275	6385
6850	7608
8465	9219
9753	10063
10193	10174
9993	9616
9029	8286
7530	6935
6628	6625
6819	7079
7299	7445
7528	7558
7531	7440
7287	7104
6944	6873
6948	7192
7573	8011
8369	8480
8239	7737
7272	7147
7417	7890
8298	8467
8304	7744
6805	5665
4608	3859
3458	3308
3282	3301
3333	3366
3398	3422
3432	3427
3422	3425
3455	3518
3620	3779
4024	4387
4893	5558
6371	7292
8260	9205
10042	10700
11126	11296
11182	10751
9959	8825
7461	6089
4939	4147
3713	3535
3492	3506
3545	3636
3859	4292
4985	5925
7017	8144
9203	10114
10826	11314
11597	11723
11737	11642
11400	10981
10441	9969
9773	9901
10169	10365
10452	10571
10818	11148
11443	11618
11654	11550
11340	11139
11181	11677
12642	13814
14858	15577
15976	16163
16237	16265
16274	16276
16276	16276
16276	16276
16276	16276
16276	16276
16276	16276
16276	16276
16276	16276
16276	16276
16276	16276
16276	16276
16276	16276
16276	16276
16276	16276
16276	0
16276	16276
16276	16276
16276	16276
16276	16276
16276	16276
16276	16276
16276	16276
16276	16276
16276	16276
16276	16276
16276	16276
16276	16276
16276	16276
16274	16272
16260	16227
16150	15976
15594	14863
13691	12199
10705	9556
8889	8593
8460	8346
8185	7957
7655	7322
7036	6852
6736	6594
6386	6214
6210	6408
6705	6970
7128	7179
7141	7026
6828	6572
6343	6283
6523	7096
7890	8703
9366	9815
10067	10164
10120	9909
9492	8864
8105	7366
6826	6589
6632	6844
7097	7310
7463	7558
7600	7579
7489	7342
7165	7000
6906	6922
7068	7307
7553	7662
7528	7204
6929	6949
7310	7821
8236	8403
8226	7647
6683	5512
4426	3651
3233	3072
3042	3058
3088	3120
3155	3193
3232	3276
3331	3403
3508	3650
3854	4149
4573	5148
5880	6733
7660	8594
9463	10212
10806	11221
11460	11527
11398	11020
10307	9227
7856	6414
5160	4274
3772	3558
3498	3501
3522	3583
3757	4136
4810	5804
7036	8345
9537	10472
11113	11487
11671	11730
11690	11532
11211	10722
10189	9819
9770	9970
10208	10341
10429	10612
10922	11262
11516	11637
11623	11477
11253	11107
11281	11939
12994	14150
15092	15703
16028	16180
16242	16267
16274	16276
16276	16276
16276	16276
16276	16276
16276	16276
16276	16276
16276	16276
16276	16276
16276	16276
16276	16276
16276	16276
16276	16276
16276	16276
16276	16276
16276	0
16276	16276
16276	16276
16276	16276
16276	16276
16276	16276
16276	16276
16276	16276
16276	16276
16276	16276
16276	16276
16276	16276
16276	16276
16276	16276
16274	16272
16258	16227
16159	16021
15727	15155
14178	12823
11328	10041
9181	8733
8522	8389
8236	8031
7760	7437
7129	6899
6765	6648
6476	6280
6196	6311
6576	6867
7074	7166
7164	7091
6947	6741
6505	6332
6363	6697
7327	8106
8852	9444
9844	10080
10167	10103
9853	9389
8723	7955
7252	6776
6591	6661
6877	7124
7348	7515
7622	7666
7646	7563
7430	7272
7117	6999
6943	6957
7007	7010
6888	6695
6605	6794
7258	7809
8230	8392
8209	7625
6657	5483
4388	3604
3176	3009
2975	2994
3029	3071
3120	3181
3255	3353
3480	3645
3853	4115
4455	4917
5527	6288
7162	8085
8976	9775
10439	10943
11294	11504
11588	11554
11368	10955
10223	9140
7782	6364
5141	4279
3790	3577
3518	3525
3561	3654
3883	4348
5130	6239
7565	8901
10039	10859
11358	11612
11710	11711
11615	11384
10980	10456
9980	9754
9834	10065
10246	10334
10453	10708
11058	11378
11582	11648
11586	11414
11214	11172
11511	12316
13415	14498
15315	15816
16076	16195
16247	16267
16274	16276
16276	16276
16276	16276
16276	16276
16276	16276
16276	16276
16276	16276
16276	16276
16276	16276
16276	16276
16276	16276
16276	16276
16276	16276
16276	16276
16276	0
16276	16276
16276	16276
16276	16276
16276	16276
16276	16276
16276	16276
16276	16276
16276	16276
16276	16276
16276	16276
16276	16276
16276	16276
16276	16276
16274	16271
16258	16227
16166	16056
15842	15417
14646	13478
12050	10664
9602	8958
8628	8442
8286	8097
7851	7550
7229	6962
6793	6691
6565	6385
6240	6256
6455	6739
6986	7129
7169	7137
7049	6903
6701	6487
6362	6462
6854	7492
8236	8937
9500	9896
10127	10199
10104	9813
9309	8622
7870	7209
6780	6624
6702	6913
7170	7402
7580	7688
7732	7715
7653	7551
7420	7274
7131	7003
6883	6749
6585	6454
6487	6791
7313	7868
8272	8418
8233	7656
6704	5550
4472	3696
3272	3104
3076	3104
3155	3220
3300	3399
3533	3709
3942	4232
4578	4984
5474	6074
6806	7644
8527	9366
10092	10671
11095	11380
11538	11594
11551	11398
11089	10547
9706	8569
7252	5953
4885	4158
3757	3586
3547	3571
3650	3835
4206	4853
5819	7048
8381	9613
10574	11204
11543	11690
11720	11669
11510	11200
10734	10218
9856	9790
9964	10174
10283	10355
10529	10847
11209	11487
11631	11644
11545	11376
11249	11361
11883	12802
13887	14849
15522	15915
16114	16209
16251	16269
16274	16276
16276	16276
16276	16276
16276	16276
16276	16276
16276	16276
16276	16276
16276	16276
16276	16276
16276	16276
16276	16276
16276	16276
16276	16276
16276	16276
16276	0
16276	16276
16276	16276
16276	16276
16276	16276
16276	16276
16276	16276
16276	16276
16276	16276
16276	16276
16276	16276
16276	16276
16276	16276
16276	16276
16274	16272
16258	16233
16179	16092
15937	15638
15061	14101
12793	11368
10127	9271
8783	8525
8348	8170
7945	7669
7348	7044
6827	6719
6638	6503
6333	6256
6357	6601
6868	7062
7154	7165
7126	7040
6894	6689
6481	6387
6524	6939
7577	8317
9025	9600
9994	10204
10246	10114
9787	9256
8573	7846
7224	6816
6670	6744
6955	7212
7452	7632
7741	7787
7786	7749
7682	7586
7459	7303
7121	6915
6717	6607
6691	7017
7510	8007
8360	8477
8293	7746
6847	5755
4736	4002
3595	3439
3422	3472
3555	3664
3794	3958
4172	4449
4803	5227
5707	6233
6814	7466
8199	8972
9720	10368
10873	11228
11455	11571
11593	11516
11336	11021
10525	9789
8807	7633
6415	5322
4492	3965
3689	3580
3570	3628
3787	4112
4695	5579
6732	8026
9271	10304
11033	11463
11664	11723
11698	11591
11363	10976
10483	10038
9834	9910
10124	10273
10327	10413
10654	11011
11350	11572
11653	11620
11501	11370
11365	11671
12374	13358
14369	15176
15700	15994
16143	16218
16255	16269
16274	16276
16276	16276
16276	16276
16276	16276
16276	16276
16276	16276
16276	16276
16276	16276
16276	16276
16276	16276
16276	16276
16276	16276
16276	16276
16274	16274
16271	0
16275	16276
16276	16276
16276	16276
16276	16276
16276	16276
16276	16276
16276	16276
16276	16276
16276	16276
16276	16276
16276	16276
16276	16276
16276	16276
16274	16272
16261	16235
16191	16123
16016	15816
15399	14637
13484	12077
10709	9649
8985	8629
8419	8245
8040	7786
7475	7148
6886	6748
6689	6604
6448	6303
6301	6473
6736	6971
7115	7169
7170	7132
7043	6879
6654	6442
6359	6519
6970	7665
8469	9214
9785	10139
10301	10295
10126	9775
9237	8569
7872	7277
6882	6727
6784	6981
7230	7466
7648	7762
7823	7848
7847	7822
7766	7664
7512	7326
7154	7068
7149	7422
7816	8202
8474	8557
8391	7911
7121	6159
5262	4612
4258	4133
4139	4220
4346	4504
4697	4931
5225	5596
6042	6553
7099	7660
8231	8824
9434	10038
10580	11012
11315	11500
11584	11580
11483	11267
10906	10379
9659	8741
7671	6547
5509	4675
4102	3770
3614	3563
3586	3696
3963	4473
5297	6415
7708	8985
10070	10866
11369	11630
11727	11725
11647	11473
11162	10715
10242	9928
9894	10072
10267	10343
10375	10514
10814	11179
11475	11631
11654	11582
11466	11407
11564	12074
12924	13923
14814	15453
15838	16047
16162	16224
16256	16270
16274	16276
16276	16276
16276	16276
16276	16276
16276	16276
16276	16276
16276	16276
16276	16276
16276	16276
16276	16276
16276	16276
16276	16276
16274	16268
16260	16251
16241	0
16248	16276
16273	16276
16276	16276
16276	16276
16276	16276
16276	16276
16276	16276
16276	16276
16276	16276
16276	16276
16276	16276
16276	16276
16276	16276
16275	16272
16262	16242
16205	16154
16082	15949
15655	15062
14071	12734
11296	10062
9221	8747
8496	8320
8135	7907
7619	7288
6986	6796
6721	6672
6553	6388
6295	6377
6601	6862
7053	7155
7187	7184
7133	7016
6810	6546
6311	6252
6493	7086
7930	8819
9554	10044
10304	10390
10339	10142
9782	9257
8614	7946
7362	6954
6765	6787
6960	7202
7439	7629
7763	7857
7920	7963
7976	7946
7869	7758
7651	7609
7680	7875
8146	8409
8597	8654
8525	8151
7531	6771
6062	5555
5284	5203
5243	5357
5523	5726
5962	6241
6578	6983
7453	7961
8475	8970
9438	9889
10326	10734
11080	11336
11496	11565
11550	11438
11203	10808
10231	9468
8550	7528
6482	5517
4726	4159
3811	3629
3557	3548
3602	3773
4153	4852
5900	7206
8568	9769
10670	11254
11577	11721
11748	11696
11561	11311
10916	10436
10037	9885
10003	10223
10360	10385
10439	10650
10993	11336
11573	11662
11638	11538
11443	11486
11823	12521
13471	14427
15182	15663
15930	16079
16171	16225
16256	16270
16274	16276
16276	16276
16276	16276
16276	16276
16276	16276
16276	16276
16276	16276
16276	16276
16276	16276
16276	16276
16276	16276
16276	16274
16268	16245
16202	16135
16084	0
16017	16276
16246	16276
16276	16276
16276	16276
16276	16276
16276	16276
16276	16276
16276	16276
16276	16276
16276	16276
16276	16276
16276	16276
16276	16276
16275	16272
16264	16247
16217	16178
16130	16040
15829	15373
14533	13298
11841	10477
9466	8868
8563	8384
8220	8021
7764	7450
7121	6868
6743	6700
6628	6473
6326	6312
6476	6736
6971	7119
7184	7196
7169	7081
6903	6629
6315	6107
6190	6681
7528	8509
9366	9958
10288	10432
10454	10373
10170	9818
9312	8693
8030	7418
6959	6722
6717	6887
7143	7403
7629	7802
7936	8031
8092	8111
8098	8062
8028	8033
8100	8235
8408	8577
8702	8750
8670	8426
8007	7493
7014	6676
6509	6483
6555	6697
6885	7106
7351	7628
7946	8313
8724	9152
9562	9934
10265	10565
10844	11096
11308	11452
11524	11510
11401	11163
10759	10155
9351	8391
7356	6341
5433	4696
4160	3819
3633	3549
3522	3535
3614	3836
4315	5158
6368	7787
9164	10278
11036	11472
11682	11754
11741	11647
11454	11118
10652	10176
9886	9899
10122	10328
10394	10403
10522	10808
11169	11473
11642	11676
11608	11492
11432	11592
12101	12950
13948	14835
15454	15806
15990	16096
16173	16226
16256	16270
16274	16276
16276	16276
16276	16276
16276	16276
16276	16276
16276	16276
16276	16276
16276	16276
16276	16276
16276	16276
16276	16276
16275	16272
16248	16177
16012	15680
15482	0
14878	16276
16101	16276
16274	16276
16276	16276
16276	16276
16276	16276
16276	16276
16276	16276
16276	16276
16276	16276
16276	16276
16276	16276
16276	16276
16276	16273
16266	16251
16228	16199
16161	16098
15944	15577
14863	13732
12292	10840
9692	8980
8618	8431
8282	8114
7893	7603
7259	6950
6762	6702
6663	6542
6367	6273
6371	6617
6884	7076
7168	7192
7171	7094
6929	6658
6314	6037
6034	6467
7315	8344
9264	9911
10277	10450
10512	10501
10407	10204
9855	9348
8701	7978
7298	6797
6564	6611
6840	7152
7460	7721
7918	8061
8147	8193
8211	8222
8240	8282
8352	8453
8571	8685
8779	8825
8799	8671
8439	8151
7884	7701
7629	7651
7750	7903
8097	8312
8538	8773
9030	9318
9630	9948
10242	10496
10716	10908
11086	11248
11381	11465
11478	11398
11195	10828
10250	9448
8454	7366
6306	5387
4666	4152
3824	3637
3547	3509
3504	3529
3625	3875
4413	5336
6624	8091
9464	10522
11199	11561
11719	11760
11719	11592
11340	10931
10418	9967
9796	9941
10218	10383
10392	10415
10606	10951
11313	11569
11681	11672
11573	11446
11427	11689
12340	13300
14314	15127
15638	15897
16023	16106
16174	16225
16255	16269
16274	16276
16276	16276
16276	16276
16276	16276
16276	16276
16276	16276
16276	16276
16276	16276
16276	16276
16276	16276
16276	16276
16274	16265
16214	16039
15606	14593
14070	0
11861	16276
15706	16276
16268	16276
16276	16276
16276	16276
16276	16276
16276	16276
16276	16276
16276	16276
16276	16276
16276	16276
16276	16276
16276	16276
16276	16273
16267	16253
16233	16209
16178	16129
16002	15692
15060	14003
12588	11089
9850	9055
8654	8461
8323	8174
7979	7710
7366	7018
6780	6695
6675	6583
6395	6252
6298	6528
6818	7040
7156	7183
7159	7081
6920	6651
6302	6004
5976	6393
7243	8288
9234	9897
10274	10456
10536	10560
10530	10420
10183	9781
9183	8425
7611	6921
6508	6432
6621	6956
7322	7645
7896	8066
8167	8222
8254	8287
8332	8390
8466	8554
8650	8742
8822	8876
8881	8832
8727	8590
8464	8389
8378	8432
8544	8704
8893	9092
9290	9481
9677	9892
10124	10360
10573	10755
10911	11045
11173	11295
11394	11449
11427	11297
11021	10550
9842	8900
7785	6639
5604	4789
4218	3863
3659	3557
3512	3493
3497	3527
3629	3890
4449	5399
6712	8191
9554	10591
11241	11580
11722	11752
11700	11550
11257	10799
10258	9840
9755	9988
10281	10404
10380	10423
10671	11053
11406	11624
11701	11664
11543	11415
11422	11755
12500	13522
14534	15297
15740	15945
16043	16112
16174	16224
16254	16269
16274	16276
16276	16276
16276	16276
16276	16276
16276	16276
16276	16276
16276	16276
16276	16276
16276	16276
16276	16276
16276	16276
16274	16257
16177	15873
15100	13157
12222	0
