7876	7065
7237	6837
6748	6595
6519	6468
6439	6413
6385	6358
6326	6292
6257	6222
6189	6157
6125	6091
6046	5991
5924	5844
5760	5688
5630	5599
5593	5609
5634	5663
5683	5683
5656	5606
5533	5450
5374	5317
5281	5272
5278	5291
5299	5296
5282	5262
5237	5209
5185	5166
5160	5178
5216	5294
5424	5633
5947	6400
7007	7759
8613	9487
10288	10925
11323	11447
11326	11017
10639	10308
10142	10196
10468	10897
11383	11838
12210	12489
12696	12867
13022	13147
13214	13177
13004	12688
12256	11751
11236	10761
10363	10057
9841	9697
9593	9504
9409	9305
9209	9148
9129	9146
9162	9142
9055	8894
8670	8404
8123	7840
7563	7298
7046	6822
6634	6498
6422	6406
6445	6528
6638	6770
6908	7052
7195	7335
7472	7603
7733	7869
8013	8166
8337	8526
8726	8936
9152	9372
9598	9830
10073	10329
10601	10884
11178	11476
11783	12087
12394	12694
12984	13251
13492	13703
13883	14029
14151	14246
14318	14367
14381	14362
14298	14182
14018	13806
13544	13243
12906	12540
12156	11761
11362	10961
10568	10188
9832	9511
9233	9009
8844	8738
8695	8713
8791	8922
9105	9335
9597	9885
10190	10500
10805	11099
11368	11610
11817	11988
12117	12201
12239	12233
12184	12102
11992	11863
11728	11588
11450	11311
11170	11021
10860	10691
10515	10337
10168	10009
9880	9759
9715	9564
9687	0
9362	7065
7401	6840
6775	6597
6519	6468
6435	6409
6384	6354
6321	6286
6251	6213
6179	6144
6106	6061
6009	5946
5872	5789
5712	5642
5591	5566
5562	5573
5599	5620
5632	5623
5596	5545
5475	5401
5337	5289
5268	5264
5277	5292
5299	5294
5276	5247
5213	5176
5141	5115
5103	5109
5140	5208
5327	5524
5822	6256
6848	7589
8437	9320
10147	10822
11271	11463
11410	11175
10862	10585
10444	10497
10742	11118
11548	11953
12285	12537
12730	12890
13031	13135
13175	13105
12904	12572
12140	11659
11176	10742
10383	10110
9914	9779
9675	9576
9467	9350
9246	9176
9150	9155
9160	9130
9041	8885
8681	8443
8191	7937
7680	7426
7176	6943
6740	6583
6480	6435
6451	6508
6600	6718
6848	6985
7125	7263
7396	7525
7652	7783
7921	8073
8242	8427
8626	8838
9054	9271
9492	9716
9951	10197
10460	10742
11039	11351
11673	12001
12327	12653
12958	13241
13494	13711
13893	14040
14157	14246
14313	14348
14355	14321
14244	14114
13935	13708
13435	13117
12770	12396
12007	11608
11210	10815
10430	10064
9729	9426
9179	8983
8845	8769
8752	8795
8893	9045
9242	9477
9742	10030
10330	10630
10929	11209
11468	11699
11890	12048
12161	12232
12261	12243
12188	12099
11984	11851
11713	11571
11427	11284
11135	10976
10813	10639
10459	10281
10106	9949
9821	9704
9663	9521
9645	0
9331	7065
7400	6840
6775	6596
6517	6465
6430	6404
6378	6349
6318	6282
6244	6205
6166	6122
6075	6018
5954	5880
5802	5717
5643	5580
5540	5520
5516	5527
5542	5554
5555	5540
5507	5457
5396	5335
5284	5255
5246	5254
5273	5288
5293	5283
5256	5218
5173	5126
5080	5044
5022	5018
5041	5099
5203	5382
5659	6068
6634	7355
8195	9086
9943	10670
11190	11467
11507	11370
11147	10938
10834	10880
11085	11401
11755	12094
12373	12595
12770	12919
13040	13115
13111	12998
12760	12411
11984	11528
11094	10710
10403	10172
10006	9886
9785	9678
9558	9428
9313	9232
9193	9182
9168	9123
9026	8879
8695	8486
8268	8044
7814	7576
7336	7104
6890	6715
6589	6517
6496	6527
6592	6685
6798	6923
7050	7179
7301	7425
7544	7667
7801	7944
8108	8292
8488	8702
8915	9128
9343	9559
9778	10013
10266	10544
10846	11171
11513	11867
12223	12577
12909	13214
13483	13712
13898	14047
14160	14244
14297	14323
14310	14258
14162	14012
13813	13565
13270	12943
12580	12195
11797	11399
11000	10615
10243	9901
9594	9329
9114	8958
8862	8824
8847	8923
9051	9225
9437	9677
9949	10233
10524	10813
11097	11364
11604	11817
11991	12128
12223	12275
12282	12253
12186	12089
11967	11830
11686	11539
11388	11236
11080	10918
10741	10562
10375	10193
10018	9862
9736	9625
9593	9460
9585	0
9282	7066
7391	6843
6775	6596
6515	6461
6426	6398
6374	6345
6313	6277
6237	6194
6147	6094
6032	5961
5883	5799
5715	5634
5568	5515
5479	5462
5459	5459
5464	5460
5450	5427
5393	5345
5298	5253
5223	5209
5215	5234
5261	5276
5279	5260
5226	5174
5117	5056
5000	4954
4923	4911
4923	4970
5064	5221
5473	5856
6384	7077
7898	8796
9680	10467
11067	11444
11599	11575
11450	11319
11249	11294
11451	11693
11968	12233
12459	12648
12804	12937
13032	13070
13017	12853
12575	12210
11792	11373
10988	10666
10414	10234
10102	10003
9908	9800
9669	9537
9415	9327
9274	9242
9201	9133
9022	8876
8703	8518
8329	8134
7934	7725
7506	7289
7086	6905
6765	6670
6620	6618
6654	6718
6805	6902
7007	7113
7220	7324
7424	7534
7652	7789
7946	8122
8319	8529
8742	8954
9161	9363
9572	9791
10033	10307
10611	10944
11309	11686
12073	12459
12820	13155
13447	13693
13891	14044
14154	14229
14271	14278
14245	14170
14048	13876
13650	13378
13064	12710
12334	11938
11538	11135
10744	10372
10027	9713
9442	9221
9055	8950
8905	8916
8982	9099
9259	9458
9689	9941
10212	10488
10768	11043
11307	11550
11770	11958
12110	12220
12291	12317
12306	12258
12177	12070
11942	11795
11643	11488
11331	11170
11003	10829
10646	10455
10266	10077
9901	9748
9628	9526
9500	9382
9505	0
9224	7063
7381	6841
6773	6591
6510	6454
6419	6392
6368	6340
6309	6271
6229	6179
6121	6055
5976	5891
5801	5710
5625	5551
5492	5444
5415	5396
5383	5375
5361	5343
5321	5293
5259	5221
5189	5162
5149	5156
5178	5207
5237	5253
5252	5224
5180	5115
5049	4979
4915	4860
4821	4804
4809	4844
4926	5064
5292	5635
6124	6775
7571	8460
9374	10213
10899	11381
11654	11747
11729	11670
11638	11672
11785	11953
12149	12340
12520	12674
12815	12926
12992	12985
12884	12668
12356	11977
11576	11195
10865	10602
10408	10273
10182	10108
10028	9927
9801	9669
9551	9461
9396	9338
9268	9166
9035	8881
8715	8541
8372	8199
8023	7849
7667	7486
7314	7157
7022	6921
6861	6832
6837	6868
6914	6972
7037	7103
7172	7242
7319	7402
7500	7619
7761	7929
8121	8328
8539	8748
8952	9147
9341	9548
9782	10049
10352	10694
11068	11467
11879	12293
12686	13049
13370	13639
13856	14018
14131	14201
14228	14213
14160	14057
13908	13706
13452	13153
12812	12443
12044	11643
11236	10839
10464	10112
9797	9523
9300	9133
9025	8980
8989	9055
9165	9325
9518	9743
9989	10251
10516	10784
11049	11303
11543	11761
11950	12111
12231	12312
12355	12358
12322	12252
12158	12035
11896	11744
11584	11419
11250	11076
10899	10714
10519	10320
10123	9933
9760	9613
9503	9411
9397	9291
9421	0
9156	7063
7369	6841
6769	6589
6505	6447
6410	6384
6359	6333
6303	6263
6218	6157
6087	6002
5908	5809
5710	5618
5537	5470
5414	5373
5343	5317
5292	5266
5237	5208
5177	5146
5121	5095
5075	5069
5075	5096
5128	5166
5198	5213
5206	5174
5119	5048
4971	4896
4827	4768
4729	4707
4708	4740
4805	4924
5120	5423
5864	6466
7222	8097
9025	9913
10681	11269
11654	11860
11937	11946
11945	11970
12038	12140
12265	12396
12534	12661
12783	12872
12906	12857
12706	12448
12108	11728
11346	11004
10725	10515
10371	10282
10227	10178
10120	10032
9926	9811
9709	9626
9551	9466
9365	9233
9076	8908
8736	8565
8399	8240
8092	7954
7819	7695
7576	7464
7367	7287
7233	7198
7182	7177
7176	7179
7183	7192
7204	7224
7252	7297
7362	7453
7576	7731
7913	8113
8323	8529
8726	8918
9105	9304
9529	9787
10088	10432
10810	11218
11646	12077
12496	12890
13241	13543
13781	13960
14081	14148
14162	14130
14047	13919
13738	13504
13219	12892
12530	12138
11734	11323
10921	10537
10181	9861
9586	9360
9191	9087
9040	9054
9124	9239
9400	9597
9820	10062
10323	10584
10846	11104
11347	11577
11787	11974
12132	12259
12346	12398
12409	12381
12321	12233
12118	11981
11829	11665
11495	11319
11142	10955
10768	10567
10365	10159
9961	9769
9601	9461
9363	9288
9285	9201
9332	0
9092	7060
7357	6838
6764	6583
6497	6438
6400	6374
6352	6327
6296	6254
6197	6127
6042	5940
5831	5721
5620	5527
5453	5393
5346	5305
5269	5229
5189	5145
5102	5061
5028	4998
4979	4971
4966	4978
4999	5031
5071	5109
5141	5154
5143	5107
5048	4972
4893	4818
4747	4692
4654	4631
4630	4653
4707	4804
4967	5224
5612	6153
6862	7711
8643	9570
10414	11096
11591	11896
12058	12127
12147	12165
12193	12243
12311	12397
12492	12599
12693	12758
12759	12671
12479	12194
11844	11473
11120	10816
10578	10410
10305	10248
10221	10198
10161	10101
10025	9940
9869	9795
9719	9618
9484	9323
9146	8963
8784	8606
8441	8290
8159	8058
7978	7920
7871	7829
7795	7763
7741	7720
7693	7656
7606	7545
7474	7404
7338	7286
7252	7241
7261	7314
7408	7541
7706	7896
8097	8303
8498	8686
8872	9067
9288	9544
9838	10176
10552	10961
11387	11827
12261	12678
13058	13388
13657	13862
13997	14065
14071	14019
13915	13755
13543	13278
12966	12613
12226	11820
11407	11001
10610	10249
9920	9641
9413	9248
9140	9097
9116	9188
9311	9478
9680	9907
10156	10415
10677	10939
11192	11430
11651	11852
12029	12180
12304	12391
12445	12463
12441	12387
12303	12194
12059	11905
11741	11562
11378	11192
10999	10805
10603	10394
10185	9977
9777	9594
9433	9308
9219	9165
9176	9110
9246	0
9026	7054
7343	6832
6756	6577
6489	6427
6389	6362
6341	6320
6286	6237
6171	6087
5984	5870
5748	5630
5530	5447
5380	5326
5280	5234
5185	5129
5071	5011
4958	4910
4875	4856
4851	4854
4867	4887
4919	4957
4999	5037
5067	5079
5067	5031
4970	4899
4822	4749
4686	4634
4598	4577
4572	4589
4626	4701
4826	5039
5369	5850
6501	7312
8239	9198
10102	10873
11461	11863
12097	12212
12254	12260
12260	12265
12289	12333
12399	12474
12543	12580
12550	12430
12215	11921
11580	11231
10911	10643
10440	10297
10216	10182
10170	10169
10156	10126
10089	10049
10007	9958
9880	9761
9611	9430
9244	9055
8870	8686
8517	8369
8258	8189
8164	8169
8198	8238
8278	8317
8347	8356
8335	8275
8177	8045
7892	7734
7581	7443
7332	7253
7213	7216
7269	7367
7507	7683
7877	8071
8267	8455
8645	8844
9066	9321
9615	9945
10312	10702
11120	11550
11988	12417
12820	13182
13484	13717
13871	13947
13950	13884
13753	13565
13322	13032
12689	12312
11910	11497
11084	10685
10317	9985
9702	9470
9304	9197
9158	9177
9256	9385
9559	9765
9997	10248
10511	10777
11041	11293
11530	11748
11943	12113
12256	12370
12455	12507
12525	12509
12457	12376
12265	12130
11976	11806
11621	11429
11232	11029
10826	10619
10407	10196
9985	9777
9584	9409
9262	9151
9082	9042
9072	9025
9163	0
8967	7047
7327	6825
6746	6567
6478	6416
6377	6351
6333	6305
6267	6212
6136	6034
5917	5788
5660	5545
5447	5370
5307	5256
5206	5153
5089	5019
4944	4873
4810	4766
4738	4730
4734	4749
4773	4802
4834	4871
4911	4947
4978	4988
4979	4943
4893	4827
4755	4690
4635	4590
4559	4538
4532	4535
4557	4609
4702	4865
5137	5555
6145	6911
7818	8796
9752	10602
11281	11769
12071	12227
12286	12287
12264	12235
12221	12226
12257	12300
12337	12341
12286	12147
11930	11649
11335	11022
10739	10503
10323	10196
10123	10091
10092	10100
10110	10115
10123	10128
10125	10094
10021	9894
9730	9547
9362	9180
8997	8819
8649	8507
8409	8368
8390	8455
8553	8672
8793	8906
8997	9041
9033	8956
8817	8623
8390	8146
7904	7683
7488	7335
7225	7171
7169	7227
7333	7484
7660	7849
8041	8232
8425	8635
8866	9126
9418	9741
10091	10461
10854	11265
11691	12118
12536	12923
13255	13519
13699	13788
13792	13715
13568	13356
13084	12764
12400	12005
11595	11177
10773	10395
10059	9768
9537	9366
9262	9221
9247	9327
9463	9640
9851	10088
10346	10610
10878	11144
11399	11638
11856	12048
12211	12347
12454	12531
12579	12592
12575	12527
12445	12335
12200	12043
11867	11675
11472	11264
11047	10834
10615	10403
10185	9974
9764	9567
9384	9223
9093	9001
8949	8932
8974	8946
9093	0
8914	7038
7309	6814
6735	6556
6468	6404
6366	6344
6323	6294
6247	6181
6089	5974
5842	5704
5575	5463
5372	5299
5238	5183
5123	5054
4975	4891
4804	4730
4671	4632
4614	4619
4632	4657
4684	4713
4744	4778
4812	4847
4874	4888
4881	4857
4813	4756
4697	4640
4594	4559
4530	4509
4495	4488
4494	4519
4578	4699
4915	5274
5802	6518
7399	8382
9382	10303
11063	11630
12001	12203
12278	12273
12227	12168
12119	12087
12078	12085
12087	12062
11988	11847
11644	11396
11125	10859
10616	10408
10243	10120
10047	10011
10006	10024
10053	10093
10141	10193
10220	10207
10131	10004
9839	9665
9494	9330
9164	8997
8833	8701
8619	8607
8659	8775
8930	9111
9300	9474
9611	9685
9685	9593
9417	9175
8883	8571
8258	7962
7701	7475
7296	7177
7118	7123
7190	7307
7462	7637
7822	8016
8220	8438
8679	8948
9246	9559
9892	10240
10600	10986
11386	11801
12222	12624
12982	13275
13479	13589
13596	13518
13354	13121
12828	12487
12104	11702
11286	10877
10493	10147
9850	9614
9442	9336
9298	9324
9410	9545
9727	9944
10188	10447
10716	10986
11252	11506
11746	11963
12156	12320
12453	12556
12621	12660
12666	12644
12591	12511
12400	12265
12106	11927
11728	11515
11292	11063
10833	10605
10382	10161
9947	9738
9539	9353
9189	9047
8934	8860
8831	8833
8892	8883
9034	0
8872	7023
7292	6800
6722	6543
6457	6395
6359	6336
6312	6276
6221	6139
6032	5901
5760	5619
5491	5380
5293	5222
5155	5091
5022	4937
4848	4754
4667	4594
4542	4511
4504	4514
4540	4565
4596	4624
4651	4679
4711	4739
4766	4781
4785	4766
4731	4685
4638	4592
4554	4522
4497	4475
4454	4439
4429	4432
4464	4545
4714	5015
5484	6147
6993	7973
9002	9983
10825	11473
11911	12157
12251	12245
12180	12093
12004	11930
11879	11846
11809	11761
11676	11547
11378	11178
10962	10748
10545	10366
10210	10091
10006	9963
9949	9972
10016	10086
10169	10251
10300	10294
10220	10091
9938	9783
9638	9501
9361	9212
9066	8951
8885	8893
8972	9117
9311	9532
9757	9963
10118	10200
10187	10076
9873	9596
9269	8918
8567	8231
7916	7639
7404	7226
7108	7060
7079	7159
7285	7445
7621	7816
8021	8252
8502	8781
9078	9391
9709	10031
10360	10712
11081	11480
11889	12296
12670	12984
13211	13340
13360	13284
13112	12866
12556	12199
11807	11402
10992	10604
10250	9948
9704	9529
9425	9387
9414	9503
9642	9826
10045	10290
10551	10824
11094	11358
11613	11851
12070	12264
12426	12557
12654	12720
12750	12749
12716	12659
12570	12459
12322	12163
11982	11778
11558	11323
11081	10836
10590	10354
10122	9904
9693	9497
9314	9147
9002	8880
8792	8739
8729	8749
8826	8833
8990	0
8840	7005
7273	6784
6707	6531
6449	6390
6357	6332
6305	6262
6194	6096
5971	5829
5678	5536
5407	5301
5210	5132
5057	4981
4895	4801
4706	4613
4531	4466
4423	4407
4409	4426
4453	4482
4507	4533
4554	4578
4603	4634
4658	4681
4688	4677
4652	4618
4576	4541
4508	4482
4458	4433
4409	4382
4362	4350
4360	4410
4541	4790
5200	5809
6614	7582
8630	9664
10579	11307
11812	12107
12224	12218
12132	12011
11881	11764
11668	11589
11524	11455
11372	11266
11136	10990
10835	10674
10519	10366
10230	10108
10021	9965
9946	9968
10024	10116
10224	10320
10374	10364
10289	10167
10028	9902
9792	9689
9575	9453
9327	9228
9182	9204
9303	9462
9673	9904
10134	10328
10463	10516
10470	10332
10106	9814
9481	9128
8772	8427
8101	7798
7530	7301
7132	7030
7000	7041
7138	7272
7436	7623
7834	8067
8328	8613
8914	9219
9529	9828
10132	10448
10787	11155
11548	11946
12327	12654
12902	13044
13081	13006
12840	12586
12270	11905
11516	11118
10730	10370
10062	9812
9631	9523
9487	9515
9606	9750
9937	10158
10400	10661
10931	11203
11466	11720
11957	12175
12365	12528
12659	12756
12817	12843
12833	12794
12725	12630
12511	12370
12207	12024
11819	11596
11352	11101
10838	10578
10324	10080
9852	9639
9440	9260
9096	8955
8832	8736
8671	8640
8651	8689
8779	8795
8960	0
8819	6990
7258	6770
6693	6522
6443	6390
6361	6334
6302	6243
6161	6045
5906	5752
5593	5447
5318	5208
5113	5022
4934	4843
4747	4647
4554	4467
4395	4346
4316	4310
4322	4342
4371	4399
4420	4441
4458	4477
4502	4528
4556	4580
4592	4593
4576	4552
4518	4487
4460	4436
4409	4383
4355	4327
4297	4278
4269	4301
4400	4604
4965	5517
6276	7221
8282	9357
10337	11140
11718	12060
12204	12197
12088	11931
11756	11591
11450	11337
11240	11161
11085	11004
10919	10829
10730	10627
10511	10397
10281	10176
10088	10030
10005	10024
10086	10186
10299	10395
10441	10419
10339	10227
10115	10020
9948	9879
9797	9698
9596	9515
9486	9522
9626	9791
9993	10204
10397	10543
10619	10610
10514	10335
10090	9803
9489	9164
8840	8524
8215	7918
7636	7386
7178	7032
6958	6955
7014	7124
7273	7450
7654	7890
8151	8440
8739	9042
9335	9619
9898	10186
10495	10837
11208	11592
11967	12299
12555	12712
12764	12701
12537	12290
11976	11618
11240	10861
10507	10192
9936	9751
9642	9603
9633	9728
9873	10061
10283	10525
10783	11050
11318	11578
11830	12062
12276	12465
12627	12755
12850	12911
12935	12921
12874	12797
12691	12563
12412	12241
12052	11843
11616	11372
11113	10841
10569	10301
10045	9805
9582	9381
9202	9040
8902	8781
8689	8617
8573	8565
8594	8647
8750	8779
8948	0
8814	6977
7248	6761
6687	6523
6449	6401
6372	6345
6300	6230
6124	5992
5835	5670
5504	5356
5219	5102
4990	4886
4783	4680
4576	4481
4392	4321
4267	4234
4217	4219
4236	4260
4286	4311
4330	4346
4362	4382
4403	4432
4461	4490
4508	4512
4506	4487
4460	4435
4412	4388
4362	4336
4305	4276
4243	4218
4206	4222
4296	4462
4775	5279
5992	6910
7966	9069
10109	10982
11624	12018
12188	12179
12047	11851
11628	11420
11233	11085
10970	10883
10816	10760
10716	10671
10625	10571
10507	10434
10351	10269
10194	10140
10113	10129
10187	10282
10383	10463
10492	10458
10377	10283
10197	10142
10105	10069
10010	9938
9857	9797
9778	9820
9921	10074
10244	10409
10536	10600
10588	10497
10336	10120
9867	9593
9319	9044
8778	8513
8249	7982
7715	7457
7231	7053
6940	6898
6924	7006
7131	7294
7488	7716
7972	8254
8550	8844
9128	9397
9659	9925
10211	10526
10873	11239
11601	11927
12187	12354
12415	12367
12217	11980
11679	11339
10986	10645
10333	10077
9888	9775
9735	9767
9864	10012
10201	10424
10664	10920
11181	11442
11697	11939
12170	12377
12561	12717
12844	12937
12996	13018
13003	12952
12870	12754
12614	12452
12270	12073
11858	11627
11377	11115
10840	10562
10284	10016
9764	9535
9327	9146
8985	8848
8734	8641
8571	8524
8504	8515
8560	8628
8742	8777
8951	0
8818	6965
7243	6755
6689	6531
6466	6425
6393	6361
6303	6213
6087	5935
5761	5584
5410	5249
5103	4971
4845	4723
4609	4495
4393	4304
4232	4180
4142	4125
4125	4136
4157	4180
4202	4224
4242	4257
4274	4291
4314	4343
4378	4410
4435	4445
4445	4429
4410	4387
4364	4341
4318	4292
4263	4232
4205	4180
4165	4174
4227	4368
4637	5095
5759	6643
7694	8818
9900	10836
11537	11978
12170	12160
12005	11768
11498	11244
11019	10841
10712	10621
10564	10530
10513	10507
10503	10497
10476	10450
10409	10359
10307	10262
10240	10252
10298	10373
10449	10503
10512	10471
10398	10327
10277	10255
10249	10241
10209	10155
10093	10046
10037	10079
10172	10293
10416	10511
10548	10513
10407	10230
10005	9757
9503	9258
9034	8824
8628	8431
8224	8001
7765	7519
7288	7092
6949	6871
6865	6914
7015	7156
7336	7546
7794	8061
8345	8629
8902	9160
9409	9656
9927	10221
10547	10891
11236	11552
11809	11981
12052	12020
11890	11672
11397	11088
10772	10477
10225	10037
9919	9879
9911	10009
10161	10355
10578	10822
11073	11331
11583	11831
12063	12282
12479	12656
12805	12928
13018	13074
13094	13080
13026	12937
12815	12667
12493	12300
12089	11862
11624	11367
11101	10823
10542	10263
9985	9729
9498	9286
9099	8940
8805	8692
8604	8535
8489	8464
8464	8494
8553	8632
8755	8793
8972	0
8836	6958
7247	6758
6702	6554
6498	6460
6429	6384
6308	6195
6045	5869
5679	5487
5300	5128
4966	4814
4671	4535
4412	4299
4202	4129
4072	4039
4023	4020
4031	4050
4072	4097
4120	4142
4157	4173
4187	4211
4235	4266
4303	4339
4369	4388
4391	4385
4368	4347
4323	4303
4279	4255
4229	4207
4182	4163
4150	4154
4196	4312
4550	4962
5586	6433
7465	8598
9714	10697
11452	11937
12151	12138
11957	11681
11368	11067
10809	10610
10467	10377
10329	10311
10314	10331
10359	10386
10413	10432
10434	10421
10397	10368
10346	10349
10377	10426
10474	10498
10488	10446
10391	10348
10333	10348
10368	10380
10367	10331
10286	10251
10249	10284
10355	10436
10498	10510
10454	10322
10119	9868
9595	9321
9077	8870
8704	8565
8440	8310
8165	7994
7793	7571
7348	7140
6976	6870
6827	6848
6919	7040
7195	7389
7615	7868
8132	8403
8664	8913
9151	9392
9648	9929
10235	10561
10890	11192
11440	11614
11695	11679
11568	11382
11142	10875
10610	10373
10187	10069
10027	10060
10161	10315
10514	10741
10985	11238
11490	11739
11977	12199
12404	12592
12757	12899
13010	13094
13146	13161
13144	13090
13000	12875
12720	12538
12334	12110
11870	11614
11352	11079
10798	10516
10235	9960
9704	9466
9260	9074
8917	8783
8675	8587
8520	8473
8447	8439
8457	8498
8572	8658
8785	8824
9006	0
8864	6955
7260	6773
6730	6590
6546	6511
6476	6415
6314	6173
5998	5798
5586	5376
5177	4986
4808	4637
4482	4336
4206	4098
4013	3954
3920	3904
3904	3913
3935	3961
3989	4016
4042	4063
4084	4098
4117	4136
4162	4197
4240	4280
4316	4341
4352	4346
4334	4314
4290	4270
4248	4229
4208	4192
4177	4164
4156	4157
4191	4292
4499	4873
5459	6270
7282	8414
9554	10570
11371	11887
12120	12104
11901	11591
11234	10896
10607	10390
10245	10156
10116	10109
10121	10155
10202	10256
10313	10365
10405	10424
10425	10414
10401	10396
10406	10425
10442	10445
10422	10387
10354	10341
10356	10398
10442	10473
10474	10456
10423	10400
10398	10427
10463	10496
10489	10421
10277	10062
9785	9476
9165	8884
8655	8491
8384	8318
8263	8201
8113	7989
7827	7634
7422	7212
7031	6896
6820	6808
6849	6939
7069	7241
7444	7673
7920	8174
8423	8666
8898	9133
9379	9648
9939	10250
10563	10851
11092	11267
11356	11361
11279	11127
10928	10712
10502	10333
10220	10177
10204	10304
10462	10665
10901	11148
11406	11658
11902	12133
12346	12540
12713	12863
12994	13093
13167	13209
13220	13200
13142	13051
12924	12768
12578	12366
12133	11880
11613	11337
11055	10767
10480	10201
9930	9676
9441	9238
9058	8907
8782	8679
8597	8531
8485	8457
8445	8453
8482	8537
8615	8706
8834	8868
9053	0
8898	6963
7280	6798
6770	6641
6607	6571
6528	6449
6324	6151
5945	5717
5482	5252
5033	4824
4628	4446
4276	4126
4000	3901
3832	3791
3775	3775
3787	3813
3841	3875
3909	3943
3971	3998
4019	4035
4052	4075
4104	4141
4187	4231
4273	4303
4315	4316
4300	4282
4259	4236
4218	4202
4193	4186
4179	4175
4173	4177
4207	4290
4476	4818
5366	6146
7133	8261
9409	10456
11285	11830
12079	12056
11836	11491
11102	10730
10422	10193
10042	9961
9927	9931
9955	9998
10051	10115
10186	10257
10317	10360
10382	10386
10380	10372
10370	10369
10368	10353
10331	10305
10292	10304
10344	10398
10462	10504
10524	10521
10506	10491
10488	10498
10504	10478
10404	10270
10055	9778
9450	9103
8770	8487
8280	8156
8113	8113
8129	8126
8090	8009
7883	7714
7519	7310
7111	6951
6842	6792
6798	6855
6961	7103
7282	7492
7717	7955
8193	8428
8654	8886
9127	9389
9672	9970
10265	10542
10778	10954
11057	11083
11031	10918
10769	10606
10462	10360
10317	10344
10439	10594
10801	11039
11295	11557
11813	12057
12287	12492
12680	12842
12982	13094
13183	13242
13275	13276
13248	13185
13090	12963
12802	12610
12393	12149
11889	11612
11326	11031
10735	10443
10163	9893
9645	9421
9225	9055
8916	8797
8707	8630
8573	8530
8503	8486
8489	8504
8542	8599
8680	8768
8895	8923
9110	0
8939	6979
7310	6834
6823	6710
6681	6647
6590	6486
6328	6122
5881	5623
5363	5111
4872	4647
4437	4243
4070	3922
3803	3715
3661	3638
3635	3648
3676	3709
3747	3788
3829	3870
3907	3937
3963	3981
4002	4026
4057	4098
4146	4194
4236	4267
4280	4280
4264	4242
4219	4196
4183	4176
4173	4176
4184	4191
4196	4203
4231	4305
4475	4789
5307	6057
7020	8136
9289	10349
11202	11766
12023	11999
11760	11394
10972	10577
10249	10013
9866	9794
9773	9786
9818	9863
9919	9986
10058	10129
10193	10243
10273	10289
10293	10293
10291	10286
10273	10253
10232	10213
10213	10240
10292	10361
10432	10492
10529	10541
10544	10542
10534	10520
10481	10402
10272	10077
9818	9503
9150	8781
8436	8158
7973	7891
7900	7964
8043	8096
8107	8066
7973	7830
7650	7446
7236	7044
6896	6804
6772	6795
6867	6983
7138	7322
7532	7752
7980	8206
8432	8661
8901	9158
9430	9717
10002	10272
10508	10687
10805	10855
10837	10767
10670	10566
10484	10450
10471	10560
10709	10912
11150	11414
11678	11943
12190	12422
12629	12812
12968	13097
13198	13273
13320	13339
13328	13291
13218	13119
12986	12823
12628	12405
12160	11892
11606	11310
11005	10704
10405	10121
9855	9610
9393	9210
9050	8924
8821	8744
8682	8634
8599	8574
8560	8558
8566	8588
8627	8686
8766	8848
8971	8985
9172	0
8985	7008
7352	6890
6890	6790
6765	6725
6650	6519
6322	6079
5804	5513
5226	4951
4692	4450
4231	4034
3863	3727
3621	3549
3512	3498
3506	3528
3561	3603
3650	3701
3751	3803
3848	3884
3915	3939
3962	3990
4023	4066
4114	4159
4200	4228
4239	4231
4215	4189
4166	4144
4135	4134
4145	4164
4184	4199
4212	4227
4254	4322
4478	4775
5266	5990
6930	8034
9186	10253
11120	11695
11958	11932
11680	11291
10853	10437
10097	9856
9714	9650
9645	9673
9718	9771
9831	9891
9953	10008
10055	10094
10124	10141
10162	10175
10185	10187
10181	10168
10150	10138
10142	10173
10227	10303
10381	10456
10510	10549
10568	10570
10550	10505
10422	10288
10103	9871
9589	9263
8906	8534
8195	7923
7757	7711
7765	7879
8007	8108
8159	8156
8099	7987
7823	7622
7398	7177
6987	6848
6772	6755
6795	6883
7014	7176
7365	7574
7792	8013
8236	8466
8701	8953
9219	9494
9776	10043
10278	10473
10605	10684
10704	10679
10632	10588
10567	10590
10668	10806
10998	11230
11492	11763
12031	12287
12521	12735
12917	13073
13197	13295
13360	13395
13403	13380
13331	13249
13141	13003
12834	12635
12408	12157
11883	11591
11291	10979
10667	10367
10080	9812
9574	9364
9190	9048
8933	8846
8782	8735
8704	8682
8667	8659
8654	8661
8673	8696
8735	8788
8860	8935
9048	9049
9233	0
9030	7049
7408	6956
6974	6881
6854	6802
6700	6532
6302	6018
5705	5385
5070	4773
4498	4246
4024	3830
3670	3546
3456	3398
3371	3368
3382	3407
3448	3493
3549	3610
3673	3735
3790	3834
3871	3902
3930	3959
3997	4038
4084	4130
4162	4181
4186	4169
4148	4116
4091	4076
4073	4082
4106	4136
4168	4195
4219	4238
4268	4334
4481	4766
5242	5943
6867	7957
9101	10174
11044	11626
11890	11860
11598	11195
10736	10312
9961	9722
9584	9530
9537	9581
9643	9708
9774	9835
9883	9920
9943	9956
9968	9985
10009	10040
10072	10098
10109	10109
10096	10086
10092	10120
10177	10255
10346	10437
10516	10577
10610	10614
10578	10491
10352	10164
9933	9673
9388	9074
8733	8382
8058	7803
7656	7629
7715	7862
8028	8163
8249	8280
8258	8179
8039	7848
7609	7355
7121	6929
6803	6744
6746	6805
6909	7054
7224	7418
7627	7841
8063	8289
8526	8770
9034	9302
9576	9842
10088	10294
10452	10561
10623	10643
10648	10656
10690	10763
10886	11063
11281	11535
11804	12072
12335	12579
12797	12986
13146	13271
13364	13427
13458	13456
13423	13361
13270	13153
13006	12831
12626	12396
12138	11862
11564	11255
10941	10627
10322	10034
9766	9532
9328	9163
9031	8934
8864	8818
8786	8771
8761	8760
8760	8763
8768	8776
8794	8814
8847	8890
8955	9014
9117	9104
9285	0
9065	7108
7472	7038
7063	6971
6938	6863
6731	6523
6252	5929
5582	5233
4893	4579
4292	4040
3821	3639
3494	3382
3308	3264
3245	3246
3262	3292
3334	3386
3448	3517
3592	3665
3730	3783
3826	3865
3898	3933
3974	4018
4059	4096
4119	4125
4117	4093
4060	4030
4005	3993
3995	4016
4051	4094
4136	4174
4207	4233
4266	4335
4479	4758
5220	5910
6821	7901
9038	10109
10984	11571
11834	11802
11530	11111
10639	10199
9845	9601
9470	9424
9443	9501
9579	9660
9739	9802
9847	9866
9869	9855
9844	9847
9870	9913
9969	10018
10054	10069
10069	10061
10067	10096
10156	10242
10351	10463
10570	10652
10701	10699
10632	10496
10297	10049
9778	9503
9227	8940
8638	8327
8035	7801
7671	7662
7756	7919
8094	8250
8365	8430
8448	8407
8298	8114
7867	7584
7300	7054
6871	6764
6727	6757
6835	6957
7112	7290
7487	7697
7913	8139
8369	8611
8864	9134
9406	9676
9930	10155
10341	10481
10579	10651
10703	10761
10841	10960
11114	11316
11549	11805
12074	12336
12585	12810
13005	13170
13303	13400
13464	13494
13489	13449
13382	13282
13153	12998
12815	12605
12368	12109
11825	11524
11214	10893
10575	10266
9978	9714
9482	9283
9127	9006
8921	8866
8839	8821
8820	8827
8838	8848
8862	8874
8885	8896
8910	8928
8951	8984
9036	9083
9174	9148
9323	0
9090	7179
7544	7130
7157	7063
7011	6905
6730	6483
6167	5809
5432	5057
4701	4376
4088	3836
3629	3461
3332	3241
3178	3145
3131	3134
3149	3183
3225	3281
3348	3427
3509	3590
3664	3727
3779	3822
3865	3905
3946	3990
4026	4052
4063	4058
4036	4002
3961	3927
3904	3897
3911	3940
3986	4038
4093	4140
4178	4210
4246	4316
4463	4741
5203	5890
6796	7868
9005	10072
10947	11535
11802	11762
11484	11050
10563	10107
9741	9492
9359	9322
9349	9417
9507	9605
9696	9772
9820	9838
9826	9796
9763	9751
9766	9815
9881	9950
10007	10038
10052	10054
10063	10095
10164	10266
10397	10541
10674	10779
10836	10821
10723	10535
10269	9967
9653	9367
9104	8857
8609	8354
8108	7912
7800	7796
7882	8036
8204	8363
8496	8596
8658	8662
8588	8427
8172	7860
7530	7229
6986	6822
6741	6734
6787	6886
7021	7184
7370	7570
7780	7999
8227	8466
8713	8977
9250	9525
9790	10034
10245	10421
10564	10678
10780	10884
11004	11154
11338	11551
11790	12043
12299	12546
12775	12978
13151	13289
13395	13462
13493	13490
13451	13377
13271	13136
12973	12784
12566	12325
12061	11777
11473	11156
10834	10514
10202	9913
9649	9421
9229	9076
8964	8890
8850	8834
8836	8851
8872	8894
8917	8939
8958	8974
8989	8998
9009	9018
9036	9058
9096	9130
9210	9170
9345	0
9102	7261
7618	7224
7249	7141
7059	6915
6696	6400
6044	5653
5247	4858
4494	4165
3881	3640
3446	3297
3186	3109
3062	3034
3025	3031
3051	3080
3125	3181
3254	3336
3426	3514
3595	3663
3722	3772
3820	3868
3913	3952
3983	3997
3995	3976
3941	3898
3854	3820
3797	3796
3819	3859
3913	3974
4033	4087
4130	4164
4206	4280
4432	4716
5188	5877
6788	7860
8997	10065
10941	11535
11802	11764
11474	11024
10513	10031
9645	9382
9246	9211
9243	9320
9415	9522
9623	9712
9774	9802
9792	9758
9720	9696
9704	9747
9816	9893
9959	10003
10025	10037
10058	10102
10185	10309
10467	10638
10802	10928
10994	10970
10840	10605
10285	9926
9581	9276
9029	8820
8625	8428
8243	8087
7999	7992
8061	8184
8335	8488
8637	8769
8880	8935
8906	8767
8518	8184
7811	7450
7143	6919
6788	6739
6759	6834
6949	7097
7269	7460
7663	7875
8098	8331
8576	8834
9107	9383
9656	9915
10153	10362
10543	10706
10854	11004
11167	11344
11545	11765
11997	12242
12482	12706
12914	13092
13237	13346
13422	13459
13457	13419
13344	13237
13098	12928
12730	12506
12261	11993
11706	11405
11089	10765
10444	10132
9840	9576
9347	9161
9012	8909
8840	8810
8805	8824
8852	8887
8926	8959
8991	9018
9038	9056
9066	9075
9076	9078
9085	9099
9127	9150
9220	9176
9346	0
9098	7353
7695	7319
7330	7202
7082	6890
6621	6279
5886	5463
5042	4643
4278	3956
3682	3456
3280	3150
3059	2995
2960	2939
2938	2944
2962	2994
3039	3095
3169	3254
3344	3438
3521	3596
3661	3716
3770	3820
3866	3902
3924	3930
3916	3884
3840	3791
3745	3709
3694	3697
3728	3774
3833	3900
3966	4022
4066	4102
4147	4227
4390	4686
5172	5877
6797	7880
9018	10094
10972	11571
11844	11805
11505	11033
10488	9970
9547	9261
9110	9077
9114	9196
9299	9407
9516	9612
9687	9729
9737	9721
9692	9671
9678	9716
9776	9847
9914	9958
9987	10010
10037	10094
10194	10336
10516	10713
10905	11055
11131	11106
10961	10693
10336	9942
9563	9245
9001	8817
8667	8526
8392	8280
8209	8197
8243	8338
8464	8612
8776	8948
9107	9215
9234	9127
8891	8544
8133	7718
7346	7056
6864	6766
6750	6795
6893	7023
7182	7361
7556	7761
7976	8198
8441	8693
8961	9236
9512	9784
10045	10284
10506	10712
10909	11106
11304	11512
11726	11953
12177	12406
12624	12827
13006	13155
13269	13349
13390	13394
13357	13285
13174	13033
12860	12655
12427	12177
11906	11620
11316	11000
10683	10363
10054	9762
9498	9270
9082	8939
8839	8777
8755	8757
8782	8826
8872	8924
8970	9011
9045	9071
9092	9104
9112	9112
9107	9102
9096	9101
9118	9137
9202	9158
9320	0
9080	7449
7766	7403
7392	7232
7071	6827
6505	6118
5690	5248
4818	4418
4060	3754
3497	3293
3135	3022
2943	2895
2867	2858
2858	2870
2890	2923
2967	3028
3097	3182
3271	3363
3450	3526
3592	3649
3704	3752
3795	3829
3843	3841
3818	3779
3732	3681
3636	3602
3589	3601
3631	3685
3749	3820
3887	3942
3985	4025
4074	4163
4337	4655
5160	5885
6826	7920
9073	10151
11039	11645
11922	11883
11568	11074
10487	9917
9444	9120
8949	8907
8949	9043
9152	9265
9370	9469
9553	9612
9643	9653
9648	9648
9664	9701
9759	9820
9876	9919
9946	9968
10002	10062
10163	10316
10507	10722
10931	11105
11199	11184
11043	10778
10412	10004
9612	9279
9029	8852
8724	8618
8522	8439
8385	8369
8398	8468
8574	8725
8910	9120
9328	9490
9557	9493
9280	8930
8494	8028
7592	7229
6974	6818
6758	6774
6849	6963
7111	7279
7464	7659
7865	8080
8310	8553
8809	9079
9356	9634
9906	10171
10431	10681
10927	11168
11409	11645
11880	12109
12330	12541
12735	12909
13060	13173
13257	13298
13304	13271
13197	13087
12944	12767
12562	12326
12072	11796
11507	11204
10895	10582
10271	9965
9678	9418
9191	9006
8861	8764
8706	8683
8690	8721
8771	8828
8889	8947
9000	9040
9073	9098
9113	9119
9120	9113
9100	9084
9073	9069
9082	9100
9163	9125
9283	0
9059	7551
7832	7479
7433	7238
7024	6724
6353	5926
5470	5015
4583	4193
3852	3566
3332	3148
3010	2915
2850	2811
2789	2786
2792	2809
2833	2870
2913	2968
3041	3120
3208	3296
3380	3454
3517	3573
3623	3668
3706	3732
3740	3732
3706	3664
3617	3569
3528	3502
3493	3509
3542	3597
3663	3733
3794	3853
3892	3936
3992	4092
4286	4625
5160	5913
6875	7987
9148	10237
11126	11739
12027	11987
11669	11145
10514	9885
9349	8965
8756	8694
8744	8848
8972	9091
9203	9300
9383	9451
9500	9537
9562	9590
9626	9676
9735	9794
9847	9888
9911	9933
9962	10018
10110	10251
10435	10648
10864	11048
11162	11177
11067	10836
10498	10108
9721	9381
9118	8928
8797	8697
8618	8550
8504	8481
8499	8557
8662	8819
9029	9275
9529	9741
9863	9843
9664	9330
8882	8374
7876	7446
7116	6896
6785	6766
6816	6915
7047	7206
7379	7566
7760	7968
8180	8414
8654	8913
9176	9453
9734	10022
10311	10604
10896	11187
11469	11740
11995	12231
12449	12645
12819	12965
13080	13159
13203	13207
13171	13098
12985	12838
12656	12447
12207	11949
11668	11377
11072	10767
10462	10159
9865	9588
9334	9113
8931	8786
8686	8629
8606	8615
8650	8700
8766	8832
8899	8959
9010	9050
9077	9094
9100	9098
9085	9071
9050	9028
9010	9005
9017	9037
9102	9077
9229	0
9031	7651
7891	7540
7453	7210
6940	6586
6168	5703
5229	4771
4348	3977
3659	3398
3189	3029
2910	2825
2769	2739
2728	2730
2739	2764
2792	2829
2875	2929
2995	3070
3153	3235
3310	3376
3434	3483
3526	3566
3593	3614
3618	3607
3584	3547
3505	3463
3429	3409
3404	3421
3458	3510
3575	3642
3704	3755
3800	3842
3907	4024
4243	4611
5177	5962
6951	8081
9249	10339
11233	11846
12141	12109
11788	11244
10571	9881
9270	8815
8549	8457
8496	8611
8756	8897
9018	9121
9202	9272
9332	9381
9429	9482
9541	9610
9683	9752
9816	9862
9896	9918
9944	9987
10058	10173
10330	10518
10718	10898
11028	11074
11012	10836
10563	10224
9870	9538
9266	9056
8902	8786
8697	8626
8576	8551
8562	8614
8723	8893
9124	9402
9695	9952
10121	10156
10024	9721
9276	8745
8195	7695
7288	7002
6834	6772
6794	6874
6994	7144
7308	7484
7669	7859
8059	8270
8494	8733
8984	9255
9537	9837
10153	10480
10818	11153
11481	11790
12071	12321
12540	12725
12875	12993
13071	13114
13114	13075
12999	12880
12730	12542
12329	12084
11820	11532
11237	10933
10631	10327
10034	9752
9489	9246
9034	8857
8716	8617
8556	8530
8538	8569
8623	8685
8758	8829
8899	8957
9005	9034
9056	9062
9058	9042
9022	8997
8971	8942
8921	8916
8932	8959
9028	9019
9165	0
9002	7754
7939	7582
7442	7149
6820	6415
5955	5465
4980	4524
4118	3772
3483	3252
3068	2928
2826	2758
2710	2685
2679	2685
2703	2730
2761	2801
2847	2898
2959	3027
3102	3175
3238	3298
3343	3380
3413	3438
3464	3477
3479	3470
3451	3422
3393	3361
3337	3324
3323	3342
3379	3427
3488	3548
3607	3657
3703	3753
3828	3966
4212	4614
5219	6037
7049	8191
9361	10445
11330	11944
12244	12223
11906	11360
10660	9919
9238	8704
8362	8217
8226	8339
8500	8664
8811	8929
9019	9091
9150	9202
9260	9327
9399	9483
9575	9666
9751	9825
9885	9925
9960	9994
10046	10126
10240	10387
10546	10700
10827	10893
10880	10778
10583	10323
10025	9727
9458	9229
9048	8904
8788	8698
8634	8599
8603	8657
8768	8947
9192	9486
9803	10101
10322	10417
10341	10085
9662	9128
8541	7976
7495	7135
6906	6796
6783	6842
6951	7087
7243	7410
7581	7759
7944	8133
8335	8550
8785	9041
9321	9626
9961	10317
10688	11067
11435	11783
12094	12364
12589	12766
12897	12982
13026	13026
12984	12903
12781	12620
12430	12205
11956	11684
11393	11092
10787	10482
10183	9898
9629	9377
9151	8950
8783	8648
8551	8490
8463	8467
8494	8543
8608	8678
8751	8822
8888	8940
8980	9002
9010	9004
8988	8963
8932	8897
8865	8834
8816	8814
8832	8872
8950	8965
9104	0
8984	7849
7978	7601
7405	7056
6668	6212
5718	5211
4724	4283
3900	3582
3325	3122
2966	2847
2762	2701
2665	2643
2640	2652
2672	2701
2736	2774
2818	2869
2923	2984
3046	3109
3162	3203
3237	3261
3282	3299
3312	3324
3328	3324
3315	3301
3284	3266
3253	3247
3253	3271
3304	3350
3403	3458
3511	3560
3610	3668
3761	3920
4196	4633
5273	6122
7156	8303
9463	10530
11402	12009
12316	12313
12021	11487
10786	10017
9281	8669
8241	8015
7969	8051
8212	8397
8571	8717
8829	8915
8978	9033
9082	9144
9216	9307
9412	9529
9647	9763
9863	9945
10006	10052
10094	10146
10215	10307
10411	10519
10616	10683
10704	10663
10551	10375
10153	9908
9664	9437
9234	9062
8917	8800
8715	8664
8657	8703
8810	8985
9225	9523
9853	10176
10441	10597
10590	10397
10020	9498
8892	8278
7733	7301
7006	6841
6788	6820
6909	7035
7180	7338
7498	7662
7826	7997
8180	8375
8588	8828
9100	9406
9745	10123
10521	10938
11342	11724
12065	12357
12590	12760
12875	12936
12943	12901
12814	12687
12522	12322
12091	11833
11555	11259
10954	10643
10335	10041
9761	9501
9264	9053
8869	8714
8590	8498
8438	8407
8407	8430
8474	8532
8601	8673
8745	8811
8871	8913
8942	8953
8946	8928
8898	8862
8823	8785
8746	8716
8699	8702
8733	8784
8870	8918
9043	0
8981	7934
8007	7602
7341	6933
6489	5988
5466	4951
4473	4052
3697	3411
3186	3014
2883	2783
2713	2662
2630	2615
2614	2627
2652	2682
2718	2753
2793	2837
2887	2935
2988	3035
3074	3099
3118	3128
3134	3141
3150	3158
3165	3169
3172	3171
3171	3168
3168	3171
3184	3203
3235	3275
3323	3374
3423	3472
3526	3592
3702	3885
4191	4660
5332	6204
7246	8391
9534	10576
11427	12025
12336	12364
12110	11619
10950	10187
9420	8744
8228	7904
7771	7794
7918	8102
8296	8476
8624	8736
8817	8873
8925	8975
9037	9120
9226	9358
9510	9669
9824	9958
10065	10141
10195	10236
10273	10314
10359	10406
10456	10502
10526	10521
10473	10373
10230	10049
9847	9640
9437	9249
9080	8938
8828	8761
8739	8769
8861	9017
9239	9517
9842	10178
10475	10689
10751	10630
10312	9825
9226	8586
7988	7492
7132	6909
6810	6810
6875	6986
7120	7266
7417	7566
7719	7872
8033	8203
8401	8625
8884	9187
9531	9915
10332	10765
11199	11610
11979	12292
12533	12706
12803	12835
12806	12726
12595	12426
12220	11982
11720	11435
11132	10821
10509	10200
9905	9629
9378	9156
8958	8794
8652	8542
8457	8402
8371	8364
8381	8418
8469	8532
8603	8674
8740	8798
8845	8876
8892	8891
8874	8842
8802	8757
8711	8664
8626	8599
8583	8595
8637	8704
8803	8882
8999	0
8998	8003
8024	7577
7250	6787
6288	5750
5209	4693
4229	3833
3511	3260
3068	2922
2813	2731
2673	2632
2607	2597
2602	2614
2642	2669
2705	2736
2772	2806
2846	2884
2923	2950
2974	2983
2985	2983
2979	2979
2983	2992
3003	3016
3029	3043
3055	3067
3082	3095
3111	3134
3166	3202
3247	3291
3339	3388
3444	3521
3645	3850
4180	4677
5370	6257
7302	8431
9547	10558
11386	11977
12306	12366
12177	11755
11151	10431
9667	8954
8362	7934
7692	7613
7674	7819
8010	8211
8394	8544
8660	8744
8802	8851
8900	8971
9070	9206
9376	9573
9773	9961
10118	10238
10317	10368
10387	10392
10387	10380
10377	10380
10388	10389
10371	10327
10244	10129
9979	9807
9620	9431
9253	9095
8967	8882
8845	8859
8929	9057
9246	9494
9791	10116
10431	10680
10801	10755
10510	10082
9513	8874
8244	7697
7275	6995
6849	6809
6846	6936
7055	7192
7331	7472
7609	7752
7898	8051
8229	8437
8686	8979
9318	9701
10123	10567
11014	11447
11836	12165
12419	12588
12673	12678
12615	12495
12325	12116
11875	11607
11318	11014
10700	10384
10073	9779
9507	9262
9048	8868
8719	8598
8503	8431
8382	8354
8345	8354
8383	8425
8482	8544
8611	8674
8736	8783
8818	8837
8840	8825
8798	8755
8705	8651
8598	8551
8513	8486
8479	8499
8553	8639
8754	8867
8974	0
9036	8054
8027	7527
7140	6614
6069	5502
4947	4441
4001	3634
3346	3126
2965	2844
2755	2689
2641	2610
2595	2593
2604	2621
2647	2676
2706	2730
2757	2779
2808	2831
2850	2864
2866	2864
2850	2837
2824	2818
2819	2828
2841	2858
2878	2901
2926	2953
2978	3001
3026	3053
3087	3125
3165	3210
3256	3306
3365	3452
3585	3806
4152	4667
5370	6257
7289	8396
9484	10466
11275	11864
12221	12334
12222	11896
11391	10745
10027	9307
8662	8142
7783	7590
7545	7617
7768	7957
8158	8345
8501	8623
8712	8776
8833	8894
8987	9118
9296	9510
9739	9965
10161	10316
10427	10488
10512	10501
10465	10418
10370	10331
10306	10293
10278	10259
10215	10143
10038	9907
9747	9576
9402	9244
9113	9025
8983	8988
9038	9139
9287	9487
9736	10024
10316	10572
10733	10750
10582	10226
9715	9106
8478	7902
7436	7102
6905	6822
6829	6896
6998	7122
7253	7385
7515	7643
7775	7918
8080	8275
8509	8792
9119	9495
9908	10351
10799	11240
11641	11984
12242	12408
12477	12460
12364	12205
12000	11758
11487	11196
10891	10579
10261	9953
9662	9392
9154	8951
8781	8648
8543	8467
8413	8379
8356	8349
8355	8373
8406	8450
8504	8564
8624	8681
8729	8764
8788	8790
8785	8755
8717	8666
8611	8552
8498	8449
8413	8390
8391	8419
8489	8593
8719	8867
8966	0
9093	8072
8007	7448
7004	6422
5836	5248
4696	4202
3788	3456
3202	3014
2880	2780
2710	2659
2624	2606
2599	2607
2626	2655
2683	2711
2734	2751
2764	2773
2782	2785
2784	2779
2767	2748
2727	2705
2686	2673
2669	2675
2688	2703
2727	2754
2788	2821
2855	2889
2921	2955
2993	3031
3072	3118
3167	3221
3284	3376
3521	3751
4108	4626
5326	6198
7206	8282
9340	10300
11105	11708
12104	12286
12268	12053
11664	11122
10480	9792
9127	8544
8084	7772
7607	7573
7643	7786
7967	8165
8350	8512
8643	8745
8820	8897
8987	9118
9295	9511
9749	9986
10201	10375
10497	10575
10598	10586
10538	10475
10401	10334
10279	10239
10212	10191
10158	10111
10038	9938
9808	9661
9504	9361
9247	9175
9146	9161
9212	9290
9400	9540
9719	9933
10166	10389
10554	10610
10511	10239
9808	9258
8663	8087
7594	7223
6979	6854
6824	6861
6948	7054
7177	7300
7425	7547
7672	7803
7953	8137
8359	8625
8941	9302
9698	10127
10571	11006
11410	11754
12012	12174
12227	12184
12058	11867
11629	11359
11066	10762
10450	10139
9836	9549
9284	9054
8857	8698
8577	8490
8431	8395
8378	8370
8371	8381
8393	8416
8446	8489
8538	8588
8641	8686
8721	8743
8750	8744
8721	8686
8638	8585
8527	8466
8411	8365
8330	8315
8323	8361
8441	8566
8707	8888
8980	0
9159	8057
7966	7341
6840	6214
5595	4998
4452	3982
3599	3303
3081	2925
2812	2732
2678	2645
2624	2618
2631	2655
2689	2729
2763	2790
2806	2810
2802	2791
2775	2755
2734	2709
2683	2652
2625	2596
2574	2558
2547	2544
2548	2560
2577	2601
2634	2670
2707	2749
2787	2830
2874	2920
2968	3018
3075	3134
3206	3309
3463	3698
4056	4564
5244	6085
7059	8099
9130	10082
10894	11531
11984	12248
12328	12227
11962	11540
10998	10376
9731	9125
8601	8189
7912	7760
7722	7778
7902	8066
8254	8433
8596	8731
8837	8936
9045	9182
9360	9572
9809	10043
10254	10420
10541	10610
10631	10620
10573	10505
10428	10351
10279	10225
10177	10142
10103	10058
10000	9918
9810	9686
9558	9446
9364	9331
9339	9386
9456	9532
9608	9685
9775	9886
10023	10166
10294	10352
10303	10115
9781	9318
8785	8241
7749	7351
7073	6907
6840	6847
6907	6998
7106	7223
7342	7461
7578	7706
7851	8021
8232	8482
8782	9122
9500	9908
10334	10757
11153	11489
11745	11891
11932	11863
11707	11487
11223	10929
10626	10315
10011	9714
9435	9177
8954	8766
8617	8509
8436	8393
8377	8377
8386	8400
8418	8434
8453	8474
8499	8536
8576	8618
8658	8691
8712	8717
8710	8692
8659	8616
8566	8509
8449	8393
8340	8300
8272	8262
8277	8329
8420	8560
8715	8921
9012	0
9232	8001
7900	7205
6665	5996
5358	4757
4226	3786
3437	3175
2986	2855
2764	2708
2670	2650
2648	2665
2699	2746
2799	2855
2899	2929
2934	2921
2888	2846
2800	2750
2704	2659
2621	2587
2557	2527
2502	2481
2461	2445
2435	2432
2437	2452
2477	2507
2544	2585
2631	2681
2735	2793
2853	2914
2983	3059
3147	3264
3429	3668
4017	4504
5148	5945
6868	7867
8878	9831
10669	11360
11884	12233
12411	12425
12274	11974
11543	11016
10435	9849
9308	8841
8477	8220
8068	8013
8043	8134
8273	8428
8587	8732
8858	8977
9102	9252
9436	9652
9886	10114
10313	10467
10569	10621
10632	10609
10561	10501
10428	10353
10283	10219
10163	10112
10062	10010
9946	9867
9770	9665
9567	9493
9461	9478
9544	9642
9749	9838
9893	9917
9914	9909
9918	9954
9998	10027
9998	9873
9635	9278
8833	8350
7882	7481
7175	6974
6872	6847
6881	6952
7046	7154
7270	7384
7499	7623
7761	7927
8126	8364
8642	8961
9316	9701
10100	10504
10882	11209
11449	11585
11605	11514
11332	11084
10796	10492
10178	9874
9582	9309
9064	8851
8672	8534
8437	8377
8348	8345
8364	8394
8426	8459
8487	8509
8529	8547
8566	8591
8620	8651
8675	8692
8694	8685
8663	8633
8592	8545
8494	8442
8387	8335
8292	8256
8234	8233
8255	8317
8414	8570
8734	8962
9053	0
9300	7904
7803	7039
6468	5772
5125	4533
4025	3615
3300	3073
2915	2810
2743	2702
2683	2684
2704	2746
2809	2888
2973	3051
3107	3136
3132	3095
3031	2950
2863	2780
2702	2642
2595	2562
2533	2510
2484	2454
2419	2386
2357	2330
2317	2314
2321	2344
2373	2413
2464	2524
2589	2664
2746	2830
2919	3016
3127	3263
3442	3681
4016	4469
5061	5795
6657	7610
8599	9561
10445	11198
11802	12241
12514	12627
12585	12398
12081	11662
11173	10655
10145	9676
9271	8943
8695	8530
8447	8433
8479	8563
8665	8776
8884	8994
9119	9274
9459	9683
9923	10157
10354	10503
10593	10632
10626	10590
10535	10472
10408	10345
10282	10225
10171	10113
10051	9982
9905	9817
9721	9627
9555	9516
9529	9605
9732	9887
10037	10151
10206	10188
10112	9998
9884	9787
9723	9680
9638	9555
9395	9145
8803	8402
7985	7602
7287	7062
6925	6867
6870	6921
7000	7098
7206	7320
7432	7554
7689	7849
8037	8259
8520	8816
9146	9503
9877	10257
10614	10923
11147	11266
11264	11153
10950	10680
10377	10063
9753	9459
9188	8950
8741	8575
8445	8359
8308	8292
8305	8337
8384	8437
8492	8537
8572	8599
8616	8629
8640	8652
8667	8680
8688	8686
8671	8646
8611	8567
8522	8476
8428	8381
8335	8294
8256	8232
8220	8226
8257	8324
8434	8594
8765	9000
9096	0
9347	7767
7675	6850
6259	5541
4897	4322
3843	3468
3190	2996
2868	2788
2743	2720
2722	2745
2797	2873
2976	3090
3210	3312
3388	3420
3402	3336
3233	3105
2970	2841
2734	2653
2602	2574
2557	2542
2520	2484
2435	2379
2319	2268
2229	2206
2193	2198
2220	2258
2311	2379
2465	2562
2668	2782
2902	3030
3169	3324
3510	3746
4057	4464
4988	5646
6437	7333
8297	9273
10201	11029
11717	12249
12613	12814
12863	12776
12563	12255
11878	11459
11027	10607
10214	9861
9556	9309
9119	8994
8919	8890
8894	8917
8956	9016
9100	9225
9400	9619
9866	10113
10332	10498
10600	10647
10638	10599
10539	10473
10409	10353
10303	10259
10208	10150
10081	9999
9905	9798
9695	9604
9543	9530
9580	9695
9868	10067
10256	10403
10466	10436
10317	10131
9910	9694
9512	9377
9283	9206
9103	8943
8708	8403
8054	7709
7399	7159
6994	6906
6882	6908
6967	7056
7154	7262
7374	7494
7626	7778
7955	8167
8409	8683
8986	9318
9668	10021
10356	10644
10851	10951
10931	10803
10584	10301
9989	9674
9372	9092
8849	8646
8480	8358
8277	8236
8229	8253
8299	8358
8432	8502
8569	8629
8674	8702
8715	8719
8722	8720
8717	8712
8701	8680
8648	8606
8557	8506
8458	8411
8367	8327
8290	8259
8236	8221
8217	8236
8272	8347
8458	8621
8794	9019
9126	0
9353	7587
7514	6637
6040	5313
4682	4126
3682	3345
3105	2943
2842	2789
2762	2764
2790	2844
2931	3048
3191	3350
3506	3639
3730	3761
3726	3626
3479	3299
3107	2928
2788	2689
2633	2619
2621	2623
2608	2570
2506	2425
2338	2256
2185	2134
2102	2092
2100	2136
2195	2282
2388	2516
2657	2806
2959	3114
3274	3446
3636	3858
4130	4474
4924	5493
6199	7030
7961	8942
9914	10814
11593	12214
12664	12946
13078	13069
12956	12754
12491	12191
11866	11534
11203	10876
10562	10274
10016	9790
9599	9444
9315	9215
9140	9093
9087	9141
9260	9446
9684	9945
10195	10408
10558	10643
10668	10648
10597	10537
10477	10427
10387	10350
10311	10256
10182	10086
9974	9855
9739	9641
9576	9566
9625	9750
9930	10145
10352	10516
10599	10586
10466	10254
9975	9674
9388	9151
8985	8876
8796	8703
8559	8352
8085	7789
7502	7257
7073	6959
6908	6912
6954	7028
7119	7220
7330	7445
7572	7720
7891	8083
8308	8562
8840	9145
9468	9798
10112	10378
10565	10648
10616	10475
10248	9961
9651	9340
9052	8795
8582	8411
8283	8202
8162	8160
8188	8244
8316	8400
8489	8580
8659	8732
8782	8810
8823	8822
8810	8795
8775	8750
8720	8677
8625	8566
8504	8445
8391	8345
8309	8278
8252	8233
8221	8220
8230	8253
8298	8372
8483	8634
8803	8998
9123	0
9284	7373
7309	6407
5809	5090
4479	3954
3544	3244
3039	2910
2839	2805
2805	2832
2887	2977
3103	3264
3452	3655
3846	4003
4107	4135
4084	3952
3753	3516
3265	3036
2854	2733
2683	2683
2711	2737
2739	2705
2627	2524
2407	2293
2193	2114
2061	2034
2035	2070
2138	2244
2384	2546
2726	2906
3089	3262
3435	3606
3782	3976
4199	4477
4841	5317
5930	6687
7575	8550
9560	10531
11393	12105
12642	13001
13202	13270
13236	13130
12976	12793
12589	12365
12125	11870
11601	11317
11032	10746
10470	10199
9944	9703
9483	9298
9158	9088
9103	9208
9400	9649
9925	10191
10414	10577
10675	10711
10702	10667
10624	10585
10556	10530
10500	10453
10380	10282
10161	10025
9893	9775
9692	9664
9697	9790
9937	10117
10303	10462
10562	10580
10495	10309
10029	9692
9338	9018
8768	8602
8508	8449
8374	8255
8069	7837
7584	7349
7155	7023
6949	6931
6958	7018
7097	7192
7294	7405
7529	7670
7827	8009
8215	8444
8701	8983
9280	9588
9880	10131
10303	10375
10335	10193
9967	9684
9385	9088
8817	8581
8394	8252
8157	8109
8099	8127
8184	8260
8354	8455
8561	8664
8756	8834
8893	8926
8938	8927
8908	8876
8840	8796
8743	8681
8609	8532
8459	8391
8334	8292
8261	8234
8221	8215
8215	8226
8246	8277
8326	8396
8495	8621
8779	8909
9063	0
9091	7134
7053	6165
5575	4878
4292	3802
3426	3161
2992	2892
2843	2840
2862	2916
3006	3135
3301	3508
3736	3976
4198	4377
4486	4512
4439	4272
4026	3732
3421	3140
2917	2780
2729	2749
2807	2868
2893	2868
2788	2668
2525	2382
2255	2152
2076	2035
2029	2069
2151	2286
2456	2658
2871	3083
3280	3461
3623	3777
3922	4070
4235	4442
4718	5100
5620	6299
7135	8099
9131	10159
11105	11907
12530	12969
13238	13371
13409	13382
13322	13240
13148	13040
12906	12748
12551	12318
12054	11756
11432	11087
10729	10367
10010	9671
9375	9142
9002	8978
9070	9267
9539	9847
10150	10412
10612	10741
10811	10831
10828	10820
10810	10803
10789	10754
10691	10598
10472	10330
10185	10051
9944	9871
9846	9869
9935	10032
10146	10264
10361	10409
10383	10259
10035	9713
9338	8960
8630	8398
8265	8207
8179	8127
8019	7851
7642	7424
7232	7086
6995	6963
6974	7019
7090	7173
7268	7375
7492	7623
7771	7939
8127	8339
8574	8833
9113	9398
9673	9907
10068	10138
10099	9963
9746	9480
9196	8917
8668	8455
8286	8168
8096	8070
8082	8127
8201	8293
8401	8514
8632	8745
8849	8933
8995	9032
9044	9031
9003	8963
8910	8850
8778	8696
8607	8515
8427	8352
8291	8246
8215	8201
8193	8198
8211	8235
8264	8300
8347	8404
8486	8569
8705	8716
8933	0
8707	6878
6737	5922
5343	4676
4124	3665
3325	3096
2954	2880
2860	2876
2927	3011
3134	3302
3511	3755
4024	4292
4535	4726
4838	4855
4761	4563
4274	3926
3560	3225
2966	2811
2763	2803
2894	2994
3049	3042
2967	2834
2674	2508
2356	2230
2143	2089
2084	2130
2233	2391
2597	2831
3076	3304
3503	3670
3806	3918
4017	4111
4218	4352
4551	4845
5278	5883
6664	7602
8649	9722
10742	11634
12344	12862
13202	13394
13489	13526
13535	13537
13536	13526
13499	13439
13336	13182
12971	12703
12377	12002
11584	11137
10668	10194
9739	9332
9015	8818
8764	8861
9085	9405
9772	10135
10452	10698
10869	10976
11040	11079
11111	11135
11146	11132
11087	11007
10894	10759
10612	10459
10321	10198
10099	10020
9968	9939
9946	9983
10046	10109
10141	10105
9966	9708
9354	8949
8562	8260
8076	7998
7985	7984
7941	7835
7669	7478
7294	7145
7044	7000
7000	7036
7095	7171
7257	7357
7462	7585
7723	7878
8052	8244
8461	8700
8961	9232
9488	9712
9866	9937
9906	9782
9584	9344
9083	8828
8597	8403
8253	8149
8089	8074
8097	8154
8237	8338
8453	8574
8698	8819
8928	9019
9087	9127
9141	9128
9095	9047
8985	8908
8823	8722
8618	8510
8412	8327
8263	8215
8187	8175
8176	8188
8213	8243
8278	8316
8357	8400
8450	8469
8577	8390
8726	0
8061	6633
6340	5693
5111	4501
3977	3556
3247	3043
2925	2879
2879	2919
2992	3106
3260	3462
3707	3986
4284	4572
4828	5022
5135	5140
5029	4803
4475	4082
3669	3291
2998	2825
2780	2842
2967	3098
3187	3202
3135	3004
2831	2646
2478	2339
2236	2179
2174	2229
2352	2537
2774	3039
3301	3533
3723	3860
3956	4017
4062	4101
4144	4222
4352	4578
4940	5475
6204	7115
8164	9275
10357	11329
12122	12715
13116	13364
13509	13588
13652	13711
13778	13849
13905	13939
13925	13853
13714	13495
13203	12837
12407	11914
11373	10797
10208	9638
9140	8756
8537	8498
8641	8939
9343	9785
10206	10570
10857	11062
11210	11320
11401	11469
11516	11535
11521	11464
11373	11252
11112	10954
10788	10615
10434	10243
10056	9887
9754	9685
9687	9746
9828	9877
9835	9664
9359	8962
8540	8179
7936	7825
7813	7843
7850	7796
7676	7516
7342	7193
7088	7035
7027	7053
7106	7174
7252	7345
7446	7558
7686	7829
7990	8168
8368	8593
8839	9090
9335	9547
9704	9775
9758	9657
9485	9268
9035	8804
8593	8411
8271	8175
8118	8106
8134	8192
8278	8383
8501	8628
8755	8881
8994	9090
9160	9206
9221	9210
9176	9124
9056	8973
8874	8761
8643	8523
8412	8319
8249	8196
8168	8157
8164	8184
8215	8251
8289	8328
8358	8376
8393	8323
8408	7931
8460	0
7122	6415
5874	5494
4898	4358
3862	3470
3185	3003
2908	2876
2894	2952
3048	3184
3366	3596
3872	4175
4495	4793
5056	5250
5356	5350
5225	4977
4621	4193
3744	3329
3010	2824
2783	2861
3014	3178
3296	3333
3279	3149
2972	2780
2598	2450
2336	2275
2271	2337
2477	2689
2950	3238
3508	3739
3904	4009
4056	4071
4061	4052
4050	4077
4158	4335
4639	5124
5807	6691
7737	8876
10007	11043
11903	12560
13018	13314
13496	13609
13702	13801
13910	14033
14154	14255
14314	14316
14244	14087
13843	13507
13086	12587
12014	11370
10683	9983
9330	8780
8395	8218
8266	8517
8926	9420
9928	10393
10783	11086
11317	11496
11638	11751
11838	11893
11910	11888
11827	11731
11602	11446
11264	11046
10792	10503
10190	9880
9617	9436
9364	9403
9512	9630
9678	9594
9351	8975
8539	8137
7846	7698
7673	7719
7762	7749
7668	7532
7372	7228
7123	7066
7052	7072
7120	7183
7255	7339
7434	7542
7660	7794
7945	8111
8301	8511
8744	8985
9220	9427
9579	9659
9654	9574
9427	9236
9028	8814
8619	8451
8317	8220
8165	8152
8177	8232
8319	8424
8544	8672
8802	8930
9044	9140
9215	9262
9281	9272
9242	9189
9119	9029
8923	8802
8673	8543
8422	8323
8244	8189
8158	8148
8157	8183
8219	8259
8300	8335
8355	8344
8327	8153
8224	7392
8181	0
5989	6249
5377	5347
4719	4254
3777	3409
3143	2977
2895	2876
2907	2980
3091	3242
3446	3698
3989	4314
4642	4950
5211	5401
5499	5486
5351	5089
4715	4260
3787	3349
3013	2817
2777	2867
3041	3229
3370	3427
3387	3259
3081	2885
2695	2538
2423	2358
2360	2432
2586	2814
3093	3392
3666	3891
4037	4107
4119	4089
4040	3993
3956	3951
4003	4143
4414	4857
5508	6374
7416	8569
9736	10815
11731	12438
12940	13266
13474	13609
13722	13841
13976	14129
14290	14434
14550	14606
14587	14483
14280	13979
13584	13091
12504	11827
11077	10290
9521	8841
8328	8035
7997	8196
8597	9117
9683	10218
10686	11066
11368	11605
11797	11953
12076	12167
12212	12221
12188	12114
12001	11853
11657	11414
11104	10738
10325	9909
9534	9258
9122	9132
9256	9419
9536	9521
9334	8986
8546	8121
7792	7614
7580	7629
7695	7711
7656	7537
7392	7252
7146	7085
7069	7087
7129	7189
7258	7334
7427	7529
7643	7771
7915	8076
8256	8458
8682	8915
9143	9344
9501	9582
9591	9526
9399	9231
9038	8842
8657	8495
8363	8263
8209	8193
8214	8268
8350	8457
8574	8703
8835	8963
9076	9174
9248	9298
9319	9313
9282	9233
9162	9074
8964	8837
8700	8563
8438	8331
8248	8189
8157	8146
8154	8180
8221	8263
8305	8335
8345	8314
8264	7997
8065	6873
7941	0
