6593	6481
6469	6366
6295	6182
6076	5961
5840	5721
5605	5498
5400	5316
5241	5183
5134	5094
5063	5037
5021	5013
5023	5065
5150	5297
5531	5865
6306	6846
7465	8135
8814	9466
10061	10572
10984	11299
11513	11629
11658	11599
11463	11270
11030	10768
10496	10234
9981	9743
9514	9292
9072	8852
8637	8427
8233	8061
7919	7803
7725	7678
7672	7701
7772	7884
8046	8261
8530	8853
9233	9656
10119	10598
11081	11546
11962	12308
12563	12711
12740	12651
12462	12183
11844	11478
11118	10792
10526	10342
10244	10240
10316	10462
10651	10860
11069	11247
11384	11456
11466	11403
11278	11094
10864	10585
10283	9905
9600	9037
8924	8049
6588	6471
6459	6350
6270	6157
6042	5918
5788	5663
5540	5428
5329	5239
5168	5106
5058	5023
4993	4973
4958	4952
4964	5001
5083	5226
5453	5779
6208	6742
7358	8030
8716	9379
9982	10502
10922	11237
11449	11562
11580	11521
11389	11202
10974	10729
10475	10229
9997	9774
9563	9357
9151	8947
8744	8551
8367	8206
8059	7948
7860	7802
7771	7775
7818	7901
8033	8220
8463	8765
9122	9531
9979	10448
10930	11386
11802	12149
12408	12557
12591	12513
12333	12073
11757	11420
11089	10796
10567	10410
10341	10356
10443	10591
10770	10966
11150	11306
11411	11457
11438	11355
11211	11013
10772	10490
10188	9821
9522	8972
8866	8009
6581	6462
6446	6331
6246	6120
5993	5857
5717	5580
5452	5332
5224	5134
5061	5003
4961	4926
4901	4885
4872	4870
4884	4921
4997	5134
5351	5662
6081	6605
7216	7889
8582	9255
9873	10404
10831	11147
11356	11463
11478	11417
11288	11110
10900	10675
10447	10224
10016	9816
9626	9442
9256	9071
8886	8708
8538	8383
8248	8128
8030	7953
7898	7873
7879	7925
8022	8169
8375	8648
8977	9362
9791	10251
10718	11173
11585	11934
12196	12348
12393	12329
12170	11933
11647	11346
11061	10813
10623	10511
10474	10511
10611	10754
10922	11096
11252	11368
11437	11444
11391	11281
11113	10900
10648	10365
10067	9704
9418	8886
8787	7961
6576	6453
6428	6306
6208	6071
5928	5778
5622	5473
5332	5205
5096	5003
4930	4875
4834	4807
4787	4777
4771	4771
4785	4819
4892	5021
5225	5523
5929	6440
7047	7718
8417	9104
9734	10276
10710	11027
11231	11334
11342	11281
11162	10996
10806	10607
10406	10216
10035	9866
9703	9542
9380	9217
9053	8896
8741	8594
8460	8337
8224	8125
8044	7980
7948	7954
8005	8110
8279	8509
8806	9160
9567	10007
10460	10903
11312	11659
11922	12090
12151	12107
11974	11773
11530	11278
11045	10850
10715	10645
10643	10704
10810	10949
11099	11237
11353	11424
11446	11411
11319	11173
10982	10752
10492	10210
9916	9569
9294	8788
8696	7908
6571	6441
6411	6276
6162	6006
5849	5677
5507	5343
5190	5053
4938	4845
4774	4722
4687	4666
4655	4650
4652	4655
4671	4707
4775	4892
5086	5370
5760	6258
6856	7526
8232	8928
9567	10122
10562	10881
11083	11178
11183	11121
11007	10859
10694	10523
10356	10200
10053	9914
9779	9647
9514	9378
9237	9096
8957	8817
8682	8550
8423	8301
8190	8095
8025	7985
7994	8055
8175	8364
8622	8941
9316	9729
10164	10594
10998	11348
11618	11794
11875	11862
11764	11607
11418	11227
11052	10919
10838	10812
10845	10921
11031	11154
11273	11372
11438	11460
11428	11343
11212	11034
10815	10571
10307	10030
9747	9419
9161	8685
8603	7854
6570	6430
6392	6239
6110	5934
5754	5562
5371	5192
5026	4881
4762	4667
4600	4553
4527	4513
4511	4512
4519	4531
4549	4584
4647	4762
4940	5212
5584	6070
6659	7326
8033	8736
9389	9950
10394	10715
10907	10997
10999	10937
10833	10704
10568	10428
10297	10175
10064	9960
9856	9756
9649	9536
9420	9293
9166	9033
8895	8753
8611	8466
8328	8202
8097	8023
7988	8005
8082	8224
8438	8717
9055	9437
9846	10259
10652	10999
11277	11474
11577	11602
11551	11452
11324	11195
11088	11017
10990	11009
11066	11153
11252	11352
11433	11484
11495	11459
11373	11241
11066	10855
10621	10372
10107	9839
9575	9263
9030	8586
8519	7805
6569	6419
6366	6199
6050	5848
5644	5428
5218	5018
4843	4690
4572	4477
4415	4374
4355	4353
4360	4370
4383	4398
4420	4456
4518	4625
4796	5054
5414	5887
6464	7126
7833	8544
9200	9768
10215	10529
10719	10801
10798	10743
10649	10540
10430	10324
10225	10139
10062	9991
9922	9849
9772	9682
9585	9477
9356	9226
9082	8927
8770	8608
8449	8301
8168	8064
7996	7974
8009	8108
8270	8504
8798	9143
9522	9916
10295	10638
10928	11144
11282	11351
11353	11316
11256	11196
11155	11144
11162	11215
11284	11369
11448	11515
11549	11544
11497	11406
11267	11092
10882	10653
10405	10155
9901	9649
9404	9123
8909	8498
8444	7772
6574	6401
6343	6145
5974	5748
5516	5277
5045	4829
4643	4486
4362	4277
4219	4189
4179	4185
4199	4219
4239	4262
4287	4326
4387	4487
4650	4900
5249	5711
6280	6939
7646	8356
9021	9588
10033	10346
10525	10598
10596	10538
10456	10366
10283	10206
10143	10090
10047	10008
9969	9928
9875	9810
9730	9633
9518	9383
9235	9069
8896	8721
8548	8385
8241	8114
8023	7970
7966	8017
8133	8316
8565	8866
9210	9574
9940	10280
10578	10820
10996	11113
11177	11206
11215	11225
11246	11281
11340	11410
11483	11551
11601	11618
11601	11541
11438	11290
11110	10898
10667	10423
10178	9932
9695	9465
9246	8991
8808	8422
8388	7745
6573	6379
6307	6084
5889	5633
5372	5110
4861	4631
4437	4279
4157	4076
4026	4006
4007	4020
4043	4070
4095	4123
4152	4190
4251	4353
4515	4756
5099	5554
6114	6769
7474	8186
8851	9420
9863	10165
10338	10406
10396	10342
10270	10196
10132	10084
10053	10030
10017	10008
9997	9982
9955	9911
9848	9760
9645	9506
9348	9176
8992	8813
8635	8467
8314	8183
8076	7997
7959	7967
8036	8167
8363	8617
8919	9252
9602	9938
10245	10515
10732	10899
11027	11120
11198	11270
11341	11420
11500	11576
11636	11679
11684	11653
11582	11468
11313	11122
10905	10669
10424	10182
9942	9717
9503	9297
9107	8882
8725	8369
8349	7731
6573	6348
6265	6013
5791	5507
5223	4935
4667	4427
4224	4068
3952	3877
3839	3826
3835	3856
3888	3918
3950	3978
4013	4055
4120	4219
4380	4620
4959	5410
5972	6622
7328	8042
8703	9272
9709	10005
10169	10227
10210	10157
10088	10028
9982	9956
9949	9956
9971	9989
10008	10016
10010	9984
9933	9850
9740	9598
9431	9252
9070	8884
8713	8550
8403	8269
8155	8059
7993	7965
7982	8060
8201	8408
8665	8965
9292	9622
9940	10231
10488	10709
10894	11054
11189	11317
11430	11534
11621	11688
11727	11728
11687	11608
11481	11317
11119	10896
10657	10410
10170	9933
9717	9512
9328	9152
8993	8793
8662	8326
8324	7723
6557	6299
6209	5925
5681	5363
5056	4750
4470	4224
4019	3865
3759	3691
3660	3656
3671	3700
3732	3769
3802	3836
3871	3917
3983	4089
4251	4491
4834	5284
5844	6499
7206	7921
8587	9153
9586	9873
10030	10076
10052	9993
9924	9873
9840	9831
9845	9872
9911	9956
9997	10029
10041	10034
9994	9918
9808	9664
9499	9319
9135	8956
8791	8642
8508	8381
8264	8158
8065	7999
7973	7997
8082	8234
8449	8711
9012	9334
9659	9972
10267	10535
10774	10990
11180	11346
11486	11605
11687	11730
11736	11692
11607	11475
11304	11098
10872	10628
10380	10138
9907	9690
9498	9327
9174	9027
8894	8723
8614	8296
8311	7715
6528	6233
6133	5816
5551	5210
4885	4561
4274	4028
3829	3681
3582	3522
3499	3498
3519	3547
3581	3614
3650	3686
3724	3770
3841	3949
4118	4367
4712	5169
5734	6390
7105	7824
8493	9061
9492	9777
9924	9963
9931	9864
9793	9740
9718	9718
9745	9791
9849	9913
9973	10022
10058	10062
10034	9966
9859	9718
9554	9379
9198	9032
8883	8750
8629	8517
8399	8286
8173	8074
8004	7975
8006	8105
8268	8492
8770	9077
9405	9736
10062	10369
10656	10916
11146	11343
11502	11613
11679	11695
11659	11573
11438	11264
11057	10828
10583	10333
10093	9863
9652	9466
9304	9160
9037	8921
8813	8664
8570	8265
8296	7701
6476	6140
6041	5689
5410	5048
4708	4379
4090	3849
3658	3518
3428	3378
3355	3359
3377	3407
3438	3472
3500	3536
3572	3622
3698	3814
3989	4243
4594	5062
5636	6299
7025	7749
8426	9001
9435	9721
9865	9896
9857	9780
9707	9650
9624	9628
9664	9719
9787	9869
9944	10010
10060	10076
10059	10001
9904	9769
9612	9441
9276	9123
8988	8872
8768	8665
8554	8435
8305	8175
8064	7991
7966	8013
8128	8312
8557	8848
9174	9518
9864	10203
10526	10820
11076	11287
11447	11547
11589	11571
11495	11368
11197	10991
10760	10517
10269	10032
9803	9599
9416	9260
9129	9017
8918	8827
8738	8601
8527	8227
8271	7665
6394	6015
5919	5539
5251	4874
4533	4206
3926	3694
3518	3391
3309	3262
3243	3245
3258	3278
3303	3328
3355	3385
3419	3474
3555	3677
3860	4124
4488	4959
5543	6218
6950	7690
8379	8964
9413	9706
9853	9887
9843	9762
9677	9613
9577	9579
9609	9666
9742	9828
9913	9992
10054	10084
10079	10030
9944	9820
9674	9519
9365	9228
9109	9007
8916	8821
8717	8589
8443	8288
8141	8024
7952	7950
8019	8162
8377	8646
8961	9308
9671	10028
10371	10686
10957	11173
11325	11406
11419	11368
11257	11095
10895	10672
10434	10191
9957	9737
9537	9360
9210	9083
8978	8891
8815	8740
8667	8543
8476	8175
8230	7610
6286	5868
5780	5376
5086	4702
4368	4049
3784	3572
3413	3300
3227	3186
3164	3157
3160	3170
3182	3196
3214	3239
3274	3328
3411	3542
3732	4007
4379	4863
5454	6142
6886	7639
8346	8954
9423	9734
9897	9940
9897	9812
9719	9642
9590	9576
9596	9645
9716	9801
9891	9977
10047	10088
10099	10067
9992	9882
9751	9610
9471	9350
9244	9153
9070	8981
8874	8741
8579	8405
8225	8069
7956	7907
7935	8038
8217	8464
8763	9109
9469	9837
10192	10513
10786	10997
11134	11193
11180	11095
10956	10773
10559	10332
10100	9875
9663	9469
9300	9153
9033	8932
8851	8784
8724	8657
8596	8472
8412	8106
8166	7526
6147	5692
5618	5197
4916	4535
4215	3916
3675	3487
3349	3253
3188	3148
3121	3102
3092	3086
3082	3085
3092	3108
3137	3191
3279	3414
3614	3898
4278	4770
5368	6066
6821	7593
8321	8956
9456	9803
9993	10056
10026	9941
9841	9748
9677	9639
9638	9664
9721	9796
9882	9969
10047	10098
10118	10103
10046	9955
9841	9714
9592	9479
9383	9296
9215	9127
9014	8870
8696	8498
8297	8109
7965	7876
7863	7932
8083	8299
8581	8909
9265	9632
9986	10305
10573	10770
10889	10926
10887	10781
10619	10426
10214	9993
9779	9579
9400	9240
9104	8987
8894	8816
8750	8694
8644	8585
8522	8399
8333	8017
8074	7417
5989	5507
5449	5020
4750	4383
4083	3812
3597	3438
3324	3242
3188	3148
3112	3081
3054	3024
3003	2989
2980	2990
3015	3072
3160	3304
3508	3799
4184	4682
5285	5988
6756	7544
8298	8969
9510	9899
10129	10227
10223	10149
10043	9935
9837	9770
9735	9730
9759	9813
9889	9969
10050	10113
10146	10145
10106	10036
9939	9827
9717	9612
9517	9434
9349	9253
9130	8978
8789	8576
8353	8145
7972	7855
7811	7846
7963	8156
8417	8724
9067	9421
9767	10074
10328	10507
10606	10621
10563	10440
10273	10079
9875	9677
9488	9322
9178	9052
8946	8864
8788	8725
8670	8621
8570	8508
8439	8309
8232	7906
7945	7279
5813	5312
5272	4842
4594	4247
3976	3736
3554	3427
3336	3274
3224	3181
3136	3088
3041	2992
2952	2917
2895	2895
2913	2967
3061	3206
3416	3713
4101	4599
5204	5910
6685	7490
8274	8987
9574	10017
10300	10444
10470	10414
10307	10187
10064	9959
9884	9839
9830	9856
9909	9984
10060	10129
10177	10195
10176	10122
10043	9946
9844	9743
9647	9559
9466	9355
9222	9053
8853	8627
8392	8166
7972	7833
7763	7772
7862	8028
8261	8550
8873	9211
9538	9830
10065	10229
10308	10307
10233	10105
9938	9755
9570	9397
9244	9112
9003	8912
8837	8771
8713	8660
8610	8560
8504	8436
8356	8211
8110	7770
7774	7115
5636	5128
5102	4683
4455	4133
3893	3687
3542	3442
3377	3331
3287	3242
3185	3121
3051	2984
2923	2869
2838	2823
2836	2889
2981	3128
3344	3641
4030	4527
5131	5833
6615	7438
8247	8998
9637	10141
10484	10680
10746	10713
10615	10482
10331	10190
10066	9977
9924	9915
9942	10004
10076	10154
10216	10247
10248	10217
10152	10065
9970	9869
9767	9666
9557	9436
9283	9104
8892	8655
8410	8172
7967	7814
7724	7711
7776	7920
8130	8395
8697	9014
9323	9593
9813	9956
10020	10004
9923	9794
9634	9467
9309	9165
9048	8953
8880	8816
8762	8714
8667	8619
8569	8513
8452	8371
8271	8109
7972	7623
7557	6938
5478	4962
4955	4545
4339	4042
3834	3660
3545	3476
3434	3403
3367	3314
3247	3165
3077	2991
2912	2843
2799	2772
2780	2829
2927	3073
3292	3588
3977	4468
5066	5765
6552	7383
8220	9008
9699	10257
10662	10912
11024	11021
10929	10787
10611	10429
10263	10127
10029	9981
9984	10026
10096	10177
10250	10303
10320	10303
10254	10177
10083	9979
9869	9756
9631	9491
9325	9131
8906	8662
8408	8166
7956	7792
7690	7663
7710	7832
8020	8263
8546	8840
9129	9382
9581	9711
9759	9738
9654	9526
9381	9232
9097	8984
8900	8834
8788	8753
8720	8682
8639	8592
8539	8477
8401	8308
8188	8003
7815	7460
7294	6745
5337	4823
4829	4430
4245	3972
3791	3648
3564	3518
3494	3476
3443	3386
3312	3215
3112	3007
2913	2834
2774	2746
2747	2791
2887	3036
3254	3549
3936	4422
5014	5708
6493	7337
8192	9014
9750	10358
10817	11116
11269	11291
11214	11064
10872	10658
10449	10270
10131	10047
10023	10050
10117	10201
10283	10349
10385	10382
10343	10272
10178	10071
9951	9825
9686	9528
9347	9141
8905	8655
8400	8157
7941	7773
7664	7622
7656	7763
7932	8158
8421	8703
8971	9208
9391	9508
9546	9518
9433	9313
9181	9052
8939	8853
8793	8756
8735	8716
8694	8665
8627	8577
8517	8450
8365	8253
8110	7903
7658	7303
7013	6560
5234	4716
4735	4346
4180	3923
3768	3644
3585	3558
3550	3541
3511	3452
3367	3262
3146	3029
2921	2833
2765	2726
2726	2768
2863	3013
3233	3526
3910	4391
4974	5663
6449	7294
8169	9014
9786	10435
10938	11280
11465	11513
11448	11295
11083	10845
10604	10388
10214	10105
10058	10071
10132	10218
10313	10388
10435	10443
10411	10348
10251	10140
10012	9875
9722	9551
9359	9139
8899	8645
8389	8141
7926	7756
7642	7593
7619	7712
7874	8082
8331	8596
8852	9075
9249	9354
9388	9356
9275	9160
9037	8923
8828	8765
8727	8709
8704	8698
8686	8659
8623	8570
8507	8431
8338	8197
8043	7641
7509	6313
6734	4057
