16208	16208
16208	16208
16208	16208
16208	16207
16204	16191
16147	16020
15699	15055
14023	12716
11406	10340
9588	9071
8701	8452
8344	8370
8480	8590
8687	8874
9281	9875
10409	10592
10328	9785
9265	8921
8660	8244
7526	6573
5623	4889
4455	4256
4191	4183
4196	4223
4267	4328
4417	4535
4690	4864
5032	5145
5190	5202
5273	5527
6125	7184
8693	10475
12239	13723
14799	15481
15862	16051
16137	16171
16189	16198
16201	16195
16166	16064
15800	15268
14429	13425
12537	11995
11781	11683
11521	11285
11088	11044
11181	11431
11724	12042
12495	13174
14041	14895
15545	15927
16105	16175
16198	16205
16208	16208
16208	16208
16208	16208
16208	16208
16208	16208
16208	16208
16208	16208
16208	16206
16203	16188
16139	15998
15658	14979
13912	12585
11277	10230
9502	9007
8651	8415
8312	8345
8453	8558
8654	8851
9270	9868
10394	10561
10286	9744
9229	8885
8609	8169
7431	6476
5538	4830
4416	4228
4167	4155
4167	4196
4244	4317
4426	4562
4728	4907
5076	5199
5264	5289
5342	5521
5961	6785
8039	9625
11320	12885
14143	15035
15599	15913
16074	16147
16181	16195
16200	16195
16168	16071
15819	15301
14476	13471
12571	12005
11779	11683
11530	11300
11101	11046
11170	11414
11701	12023
12476	13155
14024	14884
15538	15923
16104	16174
16197	16205
16208	16208
16208	16208
16208	16208
16208	16208
16208	16208
16208	16208
16208	16208
16208	16206
16201	16185
16130	15976
15607	14883
13766	12408
11099	10077
9382	8913
8579	8353
8262	8297
8402	8501
8601	8812
9246	9852
10362	10507
10216	9678
9168	8822
8530	8066
7312	6361
5448	4770
4374	4196
4132	4120
4129	4162
4229	4343
4501	4693
4901	5107
5294	5442
5535	5578
5601	5665
5875	6368
7243	8505
10030	11622
13075	14250
15088	15622
15926	16081
16155	16187
16198	16197
16172	16081
15842	15346
14537	13532
12611	12020
11778	11684
11543	11319
11113	11043
11152	11382
11666	11987
12441	13127
14001	14866
15529	15919
16104	16173
16197	16205
16208	16208
16208	16208
16208	16208
16208	16208
16208	16208
16208	16208
16208	16208
16208	16206
16200	16182
16121	15954
15556	14793
13627	12233
10914	9911
9244	8803
8487	8277
8193	8231
8333	8426
8526	8749
9202	9810
10311	10437
10136	9594
9093	8746
8446	7974
7223	6292
5413	4757
4368	4179
4104	4081
4092	4138
4247	4435
4699	5000
5298	5564
5794	5980
6112	6167
6146	6072
6023	6142
6575	7421
8651	10140
11693	13116
14270	15099
15625	15930
16087	16160
16190	16194
16171	16088
15861	15384
14587	13582
12643	12029
11773	11684
11552	11328
11112	11028
11118	11335
11615	11933
12391	13083
13970	14846
15518	15914
16101	16173
16197	16205
16208	16208
16208	16208
16208	16208
16208	16208
16208	16208
16208	16208
16208	16208
16208	16205
16200	16180
16118	15942
15528	14736
13536	12105
10765	9756
9101	8676
8377	8182
8107	8149
8249	8342
8442	8676
9137	9749
10244	10365
10060	9523
9021	8675
8377	7921
7210	6337
5499	4858
4447	4220
4106	4060
4063	4136
4309	4613
5030	5491
5918	6268
6549	6766
6924	6985
6912	6692
6392	6153
6167	6574
7429	8671
10162	11710
13129	14277
15104	15632
15936	16091
16160	16183
16169	16089
15872	15404
14617	13612
12663	12033
11769	11679
11547	11320
11093	10992
11065	11273
11541	11861
12323	13027
13927	14822
15506	15910
16100	16172
16197	16205
16208	16208
16208	16208
16208	16208
16208	16208
16208	16208
16208	16208
16208	16208
16208	16205
16199	16181
16119	15944
15533	14732
13514	12054
10679	9638
8964	8537
8246	8062
7999	8048
8151	8247
8356	8591
9056	9668
10170	10300
10009	9475
8970	8620
8334	7928
7303	6527
5761	5133
4678	4372
4179	4077
4061	4152
4400	4834
5423	6057
6615	7026
7314	7523
7670	7719
7599	7269
6776	6272
5962	6010
6487	7397
8668	10171
11723	13142
14289	15115
15642	15942
16094	16154
16160	16088
15873	15406
14619	13610
12659	12026
11758	11661
11522	11284
11044	10931
10992	11191
11456	11776
12246	12965
13886	14798
15494	15906
16099	16172
16197	16205
16208	16208
16208	16208
16208	16208
16208	16208
16208	16208
16208	16208
16208	16208
16208	16205
16201	16183
16127	15964
15567	14787
13574	12095
10671	9571
8848	8392
8092	7911
7856	7917
8034	8146
8260	8497
8955	9569
10086	10248
9983	9462
8949	8586
8324	7989
7486	6854
6199	5609
5103	4687
4369	4170
4100	4188
4489	5035
5772	6540
7168	7570
7783	7900
7977	7984
7836	7467
6902	6288
5818	5646
5841	6421
7385	8681
10190	11743
13158	14304
15126	15649
15944	16087
16128	16075
15859	15382
14586	13575
12628	12004
11736	11627
11467	11208
10955	10836
10900	11105
11372	11699
12183	12922
13863	14787
15492	15907
16099	16173
16198	16205
16208	16208
16208	16208
16208	16208
16208	16208
16208	16208
16208	16208
16208	16208
16208	16206
16202	16188
16139	15991
15622	14881
13699	12215
10743	9563
8762	8251
7923	7732
7678	7747
7885	8019
8148	8386
8833	9447
9987	10197
9980	9482
8957	8582
8336	8079
7715	7250
6753	6243
5722	5198
4730	4383
4210	4253
4567	5175
6000	6834
7454	7755
7804	7749
7695	7639
7492	7165
6663	6103
5643	5404
5436	5762
6410	7400
8702	10211
11763	13174
14316	15134
15651	15936
16058	16033
15822	15328
14514	13499
12568	11960
11695	11566
11377	11098
10836	10729
10809	11031
11313	11656
12163	12925
13879	14808
15506	15914
16103	16175
16199	16205
16208	16208
16208	16208
16208	16208
16208	16208
16208	16208
16208	16208
16208	16208
16208	16208
16204	16194
16152	16023
15690	14998
13861	12387
10873	9612
8725	8142
7768	7546
7478	7547
7698	7853
8004	8239
8677	9288
9862	10135
9988	9523
8995	8597
8355	8163
7924	7627
7302	6928
6458	5886
5283	4768
4440	4381
4654	5268
6115	6948
7508	7671
7521	7262
7059	6938
6808	6571
6210	5793
5442	5236
5205	5366
5752	6421
7415	8715
10223	11771
13184	14321
15132	15640
15902	15947
15745	15234
14394	13377
12469	11892
11631	11480
11258	10960
10711	10629
10744	10991
11296	11662
12196	12983
13949	14866
15543	15932
16111	16178
16199	16205
16208	16208
16208	16208
16208	16208
16208	16208
16208	16208
16208	16208
16208	16208
16208	16208
16206	16197
16163	16054
15756	15116
14032	12583
11041	9715
8743	8090
7656	7388
7282	7330
7478	7651
7817	8052
8471	9077
9687	10038
9979	9575
9050	8627
8373	8219
8070	7909
7740	7534
7193	6669
6007	5348
4841	4629
4798	5362
6182	6987
7486	7535
7238	6833
6521	6347
6236	6077
5833	5547
5295	5136
5087	5150
5355	5756
6428	7424
8722	10227
11775	13182
14314	15117
15593	15760
15600	15075
14212	13200
12328	11795
11543	11368
11119	10821
10598	10563
10721	10996
11319	11711
12279	13098
14062	14958
15597	15958
16120	16181
16199	16205
16208	16208
16208	16208
16208	16208
16208	16208
16208	16208
16208	16208
16208	16208
16208	16208
16207	16199
16174	16080
15817	15233
14212	12798
11246	9865
8821	8101
7609	7287
7130	7133
7255	7424
7594	7815
8205	8792
9437	9879
9932	9613
9114	8659
8376	8229
8136	8061
8015	7962
7798	7421
6817	6097
5443	5052
5066	5521
6279	7050
7521	7538
7205	6765
6426	6242
6137	5997
5774	5508
5269	5112
5040	5048
5143	5361
5767	6439
7429	8719
10214	11751
13151	14272
15035	15397
15328	14816
13947	12954
12145	11668
11438	11249
10985	10701
10525	10546
10745	11040
11378	11794
12402	13250
14215	15073
15668	15990
16134	16185
16202	16205
16208	16208
16208	16208
16208	16208
16208	16208
16208	16208
16208	16208
16208	16208
16208	16208
16207	16202
16182	16104
15876	15350
14400	13043
11495	10068
8957	8172
7626	7252
7038	6983
7060	7201
7355	7554
7901	8452
9111	9640
9827	9619
9164	8692
8364	8196
8123	8099
8119	8179
8189	8021
7587	6927
6211	5666
5498	5795
6455	7184
7667	7739
7481	7113
6829	6672
6557	6367
6059	5691
5360	5138
5028	5003
5047	5171
5403	5813
6465	7423
8675	10148
11670	13058
14131	14759
14851	14407
13576	12648
11929	11528
11326	11132
10871	10616
10499	10575
10806	11115
11458	11901
12552	13431
14389	15203
15744	16027
16147	16190
16203	16206
16208	16208
16208	16208
16208	16208
16208	16208
16208	16208
16208	16208
16208	16208
16208	16208
16208	16205
16187	16124
15932	15469
14603	13310
11780	10313
9135	8288
7693	7274
7007	6889
6912	7017
7145	7308
7591	8082
8728	9330
9648	9578
9196	8718
8331	8121
8042	8038
8089	8202
8334	8367
8168	7695
7041	6427
6097	6212
6726	7386
7883	8039
7901	7660
7469	7355
7217	6939
6491	5958
5486	5168
5013	4982
5036	5146
5312	5544
5895	6462
7333	8532
9984	11496
12834	13751
14075	13786
13077	12283
11701	11395
11223	11028
10776	10566
10510	10638
10890	11198
11549	12024
12723	13632
14576	15337
15822	16062
16161	16194
16204	16207
16208	16208
16208	16208
16208	16208
16208	16208
16208	16208
16208	16208
16208	16208
16208	16208
16208	16206
16193	16142
15983	15584
14806	13594
12094	10595
9347	8433
7792	7334
7023	6854
6818	6882
6984	7111
7327	7730
8326	8960
9402	9482
9210	8747
8310	8029
7916	7908
7964	8086
8265	8434
8458	8238
7768	7204
6786	6732
7074	7618
8074	8260
8195	8030
7900	7808
7650	7303
6746	6092
5516	5137
4974	4984
5109	5299
5497	5646
5758	5929
6333	7109
8280	9725
11186	12348
12945	12914
12442	11875
11478	11280
11139	10939
10703	10546
10550	10717
10982	11285
11643	12158
12908	13842
14763	15471
15896	16097
16175	16198
16206	16208
16208	16208
16208	16208
16208	16208
16208	16208
16208	16208
16208	16208
16208	16208
16208	16208
16208	16206
16198	16159
16028	15693
15004	13883
12424	10903
9585	8605
7914	7421
7069	6849
6764	6788
6871	6969
7123	7431
7940	8567
9098	9335
9203	8801
8330	7970
7788	7746
7785	7886
8054	8267
8437	8448
8224	7820
7421	7254
7419	7797
8135	8246
8131	7926
7766	7654
7482	7130
6572	5922
5366	5027
4936	5060
5334	5688
5997	6133
6049	5852
5769	6039
6786	7969
9370	10659
11520	11822
11703	11454
11279	11182
11056	10849
10637	10532
10597	10799
11070	11367
11741	12298
13101	14055
14945	15592
15962	16125
16186	16202
16207	16208
16208	16208
16208	16208
16208	16208
16208	16208
16208	16208
16208	16208
16208	16208
16208	16208
16208	16207
16200	16170
16068	15790
15192	14167
12771	11239
9864	8810
8065	7533
7141	6873
6737	6727
6790	6877
6988	7201
7599	8162
8743	9123
9165	8881
8427	7994
7714	7598
7599	7666
7788	7975
8190	8341
8327	8124
7828	7630
7661	7868
8028	7964
7675	7318
7038	6863
6691	6403
5967	5476
5085	4912
4994	5311
5804	6363
6809	6952
6703	6171
5635	5402
5671	6470
7651	8929
9991	10653
10955	11067
11117	11098
10968	10754
10569	10524
10640	10873
11146	11443
11837	12445
13297	14262
15112	15698
16014	16147
16192	16206
16208	16208
16208	16208
16208	16208
16208	16208
16208	16207
16208	16208
16208	16208
16208	16208
16208	16208
16208	16207
16202	16179
16100	15874
15364	14452
13139	11627
10199	9067
8254	7673
7237	6924
6735	6685
6731	6813
6898	7038
7318	7784
8353	8843
9068	8961
8595	8140
7760	7544
7468	7484
7562	7691
7865	8046
8141	8090
7922	7766
7744	7820
7810	7542
7033	6467
6035	5785
5633	5465
5236	5004
4885	4973
5307	5866
6575	7299
7822	7927
7513	6698
5789	5134
4981	5398
6306	7493
8689	9668
10359	10787
11005	11019
10868	10648
10502	10516
10687	10942
11220	11524
11953	12620
13514	14473
15270	15790
16056	16163
16197	16206
16208	16208
16208	16208
16208	16208
16208	16205
16202	16202
16205	16206
16206	16208
16208	16208
16208	16208
16208	16207
16204	16187
16125	15948
15531	14739
13543	12078
10619	9400
8498	7850
7365	7001
6763	6664
6684	6762
6841	6933
7111	7455
7955	8490
8880	8987
8793	8398
7966	7631
7447	7391
7416	7490
7609	7745
7849	7863
7790	7706
7698	7722
7599	7178
6496	5772
5224	4929
4820	4791
4793	4854
5044	5423
6010	6766
7598	8347
8805	8769
8168	7135
5981	5063
4635	4794
5499	6608
7891	9097
10047	10662
10944	10939
10758	10549
10452	10529
10743	11018
11303	11633
12121	12851
13776	14700
15424	15872
16090	16174
16200	16207
16208	16208
16208	16208
16208	16206
16202	16194
16178	16177
16196	16198
16202	16206
16208	16208
16208	16208
16208	16208
16205	16192
16146	16013
15682	15027
13972	12594
11123	9816
8801	8066
7522	7109
6820	6671
6653	6721
6801	6874
6977	7195
7582	8096
8599	8927
8961	8718
8306	7888
7575	7408
7362	7395
7469	7559
7633	7654
7630	7616
7653	7681
7520	7040
6296	5522
4948	4668
4632	4744
4959	5275
5725	6328
7075	7903
8685	9271
9488	9203
8399	7223
5976	4986
4486	4574
5234	6349
7701	9014
10046	10681
10917	10852
10647	10469
10436	10573
10824	11113
11415	11793
12357	13150
14080	14942
15578	15948
16119	16183
16203	16207
16208	16208
16208	16208
16207	16203
16188	16156
16093	16095
16171	16179
16190	16200
16206	16208
16208	16208
16208	16208
16206	16197
16166	16066
15816	15292
14395	13128
11670	10276
9141	8304
7695	7235
6902	6701
6638	6682
6772	6845
6905	7019
7274	7713
8268	8779
9065	9032
8722	8275
7842	7532
7380	7359
7419	7502
7569	7594
7600	7635
7716	7764
7621	7173
6488	5784
5284	5077
5133	5371
5744	6233
6838	7542
8302	9029
9598	9868
9731	9131
8126	6890
5694	4806
4409	4597
5356	6560
7972	9286
10254	10779
10897	10758
10547	10422
10462	10650
10926	11226
11555	11996
12647	13498
14407	15184
15719	16012
16142	16189
16204	16207
16208	16208
16208	16208
16206	16193
16154	16066
15886	15899
16129	16145
16168	16189
16202	16207
16208	16208
16208	16208
16206	16201
16179	16107
15921	15508
14750	13597
12166	10707
9462	8531
7860	7361
6989	6747
6639	6656
6743	6827
6872	6916
7055	7402
7961	8602
9099	9285
9116	8694
8177	7725
7440	7349
7402	7513
7613	7675
7715	7780
7886	7951
7846	7484
6932	6373
6002	5901
6048	6376
6841	7407
8049	8728
9379	9908
10187	10107
9604	8709
7545	6317
5252	4552
4351	4718
5638	6965
8418	9674
10514	10880
10870	10669
10469	10403
10505	10737
11031	11337
11693	12203
12934	13826
14702	15391
15832	16060
16158	16193
16205	16208
16208	16208
16208	16207
16202	16179
16099	15922
15548	15586
16086	16110
16146	16180
16199	16206
16208	16208
16208	16208
16207	16203
16186	16133
15987	15650
14984	13915
12512	11015
9696	8693
7980	7455
7056	6783
6646	6639
6721	6816
6858	6861
6926	7202
7750	8460
9100	9442
9396	9016
8455	7899
7504	7344
7391	7535
7682	7787
7860	7949
8060	8134
8065	7787
7361	6946
6696	6682
6893	7271
7770	8347
8964	9567
10089	10428
10469	10120
9356	8254
6997	5802
4869	4341
4309	4830
5884	7306
8779	9976
10700	10942
10841	10605
10421	10401
10547	10808
11107	11419
11799	12360
13147	14060
14904	15529
15904	16091
16169	16197
16205	16208
16208	16208
16208	16207
16199	16165
16044	15488
15199	9859
