16294	16294
16294	16294
16294	16294
16294	16294
16294	16294
16294	16294
16294	16294
16294	16294
16294	16294
16294	16294
16294	16291
16287	16278
16265	16247
16239	16227
16143	15811
14953	13438
11662	10333
9776	9701
9720	9691
9594	9386
9008	8540
8280	8397
8526	8243
7819	7806
8231	8717
9023	9150
9164	9104
8910	8475
7905	7710
8382	9733
11026	11800
12112	12182
12069	11648
10729	9379
8140	7647
7978	8617
9090	9329
9443	9493
9426	9090
8298	7073
5781	4855
4424	4301
4271	4246
4229	4229
4245	4263
4276	4288
4300	4307
4317	4331
4349	4367
4394	4428
4465	4508
4552	4598
4648	4703
4785	4926
5186	5593
6034	6257
6111	5714
5333	5119
5064	5063
5061	5061
5097	5289
5863	7040
8819	10916
12898	14419
15387	15891
16103	16177
16209	16231
16247	16249
16239	16229
16232	16239
16245	16240
16226	16226
16242	16268
16283	16291
16293	16294
16294	16294
16294	16294
16294	16293
16289	16276
16240	16159
15982	15535
14542	12920
11232	10382
10629	11373
11947	12205
12278	12299
12277	12113
11651	10890
10238	10258
10797	11051
10772	10628
11064	11709
12120	12267
12298	12251
12042	11680
11531	12112
13404	14774
15665	16048
16169	16204
16228	16247
16268	16283
16290	16293
16294	16294
16294	16294
16294	16294
16294	16294
16294	16294
16294	16294
16294	16294
16294	16294
16294	16294
16294	16294
16294	0
16294	16294
16294	16294
16294	16294
16294	16294
16294	16294
16294	16294
16294	16294
16294	16294
16294	16294
16294	16294
16294	16291
16286	16274
16255	16231
16223	16210
16110	15739
14822	13279
11532	10267
9748	9671
9683	9649
9551	9331
8939	8464
8232	8380
8502	8202
7808	7851
8308	8775
9043	9147
9154	9085
8865	8389
7825	7708
8480	9861
11106	11816
12096	12154
12056	11667
10794	9493
8290	7797
8088	8668
9099	9315
9421	9455
9348	8947
8091	6845
5592	4732
4343	4238
4222	4215
4211	4220
4235	4248
4260	4266
4274	4281
4293	4308
4327	4350
4374	4401
4435	4471
4510	4558
4610	4671
4752	4870
5055	5325
5604	5747
5663	5430
5206	5083
5051	5052
5055	5055
5075	5180
5542	6335
7671	9471
11449	13246
14600	15442
15872	16055
16139	16195
16230	16247
16252	16252
16257	16262
16265	16259
16251	16249
16261	16277
16287	16291
16294	16294
16294	16294
16294	16294
16294	16293
16289	16276
16245	16171
16009	15606
14683	13109
11371	10380
10523	11263
11895	12193
12283	12305
12281	12133
11708	10986
10328	10290
10799	11080
10815	10636
11024	11666
12096	12260
12301	12251
12026	11616
11384	11882
13169	14611
15593	16031
16168	16205
16228	16247
16267	16282
16290	16293
16294	16294
16294	16294
16294	16294
16294	16294
16294	16294
16294	16294
16294	16294
16294	16294
16294	16294
16294	16294
16294	0
16294	16294
16294	16294
16294	16294
16294	16294
16294	16294
16294	16294
16294	16294
16294	16294
16294	16294
16294	16294
16294	16291
16284	16272
16245	16218
16207	16188
16067	15629
14603	12981
11267	10109
9677	9628
9635	9593
9484	9259
8857	8392
8194	8366
8466	8146
7784	7892
8373	8823
9058	9134
9134	9051
8794	8282
7738	7725
8609	10004
11186	11824
12064	12119
12029	11650
10783	9502
8348	7907
8203	8744
9131	9322
9409	9407
9241	8754
7821	6564
5376	4602
4266	4183
4180	4190
4197	4209
4223	4231
4237	4240
4244	4251
4260	4278
4298	4321
4343	4370
4397	4427
4462	4508
4562	4629
4710	4808
4938	5091
5241	5318
5289	5192
5099	5050
5038	5041
5049	5050
5049	5086
5247	5664
6489	7823
9596	11525
13268	14576
15382	15807
16017	16132
16199	16236
16257	16266
16275	16278
16280	16277
16270	16272
16279	16285
16290	16293
16294	16294
16294	16294
16294	16294
16294	16293
16290	16279
16251	16184
16045	15699
14871	13371
11579	10410
10399	11123
11820	12176
12286	12308
12287	12155
11778	11099
10426	10313
10782	11114
10884	10655
10976	11602
12058	12249
12301	12254
12017	11577
11284	11715
12987	14481
15535	16015
16166	16206
16228	16246
16267	16281
16290	16293
16294	16294
16294	16294
16294	16294
16294	16294
16294	16294
16294	16294
16294	16294
16294	16294
16294	16294
16294	16294
16294	0
16294	16294
16294	16294
16294	16294
16294	16294
16294	16294
16294	16294
16294	16294
16294	16294
16294	16294
16294	16294
16294	16291
16283	16268
16240	16214
16197	16173
16022	15493
14321	12582
10890	9878
9574	9577
9582	9526
9408	9180
8784	8343
8176	8357
8419	8077
7750	7911
8407	8838
9050	9112
9102	9002
8706	8166
7662	7769
8753	10147
11251	11815
12018	12065
11980	11584
10680	9382
8284	7936
8290	8822
9180	9346
9403	9362
9124	8545
7538	6281
5171	4492
4211	4148
4154	4171
4186	4194
4202	4209
4211	4213
4216	4220
4231	4244
4262	4281
4300	4326
4350	4380
4412	4454
4508	4578
4658	4748
4849	4952
5040	5090
5096	5072
5046	5034
5034	5036
5039	5041
5034	5032
5080	5244
5651	6479
7816	9574
11490	13222
14520	15335
15786	16023
16143	16210
16250	16272
16283	16286
16287	16286
16284	16283
16286	16289
16291	16294
16294	16294
16294	16294
16294	16294
16294	16293
16290	16280
16251	16191
16073	15788
15066	13658
11829	10472
10283	10971
11733	12150
12287	12311
12291	12182
11845	11208
10515	10318
10751	11139
10962	10680
10921	11528
12019	12245
12309	12256
12018	11579
11280	11679
12925	14431
15508	16008
16165	16206
16228	16246
16267	16281
16290	16293
16294	16294
16294	16294
16294	16294
16294	16294
16294	16294
16294	16294
16294	16294
16294	16294
16294	16294
16294	16294
16294	0
16294	16294
16294	16294
16294	16294
16294	16294
16294	16294
16294	16294
16294	16294
16294	16294
16294	16294
16294	16294
16294	16291
16283	16267
16240	16209
16191	16158
15973	15352
14025	12170
10498	9631
9465	9531
9539	9467
9331	9099
8717	8308
8180	8352
8365	7999
7707	7911
8423	8838
9032	9084
9067	8947
8611	8047
7595	7827
8907	10287
11308	11795
11959	11995
11909	11485
10527	9201
8156	7918
8338	8877
9207	9351
9384	9305
9006	8342
7267	6016
4985	4398
4174	4130
4142	4161
4174	4182
4186	4189
4189	4189
4190	4192
4196	4205
4218	4233
4251	4273
4296	4326
4356	4398
4453	4521
4603	4691
4781	4869
4942	4994
5020	5029
5028	5028
5029	5031
5033	5033
5023	5011
5015	5056
5207	5616
6446	7781
9546	11480
13222	14527
15358	15816
16049	16166
16234	16269
16284	16289
16291	16291
16291	16291
16292	16293
16294	16294
16294	16294
16294	16294
16294	16294
16294	16293
16290	16280
16251	16194
16094	15860
15235	13923
12074	10552
10187	10831
11645	12119
12281	12311
12296	12203
11905	11300
10586	10314
10709	11152
11021	10692
10860	11451
11978	12243
12314	12260
12029	11619
11342	11738
12956	14438
15510	16008
16165	16206
16228	16245
16266	16281
16290	16293
16294	16294
16294	16294
16294	16294
16294	16294
16294	16294
16294	16294
16294	16294
16294	16294
16294	16294
16294	16294
16294	0
16294	16294
16294	16294
16294	16294
16294	16294
16294	16294
16294	16294
16294	16294
16294	16294
16294	16294
16294	16294
16293	16290
16283	16267
16238	16207
16183	16138
15920	15221
13776	11828
10180	9429
9378	9496
9512	9421
9267	9028
8655	8278
8188	8347
8306	7915
7663	7909
8429	8830
9010	9055
9028	8886
8511	7926
7531	7892
9063	10424
11360	11771
11894	11912
11813	11370
10375	9038
8039	7882
8352	8883
9188	9316
9339	9245
8908	8175
7041	5794
4832	4324
4147	4120
4137	4156
4169	4170
4167	4165
4162	4162
4162	4162
4163	4166
4171	4180
4199	4220
4245	4271
4304	4345
4397	4467
4544	4631
4720	4805
4883	4944
4989	5013
5026	5028
5027	5028
5028	5022
5012	5003
4998	4996
5026	5177
5596	6441
7801	9599
11544	13285
14587	15409
15861	16085
16198	16254
16275	16284
16288	16289
16289	16290
16292	16293
16294	16294
16294	16294
16294	16294
16294	16294
16294	16293
16290	16277
16248	16190
16099	15900
15351	14125
12274	10631
10116	10706
11559	12082
12271	12311
12300	12220
11951	11374
10647	10317
10676	11150
11050	10689
10794	11379
11944	12242
12323	12264
12040	11664
11424	11822
13015	14462
15515	16010
16165	16206
16228	16245
16266	16281
16290	16293
16294	16294
16294	16294
16294	16294
16294	16294
16294	16294
16294	16294
16294	16294
16294	16294
16294	16294
16294	16294
16294	0
16294	16294
16294	16294
16294	16294
16294	16294
16294	16294
16294	16294
16294	16294
16294	16294
16294	16294
16294	16294
16292	16289
16279	16260
16228	16194
16166	16108
15866	15116
13596	11593
9967	9293
9318	9472
9490	9387
9220	8969
8600	8250
8189	8340
8252	7843
7619	7902
8425	8809
8975	9014
8981	8820
8415	7812
7470	7946
9200	10542
11399	11739
11819	11820
11704	11248
10246	8916
7954	7847
8336	8849
9127	9241
9268	9174
8824	8049
6873	5627
4719	4269
4128	4113
4131	4149
4161	4161
4152	4144
4137	4136
4136	4133
4130	4125
4122	4128
4145	4172
4201	4232
4268	4309
4363	4425
4500	4580
4665	4754
4837	4915
4978	5018
5038	5045
5045	5039
5033	5023
5013	5004
4998	4987
4982	5021
5201	5643
6512	7896
9697	11633
13357	14644
15455	15898
16118	16216
16255	16269
16274	16276
16280	16286
16288	16290
16292	16294
16294	16294
16294	16294
16294	16294
16294	16293
16289	16276
16244	16183
16094	15913
15415	14250
12416	10694
10071	10611
11486	12047
12261	12309
12301	12232
11981	11425
10700	10331
10657	11138
11048	10660
10736	11324
11917	12239
12325	12256
12036	11688
11483	11892
13063	14483
15520	16010
16164	16206
16226	16245
16265	16279
16290	16293
16294	16294
16294	16294
16294	16294
16294	16294
16294	16294
16294	16294
16294	16294
16294	16294
16294	16294
16294	16294
16294	0
16294	16294
16294	16294
16294	16294
16294	16294
16294	16294
16294	16294
16294	16294
16294	16294
16294	16294
16294	16294
16291	16287
16276	16252
16217	16175
16138	16070
15816	15037
13475	11445
9830	9195
9257	9429
9455	9350
9177	8918
8547	8216
8177	8323
8208	7788
7589	7889
8407	8773
8924	8951
8918	8748
8323	7712
7413	7979
9294	10618
11410	11700
11750	11729
11597	11135
10136	8822
7893	7817
8311	8804
9058	9158
9188	9099
8744	7952
6754	5515
4648	4238
4118	4108
4125	4142
4153	4152
4138	4124
4115	4112
4110	4107
4100	4088
4075	4077
4096	4133
4183	4235
4292	4346
4402	4455
4519	4589
4670	4762
4860	4954
5036	5093
5128	5142
5140	5126
5108	5094
5080	5057
5026	5004
5001	5018
5082	5271
5719	6593
7971	9759
11678	13391
14665	15474
15912	16119
16199	16230
16242	16252
16263	16275
16284	16288
16291	16294
16294	16294
16294	16294
16294	16294
16294	16293
16289	16275
16240	16178
16091	15917
15449	14326
12512	10750
10053	10544
11426	12020
12252	12308
12303	12237
11999	11459
10731	10340
10636	11107
11019	10622
10687	11285
11898	12229
12305	12219
11995	11668
11488	11908
13067	14477
15513	16009
16167	16209
16225	16245
16264	16279
16290	16293
16294	16294
16294	16294
16294	16294
16294	16294
16294	16294
16294	16294
16294	16294
16294	16294
16294	16294
16294	16294
16294	0
16294	16294
16294	16294
16294	16294
16294	16294
16294	16294
16294	16294
16294	16294
16294	16294
16294	16294
16294	16293
16291	16283
16268	16240
16201	16159
16115	16040
15774	14978
13386	11328
9708	9089
9170	9360
9391	9299
9135	8877
8501	8173
8143	8296
8176	7759
7570	7874
8373	8717
8845	8864
8830	8664
8236	7625
7355	7981
9334	10637
11386	11643
11678	11646
11506	11032
10032	8740
7842	7791
8287	8768
9007	9094
9108	9015
8660	7867
6672	5448
4607	4222
4105	4091
4099	4115
4130	4132
4119	4100
4090	4085
4084	4081
4075	4060
4039	4027
4046	4105
4207	4337
4470	4575
4648	4705
4755	4819
4904	5008
5126	5245
5353	5437
5496	5524
5521	5496
5466	5436
5393	5300
5171	5075
5043	5055
5076	5130
5312	5759
6623	7991
9760	11659
13365	14646
15463	15891
16079	16152
16187	16213
16237	16256
16273	16285
16291	16293
16294	16294
16294	16294
16294	16294
16294	16293
16289	16274
16239	16178
16094	15931
15482	14388
12585	10796
10044	10496
11380	11993
12241	12306
12304	12242
12012	11483
10754	10337
10605	11062
10976	10580
10652	11259
11886	12212
12264	12152
11916	11596
11428	11858
13025	14445
15496	16005
16171	16213
16228	16244
16264	16279
16290	16293
16294	16294
16294	16294
16294	16294
16294	16294
16294	16294
16294	16294
16294	16294
16294	16294
16294	16294
16294	16294
16294	0
16294	16294
16294	16294
16294	16294
16294	16294
16294	16294
16294	16294
16294	16294
16294	16294
16294	16294
16294	16293
16290	16280
16262	16231
16196	16160
16115	16034
15755	14929
13300	11204
9561	8947
9050	9262
9312	9239
9098	8847
8465	8125
8095	8259
8151	7746
7557	7849
8329	8650
8761	8771
8737	8584
8165	7563
7306	7958
9325	10616
11340	11584
11619	11584
11436	10956
9961	8685
7809	7770
8270	8745
8978	9052
9044	8935
8581	7804
6631	5429
4597	4215
4089	4053
4047	4060
4083	4093
4083	4069
4061	4055
4055	4057
4056	4044
4018	3993
4005	4103
4310	4612
4924	5160
5301	5381
5446	5528
5636	5769
5918	6074
6221	6345
6434	6479
6482	6452
6408	6351
6223	5954
5584	5270
5114	5079
5082	5091
5140	5319
5761	6614
7950	9694
11593	13322
14625	15435
15852	16034
16116	16168
16206	16239
16265	16279
16290	16293
16294	16294
16294	16294
16294	16294
16294	16293
16289	16274
16239	16181
16104	15958
15526	14442
12637	10826
10043	10471
11350	11976
12235	12304
12306	12247
12027	11507
10778	10338
10578	11021
10940	10554
10633	11248
11870	12177
12201	12066
11818	11490
11324	11762
12947	14394
15473	15999
16174	16219
16230	16243
16263	16279
16290	16293
16294	16294
16294	16294
16294	16294
16294	16294
16294	16294
16294	16294
16294	16294
16294	16294
16294	16294
16294	16294
16294	0
16294	16294
16294	16294
16294	16294
16294	16294
16294	16294
16294	16294
16294	16294
16294	16294
16294	16294
16294	16293
16290	16279
16258	16230
16203	16179
16148	16064
15761	14898
13219	11071
9391	8768
8892	9138
9225	9185
9072	8831
8435	8078
8037	8209
8126	7736
7541	7815
8280	8592
8695	8699
8666	8524
8122	7527
7271	7915
9273	10562
11279	11525
11570	11544
11397	10920
9940	8683
7806	7746
8227	8703
8941	9008
8987	8870
8524	7786
6664	5488
4656	4253
4099	4030
3998	4000
4024	4040
4040	4033
4029	4029
4028	4034
4044	4045
4024	3990
4000	4140
4495	5055
5657	6117
6379	6520
6628	6757
6919	7109
7311	7520
7719	7887
8010	8083
8098	8070
8016	7909
7639	7083
6316	5630
5236	5100
5076	5077
5087	5135
5308	5728
6541	7859
9624	11569
13323	14624
15417	15824
16016	16114
16176	16219
16256	16278
16289	16293
16294	16294
16294	16294
16294	16294
16294	16293
16289	16274
16241	16187
16120	15979
15553	14466
12653	10832
10038	10463
11345	11972
12235	12302
12307	12253
12043	11533
10804	10351
10571	11006
10927	10548
10630	11235
11837	12120
12128	11985
11732	11394
11215	11655
12864	14347
15449	15994
16179	16222
16231	16243
16263	16279
16290	16293
16294	16294
16294	16294
16294	16294
16294	16294
16294	16294
16294	16294
16294	16294
16294	16294
16294	16294
16294	16294
16294	0
16294	16294
16294	16294
16294	16294
16294	16294
16294	16294
16294	16294
16294	16294
16294	16294
16294	16294
16294	16293
16290	16278
16258	16234
16216	16210
16189	16104
15783	14890
13166	10963
9233	8575
8699	8970
9101	9110
9034	8809
8408	8026
7969	8151
8096	7722
7512	7772
8234	8546
8647	8652
8622	8490
8100	7511
7243	7855
9194	10480
11213	11471
11530	11517
11381	10924
9976	8737
7836	7715
8158	8635
8886	8954
8932	8818
8502	7828
6790	5681
4872	4445
4234	4091
4001	3973
3980	3989
3995	4000
4001	4002
4004	4013
4030	4048
4045	4017
4025	4209
4713	5536
6447	7157
7562	7771
7925	8112
8336	8596
8866	9137
9385	9600
9758	9860
9900	9884
9821	9657
9222	8347
7153	6056
5387	5122
5055	5054
5055	5058
5106	5260
5655	6476
7838	9656
11622	13365
14638	15414
15825	16028
16133	16196
16243	16273
16287	16292
16294	16294
16294	16294
16294	16294
16294	16293
16289	16275
16244	16194
16128	15990
15559	14456
12626	10807
10034	10479
11364	11985
12240	12305
12307	12254
12047	11545
10821	10371
10586	11009
10922	10540
10620	11212
11785	12043
12046	11913
11666	11316
11116	11556
12792	14307
15432	15989
16181	16223
16232	16243
16263	16279
16290	16293
16294	16294
16294	16294
16294	16294
16294	16294
16294	16294
16294	16294
16294	16294
16294	16294
16294	16294
16294	16294
16294	0
16294	16294
16294	16294
16294	16294
16294	16294
16294	16294
16294	16294
16294	16294
16294	16294
16294	16294
16294	16293
16290	16279
16261	16242
16229	16232
16219	16133
15811	14921
13201	10977
9180	8449
8518	8769
8920	8975
8948	8756
8360	7967
7896	8085
8060	7702
7480	7723
8185	8506
8612	8616
8593	8469
8091	7506
7213	7785
9093	10384
11142	11423
11497	11501
11378	10950
10046	8829
7884	7680
8067	8542
8808	8887
8873	8776
8502	7920
7011	6038
5328	4917
4613	4327
4116	4008
3970	3960
3964	3971
3975	3978
3979	3987
4005	4030
4041	4031
4054	4274
4877	5878
7009	7898
8407	8661
8839	9048
9309	9607
9920	10230
10524	10769
10965	11096
11164	11169
11106	10896
10332	9228
7730	6351
5492	5131
5032	5020
5018	5014
5020	5061
5215	5638
6512	7919
9747	11695
13403	14654
15431	15846
16053	16160
16228	16269
16284	16290
16292	16292
16292	16292
16293	16294
16294	16293
16289	16276
16247	16194
16128	15987
15544	14419
12571	10763
10027	10504
11394	12001
12245	12306
12307	12252
12038	11528
10809	10378
10601	11002
10881	10495
10579	11163
11713	11949
11957	11848
11614	11248
11022	11460
12726	14275
15422	15987
16178	16223
16232	16243
16263	16279
16290	16293
16294	16294
16294	16294
16294	16294
16294	16294
16294	16294
16294	16294
16294	16294
16294	16294
16294	16294
16294	16294
16294	0
16294	16294
16294	16294
16294	16294
16294	16294
16294	16294
16294	16294
16294	16294
16294	16294
16294	16294
16294	16293
16290	16282
16266	16249
16238	16237
16224	16141
15842	15009
13370	11184
9336	8484
8427	8594
8706	8777
8789	8639
8276	7889
7809	8012
8019	7673
7441	7670
8135	8467
8579	8589
8567	8453
8090	7508
7187	7706
8979	10283
11063	11370
11467	11481
11380	10986
10132	8938
7946	7646
7969	8437
8727	8822
8814	8735
8512	8032
7283	6505
5981	5667
5308	4836
4413	4151
4020	3967
3955	3955
3955	3957
3958	3962
3972	3991
4008	4016
4065	4314
4964	6040
7257	8219
8772	9041
9215	9400
9619	9866
10139	10434
10727	10992
11206	11368
11465	11494
11441	11210
10597	9412
7836	6390
5492	5116
5015	4997
4990	4984
4983	4991
5045	5230
5699	6606
8016	9824
11740	13427
14673	15453
15874	16090
16197	16255
16278	16286
16287	16289
16289	16289
16291	16292
16293	16293
16289	16276
16247	16195
16125	15975
15512	14362
12501	10712
10022	10539
11431	12025
12252	12308
12304	12241
12005	11469
10749	10344
10586	10954
10780	10380
10494	11096
11633	11856
11875	11788
11563	11183
10932	11370
12664	14246
15414	15985
16177	16223
16233	16244
16263	16279
16290	16293
16294	16294
16294	16294
16294	16294
16294	16294
16294	16294
16294	16294
16294	16294
16294	16294
16294	16294
16294	16294
16294	0
16294	16294
16294	16294
16294	16294
16294	16294
16294	16294
16294	16294
16294	16294
16294	16294
16294	16294
16294	16293
16291	16285
16273	16255
16243	16237
16216	16142
15886	15163
13682	11607
9726	8711
8471	8500
8539	8570
8581	8465
8140	7774
7699	7919
7962	7641
7394	7610
8078	8423
8543	8558
8541	8437
8088	7515
7165	7624
8858	10161
10978	11316
11433	11465
11380	11025
10231	9064
8018	7618
7874	8339
8646	8762
8766	8704
8530	8138
7528	6932
6632	6532
6250	5661
4991	4476
4172	4026
3971	3953
3945	3940
3934	3933
3937	3944
3957	3979
4055	4330
5000	6083
7299	8257
8815	9086
9237	9341
9412	9469
9565	9737
9973	10221
10446	10624
10745	10798
10765	10555
9984	8896
7472	6186
5400	5086
5011	5001
4992	4987
4982	4984
5004	5079
5295	5777
6677	8070
9851	11748
13436	14695
15484	15917
16130	16227
16264	16274
16276	16278
16279	16283
16286	16288
16291	16293
16289	16276
16247	16195
16119	15955
15465	14285
12413	10655
10023	10578
11470	12044
12260	12306
12294	12215
11948	11370
10636	10269
10537	10857
10617	10215
10384	11023
11560	11779
11808	11739
11519	11117
10847	11287
12610	14219
15403	15981
16173	16222
16234	16244
16263	16279
16290	16293
16294	16294
16294	16294
16294	16294
16294	16294
16294	16294
16294	16294
16294	16294
16294	16294
16294	16294
16294	16294
16294	0
16294	16294
16294	16294
16294	16294
16294	16294
16294	16294
16294	16294
16294	16294
16294	16294
16294	16294
16294	16293
16291	16285
16276	16258
16245	16234
16212	16150
15948	15355
14074	12152
10242	9042
8602	8503
8455	8420
8387	8264
7962	7608
7535	7779
7871	7574
7319	7523
8001	8361
8498	8523
8516	8427
8095	7531
7147	7537
8714	10018
10873	11249
11393	11444
11384	11076
10344	9216
8117	7606
7780	8237
8576	8711
8729	8689
8549	8225
7703	7215
7096	7265
7239	6717
5880	5068
4495	4176
4030	3969
3939	3920
3912	3908
3907	3904
3909	3931
4027	4329
5010	6082
7269	8202
8751	9017
9125	9094
8909	8640
8431	8387
8499	8690
8897	9074
9207	9277
9272	9120
8680	7851
6782	5833
5264	5055
5018	5023
5017	5010
5003	5002
5014	5045
5131	5346
5814	6698
8074	9845
11748	13448
14717	15515
15948	16149
16225	16246
16251	16256
16261	16267
16279	16285
16290	16292
16289	16276
16247	16191
16111	15924
15389	14163
12286	10590
10041	10635
11518	12069
12264	12299
12277	12176
11866	11234
10477	10149
10444	10719
10422	10043
10287	10969
11510	11730
11766	11711
11484	11062
10780	11236
12590	14215
15399	15972
16165	16218
16232	16247
16264	16279
16290	16293
16294	16294
16294	16294
16294	16294
16294	16294
16294	16294
16294	16294
16294	16294
16294	16294
16294	16294
16294	16294
16294	0
16294	16294
16294	16294
16294	16294
16294	16294
16294	16294
16294	16294
16294	16294
16294	16294
16294	16294
16294	16294
16291	16288
16281	16269
16255	16243
16225	16178
16026	15550
14439	12642
10703	9336
8733	8546
8448	8351
8254	8090
7772	7408
7324	7582
7725	7462
7200	7387
7879	8275
8443	8490
8499	8418
8109	7562
7147	7446
8542	9843
10745	11178
11355	11420
11384	11130
10483	9405
8263	7623
7701	8140
8508	8671
8709	8685
8580	8306
7835	7376
7327	7720
8052	7815
6998	5962
5068	4483
4167	4017
3943	3902
3888	3887
3879	3865
3857	3881
3987	4305
4996	6066
7237	8154
8695	8950
9007	8819
8340	7695
7134	6849
6825	6947
7111	7271
7394	7475
7495	7412
7146	6646
6009	5459
5141	5036
5031	5040
5037	5032
5029	5029
5034	5049
5084	5165
5366	5823
6696	8067
9841	11745
13448	14729
15531	15952
16133	16195
16216	16226
16236	16248
16263	16279
16288	16290
16290	16277
16249	16195
16100	15875
15270	13977
12110	10517
10085	10722
11579	12090
12263	12282
12244	12116
11755	11057
10280	9992
10322	10566
10237	9913
10243	10965
11499	11714
11756	11699
11461	11031
10769	11266
12646	14267
15420	15969
16161	16215
16234	16251
16268	16284
16290	16293
16294	16294
16294	16294
16294	16294
16294	16294
16294	16294
16294	16294
16294	16294
16294	16294
16294	16294
16294	16294
16294	0
16294	16294
16294	16294
16294	16294
16294	16294
16294	16294
16294	16294
16294	16294
16294	16294
16294	16294
16294	16294
16293	16290
16286	16280
16269	16260
16247	16216
16103	15699
14692	12972
10992	9506
8807	8581
8466	8338
8190	7978
7631	7233
7103	7344
7525	7298
7019	7185
7700	8156
8381	8468
8491	8419
8131	7612
7169	7359
8355	9643
10614	11118
11325	11402
11377	11179
10625	9622
8449	7689
7645	8044
8440	8639
8697	8690
8614	8390
7958	7491
7402	7886
8540	8713
8146	7079
5932	5023
4444	4126
3969	3895
3877	3875
3865	3838
3824	3849
3963	4287
4979	6047
7215	8130
8672	8922
8935	8620
7904	6949
6119	5652
5532	5598
5720	5851
5961	6042
6078	6052
5932	5705
5422	5186
5057	5027
5037	5046
5045	5041
5039	5040
5042	5052
5073	5106
5178	5369
5824	6696
8054	9817
11729	13450
14736	15530
15935	16103
16166	16196
16214	16231
16256	16276
16287	16290
16290	16280
16254	16197
16088	15810
15108	13725
11877	10439
10164	10843
11651	12104
12245	12247
12191	12033
11612	10852
10055	9826
10207	10440
10116	9871
10282	11020
11532	11726
11764	11701
11456	11045
10852	11430
12835	14406
15482	15983
16158	16212
16235	16252
16270	16285
16291	16293
16294	16294
16294	16294
16294	16294
16294	16294
16294	16294
16294	16294
16294	16294
16294	16294
16294	16294
16294	16294
16294	0
16294	16294
16294	16294
16294	16294
16294	16294
16294	16294
16294	16294
16294	16294
16294	16294
16294	16294
16294	16294
16294	16291
16288	16286
16283	16278
16272	16252
16151	15786
14823	13113
11090	9538
8805	8587
8479	8344
8175	7940
7571	7135
6933	7115
7310	7115
6810	6932
7464	7999
8307	8433
8473	8409
8154	7678
7217	7292
8167	9442
10490	11070
11310	11383
11362	11205
10741	9838
8673	7797
7613	7949
8360	8599
8684	8693
8638	8463
8078	7601
7410	7840
8666	9241
9094	8240
7033	5860
4961	4391
4083	3943
3896	3879
3853	3822
3813	3846
3968	4291
4979	6042
7208	8126
8667	8915
8906	8523
7671	6539
5554	4994
4828	4862
4962	5070
5169	5247
5292	5299
5269	5199
5113	5047
5020	5026
5039	5046
5045	5040
5037	5036
5040	5048
5066	5083
5105	5168
5364	5817
6668	8016
9797	11733
13466	14743
15522	15915
16090	16166
16200	16225
16251	16272
16286	16290
16290	16280
16256	16198
16068	15735
14924	13442
11627	10373
10279	10989
11721	12100
12203	12190
12118	11927
11453	10629
9835	9682
10134	10370
10068	9916
10397	11125
11593	11755
11777	11704
11462	11106
11033	11735
13162	14634
15589	16011
16158	16209
16231	16253
16272	16285
16291	16294
16294	16294
16294	16294
16294	16294
16294	16294
16294	16294
16294	16294
16294	16294
16294	16294
16294	16294
16294	16294
16294	0
16294	16294
16294	16294
16294	16294
16294	16294
16294	16294
16294	16294
16294	16294
16294	16294
16294	16294
16294	16294
16294	16293
16291	16289
16288	16287
16283	16268
16177	15822
14867	13143
11078	9489
8760	8577
8490	8359
8184	7949
7586	7120
6828	6931
7125	6963
6620	6661
7183	7788
8173	8342
8398	8357
8156	7742
7278	7240
7978	9218
10344	11011
11286	11358
11333	11206
10832	10043
8925	7957
7609	7850
8259	8536
8652	8676
8646	8513
8191	7721
7418	7682
8508	9365
9670	9224
8204	6955
5798	4933
4389	4105
3970	3896
3840	3810
3814	3862
3987	4309
4992	6051
7214	8130
8670	8915
8900	8490
7583	6379
5330	4734
4551	4572
4655	4752
4847	4924
4978	5006
5013	5010
5003	5002
5012	5028
5038	5043
5041	5036
5034	5033
5035	5041
5052	5067
5070	5085
5153	5347
5780	6631
8008	9818
11762	13486
14748	15518
15917	16098
16178	16216
16248	16272
16285	16290
16290	16280
16255	16193
16043	15650
14735	13163
11399	10342
10421	11141
11780	12074
12138	12106
12020	11797
11264	10398
9639	9601
10123	10353
10083	10028
10563	11257
11664	11786
11780	11693
11457	11170
11247	12099
13543	14903
15717	16055
16169	16211
16231	16253
16272	16286
16291	16294
16294	16294
16294	16294
16294	16294
16294	16294
16294	16294
16294	16294
16294	16294
16294	16294
16294	16294
16294	16294
16294	0
16294	16294
16294	16294
16294	16294
16294	16294
16294	16294
16294	16294
16294	16294
16294	16294
16294	16294
16294	16294
16294	16294
16293	16292
16292	16292
16289	16276
16190	15845
14905	13188
11098	9474
8739	8580
8524	8395
8217	7989
7637	7155
6784	6804
7003	6880
6493	6419
6886	7524
7958	8150
8219	8224
8102	7774
7325	7177
7759	8942
10133	10897
11222	11304
11283	11190
10905	10241
9195	8156
7635	7742
8136	8457
8606	8649
8633	8541
8290	7860
7466	7511
8181	9150
9843	9871
9224	8139
6912	5806
4971	4432
4120	3940
3844	3811
3828	3885
4013	4334
5013	6070
7230	8141
8676	8918
8900	8485
7563	6337
5266	4654
4457	4471
4547	4641
4733	4816
4876	4918
4945	4962
4978	4993
5009	5027
5038	5042
5038	5032
5029	5027
5029	5033
5038	5043
5043	5044
5063	5129
5308	5753
6636	8043
9862	11799
13511	14760
15528	15932
16116	16199
16244	16272
16284	16290
16290	16280
16253	16182
16010	15549
14523	12878
11186	10332
10563	11277
11817	12030
12052	12009
11905	11641
11049	10161
9493	9598
10172	10367
10125	10165
10735	11379
11721	11805
11777	11663
11414	11174
11388	12385
13867	15132
15827	16094
16178	16212
16232	16254
16273	16286
16291	16294
16294	16294
16294	16294
16294	16294
16294	16294
16294	16294
16294	16294
16294	16294
16294	16294
16294	16294
16294	16294
16294	0
16294	16294
16294	16294
16294	16294
16294	16294
16294	16294
16294	16294
16294	16294
16294	16294
16294	16294
16294	16294
16294	16294
16294	16294
16294	16294
16293	16279
16200	15886
15010	13363
11291	9609
8803	8620
8578	8457
8271	8043
7707	7220
6796	6748
6947	6874
6449	6241
6603	7227
7680	7886
7972	8019
7974	7733
7314	7081
7500	8594
9833	10703
11108	11225
11226	11174
10974	10431
9470	8381
7687	7640
7996	8360
8553	8616
8615	8554
8373	8009
7569	7393
7808	8737
9678	10137
9943	9204
8134	6952
5861	4999
4407	4062
3900	3848
3864	3917
4043	4360
5036	6090
7250	8154
8684	8925
8905	8493
7574	6349
5280	4659
4455	4460
4534	4628
4719	4802
4872	4924
4960	4981
4990	4998
5011	5029
5041	5044
5039	5034
5029	5027
5028	5027
5027	5022
5016	5017
5027	5041
5096	5291
5768	6677
8088	9904
11832	13530
14774	15548
15955	16144
16227	16265
16282	16286
16286	16275
16243	16163
15950	15395
14234	12521
10936	10301
10673	11370
11822	11967
11961	11903
11783	11472
10819	9937
9408	9676
10263	10382
10156	10289
10881	11463
11754	11813
11769	11621
11329	11093
11404	12535
14066	15283
15903	16118
16179	16209
16231	16257
16277	16287
16291	16294
16294	16294
16294	16294
16294	16294
16294	16294
16294	16294
16294	16294
16294	16294
16294	16294
16294	16294
16294	16294
16294	0
16294	16294
16294	16294
16294	16294
16294	16294
16294	16294
16294	16294
16294	16294
16294	16294
16294	16294
16294	16294
16294	16294
16294	16294
16294	16294
16293	16283
16219	15956
15195	13696
11692	9925
8969	8696
8639	8521
8332	8104
7785	7319
6867	6751
6934	6911
6480	6145
6369	6942
7407	7624
7720	7788
7793	7618
7243	6945
7202	8179
9441	10427
10941	11124
11171	11161
11039	10604
9737	8628
7785	7568
7859	8251
8493	8584
8594	8555
8431	8145
7715	7371
7502	8250
9284	10072
10309	9995
9244	8192
6993	5848
4935	4338
4036	3926
3915	3950
4067	4377
5054	6105
7262	8163
8692	8935
8925	8528
7638	6449
5407	4808
4609	4613
4684	4778
4870	4956
5033	5090
5115	5103
5064	5029
5020	5030
5044	5048
5044	5038
5032	5028
5028	5025
5018	5007
5000	4996
5001	5003
5020	5103
5324	5810
6716	8119
9920	11836
13531	14788
15568	15976
16163	16238
16267	16278
16277	16259
16217	16112
15836	15149
13821	12045
10609	10220
10725	11409
11798	11900
11879	11813
11666	11299
10587	9739
9389	9815
10376	10395
10184	10397
10996	11516
11761	11815
11761	11570
11223	10976
11363	12608
14189	15380
15953	16129
16174	16203
16233	16258
16277	16287
16291	16294
16294	16294
16294	16294
16294	16294
16294	16294
16294	16294
16294	16294
16294	16294
16294	16294
16294	16294
16294	16294
16294	0
16294	16294
16294	16294
16294	16294
16294	16294
16294	16294
16294	16294
16294	16294
16294	16294
16294	16294
16294	16294
16294	16294
16294	16294
16294	16294
16293	16286
16238	16035
15411	14091
12177	10318
9173	8768
8678	8565
8379	8156
7861	7428
6966	6780
6924	6966
6575	6141
6211	6706
7179	7418
7522	7590
7605	7469
7130	6780
6875	7700
8958	10068
10724	11006
11114	11153
11088	10749
9994	8924
7963	7556
7727	8123
8419	8546
8573	8547
8461	8254
7883	7460
7331	7794
8750	9735
10349	10453
10084	9312
8218	6958
5769	4863
4318	4064
3980	3985
4083	4383
5055	6111
7270	8176
8709	8959
8968	8622
7817	6738
5798	5272
5114	5132
5209	5302
5397	5486
5569	5618
5595	5476
5291	5130
5049	5038
5053	5061
5053	5040
5032	5030
5027	5025
5017	5001
4987	4981
4980	4985
5000	5044
5141	5354
5823	6714
8109	9906
11829	13538
14797	15577
15980	16159
16226	16251
16251	16228
16163	16017
15651	14801
13288	11482
10244	10117
10753	11420
11760	11838
11813	11739
11558	11126
10361	9585
9431	9989
10484	10402
10212	10497
11085	11546
11760	11816
11752	11523
11143	10930
11424	12758
14342	15478
15999	16146
16177	16201
16232	16260
16277	16287
16291	16294
16294	16294
16294	16294
16294	16294
16294	16294
16294	16294
16294	16294
16294	16294
16294	16294
16294	16294
16294	16294
16294	0
16294	16294
16294	16294
16294	16294
16294	16294
16294	16294
16294	16294
16294	16294
16294	16294
16294	16294
16294	16294
16294	16294
16294	16294
16294	16294
16293	16289
16257	16104
15596	14432
12599	10664
9347	8819
8692	8583
8406	8195
7928	7533
7063	6799
6900	7013
6715	6230
6140	6535
7001	7272
7391	7456
7466	7342
7026	6629
6558	7194
8400	9623
10448	10856
11030	11113
11090	10843
10233	9267
8237	7608
7588	7942
8298	8488
8547	8535
8476	8339
8055	7640
7323	7459
8179	9208
10098	10569
10571	10146
9329	8184
6893	5714
4854	4349
4108	4035
4101	4390
5060	6127
7299	8216
8752	9006
9045	8792
8165	7309
6585	6213
6134	6190
6280	6378
6480	6583
6670	6693
6561	6225
5757	5345
5116	5055
5064	5070
5056	5036
5025	5025
5029	5030
5029	5018
5002	4988
4976	4978
5001	5031
5072	5146
5336	5793
6684	8091
9898	11827
13537	14795
15564	15957
16128	16195
16207	16173
16081	15881
15404	14361
12687	10922
9945	10083
10811	11445
11735	11794
11771	11691
11470	10950
10139	9477
9536	10187
10587	10416
10274	10617
11177	11581
11768	11821
11744	11484
11115	11016
11677	13086
14604	15623
16062	16178
16199	16215
16243	16266
16281	16287
16291	16294
16294	16294
16294	16294
16294	16294
16294	16294
16294	16294
16294	16294
16294	16294
16294	16294
16294	16294
16294	16294
16294	0
16294	16294
16294	16294
16294	16294
16294	16294
16294	16294
16294	16294
16294	16294
16294	16294
16294	16294
16294	16294
16294	16294
16294	16294
16294	16294
16294	16291
16267	16151
15730	14692
12951	10977
9519	8867
8686	8579
8417	8221
7980	7621
7151	6815
6861	7042
6866	6372
6132	6402
6858	7169
7316	7381
7381	7265
6966	6545
6325	6739
7827	9116
10095	10630
10872	10988
11012	10866
10426	9616
8579	7728
7441	7682
8088	8381
8507	8529
8494	8404
8213	7871
7473	7322
7702	8587
9610	10368
10706	10630
10169	9326
8169	6886
5739	4897
4390	4159
4152	4417
5090	6176
7373	8303
8835	9081
9154	9026
8643	8114
7688	7518
7545	7647
7760	7878
8003	8121
8211	8193
7917	7288
6436	5673
5229	5077
5059	5055
5033	5012
5005	5018
5034	5050
5055	5052
5037	5014
4992	4987
5005	5035
5058	5067
5105	5277
5745	6651
8052	9853
11779	13496
14757	15525
15919	16091
16143	16112
16001	15738
15108	13853
12071	10456
9807	10188
10951	11512
11741	11777
11752	11669
11397	10782
9938	9422
9699	10396
10671	10436
10362	10752
11279	11627
11783	11827
11731	11452
11135	11206
12060	13528
14931	15789
16136	16222
16234	16244
16259	16274
16284	16288
16291	16294
16294	16294
16294	16294
16294	16294
16294	16294
16294	16294
16294	16294
16294	16294
16294	16294
16294	16294
16294	16294
16294	0
16294	16294
16294	16294
16294	16294
16294	16294
16294	16294
16294	16294
16294	16294
16294	16294
16294	16294
16294	16294
16294	16294
16294	16294
16294	16294
16294	16291
16274	16183
15838	14939
13329	11366
9774	8956
8692	8578
8430	8245
8026	7703
7252	6860
6832	7044
6990	6523
6155	6285
6725	7090
7275	7341
7326	7216
6955	6551
6225	6402
7296	8577
9676	10327
10631	10783
10854	10806
10531	9903
8923	7896
7308	7349
7762	8170
8411	8505
8508	8458
8341	8095
7717	7384
7420	8002
8963	9908
10539	10794
10688	10221
9377	8220
6939	5784
4928	4439
4290	4496
5160	6259
7481	8422
8952	9188
9283	9274
9137	8922
8776	8780
8892	9032
9176	9323
9474	9618
9712	9651
9237	8336
7119	6016
5346	5086
5024	5005
4982	4971
4980	5004
5038	5067
5083	5083
5067	5042
5020	5020
5037	5061
5067	5037
4995	5009
5190	5655
6527	7898
9701	11652
13400	14688
15479	15886
16048	16060
15942	15587
14754	13269
11448	10101
9833	10413
11150	11606
11767	11783
11755	11660
11327	10612
9768	9432
9919	10601
10724	10450
10458	10890
11377	11667
11791	11818
11708	11429
11179	11422
12458	13950
15225	15933
16197	16257
16264	16270
16276	16286
16288	16289
16292	16294
16294	16294
16294	16294
16294	16294
16294	16294
16294	16294
16294	16294
16294	16294
16294	16294
16294	16294
16294	16294
16294	0
16294	16294
16294	16294
16294	16294
16294	16294
16294	16294
16294	16294
16294	16294
16294	16294
16294	16294
16294	16294
16294	16294
16294	16294
16294	16294
16294	16292
16277	16209
15939	15191
13749	11830
10105	9099
8726	8595
8457	8280
8077	7792
7369	6941
6818	7017
7069	6667
6198	6183
6586	7009
7241	7306
7280	7182
6977	6624
6235	6191
6833	8024
9209	9989
10369	10562
10672	10693
10546	10095
9238	8133
7255	7007
7325	7820
8208	8410
8471	8463
8407	8262
7968	7584
7354	7567
8282	9250
10120	10686
10911	10795
10317	9449
8261	6955
5788	4973
4579	4649
5255	6342
7575	8530
9058	9299
9422	9495
9509	9496
9515	9612
9754	9915
10084	10262
10446	10610
10711	10621
10121	9045
7579	6239
5412	5066
4969	4940
4926	4926
4946	4980
5024	5057
5071	5067
5055	5057
5082	5111
5125	5111
5064	4983
4886	4811
4824	4976
5379	6211
7595	9449
11478	13295
14636	15456
15863	15985
15863	15373
14281	12588
10842	9866
9972	10680
11341	11688
11795	11797
11762	11627
11208	10416
9634	9524
10172	10776
10740	10455
10555	11022
11463	11698
11787	11793
11673	11401
11236	11652
12826	14311
15454	16033
16232	16276
16282	16284
16287	16289
16290	16293
16294	16294
16294	16294
16294	16294
16294	16294
16294	16294
16294	16294
16294	16294
16294	16294
16294	16294
16294	16294
16294	16294
16294	0
16294	16294
16294	16294
16294	16294
16294	16294
16294	16294
16294	16294
16294	16294
16294	16294
16294	16294
16294	16294
16294	16294
16294	16294
16294	16294
16294	16292
16281	16229
16021	15408
14135	12281
10447	9261
8780	8625
8494	8319
8120	7868
7482	7034
6817	6963
7099	6798
6275	6108
6434	6898
7188	7274
7243	7163
7019	6735
6322	6081
6439	7465
8698	9635
10145	10396
10532	10585
10512	10213
9524	8455
7366	6773
6857	7348
7861	8192
8336	8375
8372	8311
8132	7804
7455	7342
7693	8486
9458	10294
10829	11025
10874	10353
9443	8227
6931	5819
5101	4920
5377	6405
7622	8581
9123	9381
9528	9634
9703	9750
9809	9907
10044	10203
10380	10583
10782	10960
11066	10974
10443	9298
7733	6294
5401	5027
4920	4897
4894	4900
4918	4943
4971	4992
4996	4992
5021	5124
5273	5381
5353	5206
5016	4834
4675	4554
4477	4452
4545	4926
5792	7266
9235	11366
13252	14622
15440	15785
15684	15013
13637	11809
10275	9740
10173	10928
11482	11732
11804	11800
11743	11537
11009	10180
9541	9696
10439	10887
10703	10461
10669	11157
11545	11727
11784	11769
11626	11363
11289	11876
13178	14627
15638	16107
16253	16286
16290	16291
16292	16292
16293	16294
16294	16294
16294	16294
16294	16294
16294	16294
16294	16294
16294	16294
16294	16294
16294	16294
16294	16294
16294	16294
16294	16294
16294	0
16294	16294
16294	16294
16294	16294
16294	16294
16294	16294
16294	16294
16294	16294
16294	16294
16294	16294
16294	16294
16294	16294
16294	16294
16294	16294
16294	16292
16287	16246
16083	15583
14469	12711
10815	9460
8850	8656
8525	8352
8157	7921
7570	7122
6826	6894
7087	6917
6395	6079
6285	6756
7116	7249
7234	7179
7087	6871
6473	6084
6148	6924
8131	9229
9932	10286
10450	10509
10479	10292
9789	8854
7687	6774
6510	6843
7399	7843
8080	8175
8217	8226
8153	7945
7614	7306
7285	7735
8588	9564
10377	10873
11028	10846
10300	9389
8202	6958
5934	5406
5598	6477
7638	8584
9130	9403
9563	9664
9692	9666
9653	9700
9805	9949
10121	10311
10504	10680
10789	10707
10205	9100
7584	6190
5328	4970
4878	4871
4879	4879
4874	4868
4863	4854
4848	4881
5031	5349
5743	5981
5870	5471
5003	4628
4381	4228
4122	4029
3978	4088
4534	5508
7100	9165
11344	13240
14590	15288
15263	14405
12788	10971
9815	9751
10414	11136
11572	11747
11793	11779
11677	11373
10732	9916
9513	9924
10671	10910
10622	10484
10811	11307
11634	11757
11785	11734
11545	11278
11304	12073
13485	14892
15780	16158
16268	16291
16293	16294
16294	16294
16294	16294
16294	16294
16294	16294
16294	16294
16294	16294
16294	16294
16294	16294
16294	16294
16294	16294
16294	16294
16294	16294
16294	16294
16294	0
16294	16294
16294	16294
16294	16294
16294	16294
16294	16294
16294	16294
16294	16294
16294	16294
16294	16294
16294	16294
16294	16294
16294	16294
16294	16294
16294	16292
16287	16256
16129	15730
14785	13167
11242	9709
8932	8671
8539	8375
8183	7954
7632	7201
6846	6823
7035	7006
6543	6103
6149	6589
7017	7225
7257	7232
7177	7021
6672	6213
6010	6451
7503	8710
9638	10158
10392	10471
10466	10363
10023	9288
8188	7074
6430	6445
6894	7394
7728	7895
7986	8049
8057	7968
7728	7374
7088	7136
7662	8557
9533	10318
10789	10939
10768	10248
9373	8229
7039	6163
5987	6615
7661	8567
9102	9372
9517	9551
9424	9184
8976	8905
8953	9064
9205	9363
9527	9678
9783	9731
9313	8377
7086	5899
5160	4853
4780	4782
4794	4783
4751	4707
4664	4639
4661	4808
5195	5852
6584	6995
6801	6096
5252	4577
4164	3950
3833	3736
3656	3654
3842	4383
5449	7093
9163	11322
13158	14289
14423	13466
11773	10202
9559	9927
10703	11325
11640	11756
11779	11741
11579	11153
10409	9669
9544	10181
10840	10853
10520	10532
10975	11459
11719	11792
11778	11677
11424	11150
11309	12269
13766	15107
15882	16188
16274	16291
16294	16294
16294	16294
16294	16294
16294	16294
16294	16294
16294	16294
16294	16294
16294	16294
16294	16294
16294	16294
16294	16294
16294	16294
16294	16294
16294	16294
16294	0
16294	16294
16294	16294
16294	16294
16294	16294
16294	16294
16294	16294
16294	16294
16294	16294
16294	16294
16294	16294
16294	16294
16294	16294
16294	16294
16294	16293
16287	16263
16166	15859
15079	13612
11676	9962
8998	8664
8540	8397
8215	7996
7703	7300
6898	6771
6951	7041
6685	6166
6048	6413
6894	7187
7283	7290
7255	7147
6881	6437
6047	6123
6879	8066
9187	9931
10294	10431
10462	10421
10215	9695
8779	7628
6668	6275
6464	6930
7350	7615
7770	7867
7915	7896
7762	7470
7088	6828
6934	7518
8425	9374
10139	10628
10820	10697
10220	9362
8205	7075
6511	6812
7680	8531
9058	9309
9395	9278
8875	8282
7765	7501
7460	7521
7626	7741
7860	7975
8062	8042
7758	7101
6191	5352
4829	4607
4548	4545
4551	4532
4482	4417
4374	4391
4543	4933
5673	6720
7762	8325
8095	7172
5982	4938
4245	3873
3693	3595
3528	3503
3568	3826
4414	5480
7092	9118
11172	12656
13027	12167
10695	9634
9572	10255
11026	11507
11709	11771
11778	11711
11466	10903
10076	9471
9651	10427
10926	10750
10454	10622
11143	11586
11788	11821
11772	11601
11271	11019
11357	12529
14072	15303
15959	16208
16276	16290
16293	16294
16294	16294
16294	16294
16294	16294
16294	16294
16294	16294
16294	16294
16294	16294
16294	16294
16294	16294
16294	16294
16294	16294
16294	16294
16294	16294
16294	0
16294	16294
16294	16294
16294	16294
16294	16294
16294	16294
16294	16294
16294	16294
16294	16294
16294	16294
16294	16294
16294	16294
16294	16294
16294	16294
16294	16293
16287	16267
16193	15955
15314	13997
12072	10192
9035	8635
8543	8440
8280	8080
7816	7443
7010	6762
6855	7009
6792	6269
5994	6241
6731	7103
7264	7302
7281	7212
7036	6675
6210	5976
6355	7358
8573	9549
10112	10354
10438	10450
10356	10033
9349	8309
7187	6409
6229	6532
6993	7368
7603	7728
7782	7785
7724	7547
7223	6842
6619	6772
7348	8193
9089	9865
10415	10677
10604	10098
9109	7871
6987	6962
7645	8441
8960	9196
9206	8908
8187	7196
6328	5851
5711	5731
5798	5873
5951	6028
6092	6099
5952	5592
5087	4625
4342	4221
4184	4178
4175	4160
4124	4091
4128	4307
4726	5475
6593	7911
9077	9672
9463	8518
7158	5795
4734	4064
3718	3564
3501	3478
3506	3620
3884	4436
5456	7022
8895	10475
11093	10609
9722	9365
9825	10657
11332	11669
11780	11801
11787	11679
11331	10626
9767	9371
9821	10623
10911	10622
10441	10755
11288	11672
11823	11833
11749	11502
11103	10913
11476	12849
14393	15489
16024	16221
16276	16289
16293	16294
16294	16294
16294	16294
16294	16294
16294	16294
16294	16294
16294	16294
16294	16294
16294	16294
16294	16294
16294	16294
16294	16294
16294	16294
16294	16294
16294	0
16294	16294
16294	16294
16294	16294
16294	16294
16294	16294
16294	16294
16294	16294
16294	16294
16294	16294
16294	16294
16294	16294
16294	16294
16294	16294
16294	16293
16288	16271
16213	16025
15506	14339
12471	10456
9087	8589
8534	8495
8373	8198
7973	7635
7191	6822
6770	6925
6846	6394
5997	6082
6524	6951
7185	7263
7260	7221
7123	6867
6424	6001
6008	6686
7837	8996
9804	10208
10369	10431
10417	10253
9797	8973
7877	6853
6280	6276
6658	7109
7439	7613
7667	7672
7657	7589
7398	7074
6718	6525
6642	7109
7849	8718
9537	10150
10456	10301
9531	8300
7232	6983
7525	8275
8792	9010
8961	8524
7570	6280
5146	4503
4291	4282
4323	4372
4423	4469
4514	4535
4484	4337
4123	3937
3836	3804
3800	3802
3811	3826
3855	3948
4186	4668
5450	6553
7889	9223
10247	10729
10579	9799
8518	7012
5605	4540
3898	3598
3492	3473
3504	3561
3653	3862
4380	5364
6752	8135
8957	9087
9043	9416
10221	11038
11559	11778
11833	11835
11790	11615
11141	10321
9530	9399
10042	10724
10788	10488
10484	10909
11408	11711
11817	11810
11681	11364
10933	10866
11672	13196
14695	15644
16074	16230
16277	16290
16293	16294
16294	16294
16294	16294
16294	16294
16294	16294
16294	16294
16294	16294
16294	16294
16294	16294
16294	16294
16294	16294
16294	16294
16294	16294
16294	16294
16294	0
16294	16294
16294	16294
16294	16294
16294	16294
16294	16294
16294	16294
16294	16294
16294	16294
16294	16294
16294	16294
16294	16294
16294	16294
16294	16294
16294	16293
16288	16272
16224	16078
15671	14691
12951	10849
9235	8563
8500	8526
8455	8313
8127	7836
7405	6951
6740	6822
6859	6534
6067	5954
6291	6754
7071	7210
7236	7216
7156	6989
6629	6150
5872	6155
7071	8287
9330	9964
10247	10360
10397	10332
10081	9521
8621	7546
6639	6224
6340	6764
7190	7456
7564	7587
7597	7603
7536	7348
7046	6713
6485	6500
6844	7506
8340	9154
9763	9936
9428	8313
7224	6893
7367	8089
8594	8801
8722	8216
7143	5706
4436	3710
3461	3434
3465	3501
3535	3566
3603	3633
3634	3588
3523	3475
3470	3495
3527	3560
3607	3701
3883	4224
4797	5648
6750	8016
9292	10363
11071	11377
11281	10751
9740	8320
6722	5274
4245	3697
3491	3454
3491	3528
3542	3580
3783	4285
5142	6207
7209	8021
8819	9750
10671	11342
11694	11823
11849	11834
11749	11470
10855	9989
9376	9538
10256	10710
10577	10361
10569	11068
11502	11723
11793	11756
11569	11178
10782	10923
11981	13587
14971	15773
16113	16239
16279	16290
16293	16294
16294	16294
16294	16294
16294	16294
16294	16294
16294	16294
16294	16294
16294	16294
16294	16294
16294	16294
16294	16294
16294	16294
16294	16294
16294	16294
16294	0
16294	16294
16294	16294
16294	16294
16294	16294
16294	16294
16294	16294
16294	16294
16294	16294
16294	16294
16294	16294
16294	16294
16294	16294
16294	16294
16294	16292
16288	16273
16227	16115
15814	15037
13509	11422
9576	8631
8458	8516
8493	8385
8225	7988
7605	7129
6781	6751
6847	6674
6203	5899
6073	6536
6948	7170
7236	7227
7177	7062
6799	6363
5937	5866
6415	7498
8692	9580
10054	10255
10325	10326
10221	9918
9298	8355
7279	6445
6143	6361
6818	7217
7439	7524
7569	7609
7622	7562
7386	7099
6763	6488
6425	6671
7206	7912
8620	9038
8825	7957
7022	6753
7242	7961
8462	8661
8567	8040
6929	5437
4122	3364
3096	3062
3085	3112
3141	3169
3201	3239
3261	3264
3257	3265
3296	3350
3418	3512
3661	3927
4377	5072
6021	7158
8362	9503
10467	11149
11532	11668
11607	11298
10598	9410
7800	6083
4696	3867
3520	3441
3471	3502
3488	3464
3522	3756
4273	5152
6353	7728
9089	10258
11088	11555
11756	11818
11824	11789
11636	11216
10466	9644
9319	9754
10413	10588
10353	10312
10705	11225
11580	11731
11765	11686
11416	10963
10666	11094
12404	14015
15234	15877
16144	16245
16279	16290
16293	16294
16294	16294
16294	16294
16294	16294
16294	16294
16294	16294
16294	16294
16294	16294
16294	16294
16294	16294
16294	16294
16294	16294
16294	16294
16294	16294
16294	0
16294	16294
16294	16294
16294	16294
16294	16294
16294	16294
16294	16294
16294	16294
16294	16294
16294	16294
16294	16294
16294	16294
16294	16294
16294	16294
16294	16292
16287	16269
16221	16127
15906	15333
14089	12162
10171	8896
8489	8496
8498	8407
8269	8073
7755	7306
6888	6730
6814	6779
6391	5952
5920	6319
6805	7125
7247	7250
7208	7120
6935	6600
6170	5864
6006	6760
7914	9007
9731	10085
10231	10288
10288	10175
9822	9119
8089	7008
6262	6095
6401	6865
7235	7444
7550	7624
7680	7693
7625	7458
7191	6877
6603	6474
6559	6881
7374	7807
7806	7262
6633	6576
7164	7919
8424	8616
8515	7983
6861	5354
4020	3245
2964	2922
2942	2969
2997	3021
3055	3093
3130	3162
3194	3236
3299	3385
3514	3728
4085	4651
5456	6487
7657	8823
9846	10658
11226	11566
11720	11755
11705	11510
11003	9998
8446	6621
5034	4027
3576	3452
3469	3502
3493	3462
3486	3653
4115	5052
6484	8168
9703	10795
11412	11689
11780	11795
11780	11710
11452	10870
10024	9360
9387	10006
10486	10418
10208	10385
10902	11388
11653	11751
11746	11608
11249	10776
10655	11398
12898	14439
15460	15957
16160	16245
16279	16290
16293	16294
16294	16294
16294	16294
16294	16294
16294	16294
16294	16294
16294	16294
16294	16294
16294	16294
16294	16294
16294	16294
16294	16294
16294	16294
16294	16294
16294	0
16294	16294
16294	16294
16294	16294
16294	16294
16294	16294
16294	16294
16294	16294
16294	16294
16294	16294
16294	16294
16294	16294
16294	16294
16294	16294
16294	16292
16286	16263
16211	16119
15957	15564
14637	13003
11015	9432
8680	8521
8500	8415
8282	8107
7847	7468
7036	6760
6759	6822
6595	6126
5886	6121
6618	7032
7230	7264
7231	7161
7040	6827
6491	6101
5903	6223
7111	8239
9183	9772
10080	10237
10318	10317
10160	9723
8930	7860
6829	6203
6137	6465
6904	7256
7483	7623
7714	7761
7754	7682
7546	7345
7089	6814
6584	6484
6570	6734
6713	6410
6142	6384
7133	7936
8442	8626
8520	7985
6860	5349
4006	3216
2920	2870
2887	2912
2940	2971
3007	3050
3101	3167
3258	3374
3523	3712
3980	4404
5053	5952
7047	8211
9305	10216
10896	11342
11599	11719
11755	11745
11678	11462
10928	9897
8348	6563
5027	4062
3617	3487
3495	3530
3536	3533
3597	3865
4517	5696
7317	9028
10402	11239
11625	11759
11787	11779
11739	11598
11199	10461
9626	9252
9622	10261
10472	10255
10188	10573
11135	11537
11717	11767
11719	11514
11105	10712
10862	11900
13463	14833
15643	16015
16175	16250
16279	16290
16293	16294
16294	16294
16294	16294
16294	16294
16294	16294
16294	16294
16294	16294
16294	16294
16294	16294
16294	16294
16294	16294
16294	16294
16294	16294
16294	16294
16294	0
16294	16294
16294	16294
16294	16294
16294	16294
16294	16294
16294	16294
16294	16294
16294	16294
16294	16294
16294	16294
16294	16294
16294	16294
16294	16294
16294	16292
16285	16261
16205	16116
15991	15739
15116	13847
12019	10223
9084	8649
8538	8444
8310	8142
7922	7608
7200	6825
6696	6785
6753	6387
5988	5987
6386	6857
7149	7245
7236	7187
7119	7012
6802	6450
6072	5983
6444	7364
8394	9237
9796	10127
10304	10372
10341	10135
9637	8796
7738	6781
6236	6198
6506	6926
7298	7556
7715	7797
7823	7809
7768	7689
7551	7337
7062	6771
6532	6345
6127	5892
5877	6348
7196	7998
8482	8647
8537	8002
6882	5379
4042	3245
2941	2882
2896	2931
2975	3018
3073	3135
3225	3359
3557	3826
4160	4554
5040	5697
6576	7653
8782	9794
10582	11123
11463	11655
11732	11741
11714	11651
11496	11111
10338	9105
7521	5920
4671	3942
3622	3527
3532	3564
3591	3649
3852	4368
5354	6804
8468	9964
10998	11540
11742	11787
11783	11759
11684	11439
10878	10052
9386	9389
9987	10463
10389	10147
10292	10821
11356	11658
11757	11757
11664	11403
11016	10838
11339	12598
14083	15200
15800	16068
16194	16255
16282	16291
16293	16294
16294	16294
16294	16294
16294	16294
16294	16294
16294	16294
16294	16294
16294	16294
16294	16294
16294	16294
16294	16294
16294	16294
16294	16294
16294	16294
16294	0
16294	16294
16294	16294
16294	16294
16294	16294
16294	16294
16294	16294
16294	16294
16294	16294
16294	16294
16294	16294
16294	16294
16294	16294
16294	16294
16294	16292
16287	16264
16213	16129
16032	15880
15496	14592
13032	11169
9669	8885
8618	8504
8369	8202
8001	7739
7366	6929
6651	6688
6819	6655
6219	5968
6161	6615
7004	7194
7232	7208
7174	7138
7039	6788
6391	6051
6067	6580
7469	8452
9295	9879
10211	10368
10422	10371
10126	9584
8727	7702
6800	6288
6242	6533
6961	7354
7633	7793
7863	7890
7890	7870
7823	7736
7586	7360
7060	6710
6353	6102
6164	6666
7441	8134
8539	8681
8571	8053
6968	5513
4213	3436
3130	3065
3090	3147
3226	3316
3417	3549
3730	3993
4363	4841
5399	6012
6675	7437
8331	9296
10188	10876
11316	11561
11690	11751
11755	11700
11580	11383
11016	10332
9241	7815
6309	5034
4187	3759
3595	3551
3555	3586
3653	3836
4296	5183
6523	8113
9615	10742
11415	11720
11798	11787
11763	11725
11585	11201
10500	9718
9373	9741
10366	10550
10269	10135
10492	11080
11531	11731
11764	11715
11572	11294
11026	11168
12030	13397
14687	15514
15922	16113
16211	16262
16283	16291
16294	16294
16294	16294
16294	16294
16294	16294
16294	16294
16294	16294
16294	16294
16294	16294
16294	16294
16294	16294
16294	16294
16294	16294
16294	16294
16294	16294
16294	0
16294	16294
16294	16294
16294	16294
16294	16294
16294	16294
16294	16294
16294	16294
16294	16294
16294	16294
16294	16294
16294	16294
16294	16294
16294	16294
16294	16292
16287	16269
16225	16156
16077	15989
15772	15161
13906	12117
10360	9215
8730	8563
8442	8285
8097	7864
7528	7076
6681	6602
6793	6840
6504	6088
6030	6373
6816	7113
7220	7219
7209	7209
7183	7043
6734	6324
6022	6072
6605	7525
8570	9452
10021	10312
10446	10482
10393	10109
9550	8708
7720	6859
6357	6288
6554	6972
7376	7665
7830	7904
7926	7931
7932	7940
7928	7853
7669	7391
7086	6878
6927	7296
7846	8331
8620	8730
8638	8174
7195	5883
4715	4010
3728	3673
3714	3809
3943	4109
4301	4540
4852	5266
5802	6441
7123	7803
8463	9127
9808	10468
11024	11404
11608	11698
11738	11742
11697	11551
11272	10816
10113	9090
7778	6373
5143	4280
3805	3614
3557	3549
3560	3607
3759	4159
4979	6264
7841	9370
10546	11281
11662	11809
11819	11776
11731	11647
11397	10855
10090	9516
9573	10166
10617	10495
10174	10247
10754	11314
11654	11767
11747	11657
11471	11222
11158	11669
12814	14157
15189	15748
16000	16132
16218	16266
16285	16292
16294	16294
16294	16294
16294	16294
16294	16294
16294	16294
16294	16294
16294	16294
16294	16294
16294	16294
16294	16294
16294	16294
16294	16294
16294	16294
16292	16291
16292	0
16294	16294
16294	16294
16294	16294
16294	16294
16294	16294
16294	16294
16294	16294
16294	16294
16294	16294
16294	16294
16294	16294
16294	16294
16294	16294
16294	16292
16288	16272
16234	16177
16125	16072
15954	15548
14577	12958
11093	9628
8872	8615
8500	8363
8186	7976
7689	7275
6821	6589
6708	6889
6739	6307
6032	6187
6614	6993
7183	7225
7223	7233
7241	7187
6989	6627
6186	5879
5983	6666
7776	8925
9763	10226
10435	10518
10515	10402
10109	9555
8740	7808
6984	6460
6326	6534
6930	7330
7624	7792
7874	7925
7968	8028
8091	8114
8057	7931
7783	7685
7727	7941
8252	8525
8703	8791
8734	8380
7615	6592
5681	5133
4922	4895
4963	5097
5289	5524
5790	6108
6504	6992
7575	8205
8826	9378
9859	10289
10700	11074
11371	11567
11663	11699
11701	11648
11500	11187
10645	9842
8788	7546
6262	5124
4297	3816
3602	3535
3525	3530
3548	3633
3911	4587
5785	7382
9025	10342
11172	11593
11779	11838
11818	11762
11681	11511
11105	10418
9715	9481
9903	10510
10664	10354
10173	10476
11045	11510
11736	11781
11717	11584
11379	11213
11420	12270
13570	14787
15551	15891
16030	16128
16213	16263
16285	16292
16294	16294
16294	16294
16294	16294
16294	16294
16294	16294
16294	16294
16294	16294
16294	16294
16294	16294
16294	16294
16294	16294
16294	16294
16293	16291
16280	16269
16268	0
16294	16294
16294	16294
16294	16294
16294	16294
16294	16294
16294	16294
16294	16294
16294	16294
16294	16294
16294	16294
16294	16294
16294	16294
16294	16294
16294	16293
16288	16274
16244	16197
16161	16133
16062	15790
15057	13674
11829	10124
9071	8661
8535	8426
8269	8087
7856	7512
7059	6684
6623	6807
6849	6541
6150	6082
6394	6819
7103	7211
7224	7229
7240	7219
7093	6803
6344	5852
5655	6102
7195	8516
9564	10159
10419	10524
10559	10538
10426	10138
9615	8864
7987	7150
6543	6316
6461	6826
7213	7512
7723	7871
7987	8085
8171	8215
8224	8203
8177	8178
8238	8362
8520	8665
8779	8851
8835	8630
8158	7522
6960	6629
6513	6529
6626	6791
7010	7267
7543	7849
8202	8626
9099	9582
10012	10358
10631	10861
11083	11290
11459	11571
11625	11624
11559	11390
11052	10470
9603	8482
7237	6030
5006	4262
3817	3601
3524	3507
3508	3512
3539	3661
4055	4950
6411	8173
9778	10890
11480	11728
11817	11835
11805	11731
11598	11300
10724	9964
9458	9615
10248	10677
10536	10220
10288	10772
11313	11656
11787	11778
11678	11500
11288	11264
11771	12890
14221	15249
15777	15961
16036	16118
16205	16260
16285	16292
16294	16294
16294	16294
16294	16294
16294	16294
16294	16294
16294	16294
16294	16294
16294	16294
16294	16294
16294	16294
16294	16294
16294	16294
16290	16276
16228	16145
16136	0
16294	16294
16294	16294
16294	16294
16294	16294
16294	16294
16294	16294
16294	16294
16294	16294
16294	16294
16294	16294
16294	16294
16294	16294
16294	16294
16294	16292
16289	16276
16248	16216
16191	16171
16123	15927
15381	14237
12494	10638
9307	8710
8549	8463
8333	8182
8007	7740
7320	6849
6584	6668
6844	6722
6311	6035
6183	6603
6982	7176
7225	7222
7210	7180
7074	6813
6367	5837
5552	5917
7005	8386
9506	10141
10417	10526
10574	10596
10579	10474
10208	9733
9022	8119
7180	6475
6205	6350
6722	7131
7490	7775
7986	8126
8210	8249
8270	8291
8327	8382
8457	8549
8650	8749
8837	8906
8922	8842
8642	8366
8117	7981
7956	8009
8124	8296
8512	8750
8978	9197
9430	9706
10012	10320
10581	10780
10928	11062
11193	11332
11453	11538
11554	11488
11312	10969
10382	9493
8333	7045
5835	4868
4204	3809
3611	3526
3502	3499
3499	3505
3537	3679
4121	5095
6636	8428
9991	11023
11541	11744
11811	11818
11782	11686
11482	11053
10337	9595
9362	9850
10519	10678
10346	10156
10472	11053
11510	11738
11801	11758
11627	11403
11196	11327
12112	13418
14710	15551
15912	16005
16045	16119
16201	16258
16284	16292
16294	16294
16294	16294
16294	16294
16294	16294
16294	16294
16294	16294
16294	16294
16294	16294
16294	16294
16294	16294
16294	16294
16294	16293
16286	16243
16073	15755
15673	0
16294	16294
16294	16294
16294	16294
16294	16294
16294	16294
16294	16294
16294	16294
16294	16294
16294	16294
16294	16294
16294	16294
16294	16294
16294	16294
16294	16293
16290	16278
16256	16227
16210	16194
16148	15993
15564	14586
12943	11014
9496	8752
8550	8481
8372	8245
8106	7894
7511	6991
6589	6568
6800	6817
6431	6022
6030	6432
6878	7144
7226	7218
7185	7135
7014	6746
6304	5792
5545	5951
7066	8447
9545	10158
10421	10526
10580	10618
10641	10622
10511	10235
9712	8881
7812	6792
6168	6066
6357	6811
7280	7676
7969	8145
8226	8255
8275	8311
8368	8441
8522	8610
8697	8786
8873	8940
8969	8963
8923	8864
8807	8782
8808	8883
9004	9173
9374	9582
9759	9902
10033	10191
10382	10582
10761	10897
11009	11109
11212	11325
11434	11504
11487	11356
11069	10570
9783	8677
7347	6024
4942	4225
3829	3637
3550	3511
3498	3496
3497	3503
3541	3684
4120	5071
6576	8336
9895	10944
11491	11717
11794	11803
11762	11646
11388	10859
10061	9376
9368	10050
10671	10619
10203	10151
10632	11235
11624	11774
11795	11736
11582	11322
11122	11372
12343	13752
14992	15708
15975	16032
16061	16125
16203	16259
16282	16291
16294	16294
16294	16294
16294	16294
16294	16294
16294	16294
16294	16294
16294	16294
16294	16294
16294	16294
16294	16294
16294	16294
16294	16293
16280	16199
15697	13566
8418	0
