7231	6506
6437	6018
5782	5603
5517	5496
5513	5552
5597	5644
5678	5709
5727	5734
5729	5720
5705	5695
5681	5670
5655	5640
5632	5636
5652	5677
5708	5732
5748	5752
5744	5732
5719	5707
5697	5690
5683	5677
5675	5676
5683	5693
5704	5717
5724	5730
5727	5720
5700	5672
5636	5602
5570	5543
5521	5510
5502	5502
5503	5501
5492	5478
5459	5432
5412	5416
5489	5686
6078	6693
7503	8398
9241	9916
10380	10652
10792	10843
10839	10789
10702	10574
10418	10226
9983	9673
9293	8851
8384	7939
7545	7215
6935	6681
6427	6163
5898	5656
5463	5339
5284	5277
5305	5356
5428	5522
5651	5803
5958	6097
6199	6262
6299	6328
6380	6470
6606	6795
7036	7319
7641	7980
8316	8628
8904	9147
9354	9536
9695	9860
10042	10259
10502	10749
10960	11111
11193	11228
11243	11266
11311	11384
11483	11603
11741	11893
12049	12201
12338	12459
12559	12637
12688	12715
12720	12708
12693	12680
12666	12654
12638	12615
12577	12529
12470	12412
12364	12339
12335	12337
12331	12311
12261	12188
12091	11968
11809	11607
11353	11055
10715	10347
9978	9625
9309	9046
8837	8686
8594	8566
8585	8644
8729	8836
8969	9135
9331	9536
9719	9852
9917	9906
9834	9710
9560	9393
9213	9024
8815	8596
8373	8159
7965	7805
7683	7608
7576	7593
7661	7789
7989	8122
8420	0
8188	6500
6496	6012
5782	5601
5514	5491
5510	5547
5590	5633
5671	5702
5722	5731
5729	5717
5704	5692
5681	5669
5657	5645
5637	5640
5656	5680
5707	5732
5747	5750
5743	5730
5719	5707
5697	5688
5683	5678
5678	5680
5689	5698
5712	5721
5729	5733
5730	5717
5698	5670
5635	5602
5570	5545
5523	5508
5501	5498
5498	5498
5491	5477
5460	5435
5415	5419
5489	5682
6063	6672
7477	8375
9231	9927
10415	10704
10854	10915
10921	10883
10806	10696
10556	10371
10136	9831
9453	9013
8551	8111
7733	7423
7165	6934
6703	6457
6207	5973
5785	5659
5597	5584
5602	5639
5695	5777
5889	6026
6171	6300
6393	6453
6484	6512
6563	6655
6800	6999
7251	7555
7887	8236
8574	8880
9148	9371
9557	9719
9866	10010
10172	10363
10578	10797
10987	11123
11204	11243
11268	11300
11355	11432
11532	11650
11784	11931
12080	12224
12358	12474
12571	12643
12688	12709
12709	12697
12681	12663
12647	12629
12607	12577
12538	12485
12427	12370
12322	12296
12290	12292
12290	12267
12219	12147
12047	11924
11768	11576
11338	11055
10730	10371
10003	9646
9320	9047
8827	8672
8578	8544
8564	8619
8703	8811
8942	9108
9303	9503
9675	9792
9837	9808
9713	9580
9418	9246
9067	8878
8675	8464
8251	8047
7868	7723
7619	7560
7547	7578
7662	7799
8007	8139
8444	0
8199	6488
6489	6004
5776	5597
5511	5487
5504	5538
5577	5618
5657	5689
5714	5725
5722	5712
5699	5687
5677	5670
5659	5651
5644	5646
5659	5683
5708	5730
5744	5748
5742	5730
5718	5705
5696	5688
5681	5678
5679	5683
5693	5706
5718	5730
5735	5737
5730	5717
5693	5664
5629	5598
5570	5547
5525	5509
5499	5496
5495	5496
5489	5477
5456	5434
5416	5421
5487	5671
6038	6632
7427	8330
9205	9931
10447	10762
10932	11005
11022	11002
10944	10854
10729	10559
10334	10032
9656	9224
8768	8348
7993	7711
7487	7291
7090	6870
6637	6416
6232	6110
6041	6019
6022	6040
6076	6138
6230	6350
6479	6596
6680	6732
6759	6789
6840	6943
7096	7309
7580	7896
8242	8594
8928	9224
9471	9672
9834	9972
10094	10211
10347	10502
10680	10860
11022	11142
11219	11264
11301	11347
11412	11495
11598	11713
11840	11977
12116	12252
12379	12490
12577	12641
12679	12692
12687	12671
12652	12628
12605	12580
12550	12513
12467	12417
12360	12301
12254	12226
12218	12223
12221	12202
12155	12081
11978	11856
11705	11524
11303	11041
10731	10385
10018	9654
9321	9037
8811	8648
8551	8516
8531	8584
8662	8765
8894	9063
9257	9450
9613	9712
9729	9668
9548	9391
9216	9039
8855	8672
8478	8280
8083	7896
7734	7610
7531	7496
7509	7561
7662	7813
8028	8160
8472	0
8213	6476
6482	5996
5770	5588
5504	5480
5492	5523
5561	5599
5638	5673
5701	5716
5715	5707
5693	5680
5674	5669
5665	5660
5655	5656
5667	5685
5706	5728
5740	5746
5740	5729
5715	5704
5692	5685
5680	5679
5682	5688
5701	5714
5728	5739
5743	5743
5734	5716
5692	5659
5624	5593
5572	5549
5530	5514
5504	5499
5497	5494
5485	5471
5452	5430
5414	5420
5482	5655
6007	6579
7358	8260
9153	9910
10460	10810
11001	11093
11128	11124
11086	11015
10904	10748
10524	10228
9856	9432
8999	8605
8281	8041
7857	7697
7530	7339
7130	6925
6753	6630
6558	6525
6514	6512
6524	6563
6635	6736
6849	6954
7033	7082
7115	7149
7211	7318
7485	7709
7993	8317
8666	9015
9334	9607
9829	9998
10133	10243
10340	10433
10537	10654
10789	10931
11061	11164
11239	11294
11343	11402
11475	11566
11666	11778
11898	12025
12156	12282
12398	12499
12577	12629
12653	12657
12647	12627
12602	12575
12544	12505
12462	12418
12371	12318
12262	12204
12158	12130
12123	12127
12130	12115
12068	11990
11888	11763
11620	11449
11246	11001
10710	10372
10009	9641
9301	9010
8783	8621
8526	8490
8501	8543
8612	8706
8832	8997
9186	9379
9533	9611
9604	9514
9362	9177
8983	8794
8610	8429
8250	8069
7887	7724
7588	7488
7433	7426
7464	7542
7661	7828
8052	8186
8501	0
8233	6468
6480	5988
5766	5585
5497	5470
5479	5508
5544	5580
5618	5654
5686	5703
5707	5698
5685	5672
5667	5669
5668	5668
5665	5667
5675	5690
5708	5726
5736	5743
5737	5728
5714	5702
5691	5682
5678	5679
5683	5696
5709	5723
5737	5747
5752	5749
5736	5715
5686	5650
5617	5588
5567	5548
5533	5519
5509	5505
5502	5493
5481	5465
5444	5422
5408	5413
5471	5634
5962	6508
7261	8154
9061	9852
10444	10830
11048	11161
11212	11225
11207	11149
11053	10898
10680	10385
10022	9613
9205	8846
8567	8366
8224	8105
7972	7809
7626	7439
7280	7164
7089	7048
7020	7002
6995	7015
7067	7150
7248	7345
7423	7479
7520	7568
7646	7768
7944	8177
8460	8780
9119	9445
9736	9975
10159	10297
10402	10488
10562	10632
10708	10794
10891	10997
11099	11187
11262	11325
11386	11456
11537	11628
11726	11831
11946	12064
12187	12305
12411	12501
12565	12600
12612	12606
12586	12564
12534	12497
12452	12404
12351	12299
12246	12194
12137	12084
12040	12014
12008	12016
12022	12010
11967	11887
11780	11656
11513	11352
11164	10933
10650	10320
9957	9589
9247	8962
8742	8594
8506	8474
8477	8512
8566	8644
8758	8911
9101	9291
9442	9510
9483	9364
9182	8965
8749	8544
8357	8183
8016	7855
7700	7560
7448	7375
7346	7366
7425	7526
7666	7843
8076	8211
8531	0
8246	6460
6473	5981
5760	5579
5489	5460
5465	5491
5525	5561
5598	5636
5668	5689
5694	5687
5676	5664
5662	5667
5672	5673
5675	5675
5680	5693
5708	5723
5735	5739
5736	5728
5713	5701
5689	5681
5678	5681
5688	5700
5716	5732
5746	5757
5760	5755
5740	5714
5683	5645
5611	5583
5564	5549
5536	5525
5517	5512
5506	5494
5478	5457
5434	5412
5397	5403
5457	5603
5907	6416
7136	8013
8926	9749
10388	10816
11070	11207
11274	11301
11294	11247
11153	10997
10775	10484
10133	9747
9373	9055
8820	8663
8563	8479
8374	8240
8081	7917
7771	7663
7591	7541
7504	7472
7452	7457
7492	7561
7652	7742
7825	7894
7955	8026
8125	8260
8444	8676
8949	9250
9555	9841
10088	10281
10427	10534
10611	10677
10734	10788
10846	10906
10977	11053
11136	11214
11288	11357
11428	11505
11588	11674
11770	11872
11979	12094
12209	12319
12416	12492
12542	12562
12560	12545
12517	12486
12448	12402
12348	12287
12224	12162
12103	12049
11995	11948
11911	11889
11888	11899
11909	11897
11852	11771
11661	11535
11397	11239
11059	10835
10558	10229
9865	9502
9169	8895
8695	8569
8500	8475
8475	8496
8532	8588
8683	8823
9003	9190
9337	9406
9371	9235
9029	8783
8537	8315
8121	7954
7804	7664
7537	7422
7336	7286
7279	7320
7404	7523
7677	7863
8100	8234
8557	0
8260	6456
6470	5979
5756	5573
5479	5448
5451	5473
5509	5544
5583	5618
5648	5670
5678	5674
5664	5656
5656	5663
5674	5679
5682	5682
5687	5695
5709	5723
5733	5738
5735	5725
5713	5700
5689	5682
5678	5681
5692	5704
5720	5738
5751	5761
5764	5756
5739	5712
5678	5639
5605	5576
5559	5548
5539	5531
5524	5519
5508	5494
5474	5445
5420	5395
5381	5388
5432	5564
5841	6308
6986	7836
8750	9603
10291	10773
11071	11234
11317	11354
11351	11303
11205	11043
10819	10529
10191	9836
9501	9227
9038	8922
8859	8803
8727	8615
8478	8335
8208	8112
8044	7994
7952	7910
7884	7880
7907	7966
8046	8136
8227	8310
8396	8491
8610	8760
8947	9170
9420	9683
9940	10172
10367	10515
10623	10701
10759	10810
10854	10897
10936	10985
11039	11100
11170	11242
11314	11388
11462	11542
11622	11708
11797	11895
12000	12111
12221	12325
12409	12470
12506	12515
12501	12476
12442	12401
12355	12299
12236	12167
12099	12035
11972	11918
11864	11824
11793	11780
11784	11794
11799	11785
11732	11647
11535	11406
11267	11114
10934	10712
10435	10107
9747	9389
9072	8821
8652	8555
8510	8499
8499	8505
8517	8550
8620	8742
8907	9086
9235	9308
9276	9134
8909	8638
8365	8118
7916	7752
7617	7500
7396	7310
7249	7220
7239	7297
7400	7531
7696	7889
8129	8257
8583	0
8275	6453
6470	5974
5751	5564
5468	5433
5435	5457
5494	5531
5566	5600
5630	5649
5658	5656
5651	5645
5651	5662
5672	5680
5684	5684
5688	5698
5708	5721
5732	5735
5733	5726
5713	5700
5690	5682
5679	5685
5696	5711
5727	5743
5756	5765
5767	5758
5740	5711
5674	5634
5601	5575
5559	5548
5541	5533
5529	5523
5512	5494
5467	5436
5406	5377
5361	5363
5404	5518
5762	6186
6816	7628
8536	9420
10163	10707
11057	11255
11353	11392
11386	11331
11223	11053
10821	10536
10216	9893
9600	9372
9226	9147
9110	9080
9024	8936
8818	8697
8590	8507
8445	8401
8357	8320
8291	8282
8303	8353
8426	8514
8610	8713
8820	8940
9075	9232
9411	9613
9830	10050
10254	10428
10569	10676
10749	10806
10851	10888
10925	10959
10998	11038
11086	11142
11203	11272
11345	11418
11495	11572
11649	11730
11815	11908
12012	12117
12222	12316
12392	12440
12461	12461
12440	12407
12364	12312
12256	12192
12125	12056
11991	11927
11867	11812
11767	11731
11710	11701
11706	11711
11707	11678
11617	11525
11406	11269
11126	10970
10789	10568
10288	9961
9608	9261
8964	8743
8609	8547
8531	8532
8534	8528
8521	8527
8571	8667
8810	8977
9124	9209
9189	9058
8828	8535
8236	7966
7749	7583
7461	7365
7287	7227
7191	7186
7220	7299
7411	7553
7724	7919
8158	8282
8607	0
8289	6455
6471	5974
5747	5557
5459	5420
5420	5446
5482	5521
5555	5586
5609	5627
5638	5635
5632	5631
5640	5653
5666	5678
5683	5684
5688	5698
5708	5721
5732	5735
5733	5727
5715	5703
5691	5685
5685	5692
5701	5717
5733	5750
5761	5767
5766	5757
5737	5707
5670	5632
5597	5573
5558	5550
5543	5537
5531	5525
5512	5492
5461	5428
5390	5360
5339	5339
5370	5467
5675	6050
6625	7396
8295	9207
10009	10625
11034	11271
11386	11422
11406	11338
11213	11030
10793	10512
10215	9926
9677	9496
9389	9343
9332	9318
9278	9203
9106	9005
8918	8851
8805	8766
8730	8695
8671	8665
8682	8725
8792	8879
8978	9092
9216	9350
9492	9646
9811	9984
10162	10332
10481	10605
10699	10770
10824	10866
10902	10934
10965	10997
11033	11075
11123	11179
11240	11307
11378	11451
11525	11601
11673	11748
11831	11920
12020	12120
12216	12299
12362	12398
12410	12402
12375	12336
12283	12226
12159	12091
12027	11966
11910	11856
11805	11754
11715	11686
11673	11669
11668	11661
11636	11586
11508	11399
11266	11121
10969	10807
10620	10395
10118	9797
9453	9126
8854	8665
8570	8542
8554	8571
8574	8555
8530	8512
8531	8598
8718	8868
9016	9111
9116	9003
8779	8478
8153	7859
7622	7449
7336	7256
7202	7167
7153	7169
7221	7312
7437	7586
7759	7953
8191	8308
8634	0
8301	6456
6473	5975
5744	5554
5449	5407
5408	5436
5471	5510
5540	5567
5589	5604
5611	5615
5613	5615
5626	5645
5661	5675
5682	5684
5688	5698
5709	5722
5731	5736
5733	5728
5717	5706
5696	5692
5692	5700
5712	5727
5743	5756
5764	5767
5762	5750
5729	5700
5665	5630
5595	5574
5559	5550
5542	5537
5534	5525
5512	5490
5458	5418
5378	5344
5318	5313
5337	5416
5591	5916
6437	7163
8044	8983
9847	10538
11011	11290
11417	11451
11419	11332
11187	10988
10743	10472
10196	9946
9743	9607
9537	9519
9524	9523
9494	9434
9356	9276
9209	9159
9124	9098
9075	9051
9035	9034
9049	9085
9144	9222
9322	9438
9566	9703
9840	9979
10119	10263
10401	10527
10632	10715
10779	10829
10868	10903
10933	10963
10992	11024
11060	11104
11155	11213
11276	11343
11411	11482
11555	11625
11696	11767
11844	11929
12018	12110
12195	12267
12319	12346
12350	12335
12304	12260
12203	12139
12071	12005
11949	11905
11863	11824
11784	11745
11714	11694
11683	11676
11661	11631
11580	11501
11397	11264
11111	10950
10784	10613
10420	10191
9919	9610
9284	8980
8740	8590
8529	8535
8568	8597
8600	8574
8534	8501
8494	8536
8629	8759
8902	9012
9043	8959
8754	8455
8114	7792
7535	7353
7238	7173
7141	7127
7134	7170
7238	7339
7468	7620
7794	7987
8221	8332
8656	0
8313	6461
6477	5977
5745	5550
5445	5402
5400	5427
5461	5498
5529	5551
5570	5581
5586	5588
5588	5594
5608	5630
5651	5667
5674	5680
5685	5694
5709	5722
5731	5736
5733	5727
5719	5712
5705	5703
5705	5712
5724	5738
5753	5764
5769	5765
5758	5737
5715	5688
5656	5621
5594	5572
5560	5551
5543	5539
5532	5524
5510	5488
5451	5410
5364	5324
5297	5287
5305	5371
5514	5794
6260	6939
7804	8761
9682	10447
10984	11302
11448	11476
11426	11315
11144	10929
10678	10417
10169	9959
9801	9709
9673	9679
9696	9706
9683	9639
9575	9517
9468	9439
9418	9405
9391	9382
9375	9379
9393	9423
9473	9541
9630	9739
9862	9986
10110	10230
10347	10458
10559	10648
10722	10779
10826	10863
10897	10929
10958	10985
11012	11042
11082	11127
11183	11244
11309	11379
11446	11515
11583	11649
11715	11785
11856	11931
12010	12089
12162	12221
12262	12283
12280	12261
12229	12181
12123	12061
11999	11946
11902	11875
11852	11833
11807	11780
11753	11735
11721	11704
11669	11610
11527	11417
11276	11114
10936	10751
10567	10380
10178	9949
9686	9393
9095	8827
8627	8514
8486	8517
8567	8604
8607	8577
8526	8480
8456	8475
8545	8655
8791	8913
8976	8925
8747	8459
8111	7770
7490	7294
7176	7116
7095	7101
7125	7178
7258	7369
7502	7653
7826	8015
8244	8352
8671	0
8322	6470
6483	5984
5749	5552
5446	5401
5396	5421
5454	5488
5515	5536
5548	5557
5559	5560
5561	5569
5588	5614
5639	5658
5669	5675
5682	5694
5708	5722
5731	5736
5733	5729
5721	5716
5712	5713
5717	5725
5738	5754
5768	5774
5773	5764
5747	5725
5700	5672
5644	5613
5588	5570
5558	5547
5542	5538
5532	5522
5506	5482
5447	5401
5354	5309
5279	5263
5278	5329
5453	5694
6110	6745
7590	8560
9527	10356
10953	11312
11473	11498
11427	11289
11093	10857
10601	10354
10135	9966
9857	9806
9802	9827
9856	9869
9859	9824
9780	9739
9709	9692
9686	9684
9684	9685
9689	9696
9712	9738
9777	9831
9906	9998
10100	10206
10310	10407
10495	10577
10653	10718
10772	10817
10854	10889
10921	10951
10979	11002
11026	11056
11096	11147
11203	11268
11336	11408
11478	11541
11606	11668
11732	11796
11859	11925
11990	12055
12114	12163
12195	12209
12203	12183
12145	12100
12049	11994
11944	11908
11887	11879
11878	11874
11862	11844
11819	11798
11770	11736
11676	11587
11468	11316
11141	10944
10732	10517
10309	10103
9893	9664
9415	9147
8886	8661
8504	8433
8437	8489
8550	8592
8594	8562
8507	8450
8410	8409
8452	8548
8675	8808
8896	8886
8746	8479
8134	7783
7484	7270
7146	7088
7076	7092
7127	7190
7279	7394
7530	7683
7853	8037
8263	8366
8682	0
8328	6481
6493	5992
5757	5559
5452	5403
5397	5416
5447	5479
5504	5521
5531	5536
5535	5533
5534	5544
5566	5597
5624	5646
5662	5669
5679	5692
5708	5721
5731	5733
5731	5725
5720	5716
5718	5722
5727	5738
5752	5768
5780	5785
5777	5760
5734	5707
5681	5654
5628	5602
5581	5565
5552	5545
5539	5535
5527	5516
5501	5475
5440	5395
5345	5298
5262	5247
5259	5302
5407	5616
5995	6591
7414	8393
9397	10273
10925	11317
11494	11511
11422	11255
11035	10780
10523	10291
10104	9978
9912	9899
9923	9965
10003	10023
10020	9999
9971	9947
9932	9930
9936	9944
9952	9961
9970	9985
9998	10020
10047	10088
10140	10209
10286	10368
10446	10520
10585	10645
10702	10753
10796	10838
10873	10908
10940	10967
10992	11013
11036	11065
11106	11157
11217	11285
11358	11430
11499	11562
11622	11680
11739	11796
11854	11906
11957	12005
12050	12087
12113	12123
12119	12091
12056	12014
11972	11936
11909	11898
11900	11910
11926	11936
11933	11919
11892	11858
11814	11748
11659	11538
11383	11198
10983	10743
10492	10245
10010	9786
9566	9342
9108	8873
8659	8485
8379	8347
8379	8448
8519	8564
8568	8537
8481	8417
8363	8337
8355	8426
8544	8685
8800	8829
8731	8500
8172	7822
7513	7289
7152	7091
7078	7096
7140	7205
7297	7416
7553	7704
7873	8054
8276	8373
8688	0
8335	6496
6506	6005
5770	5570
5461	5411
5403	5417
5444	5471
5495	5510
5520	5519
5516	5509
5510	5522
5547	5581
5613	5639
5654	5664
5674	5689
5707	5720
5728	5728
5723	5717
5713	5714
5719	5723
5734	5746
5763	5778
5792	5791
5779	5754
5721	5690
5661	5635
5610	5588
5569	5554
5542	5537
5532	5526
5517	5505
5489	5465
5429	5385
5335	5283
5248	5233
5245	5284
5377	5565
5911	6480
7287	8270
9295	10212
10899	11320
11507	11521
11414	11225
10976	10707
10451	10235
10081	9994
9969	9989
10037	10094
10140	10169
10176	10167
10153	10146
10145	10148
10160	10172
10189	10202
10217	10232
10249	10263
10281	10303
10336	10377
10427	10484
10540	10590
10639	10687
10731	10771
10812	10846
10883	10917
10946	10971
10992	11011
11034	11063
11103	11154
11216	11288
11366	11440
11511	11571
11626	11682
11738	11789
11837	11876
11910	11940
11970	11994
12012	12021
12016	11996
11963	11930
11905	11891
11892	11905
11932	11962
11993	12010
12014	11997
11965	11913
11842	11745
11621	11464
11276	11050
10795	10513
10224	9937
9672	9432
9205	8984
8775	8582
8421	8306
8254	8261
8317	8403
8481	8528
8542	8515
8460	8389
8317	8263
8248	8289
8394	8538
8674	8747
8700	8516
8223	7886
7575	7341
7193	7122
7101	7119
7158	7223
7315	7434
7569	7721
7886	8064
8282	8379
8687	0
8339	6515
6522	6024
5784	5586
5475	5423
5410	5420
5443	5466
5488	5502
5510	5508
5501	5493
5492	5506
5532	5568
5604	5632
5647	5660
5672	5687
5704	5719
5724	5723
5714	5709
5703	5705
5712	5721
5733	5748
5765	5785
5798	5799
5781	5750
5711	5673
5641	5614
5590	5569
5553	5539
5530	5526
5522	5515
5504	5492
5475	5451
5417	5375
5324	5277
5238	5224
5233	5272
5356	5530
5861	6415
7206	8188
9227	10166
10878	11321
11515	11528
11405	11194
10926	10644
10393	10199
10076	10026
10035	10081
10149	10217
10273	10309
10325	10332
10331	10332
10339	10351
10365	10380
10394	10412
10429	10442
10457	10468
10475	10486
10495	10515
10541	10570
10603	10637
10673	10709
10748	10784
10818	10853
10884	10913
10938	10960
10980	10998
11020	11047
11087	11137
11203	11278
11362	11440
11510	11568
11620	11671
11721	11766
11806	11832
11849	11862
11871	11886
11901	11909
11905	11891
11870	11852
11846	11858
11883	11921
11965	12013
12053	12079
12085	12066
12021	11952
11853	11726
11564	11373
11144	10883
10583	10257
9922	9598
9304	9042
8811	8605
8427	8286
8186	8131
8128	8176
8260	8357
8442	8501
8519	8501
8450	8374
8283	8198
8143	8150
8230	8369
8523	8636
8644	8520
8275	7971
7671	7432
7272	7187
7153	7158
7186	7244
7333	7446
7581	7733
7896	8074
8288	8381
8688	0
8343	6536
6540	6043
5804	5606
5493	5436
5421	5426
5444	5464
5482	5496
5501	5500
5491	5483
5483	5497
5524	5562
5599	5629
5647	5660
5672	5689
5704	5717
5721	5716
5705	5697
5691	5692
5702	5711
5726	5741
5763	5784
5799	5797
5779	5745
5702	5657
5621	5593
5569	5551
5534	5523
5514	5509
5507	5500
5490	5476
5459	5434
5402	5363
5316	5267
5230	5216
5226	5262
5341	5511
5834	6378
7163	8145
9190	10140
10867	11323
11524	11530
11395	11165
10882	10597
10353	10179
10089	10069
10106	10174
10256	10336
10401	10447
10475	10491
10500	10509
10518	10529
10542	10554
10570	10585
10600	10615
10624	10629
10631	10627
10624	10625
10626	10635
10648	10668
10692	10728
10759	10794
10825	10853
10878	10899
10919	10938
10956	10976
10996	11023
11062	11113
11179	11260
11345	11430
11498	11558
11606	11651
11694	11733
11759	11774
11775	11773
11771	11775
11786	11797
11800	11797
11791	11790
11805	11839
11886	11941
12000	12054
12104	12133
12141	12119
12068	11981
11861	11706
11512	11279
11012	10706
10361	9991
9610	9251
8928	8645
8413	8224
8085	7997
7961	7971
8022	8107
8209	8318
8412	8479
8507	8500
8454	8373
8264	8150
8055	8022
8065	8190
8359	8508
8573	8513
8331	8071
7798	7565
7398	7294
7241	7224
7238	7279
7357	7464
7592	7740
7902	8076
8289	8384
8688	0
8350	6559
6563	6067
5829	5630
5516	5459
5438	5440
5449	5464
5478	5490
5494	5491
5482	5476
5477	5493
5522	5560
5600	5629
5648	5663
5675	5690
5708	5718
5719	5710
5697	5685
5681	5682
5690	5700
5715	5733
5755	5778
5793	5793
5775	5737
5692	5646
5605	5577
5552	5532
5516	5506
5499	5497
5492	5486
5476	5463
5445	5421
5389	5350
5305	5260
5225	5210
5220	5256
5334	5500
5825	6364
7151	8130
9174	10125
10860	11320
11525	11524
11379	11138
10847	10562
10327	10178
10114	10123
10180	10264
10357	10446
10518	10573
10611	10636
10654	10667
10677	10685
10695	10701
10712	10722
10734	10744
10750	10753
10749	10739
10724	10709
10694	10684
10680	10689
10708	10737
10770	10804
10830	10852
10868	10885
10900	10917
10934	10953
10975	11002
11037	11087
11156	11239
11327	11412
11482	11537
11582	11621
11657	11686
11702	11708
11696	11684
11677	11675
11686	11701
11712	11722
11731	11750
11785	11835
11895	11960
12024	12083
12133	12167
12174	12157
12104	12012
11880	11702
11480	11212
10898	10543
10151	9733
9315	8920
8571	8272
8036	7866
7760	7729
7761	7832
7933	8049
8173	8288
8387	8459
8497	8499
8463	8385
8267	8125
7993	7914
7920	8025
8196	8374
8495	8501
8384	8181
7947	7731
7565	7448
7372	7327
7313	7332
7390	7485
7605	7745
7906	8079
8291	8386
8688	0
8356	6578
6582	6091
5854	5655
5543	5482
5459	5453
5459	5466
5475	5481
5483	5480
5475	5472
5476	5494
5526	5564
5601	5631
5651	5664
5677	5695
5710	5718
5717	5707
5691	5676
5671	5673
5680	5692
5704	5722
5745	5767
5784	5784
5765	5729
5683	5633
5593	5559
5535	5513
5500	5491
5487	5483
5483	5476
5467	5452
5430	5406
5374	5336
5293	5251
5218	5207
5214	5250
5329	5496
5822	6366
7151	8127
9168	10119
10852	11314
11516	11511
11360	11111
10819	10538
10321	10195
10153	10184
10257	10350
10450	10544
10622	10686
10731	10767
10787	10801
10809	10813
10814	10816
10819	10823
10832	10839
10842	10840
10834	10817
10795	10769
10743	10721
10705	10703
10718	10744
10776	10810
10835	10854
10866	10876
10889	10905
10922	10943
10966	10990
11024	11073
11141	11224
11316	11398
11467	11518
11557	11588
11612	11631
11637	11632
11621	11607
11602	11608
11621	11640
11661	11683
11709	11745
11792	11852
11915	11979
12041	12098
12149	12185
12198	12185
12137	12050
11917	11730
11488	11187
10833	10429
9987	9525
9069	8642
8268	7958
7717	7556
7481	7494
7577	7704
7854	8002
8141	8267
8367	8443
8488	8498
8472	8401
8281	8121
7959	7839
7810	7889
8056	8253
8412	8479
8429	8288
8102	7918
7760	7639
7542	7468
7419	7410
7440	7516
7624	7758
7913	8082
8295	8390
8693	0
8362	6595
6599	6113
5880	5684
5572	5511
5483	5472
5470	5470
5470	5470
5469	5467
5463	5466
5476	5499
5530	5569
5605	5634
5655	5671
5686	5702
5715	5720
5718	5705
5689	5674
5667	5668
5674	5684
5693	5711
5729	5751
5767	5772
5755	5721
5673	5624
5582	5546
5522	5501
5488	5480
5476	5477
5476	5472
5461	5444
5420	5393
5359	5322
5283	5244
5215	5204
5212	5244
5325	5493
5823	6370
7156	8129
9167	10110
10837	11297
11495	11485
11328	11078
10791	10525
10330	10225
10208	10254
10335	10432
10532	10626
10709	10778
10833	10869
10896	10909
10914	10911
10906	10900
10897	10898
10903	10907
10907	10900
10887	10867
10840	10811
10776	10745
10720	10711
10722	10748
10782	10817
10845	10863
10874	10884
10896	10914
10934	10956
10979	11003
11032	11081
11146	11229
11315	11396
11460	11503
11535	11556
11569	11577
11576	11567
11557	11555
11560	11578
11603	11631
11658	11692
11728	11774
11829	11890
11948	12004
12055	12107
12154	12194
12214	12215
12179	12105
11979	11797
11546	11226
10837	10390
9904	9398
8905	8452
8058	7731
7485	7322
7259	7293
7413	7582
7769	7949
8107	8240
8347	8426
8475	8492
8476	8414
8294	8128
7948	7804
7747	7801
7954	8156
8337	8442
8446	8362
8230	8086
7953	7839
7728	7629
7546	7501
7500	7553
7643	7768
7917	8088
8298	8399
8699	0
8372	6611
6620	6136
5909	5715
5605	5544
5513	5496
5489	5477
5468	5461
5455	5454
5457	5463
5478	5505
5539	5577
5613	5643
5665	5679
5695	5711
5722	5727
5723	5708
5690	5676
5667	5667
5672	5678
5688	5698
5716	5734
5752	5753
5739	5703
5660	5611
5570	5536
5512	5492
5478	5471
5470	5473
5477	5475
5463	5443
5416	5383
5347	5311
5273	5238
5212	5201
5209	5243
5321	5494
5826	6378
7165	8135
9164	10100
10820	11270
11462	11447
11286	11037
10765	10522
10351	10269
10268	10324
10409	10503
10601	10692
10775	10846
10906	10948
10975	10985
10985	10976
10965	10956
10952	10950
10955	10956
10952	10939
10921	10897
10869	10836
10800	10766
10737	10726
10732	10760
10797	10835
10866	10888
10904	10918
10934	10955
10979	11005
11025	11046
11075	11119
11179	11257
11338	11412
11468	11503
11525	11536
11536	11534
11526	11518
11518	11532
11559	11597
11637	11677
11713	11752
11796	11846
11901	11953
12002	12043
12082	12122
12166	12208
12241	12251
12234	12175
12066	11898
11653	11330
10927	10451
9928	9384
8860	8377
7961	7618
7353	7180
7108	7138
7263	7453
7669	7878
8059	8206
8320	8403
8459	8483
8473	8417
8305	8143
7962	7809
7739	7773
7905	8086
8266	8385
8421	8382
8294	8195
8094	7998
7888	7776
7669	7593
7564	7591
7665	7778
7924	8095
8304	8407
8708	0
8379	6619
6630	6153
5931	5744
5635	5579
5546	5527
5507	5490
5471	5456
5445	5441
5447	5461
5482	5512
5547	5585
5620	5649
5670	5686
5702	5718
5729	5731
5727	5713
5696	5681
5673	5671
5674	5678
5682	5692
5703	5719
5732	5734
5718	5684
5641	5595
5557	5526
5504	5485
5474	5468
5471	5478
5484	5482
5470	5445
5415	5378
5339	5299
5264	5231
5211	5201
5209	5240
5320	5495
5831	6388
7178	8144
9166	10092
10799	11236
11416	11393
11233	10994
10740	10524
10382	10325
10339	10401
10480	10566
10653	10737
10817	10891
10952	10997
11022	11033
11029	11018
11001	10990
10986	10989
10991	10991
10983	10966
10941	10915
10887	10857
10822	10788
10761	10751
10759	10789
10831	10871
10910	10938
10962	10983
11007	11032
11063	11088
11111	11131
11157	11194
11251	11316
11386	11448
11495	11524
11534	11533
11527	11518
11508	11506
11520	11552
11601	11660
11721	11777
11820	11861
11906	11953
11998	12039
12072	12094
12119	12145
12185	12229
12270	12295
12296	12255
12167	12016
11792	11483
11089	10609
10069	9503
8947	8435
7991	7621
7331	7130
7022	7022
7128	7315
7545	7780
7990	8161
8289	8383
8445	8475
8475	8429
8326	8178
8011	7866
7792	7806
7908	8057
8210	8317
8360	8340
8287	8220
8154	8078
7987	7876
7763	7669
7617	7622
7679	7782
7926	8100
8316	8418
8723	0
8386	6626
6640	6165
5949	5764
5664	5607
5575	5552
5529	5502
5477	5456
5440	5435
5443	5459
5484	5519
5555	5592
5628	5654
5677	5695
5710	5725
5735	5738
5731	5717
5700	5686
5679	5677
5679	5683
5684	5689
5698	5709
5716	5715
5693	5657
5617	5574
5540	5514
5495	5480
5472	5470
5474	5484
5492	5490
5477	5451
5415	5373
5330	5289
5254	5228
5208	5200
5206	5237
5319	5497
5841	6403
7197	8162
9177	10090
10783	11204
11370	11335
11171	10945
10715	10530
10421	10390
10418	10479
10551	10622
10694	10766
10840	10914
10973	11021
11047	11056
11048	11034
11018	11007
11007	11012
11017	11018
11006	10983
10955	10926
10900	10873
10847	10820
10803	10799
10814	10845
10889	10938
10980	11018
11052	11080
11112	11145
11174	11203
11225	11244
11268	11301
11346	11403
11462	11512
11547	11566
11569	11562
11550	11536
11525	11532
11558	11611
11684	11766
11847	11915
11967	12008
12046	12082
12115	12138
12150	12156
12162	12178
12210	12256
12308	12347
12362	12340
12268	12135
11939	11660
11294	10836
10308	9735
9159	8616
8138	7732
7405	7158
7002	6951
7009	7169
7401	7658
7898	8102
8260	8371
8446	8483
8487	8448
8364	8236
8094	7969
7901	7900
7965	8068
8178	8254
8281	8265
8223	8176
8129	8076
8004	7910
7803	7711
7652	7642
7685	7782
7923	8104
8324	8428
8741	0
8397	6631
6649	6177
5963	5785
5689	5635
5603	5579
5552	5517
5488	5458
5442	5433
5441	5460
5489	5523
5561	5600
5632	5660
5684	5702
5718	5732
5740	5743
5735	5721
5704	5693
5685	5684
5686	5689
5689	5692
5697	5702
5704	5692
5665	5628
5585	5548
5519	5498
5485	5476
5469	5469
5475	5487
5497	5495
5483	5454
5416	5371
5325	5283
5249	5224
5207	5200
5207	5240
5324	5509
5863	6434
7234	8202
9208	10107
10779	11179
11321	11273
11105	10893
10688	10543
10465	10457
10494	10554
10612	10668
10721	10781
10846	10913
10973	11021
11046	11055
11046	11031
11017	11011
11014	11024
11037	11034
11022	10996
10967	10938
10918	10900
10885	10871
10864	10869
10892	10931
10980	11032
11082	11122
11163	11200
11238	11274
11308	11338
11361	11376
11399	11423
11462	11506
11551	11589
11614	11626
11627	11616
11601	11589
11584	11596
11634	11701
11793	11897
11994	12074
12132	12172
12200	12222
12236	12241
12235	12222
12213	12217
12242	12287
12345	12397
12426	12414
12354	12240
12066	11822
11500	11088
10593	10040
9461	8897
8381	7930
7555	7253
7037	6922
6923	7044
7259	7530
7806	8049
8242	8381
8471	8514
8520	8487
8416	8312
8199	8103
8044	8032
8064	8122
8183	8221
8221	8193
8146	8101
8061	8018
7962	7890
7806	7727
7672	7654
7685	7773
7914	8095
8328	8437
8754	0
8408	6638
6658	6187
5977	5801
5709	5657
5628	5601
5573	5538
5501	5471
5449	5441
5447	5466
5495	5529
5568	5605
5636	5662
5687	5703
5720	5732
5741	5743
5737	5723
5708	5696
5687	5688
5692	5696
5699	5699
5700	5697
5692	5671
5637	5595
5551	5515
5495	5482
5475	5470
5467	5469
5476	5491
5500	5500
5486	5457
5414	5369
5321	5280
5245	5222
5205	5200
5209	5245
5337	5535
5901	6487
7299	8268
9271	10148
10798	11168
11287	11216
11046	10843
10670	10555
10514	10525
10574	10628
10674	10709
10745	10788
10838	10897
10957	11003
11030	11036
11028	11015
11005	11004
11015	11032
11045	11047
11032	11007
10979	10954
10939	10931
10929	10928
10937	10954
10988	11033
11087	11142
11197	11246
11290	11329
11371	11409
11446	11471
11493	11509
11526	11548
11578	11612
11646	11676
11693	11701
11699	11691
11677	11669
11669	11687
11735	11813
11918	12033
12142	12228
12287	12320
12341	12346
12342	12331
12310	12284
12265	12259
12277	12322
12380	12439
12476	12472
12417	12314
12161	11950
11671	11316
10875	10362
9803	9233
8688	8193
7763	7402
7120	6941
6879	6955
7148	7425
7729	8015
8247	8415
8517	8564
8563	8527
8462	8380
8296	8229
8185	8172
8180	8200
8218	8217
8193	8149
8092	8037
7988	7944
7897	7844
7787	7730
7685	7667
7688	7766
7900	8081
8319	8435
8760	0
8413	6644
6664	6197
5991	5817
5726	5675
5645	5620
5591	5554
5518	5483
5461	5451
5454	5471
5502	5536
5574	5609
5640	5665
5685	5703
5718	5733
5741	5744
5738	5724
5710	5697
5689	5692
5699	5701
5707	5708
5704	5698
5681	5650
5609	5561
5518	5487
5472	5468
5466	5465
5464	5468
5476	5491
5500	5500
5485	5454
5411	5364
5317	5275
5242	5220
5206	5202
5214	5257
5359	5576
5966	6577
7406	8381
9369	10223
10836	11168
11255	11166
10989	10802
10655	10578
10563	10595
10650	10698
10729	10747
10761	10786
10826	10876
10931	10975
11002	11008
10999	10988
10986	10992
11010	11031
11049	11053
11040	11018
10992	10974
10963	10966
10975	10993
11013	11045
11085	11139
11199	11259
11315	11368
11411	11454
11494	11530
11562	11588
11608	11625
11641	11661
11684	11713
11738	11761
11774	11779
11779	11773
11766	11763
11769	11795
11848	11934
12043	12165
12274	12359
12414	12441
12445	12438
12423	12399
12369	12339
12312	12299
12312	12353
12416	12476
12514	12511
12460	12360
12213	12027
11787	11486
11106	10649
10128	9571
9015	8487
8002	7584
7245	7010
6895	6926
7095	7370
7698	8018
8284	8471
8574	8611
8594	8545
8479	8411
8354	8314
8297	8291
8288	8282
8268	8241
8199	8139
8075	8009
7950	7899
7852	7815
7778	7742
7712	7693
7703	7764
7887	8061
8299	8420
8747	0
8413	6656
6677	6212
6006	5835
5742	5693
5664	5635
5605	5570
5532	5501
5477	5465
5466	5483
5508	5541
5579	5613
5643	5667
5685	5701
5715	5730
5739	5742
5737	5724
5709	5698
5693	5695
5702	5709
5714	5714
5707	5693
5669	5631
5581	5530
5487	5462
5453	5454
5459	5460
5463	5467
5476	5489
5498	5497
5480	5449
5404	5357
5311	5270
5239	5217
5203	5201
5220	5272
5391	5635
6059	6706
7560	8539
9510	10325
10892	11181
11232	11127
10950	10779
10663	10611
10620	10666
10720	10762
10782	10779
10776	10782
10807	10848
10896	10937
10962	10968
10964	10959
10959	10973
10996	11022
11043	11053
11044	11026
11006	10992
10990	11002
11019	11047
11077	11117
11167	11228
11292	11356
11415	11468
11514	11553
11588	11618
11649	11671
11690	11708
11729	11751
11777	11801
11825	11840
11852	11854
11854	11852
11851	11853
11866	11900
11959	12047
12157	12275
12379	12457
12502	12517
12511	12494
12472	12443
12413	12376
12349	12335
12346	12383
12443	12499
12537	12534
12480	12378
12237	12066
11853	11591
11262	10864
10395	9875
9324	8775
8253	7789
7405	7122
6970	6967
7115	7385
7721	8058
8341	8533
8626	8637
8591	8521
8447	8392
8359	8352
8359	8368
8363	8342
8305	8260
8204	8145
8080	8016
7955	7899
7855	7821
7799	7778
7756	7737
7737	7778
7879	8040
8269	8395
8719	0
8403	6675
6692	6231
6025	5856
5761	5709
5680	5650
5618	5581
5547	5515
5492	5480
5480	5493
5518	5552
5586	5620
5647	5668
5681	5696
5708	5722
5734	5738
5736	5726
5710	5701
5695	5698
5705	5716
5718	5715
5706	5687
5656	5612
5559	5509
5468	5446
5441	5446
5454	5459
5460	5463
5473	5483
5491	5489
5472	5438
5395	5347
5301	5263
5233	5213
5200	5203
5228	5295
5435	5715
6181	6874
7756	8739
9682	10447
10957	11196
11214	11096
10930	10779
10687	10659
10681	10733
10786	10819
10825	10807
10786	10775
10787	10815
10855	10891
10913	10920
10918	10916
10924	10945
10977	11008
11033	11045
11044	11031
11017	11011
11012	11027
11052	11082
11121	11167
11220	11283
11353	11422
11485	11537
11579	11614
11643	11669
11691	11714
11738	11760
11789	11818
11851	11877
11898	11910
11917	11918
11914	11916
11919	11930
11952	11990
12052	12140
12246	12359
12453	12519
12550	12553
12536	12514
12484	12458
12428	12398
12373	12364
12377	12411
12463	12514
12544	12537
12481	12383
12245	12077
11881	11644
11358	11010
10597	10120
9592	9037
8492	7996
7579	7273
7102	7083
7214	7472
7800	8131
8403	8579
8647	8627
8553	8456
8373	8322
8310	8331
8366	8390
8389	8361
8313	8257
8199	8145
8093	8042
7992	7944
7903	7873
7853	7835
7818	7798
7783	7803
7881	8023
8239	8366
8680	0
8392	6695
6711	6253
6047	5875
5780	5725
5692	5659
5628	5594
5562	5531
5508	5494
5494	5504
5530	5562
5596	5626
5652	5667
5680	5689
5702	5715
5729	5737
5734	5726
5713	5704
5698	5704
5712	5720
5721	5716
5703	5677
5640	5594
5542	5493
5457	5437
5435	5440
5447	5451
5456	5459
5465	5475
5480	5479
5457	5425
5379	5332
5288	5254
5226	5209
5201	5210
5243	5324
5498	5819
6343	7082
7996	8975
9879	10587
11032	11216
11205	11082
10927	10803
10731	10718
10748	10798
10842	10866
10859	10831
10795	10771
10767	10785
10816	10843
10860	10864
10864	10868
10885	10913
10950	10986
11015	11030
11034	11027
11019	11016
11023	11040
11067	11099
11139	11185
11242	11308
11380	11449
11514	11567
11604	11632
11656	11676
11694	11720
11745	11780
11818	11863
11903	11937
11957	11968
11966	11963
11961	11961
11970	11986
12014	12058
12124	12210
12310	12412
12496	12548
12566	12559
12537	12509
12481	12455
12431	12408
12390	12387
12402	12434
12476	12516
12538	12527
12473	12377
12246	12081
11891	11668
11405	11100
10736	10304
9802	9258
8705	8190
7757	7441
7268	7248
7371	7614
7916	8215
8457	8600
8637	8588
8487	8368
8272	8218
8217	8257
8311	8351
8360	8332
8282	8224
8171	8127
8095	8067
8041	8010
7981	7952
7927	7909
7887	7857
7834	7837
7892	8017
8218	8344
8652	0
8381	6713
6729	6274
6067	5896
5797	5739
5702	5671
5640	5607
5575	5547
5523	5506
5503	5516
5537	5570
5604	5634
5655	5670
5675	5683
5693	5707
5721	5733
5733	5727
5717	5709
5705	5712
5718	5724
5723	5714
5694	5666
5626	5578
5530	5484
5451	5436
5433	5439
5446	5449
5451	5454
5458	5465
5469	5462
5442	5407
5361	5315
5274	5241
5218	5203
5200	5214
5261	5368
5578	5953
6536	7326
8266	9236
10091	10729
11105	11238
11204	11083
10947	10845
10794	10789
10817	10857
10891	10902
10885	10847
10799	10763
10745	10750
10766	10788
10797	10804
10804	10816
10837	10872
10913	10954
10986	11006
11013	11013
11010	11011
11021	11037
11063	11095
11133	11181
11237	11301
11370	11442
11503	11553
11588	11611
11626	11640
11658	11685
11721	11768
11823	11882
11934	11976
11998	12004
12000	11993
11987	11987
11997	12018
12054	12104
12170	12256
12348	12440
12511	12551
12561	12549
12524	12495
12468	12444
12424	12407
12398	12403
12419	12448
12484	12512
12527	12512
12461	12373
12248	12088
11900	11684
11439	11157
10833	10438
9968	9441
8888	8364
7930	7614
7450	7436
7558	7773
8033	8286
8482	8586
8603	8533
8412	8274
8159	8091
8087	8133
8200	8253
8275	8259
8218	8171
8125	8098
8086	8083
8087	8079
8060	8033
8005	7976
7946	7910
7878	7868
7911	8020
8210	8334
8636	0
8381	6731
6746	6293
6085	5911
5809	5748
5708	5680
5649	5618
5588	5559
5535	5517
5512	5522
5545	5578
5611	5640
5661	5669
5672	5678
5688	5702
5718	5729
5735	5731
5724	5717
5716	5720
5726	5730
5728	5714
5688	5656
5615	5569
5523	5483
5453	5438
5437	5441
5446	5448
5448	5448
5451	5454
5453	5445
5421	5385
5339	5295
5256	5229
5209	5197
5198	5224
5286	5423
5681	6117
6766	7606
8562	9506
10305	10872
11178	11268
11217	11102
10987	10904
10867	10866
10885	10911
10932	10929
10903	10856
10801	10757
10728	10721
10724	10733
10739	10742
10746	10758
10788	10825
10871	10913
10946	10967
10980	10983
10986	10991
11001	11019
11044	11077
11115	11160
11211	11273
11337	11401
11459	11507
11536	11551
11563	11573
11590	11622
11669	11731
11802	11878
11943	11990
12015	12019
12012	12003
11991	11992
12004	12029
12069	12126
12196	12279
12365	12447
12510	12540
12547	12536
12513	12487
12460	12437
12419	12405
12402	12409
12429	12454
12481	12501
12509	12494
12447	12368
12252	12099
11914	11703
11470	11211
10910	10544
10104	9590
9045	8520
8080	7771
7617	7611
7724	7911
8127	8325
8474	8549
8550	8474
8345	8191
8047	7954
7929	7964
8036	8105
8144	8150
8128	8096
8070	8060
8068	8090
8116	8128
8125	8098
8062	8021
7984	7943
7908	7893
7932	8034
8223	8342
8642	0
8389	6746
6759	6306
6099	5921
5818	5756
5715	5683
5657	5628
5598	5570
5544	5522
5518	5527
5551	5583
5618	5645
5663	5669
5671	5673
5682	5697
5716	5728
5737	5736
5732	5729
5730	5731
5738	5740
5732	5716
5686	5650
5608	5563
5520	5484
5457	5445
5441	5445
5449	5449
5447	5444
5443	5442
5439	5426
5401	5362
5316	5273
5240	5216
5200	5193
5201	5234
5318	5489
5801	6306
7022	7909
8876	9787
10522	11014
11259	11310
11245	11135
11037	10971
10943	10941
10951	10962
10965	10949
10914	10862
10802	10750
10711	10691
10683	10684
10683	10683
10686	10701
10730	10773
10819	10864
10898	10923
10937	10945
10950	10958
10970	10991
11015	11050
11085	11129
11175	11227
11284	11343
11393	11437
11459	11473
11479	11488
11507	11543
11598	11672
11758	11848
11923	11976
12001	12008
11998	11986
11977	11978
11991	12019
12064	12125
12198	12281
12364	12440
12495	12522
12531	12522
12505	12484
12463	12439
12421	12408
12406	12414
12433	12452
12473	12489
12492	12476
12435	12363
12257	12115
11935	11733
11509	11262
10980	10638
10219	9723
9183	8657
8214	7904
7750	7739
7832	7986
8155	8308
8426	8489
8490	8421
8294	8122
7950	7821
7764	7780
7842	7921
7984	8017
8024	8017
8012	8019
8042	8084
8128	8158
8159	8138
8092	8047
8001	7959
7925	7912
7953	8058
8245	8365
8663	0
8405	6753
6767	6314
6106	5927
5824	5758
5717	5686
5661	5633
5605	5575
5548	5528
5520	5530
5554	5586
5620	5646
5664	5669
5670	5672
5682	5697
5714	5730
5741	5744
5743	5741
5744	5748
5751	5752
5741	5718
5687	5647
5602	5558
5517	5483
5459	5449
5444	5446
5447	5447
5442	5439
5433	5428
5422	5407
5378	5337
5293	5254
5222	5202
5190	5188
5203	5249
5355	5568
5942	6517
7300	8227
9190	10057
10724	11144
11336	11356
11284	11180
11094	11039
11017	11012
11009	11005
10990	10962
10917	10860
10799	10741
10694	10663
10645	10637
10633	10629
10632	10646
10678	10722
10770	10812
10848	10871
10888	10898
10908	10921
10935	10957
10984	11016
11051	11088
11130	11173
11220	11270
11316	11352
11375	11384
11388	11396
11415	11456
11515	11595
11691	11789
11870	11927
11957	11963
11955	11947
11939	11942
11960	11992
12043	12111
12190	12275
12356	12425
12475	12506
12518	12517
12507	12491
12470	12448
12430	12417
12412	12415
12427	12442
12458	12471
12472	12457
12420	12356
12260	12127
11963	11771
11559	11324
11054	10728
10327	9845
9310	8779
8325	8002
7831	7798
7864	7981
8116	8242
8344	8413
8424	8371
8250	8073
7878	7717
7623	7609
7656	7734
7812	7870
7906	7930
7949	7977
8017	8070
8125	8163
8174	8148
8104	8049
8000	7956
7926	7920
7971	8082
8274	8393
8694	0
8426	6759
6774	6320
6111	5933
5828	5760
5719	5687
5660	5632
5605	5576
5549	5528
5520	5531
5554	5585
5618	5645
5663	5669
5670	5672
5682	5698
5717	5731
5743	5749
5749	5752
5755	5759
5762	5761
5746	5723
5686	5646
5599	5557
5518	5486
5463	5455
5451	5451
5450	5445
5440	5432
5424	5416
5406	5385
5355	5315
5272	5235
5208	5194
5182	5187
5209	5268
5400	5658
6091	6739
7578	8537
9488	10307
10907	11264
11410	11409
11331	11234
11155	11106
11084	11075
11063	11040
11010	10969
10918	10856
10793	10731
10678	10639
10611	10596
10588	10582
10584	10599
10630	10675
10723	10769
10803	10827
10843	10859
10869	10884
10902	10926
10952	10981
11011	11044
11074	11112
11151	11193
11235	11266
11285	11295
11300	11310
11332	11369
11428	11510
11606	11704
11789	11847
11878	11888
11885	11880
11877	11889
11912	11951
12012	12088
12173	12261
12343	12410
12460	12490
12508	12514
12510	12501
12486	12467
12450	12434
12423	12419
12422	12431
12442	12451
12453	12441
12404	12347
12258	12140
11987	11808
11610	11385
11127	10814
10426	9955
9425	8890
8418	8067
7865	7796
7825	7912
8022	8136
8239	8321
8355	8323
8214	8042
7840	7660
7541	7499
7525	7590
7668	7738
7797	7844
7887	7935
7988	8050
8114	8157
8171	8146
8099	8042
7989	7949
7923	7929
7989	8109
8308	8426
8734	0
8448	6758
6777	6321
6113	5935
5830	5762
5719	5685
5656	5629
5600	5573
5549	5529
5521	5530
5551	5581
5614	5641
5658	5666
5668	5675
5687	5702
5719	5734
5745	5751
5755	5758
5763	5767
5768	5765
5749	5722
5684	5643
5599	5554
5517	5489
5467	5459
5454	5455
5452	5447
5438	5428
5416	5401
5387	5365
5333	5292
5254	5219
5196	5185
5180	5188
5216	5292
5451	5754
6245	6957
7845	8823
9754	10523
11057	11362
11469	11455
11374	11285
11213	11168
11141	11125
11101	11068
11020	10968
10911	10848
10784	10720
10662	10615
10582	10564
10553	10546
10549	10566
10598	10645
10695	10739
10772	10798
10814	10829
10840	10859
10878	10899
10923	10946
10971	10995
11017	11046
11080	11115
11152	11182
11201	11210
11217	11230
11252	11292
11346	11422
11512	11606
11685	11747
11779	11795
11799	11803
11810	11831
11863	11915
11985	12070
12163	12252
12334	12402
12451	12486
12506	12519
12520	12513
12503	12489
12471	12456
12438	12426
12418	12417
12422	12430
12430	12418
12381	12327
12247	12137
12000	11837
11654	11440
11195	10895
10517	10056
9532	8991
8498	8116
7869	7757
7746	7805
7899	8014
8129	8230
8284	8273
8185	8028
7838	7660
7530	7470
7468	7512
7575	7644
7710	7770
7829	7890
7953	8023
8090	8139
8154	8137
8090	8033
7978	7938
7917	7935
8006	8137
8344	8461
8772	0
8469	6757
6778	6319
6113	5937
5831	5763
5718	5682
5650	5621
5594	5568
5548	5530
5523	5529
5549	5575
5608	5634
5652	5663
5669	5679
5692	5709
5723	5737
5746	5752
5756	5761
5765	5769
5768	5760
5744	5716
5679	5637
5593	5551
5516	5488
5470	5464
5462	5462
5458	5451
5438	5423
5408	5389
5370	5346
5313	5276
5237	5206
5188	5180
5179	5192
5226	5318
5506	5851
6397	7161
8089	9073
9976	10692
11174	11432
11517	11494
11419	11332
11261	11216
11188	11162
11126	11080
11023	10961
10900	10837
10773	10711
10649	10595
10560	10538
10528	10526
10531	10551
10588	10637
10689	10737
10772	10795
10808	10820
10830	10844
10863	10881
10900	10916
10930	10946
10965	10986
11016	11047
11080	11108
11127	11140
11150	11164
11185	11219
11267	11337
11416	11503
11578	11639
11675	11697
11710	11728
11750	11784
11829	11895
11976	12066
12161	12252
12334	12401
12452	12489
12516	12530
12535	12532
12525	12511
12497	12477
12454	12433
12413	12404
12403	12407
12403	12385
12351	12298
12223	12125
11999	11851
11680	11482
11247	10955
10589	10142
9626	9084
8581	8171
7888	7730
7682	7712
7794	7909
8034	8148
8221	8228
8161	8032
7868	7708
7586	7517
7497	7513
7551	7602
7659	7721
7783	7851
7921	7994
8063	8116
8138	8124
8085	8026
7973	7935
7921	7947
8030	8172
8383	8494
8811	0
8488	6752
6774	6315
6109	5933
5829	5761
5717	5680
5646	5616
5589	5565
5546	5527
5520	5524
5543	5567
5600	5625
5645	5658
5670	5683
5699	5716
5729	5737
5744	5748
5752	5757
5760	5762
5760	5748
5731	5704
5668	5628
5587	5548
5514	5488
5473	5467
5468	5469
5463	5452
5436	5418
5398	5378
5356	5329
5296	5260
5226	5201
5184	5178
5183	5198
5244	5350
5566	5950
6543	7351
8305	9285
10156	10823
11254	11478
11545	11519
11448	11370
11301	11255
11219	11182
11137	11080
11015	10945
10882	10821
10763	10700
10639	10585
10544	10523
10517	10521
10534	10561
10604	10659
10716	10765
10800	10822
10832	10837
10842	10851
10863	10875
10885	10897
10904	10914
10927	10944
10968	10997
11025	11048
11068	11082
11094	11106
11129	11157
11199	11259
11329	11405
11479	11538
11580	11612
11640	11675
11713	11764
11826	11898
11983	12080
12174	12267
12345	12413
12466	12503
12532	12547
12552	12552
12545	12533
12517	12494
12465	12436
12407	12390
12379	12373
12364	12342
12305	12252
12179	12090
11978	11843
11686	11502
11276	10995
10637	10204
9704	9179
8680	8258
7942	7747
7661	7662
7726	7835
7964	8083
8164	8186
8142	8045
7912	7785
7682	7617
7584	7578
7590	7616
7656	7705
7762	7824
7891	7961
8031	8085
8115	8110
8079	8027
7974	7938
7931	7967
8059	8208
8422	8528
8846	0
8506	6745
6769	6307
6102	5925
5823	5759
5715	5677
5644	5611
5585	5564
5542	5528
5517	5521
5537	5561
5588	5615
5634	5654
5668	5688
5706	5722
5731	5738
5738	5740
5742	5745
5748	5747
5741	5729
5711	5684
5652	5614
5576	5539
5508	5483
5474	5473
5475	5477
5470	5458
5438	5417
5392	5370
5346	5318
5286	5252
5222	5199
5185	5180
5185	5205
5258	5382
5625	6046
6685	7527
8497	9463
10300	10922
11310	11502
11559	11532
11470	11396
11332	11280
11235	11190
11135	11068
10996	10925
10863	10808
10753	10694
10635	10580
10539	10519
10518	10531
10557	10595
10648	10712
10775	10826
10863	10880
10884	10881
10879	10879
10881	10885
10890	10893
10895	10901
10911	10925
10944	10967
10989	11008
11026	11039
11049	11062
11079	11103
11137	11187
11254	11325
11398	11461
11514	11559
11605	11653
11711	11776
11850	11931
12022	12114
12209	12293
12371	12435
12489	12529
12555	12571
12576	12570
12560	12546
12528	12503
12473	12439
12405	12378
12354	12337
12315	12290
12248	12197
12126	12042
11938	11818
11672	11497
11278	11001
10653	10235
9764	9268
8790	8374
8046	7819
7695	7664
7707	7797
7915	8029
8114	8146
8124	8050
7957	7862
7789	7735
7701	7681
7675	7677
7696	7727
7769	7816
7870	7930
7993	8048
8087	8096
8073	8033
7985	7956
7954	7996
8095	8246
8461	8559
8878	0
8518	6733
6761	6294
6091	5916
5815	5752
5710	5676
5645	5614
5587	5565
5543	5526
5516	5518
5531	5554
5581	5608
5630	5652
5670	5691
5712	5728
5735	5733
5731	5728
5730	5731
5734	5729
5721	5707
5687	5660
5629	5596
5562	5530
5499	5480
5473	5474
5478	5481
5476	5462
5440	5416
5390	5367
5341	5313
5283	5253
5224	5203
5189	5186
5192	5213
5275	5414
5686	6146
6822	7692
8669	9622
10422	10998
11349	11516
11557	11533
11476	11409
11346	11289
11238	11184
11121	11050
10976	10906
10847	10795
10746	10694
10636	10583
10543	10526
10532	10558
10598	10650
10719	10790
10860	10914
10948	10959
10957	10946
10934	10924
10918	10913
10911	10909
10908	10912
10917	10929
10942	10960
10976	10992
11001	11013
11023	11033
11043	11062
11089	11135
11196	11271
11346	11417
11480	11542
11604	11670
11742	11820
11903	11989
12080	12165
12254	12333
12408	12473
12523	12561
12587	12599
12599	12588
12570	12552
12529	12504
12472	12438
12401	12366
12332	12299
12268	12228
12185	12131
12063	11983
11886	11774
11636	11468
11251	10976
10638	10239
9797	9343
8898	8500
8168	7922
7766	7701
7713	7779
7877	7977
8057	8098
8094	8050
7987	7923
7873	7840
7813	7792
7774	7765
7766	7779
7801	7827
7859	7900
7949	8002
8047	8070
8063	8036
8002	7976
7976	8022
8125	8275
8486	8577
8896	0
8519	6718
6746	6282
6078	5905
5805	5745
5706	5674
5645	5616
5592	5569
5548	5528
5517	5518
5531	5551
5577	5604
5626	5650
5671	5695
5717	5732
5735	5732
5723	5717
5715	5714
5713	5708
5696	5682
5662	5638
5610	5578
5546	5515
5490	5473
5469	5474
5482	5486
5481	5467
5444	5419
5394	5369
5347	5319
5291	5260
5233	5213
5200	5195
5200	5228
5300	5457
5759	6254
6967	7860
8838	9767
10529	11062
11373	11509
11540	11513
11464	11405
11347	11288
11232	11171
11103	11029
10953	10886
10830	10787
10743	10695
10638	10587
10550	10539
10557	10597
10655	10722
10804	10884
10955	11009
11040	11046
11038	11017
11000	10981
10966	10956
10947	10943
10943	10942
10945	10951
10962	10970
10980	10988
10998	11004
11013	11017
11024	11037
11062	11106
11166	11244
11328	11411
11487	11562
11639	11720
11803	11891
11980	12068
12152	12234
12313	12389
12457	12518
12569	12605
12627	12634
12626	12607
12578	12553
12527	12499
12469	12440
12403	12363
12317	12271
12224	12177
12128	12070
12002	11922
11829	11722
11588	11417
11199	10922
10587	10207
9798	9385
8983	8611
8283	8021
7843	7750
7735	7772
7841	7922
7996	8041
8053	8034
7997	7960
7932	7913
7899	7887
7874	7865
7855	7855
7855	7854
7857	7871
7902	7947
7993	8031
8046	8035
8013	7996
8000	8045
8142	8286
8492	8576
8888	0
8505	6705
6733	6268
6064	5893
5795	5736
5703	5674
5650	5623
5600	5578
5556	5536
5525	5524
5536	5557
5580	5604
5625	5650
5673	5697
5719	5733
5735	5726
5715	5705
5700	5696
5695	5686
5675	5660
5644	5620
5593	5564
5533	5502
5478	5467
5467	5473
5485	5489
5485	5471
5452	5427
5404	5380
5360	5335
5307	5280
5251	5231
5216	5206
5216	5250
5337	5519
5851	6384
7125	8036
9005	9907
10625	11111
11379	11488
11502	11472
11424	11372
11321	11264
11207	11145
11077	11001
10930	10863
10811	10772
10733	10689
10639	10589
10557	10552
10580	10635
10710	10794
10886	10971
11045	11095
11117	11119
11104	11082
11057	11034
11016	11003
10993	10987
10986	10984
10984	10986
10987	10991
10994	10996
11002	11009
11012	11018
11025	11035
11062	11105
11174	11257
11349	11442
11532	11620
11709	11800
11893	11987
12076	12161
12241	12316
12391	12457
12523	12579
12627	12661
12678	12675
12656	12624
12588	12552
12522	12496
12470	12443
12408	12364
12314	12256
12199	12139
12081	12018
11947	11867
11776	11667
11532	11358
11130	10845
10512	10146
9769	9394
9031	8685
8370	8108
7918	7807
7764	7774
7812	7870
7933	7982
8007	8010
7998	7981
7968	7963
7960	7960
7957	7954
7947	7936
7915	7885
7857	7841
7846	7878
7927	7977
8010	8022
8015	8004
8007	8047
8133	8267
8459	8529
8835	0
8440	6699
6714	6262
6057	5886
5791	5737
5704	5679
5659	5637
5616	5594
5574	5554
5543	5541
5551	5569
5592	5612
5631	5652
5673	5697
5718	5731
5730	5720
5705	5693
5685	5681
5674	5668
5657	5645
5627	5607
5582	5553
5522	5493
5473	5463
5466	5477
5490	5500
5496	5484
5464	5443
5421	5401
5382	5361
5333	5305
5278	5252
5234	5226
5238	5281
5387	5600
5969	6535
7305	8219
9172	10033
10700	11136
11360	11438
11430	11398
11353	11308
11260	11214
11161	11101
11038	10969
10899	10836
10787	10747
10709	10668
10622	10576
10551	10557
10596	10665
10754	10855
10954	11041
11106	11150
11165	11160
11140	11118
11094	11073
11055	11042
11034	11030
11026	11021
11020	11017
11012	11008
11004	11004
11005	11014
11024	11033
11043	11060
11090	11141
11212	11303
11404	11508
11608	11707
11804	11904
11999	12097
12187	12270
12345	12418
12481	12545
12602	12655
12699	12729
12739	12728
12701	12653
12607	12562
12529	12501
12482	12456
12424	12378
12324	12263
12196	12131
12063	11991
11913	11829
11734	11622
11481	11296
11056	10763
10426	10068
9716	9375
9048	8731
8437	8188
7999	7878
7818	7800
7811	7844
7891	7940
7976	7995
7999	7994
7993	7997
8005	8016
8029	8033
8031	8012
7973	7918
7858	7809
7788	7802
7848	7908
7959	7991
8002	8001
8005	8030
8098	8203
8370	8399
8698	0
8248	6698
6673	6258
6053	5886
5792	5739
5710	5690
5671	5655
5638	5620
5598	5584
5573	5570
5579	5595
5611	5628
5642	5656
5675	5695
5716	5728
5726	5714
5697	5682
5672	5666
5658	5652
5645	5638
5620	5603
5578	5550
5518	5492
5474	5469
5474	5488
5502	5513
5512	5501
5483	5465
5448	5431
5414	5394
5368	5339
5308	5280
5261	5253
5267	5327
5458	5702
6111	6714
7499	8407
9325	10137
10745	11125
11305	11351
11328	11284
11244	11205
11170	11129
11087	11041
10982	10920
10852	10793
10743	10702
10664	10622
10578	10540
10524	10541
10594	10678
10779	10887
10990	11073
11131	11164
11174	11164
11146	11123
11100	11083
11070	11062
11057	11055
11051	11047
11041	11034
11023	11012
11002	11000
11006	11019
11035	11054
11074	11099
11140	11201
11282	11381
11490	11599
11708	11812
11917	12021
12123	12222
12311	12396
12465	12531
12591	12650
12701	12747
12788	12811
12814	12796
12757	12702
12643	12591
12554	12527
12506	12483
12452	12407
12352	12286
12218	12144
12068	11987
11899	11809
11711	11592
11444	11245
10992	10690
10346	9999
9665	9350
9055	8771
8504	8276
8098	7981
7912	7871
7856	7863
7895	7939
7981	8008
8023	8024
8027	8032
8046	8068
8091	8108
8105	8080
8026	7950
7859	7781
7729	7726
7761	7823
7891	7947
7978	7990
7991	8002
8039	8098
8209	8140
8436	0
7791	6701
6580	6259
6050	5891
5799	5747
5720	5704
5690	5678
5665	5650
5634	5620
5610	5608
5614	5624
5637	5648
5656	5664
5677	5693
5710	5721
5720	5706
5689	5674
5661	5651
5646	5642
5639	5633
5623	5607
5585	5554
5525	5500
5486	5482
5491	5505
5519	5530
5529	5520
5509	5495
5479	5466
5451	5430
5406	5376
5343	5313
5289	5284
5305	5378
5534	5814
6264	6895
7694	8585
9459	10211
10756	11081
11220	11239
11201	11152
11109	11077
11051	11025
10994	10955
10908	10853
10793	10736
10684	10641
10600	10557
10516	10485
10480	10508
10574	10671
10782	10897
10995	11070
11123	11144
11148	11135
11117	11096
11080	11067
11060	11059
11057	11058
11057	11055
11047	11035
11018	10999
10986	10982
10991	11013
11041	11074
11109	11151
11204	11275
11367	11474
11589	11703
11817	11927
12034	12142
12248	12350
12442	12522
12591	12653
12709	12759
12806	12849
12883	12901
12895	12871
12822	12762
12698	12643
12601	12570
12549	12526
12490	12445
12391	12326
12255	12180
12096	12004
11910	11813
11707	11583
11426	11217
10952	10636
10288	9943
9622	9332
9065	8817
8583	8384
8228	8119
8042	7988
7952	7939
7954	7989
8026	8058
8075	8076
8076	8084
8099	8127
8157	8175
8177	8142
8074	7979
7867	7763
7688	7660
7681	7740
7821	7894
7945	7972
7974	7967
7964	7948
7976	7701
8027	0
6900	6706
6388	6261
6044	5901
5809	5761
5734	5719
5713	5703
5694	5683
5671	5660
5650	5647
5649	5657
5665	5668
5670	5673
5679	5692
5706	5716
5714	5701
5682	5665
5651	5644
5638	5635
5635	5635
5628	5614
5591	5564
5535	5511
5500	5500
5511	5526
5540	5547
5548	5542
5533	5523
5510	5500
5486	5467
5441	5410
5375	5344
5320	5312
5341	5429
5608	5921
6400	7055
7856	8726
9555	10249
10741	11020
11124	11122
11071	11017
10978	10951
10932	10917
10898	10870
10834	10783
10730	10676
10625	10574
10526	10484
10444	10423
10427	10467
10544	10650
10768	10883
10978	11049
11090	11108
11105	11094
11073	11059
11044	11039
11037	11038
11042	11045
11047	11045
11038	11023
11002	10979
10960	10958
10971	11002
11040	11089
11138	11195
11262	11346
11447	11559
11679	11798
11915	12028
12141	12252
12362	12465
12559	12639
12709	12766
12818	12865
12909	12946
12971	12982
12974	12940
12889	12826
12759	12702
12655	12625
12601	12572
12537	12490
12433	12371
12300	12220
12131	12035
11934	11831
11719	11589
11424	11209
10932	10605
10252	9909
9601	9329
9089	8867
8669	8497
8364	8265
8187	8123
8074	8047
8050	8075
8105	8133
8143	8140
8137	8137
8154	8183
8217	8238
8233	8193
8116	8008
7881	7758
7662	7613
7618	7673
7756	7846
7916	7956
7957	7936
7886	7779
7709	7115
7533	0
5587	6708
6092	6259
6028	5908
5818	5769
5745	5733
5726	5722
5716	5708
5699	5690
5682	5679
5680	5684
5686	5685
5680	5678
5681	5690
5703	5710
5710	5696
5678	5659
5647	5639
5634	5634
5635	5636
5633	5623
5600	5573
5545	5525
5514	5517
5528	5542
5555	5562
5564	5561
5552	5545
5536	5525
5513	5493
5468	5435
5400	5366
5343	5337
5369	5466
5661	5996
6496	7169
7971	8821
9616	10267
10715	10962
11045	11029
10973	10914
10874	10849
10838	10831
10820	10800
10769	10727
10675	10624
10571	10522
10470	10426
10385	10369
10381	10431
10517	10630
10751	10865
10957	11022
11059	11072
11069	11053
11039	11025
11014	11009
11012	11016
11022	11028
11033	11031
11022	11008
10983	10957
10939	10934
10953	10989
11040	11097
11159	11226
11306	11398
11505	11622
11747	11866
11986	12102
12215	12331
12443	12552
12646	12727
12793	12850
12900	12946
12986	13016
13038	13045
13030	12996
12944	12878
12811	12751
12706	12671
12645	12616
12577	12528
12473	12406
12336	12254
12163	12063
11957	11850
11735	11602
11431	11208
10925	10592
10237	9895
9591	9334
9112	8915
8740	8590
8472	8384
8306	8239
8183	8148
8143	8159
8183	8204
8206	8197
8185	8186
8203	8231
8264	8282
8276	8230
8149	8032
7896	7761
7651	7585
7579	7626
7711	7808
7893	7943
7948	7911
7823	7630
7471	6534
7080	0
