16222	16222
16222	16222
16222	16222
16222	16222
16222	16222
16222	16222
16222	16222
16222	16222
16222	16222
16222	16222
16222	16222
16222	16222
16222	16222
16222	16222
16222	16222
16222	16222
16222	16222
16222	16222
16222	16222
16222	16222
16222	16222
16222	16222
16222	16222
16222	16222
16222	16222
16222	16222
16222	16222
16222	16222
16222	16222
16222	16222
16222	16222
16222	16222
16222	16222
16222	16222
16222	16222
16222	16222
16222	16222
16222	16222
16222	16222
16222	16222
16222	16222
16222	16222
16222	16222
16222	16222
16221	16221
16221	16221
16221	16220
16220	16219
16217	16213
16206	16196
16183	16166
16145	16121
16095	16068
16040	16007
15975	15941
15909	15882
15860	15843
15832	15831
15838	15860
15890	15935
15984	16036
16081	16118
16147	16169
16183	16193
16200	16205
16208	16212
16213	16218
16220	16220
16220	16221
16221	16221
16221	16221
16222	16222
16222	16222
16222	16222
16222	16222
16222	16222
16222	16222
16222	16222
16222	16222
16222	16222
16222	16222
16222	16222
16222	16222
16222	16222
16222	16222
16222	16222
16222	16222
16222	16222
16222	16222
16222	16222
16222	16222
16222	16222
16222	16222
16222	16222
16222	16222
16222	16222
16222	16222
16222	16222
16222	16222
16222	16222
16222	16222
16222	16222
16222	16222
16222	16222
16222	16222
16222	16222
16222	16222
16222	16222
16222	16222
16222	16222
16222	16222
16222	16222
16222	0
16222	16222
16222	16222
16222	16222
16222	16222
16222	16222
16222	16222
16222	16222
16222	16222
16222	16222
16222	16222
16222	16222
16222	16222
16222	16222
16222	16222
16222	16222
16222	16222
16222	16222
16222	16222
16222	16222
16222	16222
16222	16222
16222	16222
16222	16222
16222	16222
16222	16222
16222	16222
16222	16222
16222	16222
16222	16222
16222	16222
16222	16222
16222	16222
16222	16222
16222	16222
16222	16222
16222	16222
16222	16222
16222	16222
16222	16222
16222	16222
16222	16222
16222	16222
16222	16222
16221	16221
16221	16221
16220	16220
16220	16219
16216	16213
16211	16204
16196	16185
16167	16147
16120	16090
16052	16013
15970	15923
15874	15827
15786	15757
15732	15721
15713	15718
15726	15748
15783	15834
15890	15951
16007	16054
16092	16122
16142	16160
16171	16184
16192	16198
16204	16209
16212	16215
16217	16219
16220	16220
16220	16220
16221	16221
16221	16222
16222	16222
16222	16222
16222	16222
16222	16222
16222	16222
16222	16222
16222	16222
16222	16222
16222	16222
16222	16222
16222	16222
16222	16222
16222	16222
16222	16222
16222	16222
16222	16222
16222	16222
16222	16222
16222	16222
16222	16222
16222	16222
16222	16222
16222	16222
16222	16222
16222	16222
16222	16222
16222	16222
16222	16222
16222	16222
16222	16222
16222	16222
16222	16222
16222	16222
16222	16222
16222	16222
16222	16222
16222	16222
16222	16222
16222	16222
16222	0
16222	16222
16222	16222
16222	16222
16222	16222
16222	16222
16222	16222
16222	16222
16222	16222
16222	16222
16222	16222
16222	16222
16222	16222
16222	16222
16222	16222
16222	16222
16222	16222
16222	16222
16222	16222
16222	16222
16222	16222
16222	16222
16222	16222
16222	16222
16222	16222
16222	16222
16222	16222
16222	16222
16222	16222
16222	16222
16222	16222
16222	16222
16222	16222
16222	16222
16222	16222
16222	16222
16222	16222
16222	16222
16222	16222
16222	16222
16222	16222
16222	16222
16222	16222
16222	16221
16220	16220
16220	16219
16218	16215
16212	16212
16207	16202
16194	16184
16171	16152
16131	16103
16065	16022
15970	15909
15840	15764
15688	15618
15558	15519
15497	15489
15491	15499
15513	15539
15578	15638
15709	15784
15859	15924
15980	16024
16058	16089
16114	16134
16150	16166
16176	16189
16198	16203
16209	16212
16214	16216
16217	16218
16219	16220
16220	16220
16222	16222
16222	16222
16222	16222
16222	16222
16222	16222
16222	16222
16222	16222
16222	16222
16222	16222
16222	16222
16222	16222
16222	16222
16222	16222
16222	16222
16222	16222
16222	16222
16222	16222
16222	16222
16222	16222
16222	16222
16222	16222
16222	16222
16222	16222
16222	16222
16222	16222
16222	16222
16222	16222
16222	16222
16222	16222
16222	16222
16222	16222
16222	16222
16222	16222
16222	16222
16222	16222
16222	16222
16222	16222
16222	16222
16222	16222
16222	0
16222	16222
16222	16222
16222	16222
16222	16222
16222	16222
16222	16222
16222	16222
16222	16222
16222	16222
16222	16222
16222	16222
16222	16222
16222	16222
16222	16222
16222	16222
16222	16222
16222	16222
16222	16222
16222	16222
16222	16222
16222	16222
16222	16222
16222	16222
16222	16222
16222	16222
16222	16222
16222	16222
16222	16222
16222	16222
16222	16222
16222	16222
16222	16222
16222	16222
16222	16222
16222	16222
16222	16222
16222	16222
16222	16222
16222	16222
16222	16222
16222	16222
16222	16222
16220	16220
16219	16219
16216	16214
16212	16210
16203	16199
16190	16175
16161	16142
16119	16090
16053	16010
15957	15892
15810	15717
15608	15489
15368	15260
15177	15124
15100	15101
15111	15125
15144	15173
15225	15295
15387	15490
15587	15681
15762	15834
15895	15949
15995	16031
16065	16095
16121	16145
16165	16180
16192	16201
16206	16211
16212	16213
16216	16216
16219	16219
16220	16220
16222	16222
16222	16222
16222	16222
16222	16222
16222	16222
16222	16222
16222	16222
16222	16222
16222	16222
16222	16222
16222	16222
16222	16222
16222	16222
16222	16222
16222	16222
16222	16222
16222	16222
16222	16222
16222	16222
16222	16222
16222	16222
16222	16222
16222	16222
16222	16222
16222	16222
16222	16222
16222	16222
16222	16222
16222	16222
16222	16222
16222	16222
16222	16222
16222	16222
16222	16222
16222	16222
16222	16222
16222	16222
16222	16222
16222	0
16222	16222
16222	16222
16222	16222
16222	16222
16222	16222
16222	16222
16222	16222
16222	16222
16222	16222
16222	16222
16222	16222
16222	16222
16222	16222
16222	16222
16222	16222
16222	16222
16222	16222
16222	16222
16222	16222
16222	16222
16222	16222
16222	16222
16222	16222
16222	16222
16222	16222
16222	16222
16222	16222
16222	16222
16222	16222
16222	16222
16222	16222
16222	16222
16222	16222
16222	16222
16222	16222
16222	16222
16222	16222
16222	16222
16222	16222
16222	16222
16222	16222
16222	16220
16220	16219
16217	16212
16211	16208
16203	16196
16185	16169
16151	16125
16096	16059
16016	15967
15909	15838
15755	15656
15539	15394
15230	15051
14871	14716
14594	14525
14498	14502
14520	14543
14565	14602
14663	14753
14869	15002
15140	15271
15394	15507
15606	15696
15773	15845
15907	15966
16018	16062
16103	16135
16157	16176
16188	16197
16203	16207
16210	16211
16212	16219
16219	16220
16221	16222
16222	16222
16222	16222
16222	16222
16222	16222
16222	16222
16222	16222
16222	16222
16222	16222
16222	16222
16222	16222
16222	16222
16222	16222
16222	16222
16222	16222
16222	16222
16222	16222
16222	16222
16222	16222
16222	16222
16222	16222
16222	16222
16222	16222
16222	16222
16222	16222
16222	16222
16222	16222
16222	16222
16222	16222
16222	16222
16222	16222
16222	16222
16222	16222
16222	16222
16222	16222
16222	16222
16222	16222
16222	16222
16222	0
16222	16222
16222	16222
16222	16222
16222	16222
16222	16222
16222	16222
16222	16222
16222	16222
16222	16222
16222	16222
16222	16222
16222	16222
16222	16222
16222	16222
16222	16222
16222	16222
16222	16222
16222	16222
16222	16222
16222	16222
16222	16222
16222	16222
16222	16222
16222	16222
16222	16222
16222	16222
16222	16222
16222	16222
16222	16222
16222	16222
16222	16222
16222	16222
16222	16222
16222	16222
16222	16222
16222	16222
16222	16222
16222	16222
16222	16222
16222	16222
16222	16222
16221	16219
16216	16214
16210	16206
16202	16197
16185	16173
16151	16122
16086	16036
15977	15910
15830	15744
15648	15538
15416	15270
15097	14894
14663	14412
14164	13947
13781	13686
13652	13661
13686	13713
13741	13783
13855	13962
14108	14278
14457	14638
14811	14977
15133	15275
15405	15527
15634	15738
15833	15921
15994	16057
16103	16137
16160	16175
16186	16193
16200	16203
16208	16210
16215	16218
16220	16221
16222	16222
16222	16222
16222	16222
16222	16222
16222	16222
16222	16222
16222	16222
16222	16222
16222	16222
16222	16222
16222	16222
16222	16222
16222	16222
16222	16222
16222	16222
16222	16222
16222	16222
16222	16222
16222	16222
16222	16222
16222	16222
16222	16222
16222	16222
16222	16222
16222	16222
16222	16222
16222	16222
16222	16222
16222	16222
16222	16222
16222	16222
16222	16222
16222	16222
16222	16222
16222	16222
16222	16222
16222	16222
16222	0
16222	16222
16222	16222
16222	16222
16222	16222
16222	16222
16222	16222
16222	16222
16222	16222
16222	16222
16222	16222
16222	16222
16222	16222
16222	16222
16222	16222
16222	16222
16222	16222
16222	16222
16222	16222
16222	16222
16222	16222
16222	16222
16222	16222
16222	16222
16222	16222
16222	16222
16222	16222
16222	16222
16222	16222
16222	16222
16222	16222
16222	16222
16222	16222
16222	16222
16222	16222
16222	16222
16222	16222
16222	16222
16222	16222
16222	16222
16222	16222
16222	16221
16220	16217
16215	16210
16204	16198
16191	16180
16163	16138
16101	16048
15979	15888
15780	15659
15522	15379
15224	15058
14878	14676
14442	14172
13867	13539
13219	12939
12730	12607
12559	12570
12600	12628
12660	12704
12784	12909
13079	13286
13509	13741
13975	14204
14427	14639
14838	15024
15202	15372
15535	15686
15818	15928
16012	16073
16114	16142
16162	16173
16185	16193
16200	16205
16212	16216
16218	16220
16222	16222
16222	16222
16222	16222
16222	16222
16222	16222
16222	16222
16222	16222
16222	16222
16222	16222
16222	16222
16222	16222
16222	16222
16222	16222
16222	16222
16222	16222
16222	16222
16222	16222
16222	16222
16222	16222
16222	16222
16222	16222
16222	16222
16222	16222
16222	16222
16222	16222
16222	16222
16222	16222
16222	16222
16222	16222
16222	16222
16222	16222
16222	16222
16222	16222
16222	16222
16222	16222
16222	16222
16222	16222
16222	0
16222	16222
16222	16222
16222	16222
16222	16222
16222	16222
16222	16222
16222	16222
16222	16222
16222	16222
16222	16222
16222	16222
16222	16222
16222	16222
16222	16222
16222	16222
16222	16222
16222	16222
16222	16222
16222	16222
16222	16222
16222	16222
16222	16222
16222	16222
16222	16222
16222	16222
16222	16222
16222	16222
16222	16222
16222	16222
16222	16222
16222	16222
16222	16222
16222	16222
16222	16222
16222	16222
16222	16222
16222	16222
16222	16222
16222	16222
16222	16222
16222	16221
16219	16216
16213	16206
16199	16190
16178	16157
16130	16088
16024	15934
15810	15655
15471	15265
15047	14816
14586	14349
14101	13832
13535	13200
12829	12437
12056	11721
11471	11322
11263	11265
11292	11322
11352	11395
11477	11614
11803	12033
12295	12574
12865	13162
13461	13750
14031	14303
14568	14831
15090	15330
15546	15728
15867	15970
16042	16093
16125	16149
16165	16179
16189	16199
16206	16212
16216	16220
16221	16222
16222	16222
16222	16222
16222	16222
16222	16222
16222	16222
16222	16222
16222	16222
16222	16222
16222	16222
16222	16222
16222	16222
16222	16222
16222	16222
16222	16222
16222	16222
16222	16222
16222	16222
16222	16222
16222	16222
16222	16222
16222	16222
16222	16222
16222	16222
16222	16222
16222	16222
16222	16222
16222	16222
16222	16222
16222	16222
16222	16222
16222	16222
16222	16222
16222	16222
16222	16222
16222	16222
16222	16222
16222	0
16222	16222
16222	16222
16222	16222
16222	16222
16222	16222
16222	16222
16222	16222
16222	16222
16222	16222
16222	16222
16222	16222
16222	16222
16222	16222
16222	16222
16222	16222
16222	16222
16222	16222
16222	16222
16222	16222
16222	16222
16222	16222
16222	16222
16222	16222
16222	16222
16222	16222
16222	16222
16222	16222
16222	16222
16222	16222
16222	16222
16222	16222
16222	16222
16222	16222
16222	16222
16222	16222
16222	16222
16222	16222
16222	16222
16222	16222
16222	16222
16222	16220
16217	16215
16210	16200
16190	16178
16157	16128
16082	16015
15911	15761
15563	15311
15021	14700
14366	14030
13699	13380
13059	12729
12378	11992
11577	11141
10718	10350
10071	9899
9824	9816
9837	9862
9886	9927
10005	10144
10338	10581
10863	11177
11517	11874
12240	12607
12975	13340
13711	14089
14466	14827
15152	15428
15650	15816
15931	16014
16071	16111
16139	16162
16177	16192
16201	16211
16216	16219
16221	16222
16222	16222
16222	16222
16222	16222
16222	16222
16222	16222
16222	16222
16222	16222
16222	16222
16222	16222
16222	16222
16222	16222
16222	16222
16222	16222
16222	16222
16222	16222
16222	16222
16222	16222
16222	16222
16222	16222
16222	16222
16222	16222
16222	16222
16222	16222
16222	16222
16222	16222
16222	16222
16222	16222
16222	16222
16222	16222
16222	16222
16222	16222
16222	16222
16222	16222
16222	16222
16222	16222
16222	16222
16222	0
16222	16222
16222	16222
16222	16222
16222	16222
16222	16222
16222	16222
16222	16222
16222	16222
16222	16222
16222	16222
16222	16222
16222	16222
16222	16222
16222	16222
16222	16222
16222	16222
16222	16222
16222	16222
16222	16222
16222	16222
16222	16222
16222	16222
16222	16222
16222	16222
16222	16222
16222	16222
16222	16222
16222	16222
16222	16222
16222	16222
16222	16222
16222	16222
16222	16222
16222	16222
16222	16222
16222	16222
16222	16222
16222	16222
16222	16222
16222	16222
16222	16220
16217	16212
16206	16195
16182	16162
16133	16090
16018	15912
15751	15524
15219	14846
14416	13948
13471	13008
12571	12159
11771	11391
11005	10598
10165	9722
9293	8917
8626	8439
8347	8323
8328	8344
8360	8397
8473	8599
8785	9022
9308	9637
10001	10399
10817	11251
11695	12155
12635	13139
13651	14154
14611	15009
15330	15581
15764	15894
15987	16050
16099	16133
16160	16180
16193	16207
16214	16218
16220	16222
16222	16222
16222	16222
16222	16222
16222	16222
16222	16222
16222	16222
16222	16222
16222	16222
16222	16222
16222	16222
16222	16222
16222	16222
16222	16222
16222	16222
16222	16222
16222	16222
16222	16222
16222	16222
16222	16222
16222	16222
16222	16222
16222	16222
16222	16222
16222	16222
16222	16222
16222	16222
16222	16222
16222	16222
16222	16222
16222	16222
16222	16222
16222	16222
16222	16222
16222	16222
16222	16222
16222	16222
16222	0
16222	16222
16222	16222
16222	16222
16222	16222
16222	16222
16222	16222
16222	16222
16222	16222
16222	16222
16222	16222
16222	16222
16222	16222
16222	16222
16222	16222
16222	16222
16222	16222
16222	16222
16222	16222
16222	16222
16222	16222
16222	16222
16222	16222
16222	16222
16222	16222
16222	16222
16222	16222
16222	16222
16222	16222
16222	16222
16222	16222
16222	16222
16222	16222
16222	16222
16222	16222
16222	16222
16222	16222
16222	16222
16222	16222
16222	16222
16222	16222
16222	16220
16216	16211
16203	16190
16169	16143
16100	16034
15932	15771
15534	15204
14771	14243
13645	13009
12377	11779
11234	10745
10303	9893
9497	9096
8684	8267
7863	7505
7221	7031
6925	6882
6873	6874
6883	6912
6979	7093
7257	7476
7746	8063
8431	8838
9285	9759
10262	10798
11378	12001
12652	13299
13905	14441
14887	15239
15510	15710
15858	15963
16040	16095
16137	16167
16188	16201
16212	16218
16220	16222
16222	16222
16222	16222
16222	16222
16222	16222
16222	16222
16222	16222
16222	16222
16222	16222
16222	16222
16222	16222
16222	16222
16222	16222
16222	16222
16222	16222
16222	16222
16222	16222
16222	16222
16222	16222
16222	16222
16222	16222
16222	16222
16222	16222
16222	16222
16222	16222
16222	16222
16222	16222
16222	16222
16222	16222
16222	16222
16222	16222
16222	16222
16222	16222
16222	16222
16222	16222
16222	16222
16222	16222
16222	0
16222	16222
16222	16222
16222	16222
16222	16222
16222	16222
16222	16222
16222	16222
16222	16222
16222	16222
16222	16222
16222	16222
16222	16222
16222	16222
16222	16222
16222	16222
16222	16222
16222	16222
16222	16222
16222	16222
16222	16222
16222	16222
16222	16222
16222	16222
16222	16222
16222	16222
16222	16222
16222	16222
16222	16222
16222	16222
16222	16222
16222	16222
16222	16222
16222	16222
16222	16222
16222	16222
16222	16222
16222	16222
16222	16222
16222	16222
16222	16222
16221	16219
16216	16210
16197	16180
16155	16115
16053	15954
15805	15575
15243	14788
14206	13509
12733	11923
11136	10410
9771	9222
8753	8342
7963	7601
7237	6873
6522	6204
5944	5758
5641	5580
5553	5542
5545	5569
5623	5720
5860	6048
6286	6576
6918	7314
7753	8238
8764	9351
10005	10726
11495	12277
13024	13701
14283	14761
15136	15432
15654	15823
15946	16037
16101	16147
16176	16197
16208	16216
16220	16222
16222	16222
16222	16222
16222	16222
16222	16222
16222	16222
16222	16222
16222	16222
16222	16222
16222	16222
16222	16222
16222	16222
16222	16222
16222	16222
16222	16222
16222	16222
16222	16222
16222	16222
16222	16222
16222	16222
16222	16222
16222	16222
16222	16222
16222	16222
16222	16222
16222	16222
16222	16222
16222	16222
16222	16222
16222	16222
16222	16222
16222	16222
16222	16222
16222	16222
16222	16222
16222	16222
16222	16222
16222	0
16222	16222
16222	16222
16222	16222
16222	16222
16222	16222
16222	16222
16222	16222
16222	16222
16222	16222
16222	16222
16222	16222
16222	16222
16222	16222
16222	16222
16222	16222
16222	16222
16222	16222
16222	16222
16222	16222
16222	16222
16222	16222
16222	16222
16222	16222
16222	16222
16222	16222
16222	16222
16222	16222
16222	16222
16222	16222
16222	16222
16222	16222
16222	16222
16222	16222
16222	16222
16222	16222
16222	16222
16222	16222
16222	16222
16222	16222
16222	16222
16220	16219
16214	16206
16191	16166
16130	16070
15981	15838
15622	15306
14862	14264
13524	12655
11706	10738
9817	8991
8288	7710
7239	6849
6514	6206
5909	5616
5328	5062
4837	4662
4540	4466
4420	4401
4401	4417
4463	4541
4657	4811
5011	5259
5560	5916
6324	6785
7307	7904
8595	9375
10226	11111
11977	12782
13499	14110
14616	15030
15356	15613
15805	15948
16049	16118
16163	16189
16207	16214
16219	16222
16222	16222
16222	16222
16222	16222
16222	16222
16222	16222
16222	16222
16222	16222
16222	16222
16222	16222
16222	16222
16222	16222
16222	16222
16222	16222
16222	16222
16222	16222
16222	16222
16222	16222
16222	16222
16222	16222
16222	16222
16222	16222
16222	16222
16222	16222
16222	16222
16222	16222
16222	16222
16222	16222
16222	16222
16222	16222
16222	16222
16222	16222
16222	16222
16222	16222
16222	16222
16222	16222
16222	16222
16222	0
16222	16222
16222	16222
16222	16222
16222	16222
16222	16222
16222	16222
16222	16222
16222	16222
16222	16222
16222	16222
16222	16222
16222	16222
16222	16222
16222	16222
16222	16222
16222	16222
16222	16222
16222	16222
16222	16222
16222	16222
16222	16222
16222	16222
16222	16222
16222	16222
16222	16222
16222	16222
16222	16222
16222	16222
16222	16222
16222	16222
16222	16222
16222	16222
16222	16222
16222	16222
16222	16222
16222	16222
16222	16222
16222	16222
16222	16222
16222	16222
16220	16219
16211	16201
16180	16148
16094	16008
15874	15671
15374	14948
14373	13632
12732	11706
10608	9521
8503	7618
6888	6308
5865	5518
5238	4993
4767	4540
4318	4106
3916	3759
3638	3555
3502	3473
3467	3480
3521	3583
3677	3798
3961	4163
4417	4721
5079	5490
5976	6550
7232	8023
8906	9840
10783	11691
12523	13270
13918	14470
14931	15305
15596	15812
15969	16073
16138	16179
16200	16213
16219	16221
16222	16222
16222	16222
16222	16222
16222	16222
16222	16222
16222	16222
16222	16222
16222	16222
16222	16222
16222	16222
16222	16222
16222	16222
16222	16222
16222	16222
16222	16222
16222	16222
16222	16222
16222	16222
16222	16222
16222	16222
16222	16222
16222	16222
16222	16222
16222	16222
16222	16222
16222	16222
16222	16222
16222	16222
16222	16222
16222	16222
16222	16222
16222	16222
16222	16222
16222	16222
16222	16222
16222	16222
16222	0
16222	16222
16222	16222
16222	16222
16222	16222
16222	16222
16222	16222
16222	16222
16222	16222
16222	16222
16222	16222
16222	16222
16222	16222
16222	16222
16222	16222
16222	16222
16222	16222
16222	16222
16222	16222
16222	16222
16222	16222
16222	16222
16222	16222
16222	16222
16222	16222
16222	16222
16222	16222
16222	16222
16222	16222
16222	16222
16222	16222
16222	16222
16222	16222
16222	16222
16222	16222
16222	16222
16222	16222
16222	16222
16222	16222
16222	16222
16222	16222
16220	16218
16209	16193
16163	16116
16036	15910
15716	15432
15032	14481
13765	12878
11834	10681
9485	8320
7264	6363
5646	5099
4699	4407
4185	4002
3834	3667
3501	3338
3182	3043
2931	2844
2788	2754
2746	2758
2790	2842
2916	3015
3143	3303
3508	3755
4052	4408
4832	5351
5982	6734
7592	8527
9493	10456
11382	12247
13039	13751
14370	14889
15307	15624
15852	16006
16103	16161
16192	16210
16219	16221
16222	16222
16222	16222
16222	16222
16222	16222
16222	16222
16222	16222
16222	16222
16222	16222
16222	16222
16222	16222
16222	16222
16222	16222
16222	16222
16222	16222
16222	16222
16222	16222
16222	16222
16222	16222
16222	16222
16222	16222
16222	16222
16222	16222
16222	16222
16222	16222
16222	16222
16222	16222
16222	16222
16222	16222
16222	16222
16222	16222
16222	16222
16222	16222
16222	16222
16222	16222
16222	16222
16222	16222
16222	0
16222	16222
16222	16222
16222	16222
16222	16222
16222	16222
16222	16222
16222	16222
16222	16222
16222	16222
16222	16222
16222	16222
16222	16222
16222	16222
16222	16222
16222	16222
16222	16222
16222	16222
16222	16222
16222	16222
16222	16222
16222	16222
16222	16222
16222	16222
16222	16222
16222	16222
16222	16222
16222	16222
16222	16222
16222	16222
16222	16222
16222	16222
16222	16222
16222	16222
16222	16222
16222	16222
16222	16222
16222	16222
16222	16222
16222	16222
16222	16221
16219	16214
16202	16182
16138	16070
15952	15771
15504	15117
14591	13899
13038	12014
10855	9616
8370	7187
6142	5278
4604	4113
3769	3530
3361	3226
3106	2983
2859	2729
2605	2489
2387	2308
2254	2222
2211	2220
2248	2290
2352	2429
2530	2661
2821	3018
3253	3543
3898	4343
4896	5567
6351	7229
8167	9138
10112	11077
12005	12877
13667	14357
14925	15369
15691	15912
16051	16134
16181	16204
16215	16220
16222	16222
16222	16222
16222	16222
16222	16222
16222	16222
16222	16222
16222	16222
16222	16222
16222	16222
16222	16222
16222	16222
16222	16222
16222	16222
16222	16222
16222	16222
16222	16222
16222	16222
16222	16222
16222	16222
16222	16222
16222	16222
16222	16222
16222	16222
16222	16222
16222	16222
16222	16222
16222	16222
16222	16222
16222	16222
16222	16222
16222	16222
16222	16222
16222	16222
16222	16222
16222	16222
16222	16222
16222	0
16222	16222
16222	16222
16222	16222
16222	16222
16222	16222
16222	16222
16222	16222
16222	16222
16222	16222
16222	16222
16222	16222
16222	16222
16222	16222
16222	16222
16222	16222
16222	16222
16222	16222
16222	16222
16222	16222
16222	16222
16222	16222
16222	16222
16222	16222
16222	16222
16222	16222
16222	16222
16222	16222
16222	16222
16222	16222
16222	16222
16222	16222
16222	16222
16222	16222
16222	16222
16222	16222
16222	16222
16222	16222
16222	16222
16222	16222
16222	16221
16219	16210
16195	16162
16104	16003
15838	15584
15215	14707
14038	13199
12199	11059
9819	8545
7301	6156
5169	4372
3768	3346
3058	2870
2746	2646
2557	2465
2366	2265
2164	2071
1988	1921
1873	1844
1833	1841
1865	1901
1950	2014
2095	2198
2325	2479
2662	2891
3174	3535
3989	4559
5237	6016
6880	7814
8798	9823
10858	11882
12849	13718
14454	15042
15479	15783
15979	16096
16163	16196
16212	16219
16221	16222
16222	16222
16222	16222
16222	16222
16222	16222
16222	16222
16222	16222
16222	16222
16222	16222
16222	16222
16222	16222
16222	16222
16222	16222
16222	16222
16222	16222
16222	16222
16222	16222
16222	16222
16222	16222
16222	16222
16222	16222
16222	16222
16222	16222
16222	16222
16222	16222
16222	16222
16222	16222
16222	16222
16222	16222
16222	16222
16222	16222
16222	16222
16222	16222
16222	16222
16222	16222
16222	16222
16222	0
16222	16222
16222	16222
16222	16222
16222	16222
16222	16222
16222	16222
16222	16222
16222	16222
16222	16222
16222	16222
16222	16222
16222	16222
16222	16222
16222	16222
16222	16222
16222	16222
16222	16222
16222	16222
16222	16222
16222	16222
16222	16222
16222	16222
16222	16222
16222	16222
16222	16222
16222	16222
16222	16222
16222	16222
16222	16222
16222	16222
16222	16222
16222	16222
16222	16222
16222	16222
16222	16222
16222	16222
16222	16222
16222	16222
16222	16222
16222	16221
16217	16206
16185	16139
16057	15916
15687	15342
14855	14205
13383	12396
11265	10038
8761	7496
6304	5239
4346	3639
3120	2765
2536	2391
2297	2223
2153	2078
2000	1920
1841	1767
1702	1650
1614	1590
1586	1592
1610	1639
1681	1738
1801	1887
1986	2106
2247	2420
2636	2917
3275	3729
4282	4940
5699	6554
7510	8553
9669	10815
11941	12986
13900	14643
15214	15616
15881	16042
16134	16181
16206	16216
16220	16222
16222	16222
16222	16222
16222	16222
16222	16222
16222	16222
16222	16222
16222	16222
16222	16222
16222	16222
16222	16222
16222	16222
16222	16222
16222	16222
16222	16222
16222	16222
16222	16222
16222	16222
16222	16222
16222	16222
16222	16222
16222	16222
16222	16222
16222	16222
16222	16222
16222	16222
16222	16222
16222	16222
16222	16222
16222	16222
16222	16222
16222	16222
16222	16222
16222	16222
16222	16222
16222	16222
16222	0
16222	16222
16222	16222
16222	16222
16222	16222
16222	16222
16222	16222
16222	16222
16222	16222
16222	16222
16222	16222
16222	16222
16222	16222
16222	16222
16222	16222
16222	16222
16222	16222
16222	16222
16222	16222
16222	16222
16222	16222
16222	16222
16222	16222
16222	16222
16222	16222
16222	16222
16222	16222
16222	16222
16222	16222
16222	16222
16222	16222
16222	16222
16222	16222
16222	16222
16222	16222
16222	16222
16222	16222
16222	16222
16222	16222
16222	16222
16222	16220
16214	16199
16168	16106
15993	15801
15493	15043
14422	13619
12639	11511
10276	8996
7719	6505
5404	4450
3668	3066
2633	2342
2157	2049
1978	1922
1866	1805
1741	1678
1615	1564
1518	1483
1458	1444
1441	1449
1465	1490
1526	1569
1627	1692
1773	1862
1970	2101
2260	2467
2736	3082
3512	4040
4676	5434
6323	7350
8499	9733
10989	12195
13276	14182
14889	15402
15749	15968
16093	16161
16196	16211
16218	16219
16222	16222
16222	16222
16222	16222
16222	16222
16222	16222
16222	16222
16222	16222
16222	16222
16222	16222
16222	16222
16222	16222
16222	16222
16222	16222
16222	16222
16222	16222
16222	16222
16222	16222
16222	16222
16222	16222
16222	16222
16222	16222
16222	16222
16222	16222
16222	16222
16222	16222
16222	16222
16222	16222
16222	16222
16222	16222
16222	16222
16222	16222
16222	16222
16222	16222
16222	16222
16222	16222
16222	0
16222	16222
16222	16222
16222	16222
16222	16222
16222	16222
16222	16222
16222	16222
16222	16222
16222	16222
16222	16222
16222	16222
16222	16222
16222	16222
16222	16222
16222	16222
16222	16222
16222	16222
16222	16222
16222	16222
16222	16222
16222	16222
16222	16222
16222	16222
16222	16222
16222	16222
16222	16222
16222	16222
16222	16222
16222	16222
16222	16222
16222	16222
16222	16222
16222	16222
16222	16222
16222	16222
16222	16222
16222	16222
16222	16222
16222	16222
16221	16218
16210	16191
16149	16063
15913	15658
15261	14691
13925	12963
11835	10584
9274	7970
6732	5603
4613	3785
3120	2619
2266	2036
1894	1812
1759	1718
1672	1624
1572	1524
1480	1445
1415	1398
1387	1385
1386	1397
1413	1435
1465	1502
1546	1599
1659	1728
1808	1901
2016	2165
2355	2604
2925	3331
3845	4490
5296	6271
7413	8688
10033	11363
12592	13652
14505	15143
15587	15871
16043	16133
16181	16205
16215	16219
16220	16222
16222	16222
16222	16222
16222	16222
16222	16222
16222	16222
16222	16222
16222	16222
16222	16222
16222	16222
16222	16222
16222	16222
16222	16222
16222	16222
16222	16222
16222	16222
16222	16222
16222	16222
16222	16222
16222	16222
16222	16222
16222	16222
16222	16222
16222	16222
16222	16222
16222	16222
16222	16222
16222	16222
16222	16222
16222	16222
16222	16222
16222	16222
16222	16222
16222	16222
16222	16222
16222	0
16222	16222
16222	16222
16222	16222
16222	16222
16222	16222
16222	16222
16222	16222
16222	16222
16222	16222
16222	16222
16222	16222
16222	16222
16222	16222
16222	16222
16222	16222
16222	16222
16222	16222
16222	16222
16222	16222
16222	16222
16222	16222
16222	16222
16222	16222
16222	16222
16222	16222
16222	16222
16222	16222
16222	16222
16222	16222
16222	16222
16222	16222
16222	16222
16222	16222
16222	16222
16222	16222
16222	16222
16222	16222
16222	16222
16222	16222
16221	16216
16204	16178
16121	16011
15814	15490
14993	14294
13379	12265
11000	9652
8297	7006
5830	4802
3939	3237
2691	2287
2007	1825
1721	1662
1625	1595
1564	1527
1489	1458
1428	1408
1398	1395
1397	1404
1413	1427
1442	1465
1489	1522
1554	1593
1637	1688
1743	1806
1885	1982
2110	2284
2509	2811
3212	3749
4449	5343
6441	7713
9098	10516
11868	13073
14071	14836
15387	15748
15972	16098
16161	16193
16210	16217
16219	16220
16222	16222
16222	16222
16222	16222
16222	16222
16222	16222
16222	16222
16222	16222
16222	16222
16222	16222
16222	16222
16222	16222
16222	16222
16222	16222
16222	16222
16222	16222
16222	16222
16222	16222
16222	16222
16222	16222
16222	16222
16222	16222
16222	16222
16222	16222
16222	16222
16222	16222
16222	16222
16222	16222
16222	16222
16222	16222
16222	16222
16222	16222
16222	16222
16222	16222
16222	16222
16222	0
16222	16222
16222	16222
16222	16222
16222	16222
16222	16222
16222	16222
16222	16222
16222	16222
16222	16222
16222	16222
16222	16222
16222	16222
16222	16222
16222	16222
16222	16222
16222	16222
16222	16222
16222	16222
16222	16222
16222	16222
16222	16222
16222	16222
16222	16222
16222	16222
16222	16222
16222	16222
16222	16222
16222	16222
16222	16222
16222	16222
16222	16222
16222	16222
16222	16222
16222	16222
16222	16222
16222	16222
16222	16222
16222	16222
16222	16222
16220	16214
16197	16164
16089	15951
15701	15297
14695	13865
12806	11552
10170	8753
7381	6129
5037	4126
3385	2807
2366	2048
1832	1699
1627	1590
1571	1558
1542	1523
1502	1482
1471	1466
1469	1477
1490	1505
1522	1540
1560	1581
1602	1626
1649	1676
1704	1736
1768	1808
1854	1914
1990	2100
2247	2459
2763	3189
3785	4582
5602	6826
8213	9680
11126	12453
13590	14493
15154	15604
15887	16052
16137	16181
16201	16213
16216	16219
16221	16222
16222	16222
16222	16222
16222	16222
16222	16222
16222	16222
16222	16222
16222	16222
16222	16222
16222	16222
16222	16222
16222	16222
16222	16222
16222	16222
16222	16222
16222	16222
16222	16222
16222	16222
16222	16222
16222	16222
16222	16222
16222	16222
16222	16222
16222	16222
16222	16222
16222	16222
16222	16222
16222	16222
16222	16222
16222	16222
16222	16222
16222	16222
16222	16222
16222	16222
16222	0
16222	16222
16222	16222
16222	16222
16222	16222
16222	16222
16222	16222
16222	16222
16222	16222
16222	16222
16222	16222
16222	16222
16222	16222
16222	16222
16222	16222
16222	16222
16222	16222
16222	16222
16222	16222
16222	16222
16222	16222
16222	16222
16222	16222
16222	16222
16222	16222
16222	16222
16222	16222
16222	16222
16222	16222
16222	16222
16222	16222
16222	16222
16222	16222
16222	16222
16222	16222
16222	16222
16222	16222
16222	16222
16222	16222
16222	16221
16217	16209
16189	16143
16049	15875
15569	15085
14372	13414
12215	10843
9373	7913
6552	5357
4363	3565
2947	2481
2137	1898
1743	1653
1614	1602
1611	1615
1620	1620
1619	1618
1621	1632
1647	1665
1686	1710
1733	1756
1778	1798
1815	1831
1845	1858
1868	1881
1893	1909
1925	1951
1984	2037
2123	2256
2469	2797
3283	3971
4893	6045
7395	8875
10385	11819
13084	14117
14897	15440
15787	15994
16107	16163
16192	16206
16214	16216
16219	16221
16222	16222
16222	16222
16222	16222
16222	16222
16222	16222
16222	16222
16222	16222
16222	16222
16222	16222
16222	16222
16222	16222
16222	16222
16222	16222
16222	16222
16222	16222
16222	16222
16222	16222
16222	16222
16222	16222
16222	16222
16222	16222
16222	16222
16222	16222
16222	16222
16222	16222
16222	16222
16222	16222
16222	16222
16222	16222
16222	16222
16222	16222
16222	16222
16222	16222
16222	0
16222	16222
16222	16222
16222	16222
16222	16222
16222	16222
16222	16222
16222	16222
16222	16222
16222	16222
16222	16222
16222	16222
16222	16222
16222	16222
16222	16222
16222	16222
16222	16222
16222	16222
16222	16222
16222	16222
16222	16222
16222	16222
16222	16222
16222	16222
16222	16222
16222	16222
16222	16222
16222	16222
16222	16222
16222	16222
16222	16222
16222	16222
16222	16222
16222	16222
16222	16222
16222	16222
16222	16222
16222	16222
16222	16222
16222	16219
16216	16204
16179	16119
16004	15789
15425	14852
14032	12952
11633	10157
8626	7147
5825	4701
3807	3125
2618	2253
2004	1835
1739	1697
1695	1718
1750	1785
1815	1839
1860	1878
1897	1918
1946	1974
2004	2034
2064	2089
2112	2132
2146	2154
2156	2152
2145	2140
2129	2119
2109	2097
2091	2092
2118	2181
2312	2544
2925	3499
4311	5368
6660	8126
9675	11197
12574	13731
14625	15263
15677	15931
16071	16145
16179	16199
16210	16216
16218	16220
16222	16222
16222	16222
16222	16222
16222	16222
16222	16222
16222	16222
16222	16222
16222	16222
16222	16222
16222	16222
16222	16222
16222	16222
16222	16222
16222	16222
16222	16222
16222	16222
16222	16222
16222	16222
16222	16222
16222	16222
16222	16222
16222	16222
16222	16222
16222	16222
16222	16222
16222	16222
16222	16222
16222	16222
16222	16222
16222	16222
16222	16222
16222	16222
16222	16222
16222	0
16222	16222
16222	16222
16222	16222
16222	16222
16222	16222
16222	16222
16222	16222
16222	16222
16222	16222
16222	16222
16222	16222
16222	16222
16222	16222
16222	16222
16222	16222
16222	16222
16222	16222
16222	16222
16222	16222
16222	16222
16222	16222
16222	16222
16222	16222
16222	16222
16222	16222
16222	16222
16222	16222
16222	16222
16222	16222
16222	16222
16222	16222
16222	16222
16222	16222
16222	16222
16222	16222
16222	16222
16222	16222
16222	16222
16221	16218
16212	16197
16161	16092
15950	15694
15265	14608
13681	12488
11068	9513
7942	6472
5194	4159
3367	2792
2393	2125
1957	1866
1831	1842
1881	1943
2013	2080
2139	2194
2239	2279
2315	2352
2388	2424
2460	2496
2529	2559
2584	2602
2609	2608
2603	2584
2559	2532
2500	2460
2419	2369
2316	2263
2229	2222
2270	2412
2689	3151
3847	4807
6025	7456
9024	10603
12078	13346
14349	15076
15563	15859
16032	16121
16168	16191
16204	16213
16217	16220
16222	16222
16222	16222
16222	16222
16222	16222
16222	16222
16222	16222
16222	16222
16222	16222
16222	16222
16222	16222
16222	16222
16222	16222
16222	16222
16222	16222
16222	16222
16222	16222
16222	16222
16222	16222
16222	16222
16222	16222
16222	16222
16222	16222
16222	16222
16222	16222
16222	16222
16222	16222
16222	16222
16222	16222
16222	16222
16222	16222
16222	16222
16222	16222
16222	16222
16222	0
16222	16222
16222	16222
16222	16222
16222	16222
16222	16222
16222	16222
16222	16222
16222	16222
16222	16222
16222	16222
16222	16222
16222	16222
16222	16222
16222	16222
16222	16222
16222	16222
16222	16222
16222	16222
16222	16222
16222	16222
16222	16222
16222	16222
16222	16222
16222	16222
16222	16222
16222	16222
16222	16222
16222	16222
16222	16222
16222	16222
16222	16222
16222	16222
16222	16222
16222	16222
16222	16222
16222	16222
16222	16222
16222	16221
16219	16216
16207	16187
16145	16058
15890	15591
15095	14356
13332	12037
10526	8914
7324	5882
4667	3722
3031	2562
2264	2092
2011	1995
2030	2094
2189	2295
2403	2507
2603	2685
2757	2821
2878	2926
2974	3015
3058	3096
3133	3166
3190	3206
3211	3201
3181	3150
3111	3064
3007	2939
2860	2768
2667	2557
2455	2376
2340	2388
2562	2915
3499	4351
5487	6874
8438	10060
11610	12972
14074	14889
15442	15788
15990	16099
16153	16183
16202	16211
16216	16220
16222	16222
16222	16222
16222	16222
16222	16222
16222	16222
16222	16222
16222	16222
16222	16222
16222	16222
16222	16222
16222	16222
16222	16222
16222	16222
16222	16222
16222	16222
16222	16222
16222	16222
16222	16222
16222	16222
16222	16222
16222	16222
16222	16222
16222	16222
16222	16222
16222	16222
16222	16222
16222	16222
16222	16222
16222	16222
16222	16222
16222	16222
16222	16222
16222	16222
16222	0
16222	16222
16222	16222
16222	16222
16222	16222
16222	16222
16222	16222
16222	16222
16222	16222
16222	16222
16222	16222
16222	16222
16222	16222
16222	16222
16222	16222
16222	16222
16222	16222
16222	16222
16222	16222
16222	16222
16222	16222
16222	16222
16222	16222
16222	16222
16222	16222
16222	16222
16222	16222
16222	16222
16222	16222
16222	16222
16222	16222
16222	16222
16222	16222
16222	16222
16222	16222
16222	16222
16222	16222
16222	16222
16221	16219
16217	16212
16199	16175
16125	16021
15824	15478
14923	14102
12987	11599
10022	8371
6780	5377
4234	3379
2791	2428
2231	2156
2163	2228
2336	2468
2617	2771
2922	3064
3190	3301
3399	3483
3559	3621
3678	3728
3775	3820
3859	3891
3917	3931
3931	3917
3887	3846
3791	3723
3642	3548
3433	3296
3141	2971
2797	2637
2514	2466
2538	2780
3254	4005
5055	6382
7927	9572
11178	12619
13806	14701
15320	15713
15944	16072
16141	16177
16196	16207
16215	16219
16220	16222
16222	16222
16222	16222
16222	16222
16222	16222
16222	16222
16222	16222
16222	16222
16222	16222
16222	16222
16222	16222
16222	16222
16222	16222
16222	16222
16222	16222
16222	16222
16222	16222
16222	16222
16222	16222
16222	16222
16222	16222
16222	16222
16222	16222
16222	16222
16222	16222
16222	16222
16222	16222
16222	16222
16222	16222
16222	16222
16222	16222
16222	16222
16222	16222
16222	0
16222	16222
16222	16222
16222	16222
16222	16222
16222	16222
16222	16222
16222	16222
16222	16222
16222	16222
16222	16222
16222	16222
16222	16222
16222	16222
16222	16222
16222	16222
16222	16222
16222	16222
16222	16222
16222	16222
16222	16222
16222	16222
16222	16222
16222	16222
16222	16222
16222	16222
16222	16222
16222	16222
16222	16222
16222	16222
16222	16222
16222	16222
16222	16222
16222	16222
16222	16222
16222	16222
16222	16222
16222	16222
16220	16218
16216	16208
16192	16161
16101	15977
15751	15363
14747	13850
12653	11190
9556	7881
6308	4952
3888	3125
2640	2382
2288	2310
2411	2560
2741	2939
3146	3345
3539	3713
3872	4005
4128	4230
4319	4394
4460	4516
4569	4615
4658	4690
4716	4728
4727	4708
4675	4623
4557	4473
4372	4251
4102	3928
3719	3488
3244	3003
2791	2643
2608	2745
3110	3757
4717	5979
7490	9134
10781	12284
13545	14513
15196	15636
15900	16049
16128	16169
16191	16207
16215	16219
16220	16222
16222	16222
16222	16222
16222	16222
16222	16222
16222	16222
16222	16222
16222	16222
16222	16222
16222	16222
16222	16222
16222	16222
16222	16222
16222	16222
16222	16222
16222	16222
16222	16222
16222	16222
16222	16222
16222	16222
16222	16222
16222	16222
16222	16222
16222	16222
16222	16222
16222	16222
16222	16222
16222	16222
16222	16222
16222	16222
16222	16222
16222	16222
16222	16222
16222	0
16222	16222
16222	16222
16222	16222
16222	16222
16222	16222
16222	16222
16222	16222
16222	16222
16222	16222
16222	16222
16222	16222
16222	16222
16222	16222
16222	16222
16222	16222
16222	16222
16222	16222
16222	16222
16222	16222
16222	16222
16222	16222
16222	16222
16222	16222
16222	16222
16222	16222
16222	16222
16222	16222
16222	16222
16222	16222
16222	16222
16222	16222
16222	16222
16222	16222
16222	16222
16222	16222
16222	16222
16222	16222
16220	16217
16211	16200
16183	16144
16072	15932
15674	15244
14570	13606
12336	10814
9138	7455
5906	4606
3622	2955
2569	2415
2423	2544
2737	2970
3221	3481
3734	3978
4201	4406
4586	4741
4875	4991
5092	5176
5248	5312
5369	5419
5462	5497
5524	5536
5533	5514
5476	5419
5347	5254
5142	5003
4829	4621
4373	4089
3774	3451
3152	2907
2768	2797
3055	3596
4462	5651
7114	8750
10415	11968
13294	14331
15071	15559
15855	16025
16116	16164
16190	16206
16214	16218
16220	16222
16222	16222
16222	16222
16222	16222
16222	16222
16222	16222
16222	16222
16222	16222
16222	16222
16222	16222
16222	16222
16222	16222
16222	16222
16222	16222
16222	16222
16222	16222
16222	16222
16222	16222
16222	16222
16222	16222
16222	16222
16222	16222
16222	16222
16222	16222
16222	16222
16222	16222
16222	16222
16222	16222
16222	16222
16222	16222
16222	16222
16222	16222
16222	16222
16222	0
16222	16222
16222	16222
16222	16222
16222	16222
16222	16222
16222	16222
16222	16222
16222	16222
16222	16222
16222	16222
16222	16222
16222	16222
16222	16222
16222	16222
16222	16222
16222	16222
16222	16222
16222	16222
16222	16222
16222	16222
16222	16222
16222	16222
16222	16222
16222	16222
16222	16222
16222	16222
16222	16222
16222	16222
16222	16222
16222	16222
16222	16222
16222	16222
16222	16222
16222	16222
16222	16222
16222	16222
16222	16220
16219	16216
16207	16193
16171	16126
16039	15882
15597	15124
14396	13370
12035	10463
8761	7082
5566	4332
3427	2853
2568	2510
2619	2837
3117	3425
3741	4049
4343	4611
4858	5076
5268	5434
5579	5701
5808	5901
5981	6048
6108	6160
6206	6246
6270	6285
6280	6259
6222	6164
6089	5995
5878	5729
5543	5314
5039	4712
4346	3958
3577	3239
3003	2927
3077	3514
4285	5395
6802	8413
10087	11676
13059	14155
14953	15486
15814	16001
16106	16159
16187	16205
16212	16219
16220	16222
16222	16222
16222	16222
16222	16222
16222	16222
16222	16222
16222	16222
16222	16222
16222	16222
16222	16222
16222	16222
16222	16222
16222	16222
16222	16222
16222	16222
16222	16222
16222	16222
16222	16222
16222	16222
16222	16222
16222	16222
16222	16222
16222	16222
16222	16222
16222	16222
16222	16222
16222	16222
16222	16222
16222	16222
16222	16222
16222	16222
16222	16222
16222	16222
16222	0
16222	16222
16222	16222
16222	16222
16222	16222
16222	16222
16222	16222
16222	16222
16222	16222
16222	16222
16222	16222
16222	16222
16222	16222
16222	16222
16222	16222
16222	16222
16222	16222
16222	16222
16222	16222
16222	16222
16222	16222
16222	16222
16222	16222
16222	16222
16222	16222
16222	16222
16222	16222
16222	16222
16222	16222
16222	16222
16222	16222
16222	16222
16222	16222
16222	16222
16222	16222
16222	16222
16222	16222
16222	16220
16218	16212
16203	16185
16158	16104
16008	15827
15517	15003
14226	13140
11759	10146
8428	6764
5290	4117
3293	2805
2617	2654
2857	3162
3519	3889
4254	4596
4911	5195
5450	5673
5865	6033
6180	6307
6417	6513
6596	6669
6731	6789
6837	6871
6898	6909
6906	6884
6847	6794
6721	6631
6515	6366
6182	5948
5663	5314
4918	4480
4034	3620
3293	3118
3168	3502
4175	5200
6547	8123
9797	11412
12840	13990
14840	15416
15774	15982
16096	16156
16185	16204
16213	16219
16220	16222
16222	16222
16222	16222
16222	16222
16222	16222
16222	16222
16222	16222
16222	16222
16222	16222
16222	16222
16222	16222
16222	16222
16222	16222
16222	16222
16222	16222
16222	16222
16222	16222
16222	16222
16222	16222
16222	16222
16222	16222
16222	16222
16222	16222
16222	16222
16222	16222
16222	16222
16222	16222
16222	16222
16222	16222
16222	16222
16222	16222
16222	16222
16222	16222
16222	0
16222	16222
16222	16222
16222	16222
16222	16222
16222	16222
16222	16222
16222	16222
16222	16222
16222	16222
16222	16222
16222	16222
16222	16222
16222	16222
16222	16222
16222	16222
16222	16222
16222	16222
16222	16222
16222	16222
16222	16222
16222	16222
16222	16222
16222	16222
16222	16222
16222	16222
16222	16222
16222	16222
16222	16222
16222	16222
16222	16222
16222	16222
16222	16222
16222	16222
16222	16222
16222	16222
16222	16222
16222	16220
16216	16211
16200	16178
16146	16086
15975	15776
15434	14881
14060	12922
11499	9856
8135	6490
5064	3957
3209	2809
2707	2833
3117	3493
3911	4327
4719	5080
5398	5682
5931	6147
6336	6502
6644	6769
6879	6978
7066	7142
7210	7266
7313	7351
7376	7385
7378	7357
7322	7272
7204	7122
7014	6878
6703	6478
6195	5853
5445	4983
4495	4021
3619	3359
3311	3547
4126	5068
6348	7886
9552	11187
12653	13850
14742	15354
15739	15963
16087	16152
16184	16202
16213	16219
16220	16222
16222	16222
16222	16222
16222	16222
16222	16222
16222	16222
16222	16222
16222	16222
16222	16222
16222	16222
16222	16222
16222	16222
16222	16222
16222	16222
16222	16222
16222	16222
16222	16222
16222	16222
16222	16222
16222	16222
16222	16222
16222	16222
16222	16222
16222	16222
16222	16222
16222	16222
16222	16222
16222	16222
16222	16222
16222	16222
16222	16222
16222	16222
16222	16222
16222	0
16222	16222
16222	16222
16222	16222
16222	16222
16222	16222
16222	16222
16222	16222
16222	16222
16222	16222
16222	16222
16222	16222
16222	16222
16222	16222
16222	16222
16222	16222
16222	16222
16222	16222
16222	16222
16222	16222
16222	16222
16222	16222
16222	16222
16222	16222
16222	16222
16222	16222
16222	16222
16222	16222
16222	16222
16222	16222
16222	16222
16222	16222
16222	16222
16222	16222
16222	16222
16222	16222
16222	16222
16222	16219
16215	16208
16193	16173
16133	16063
15941	15722
15355	14766
13897	12716
11252	9589
7871	6254
4880	3840
3172	2849
2826	3027
3380	3812
4268	4710
5113	5469
5780	6051
6286	6490
6668	6824
6960	7085
7195	7297
7385	7469
7539	7598
7645	7680
7699	7703
7697	7674
7639	7593
7534	7459
7363	7239
7082	6881
6619	6297
5899	5442
4935	4427
3969	3637
3503	3651
4134	4994
6211	7708
9358	11004
12496	13731
14660	15301
15711	15947
16078	16147
16182	16202
16212	16218
16220	16222
16222	16222
16222	16222
16222	16222
16222	16222
16222	16222
16222	16222
16222	16222
16222	16222
16222	16222
16222	16222
16222	16222
16222	16222
16222	16222
16222	16222
16222	16222
16222	16222
16222	16222
16222	16222
16222	16222
16222	16222
16222	16222
16222	16222
16222	16222
16222	16222
16222	16222
16222	16222
16222	16222
16222	16222
16222	16222
16222	16222
16222	16222
16222	16222
16222	0
16222	16222
16222	16222
16222	16222
16222	16222
16222	16222
16222	16222
16222	16222
16222	16222
16222	16222
16222	16222
16222	16222
16222	16222
16222	16222
16222	16222
16222	16222
16222	16222
16222	16222
16222	16222
16222	16222
16222	16222
16222	16222
16222	16222
16222	16222
16222	16222
16222	16222
16222	16222
16222	16222
16222	16222
16222	16222
16222	16222
16222	16222
16222	16222
16222	16222
16222	16222
16222	16222
16222	16222
16221	16219
16214	16206
16192	16168
16125	16047
15912	15677
15281	14656
13743	12524
11026	9352
7641	6062
4742	3771
3173	2926
2970	3233
3635	4103
4581	5026
5421	5761
6054	6300
6517	6704
6873	7020
7150	7272
7381	7483
7577	7664
7738	7800
7846	7877
7893	7898
7886	7861
7825	7780
7725	7654
7573	7465
7328	7154
6927	6639
6273	5836
5337	4819
4329	3937
3734	3801
4203	4984
6136	7591
9221	10869
12379	13640
14599	15263
15686	15936
16073	16145
16182	16201
16211	16218
16220	16222
16222	16222
16222	16222
16222	16222
16222	16222
16222	16222
16222	16222
16222	16222
16222	16222
16222	16222
16222	16222
16222	16222
16222	16222
16222	16222
16222	16222
16222	16222
16222	16222
16222	16222
16222	16222
16222	16222
16222	16222
16222	16222
16222	16222
16222	16222
16222	16222
16222	16222
16222	16222
16222	16222
16222	16222
16222	16222
16222	16222
16222	16222
16222	16222
16222	0
16222	16222
16222	16222
16222	16222
16222	16222
16222	16222
16222	16222
16222	16222
16222	16222
16222	16222
16222	16222
16222	16222
16222	16222
16222	16222
16222	16222
16222	16222
16222	16222
16222	16222
16222	16222
16222	16222
16222	16222
16222	16222
16222	16222
16222	16222
16222	16222
16222	16222
16222	16222
16222	16222
16222	16222
16222	16222
16222	16222
16222	16222
16222	16222
16222	16222
16222	16222
16222	16222
16222	16222
16221	16219
16214	16205
16189	16161
16117	16033
15888	15633
15214	14552
13604	12347
10826	9143
7450	5906
4645	3742
3215	3033
3137	3445
3880	4365
4843	5277
5650	5965
6228	6452
6648	6821
6976	7117
7244	7366
7476	7584
7681	7772
7850	7913
7959	7988
8004	8000
7986	7959
7923	7878
7823	7759
7679	7586
7472	7324
7138	6889
6573	6178
5706	5196
4691	4262
4001	3993
4322	5029
6118	7528
9134	10777
12297	13575
14551	15233
15670	15928
16069	16141
16180	16200
16210	16217
16220	16222
16222	16222
16222	16222
16222	16222
16222	16222
16222	16222
16222	16222
16222	16222
16222	16222
16222	16222
16222	16222
16222	16222
16222	16222
16222	16222
16222	16222
16222	16222
16222	16222
16222	16222
16222	16222
16222	16222
16222	16222
16222	16222
16222	16222
16222	16222
16222	16222
16222	16222
16222	16222
16222	16222
16222	16222
16222	16222
16222	16222
16222	16222
16222	16222
16222	0
16222	16222
16222	16222
16222	16222
16222	16222
16222	16222
16222	16222
16222	16222
16222	16222
16222	16222
16222	16222
16222	16222
16222	16222
16222	16222
16222	16222
16222	16222
16222	16222
16222	16222
16222	16222
16222	16222
16222	16222
16222	16222
16222	16222
16222	16222
16222	16222
16222	16222
16222	16222
16222	16222
16222	16222
16222	16222
16222	16222
16222	16222
16222	16222
16222	16222
16222	16222
16222	16222
16222	16222
16221	16219
16214	16204
16188	16159
16111	16020
15867	15598
15155	14468
13486	12203
10662	8977
7304	5800
4599	3761
3298	3179
3330	3672
4122	4608
5069	5476
5821	6100
6332	6534
6710	6872
7020	7157
7288	7408
7524	7634
7738	7833
7913	7981
8029	8058
8069	8065
8046	8016
7974	7925
7869	7804
7729	7646
7546	7428
7276	7079
6813	6470
6044	5557
5057	4610
4304	4235
4493	5130
6160	7521
9100	10729
12249	13536
14523	15214
15659	15921
16066	16141
16179	16200
16211	16217
16220	16222
16222	16222
16222	16222
16222	16222
16222	16222
16222	16222
16222	16222
16222	16222
16222	16222
16222	16222
16222	16222
16222	16222
16222	16222
16222	16222
16222	16222
16222	16222
16222	16222
16222	16222
16222	16222
16222	16222
16222	16222
16222	16222
16222	16222
16222	16222
16222	16222
16222	16222
16222	16222
16222	16222
16222	16222
16222	16222
16222	16222
16222	16221
16219	16219
16218	0
16215	16222
16221	16222
16222	16222
16222	16222
16222	16222
16222	16222
16222	16222
16222	16222
16222	16222
16222	16222
16222	16222
16222	16222
16222	16222
16222	16222
16222	16222
16222	16222
16222	16222
16222	16222
16222	16222
16222	16222
16222	16222
16222	16222
16222	16222
16222	16222
16222	16222
16222	16222
16222	16222
16222	16222
16222	16222
16222	16222
16222	16222
16222	16222
16222	16222
16222	16222
16222	16222
16222	16222
16221	16219
16214	16204
16188	16157
16108	16015
15854	15575
15114	14407
13402	12096
10542	8865
7218	5760
4612	3832
3434	3364
3553	3913
4365	4835
5268	5638
5941	6186
6390	6567
6729	6885
7033	7174
7307	7437
7558	7677
7789	7889
7974	8044
8092	8123
8132	8126
8101	8069
8020	7966
7903	7830
7751	7668
7583	7487
7372	7221
7014	6729
6357	5912
5429	4973
4635	4518
4711	5285
6256	7571
9114	10724
12236	13521
14512	15209
15654	15918
16065	16139
16178	16201
16211	16218
16220	16222
16222	16222
16222	16222
16222	16222
16222	16222
16222	16222
16222	16222
16222	16222
16222	16222
16222	16222
16222	16222
16222	16222
16222	16222
16222	16222
16222	16222
16222	16222
16222	16222
16222	16222
16222	16222
16222	16222
16222	16222
16222	16222
16222	16222
16222	16222
16222	16222
16222	16222
16222	16222
16222	16222
16222	16222
16222	16222
16222	16220
16218	16215
16212	16204
16207	0
16195	16221
16212	16221
16220	16222
16222	16222
16222	16222
16222	16222
16222	16222
16222	16222
16222	16222
16222	16222
16222	16222
16222	16222
16222	16222
16222	16222
16222	16222
16222	16222
16222	16222
16222	16222
16222	16222
16222	16222
16222	16222
16222	16222
16222	16222
16222	16222
16222	16222
16222	16222
16222	16222
16222	16222
16222	16222
16222	16222
16222	16222
16222	16222
16222	16222
16222	16222
16222	16222
16222	16222
16221	16219
16214	16204
16188	16157
16107	16014
15851	15565
15093	14373
13354	12038
10484	8819
7199	5782
4685	3968
3620	3592
3805	4176
4615	5056
5450	5777
6035	6245
6420	6581
6737	6893
7045	7196
7341	7483
7616	7744
7864	7972
8064	8136
8189	8217
8225	8212
8182	8138
8081	8013
7933	7847
7760	7673
7592	7514
7435	7330
7178	6958
6649	6254
5800	5353
4997	4839
4978	5495
6408	7673
9178	10765
12260	13534
14520	15213
15659	15922
16067	16143
16181	16201
16211	16219
16220	16222
16222	16222
16222	16222
16222	16222
16222	16222
16222	16222
16222	16222
16222	16222
16222	16222
16222	16222
16222	16222
16222	16222
16222	16222
16222	16222
16222	16222
16222	16222
16222	16222
16222	16222
16222	16222
16222	16222
16222	16222
16222	16222
16222	16222
16222	16222
16222	16222
16222	16222
16222	16222
16222	16222
16222	16222
16222	16221
16219	16216
16210	16200
16193	16173
16179	0
16141	16217
16194	16217
16215	16221
16221	16222
16222	16222
16222	16222
16222	16222
16222	16222
16222	16222
16222	16222
16222	16222
16222	16222
16222	16222
16222	16222
16222	16222
16222	16222
16222	16222
16222	16222
16222	16222
16222	16222
16222	16222
16222	16222
16222	16222
16222	16222
16222	16222
16222	16222
16222	16222
16222	16222
16222	16222
16222	16222
16222	16222
16222	16222
16222	16222
16222	16222
16222	16222
16222	16222
16221	16219
16214	16205
16189	16161
16109	16017
15851	15565
15093	14369
13348	12034
10488	8839
7246	5873
4826	4156
3853	3862
4094	4458
4876	5277
5621	5898
6111	6282
6430	6579
6732	6896
7062	7230
7392	7553
7704	7844
7977	8096
8194	8274
8325	8350
8352	8328
8287	8226
8151	8060
7958	7853
7750	7657
7578	7515
7464	7403
7308	7153
6910	6574
6165	5737
5378	5189
5286	5748
6608	7828
9294	10843
12316	13572
14545	15228
15669	15926
16071	16145
16182	16201
16211	16218
16220	16222
16222	16222
16222	16222
16222	16222
16222	16222
16222	16222
16222	16222
16222	16222
16222	16222
16222	16222
16222	16222
16222	16222
16222	16222
16222	16222
16222	16222
16222	16222
16222	16222
16222	16222
16222	16222
16222	16222
16222	16222
16222	16222
16222	16222
16222	16222
16222	16222
16222	16222
16222	16222
16222	16222
16222	16222
16222	16219
16213	16206
16191	16167
16150	16091
16114	0
16000	16206
16141	16207
16202	16215
16219	16222
16222	16222
16222	16222
16222	16222
16222	16222
16222	16222
16222	16222
16222	16222
16222	16222
16222	16222
16222	16222
16222	16222
16222	16222
16222	16222
16222	16222
16222	16222
16222	16222
16222	16222
16222	16222
16222	16222
16222	16222
16222	16222
16222	16222
16222	16222
16222	16222
16222	16222
16222	16222
16222	16222
16222	16222
16222	16222
16222	16222
16222	16222
16222	16222
16221	16219
16214	16206
16191	16163
16116	16025
15863	15580
15111	14394
13384	12082
10554	8927
7368	6029
5023	4398
4134	4167
4408	4761
5145	5496
5784	6002
6165	6298
6424	6562
6718	6892
7077	7266
7456	7641
7818	7980
8130	8262
8370	8451
8504	8521
8509	8471
8405	8314
8208	8086
7956	7825
7705	7600
7520	7470
7443	7428
7390	7301
7130	6861
6509	6114
5762	5564
5628	6045
6857	8027
9452	10967
12407	13637
14586	15256
15684	15940
16077	16149
16185	16203
16214	16218
16220	16222
16222	16222
16222	16222
16222	16222
16222	16222
16222	16222
16222	16222
16222	16222
16222	16222
16222	16222
16222	16222
16222	16222
16222	16222
16222	16222
16222	16222
16222	16222
16222	16222
16222	16222
16222	16222
16222	16222
16222	16222
16222	16222
16222	16222
16222	16222
16222	16222
16222	16222
16222	16222
16222	16222
16222	16222
16220	16216
16205	16185
16154	16098
16066	15921
15987	0
15693	16186
16028	16188
16175	16208
16215	16221
16222	16222
16222	16222
16222	16222
16222	16222
16222	16222
16222	16222
16222	16222
16222	16222
16222	16222
16222	16222
16222	16222
16222	16222
16222	16222
16222	16222
16222	16222
16222	16222
16222	16222
16222	16222
16222	16222
16222	16222
16222	16222
16222	16222
16222	16222
16222	16222
16222	16222
16222	16222
16222	16222
16222	16222
16222	16222
16222	16222
16222	16222
16222	16222
16222	16219
16215	16208
16193	16168
16122	16034
15879	15605
15146	14444
13450	12169
10667	9072
7542	6235
5267	4675
4444	4494
4736	5068
5409	5706
5929	6086
6199	6292
6396	6525
6683	6871
7079	7297
7516	7734
7939	8131
8303	8450
8571	8658
8705	8710
8677	8608
8504	8376
8226	8064
7899	7740
7598	7484
7405	7370
7371	7394
7416	7396
7300	7107
6817	6470
6140	5939
5982	6367
7141	8269
9647	11122
12522	13721
14644	15293
15706	15951
16085	16153
16188	16205
16214	16219
16220	16222
16222	16222
16222	16222
16222	16222
16222	16222
16222	16222
16222	16222
16222	16222
16222	16222
16222	16222
16222	16222
16222	16222
16222	16222
16222	16222
16222	16222
16222	16222
16222	16222
16222	16222
16222	16222
16222	16222
16222	16222
16222	16222
16222	16222
16222	16222
16222	16222
16222	16222
16222	16222
16222	16222
16222	16221
16217	16206
16188	16151
16092	15977
15921	15602
15775	0
15093	16152
15809	16154
16122	16194
16208	16217
16221	16222
16222	16222
16222	16222
16222	16222
16222	16222
16222	16222
16222	16222
16222	16222
16222	16222
16222	16222
16222	16222
16222	16222
16222	16222
16222	16222
16222	16222
16222	16222
16222	16222
16222	16222
16222	16222
16222	16222
16222	16222
16222	16222
16222	16222
16222	16222
16222	16222
16222	16222
16222	16222
16222	16222
16222	16222
16222	16222
16222	16222
16222	16222
16222	16220
16216	16210
16196	16172
16130	16049
15899	15634
15191	14509
13541	12290
10817	9248
7750	6473
5533	4969
4756	4821
5057	5362
5657	5895
6053	6149
6208	6260
6341	6458
6621	6824
7055	7301
7557	7805
8048	8272
8471	8643
8776	8865
8905	8893
8828	8718
8569	8390
8189	7982
7778	7589
7428	7307
7233	7212
7244	7308
7385	7433
7414	7295
7077	6778
6484	6294
6332	6695
7437	8529
9867	11297
12656	13815
14711	15334
15733	15965
16093	16157
16189	16206
16216	16219
16221	16222
16222	16222
16222	16222
16222	16222
16222	16222
16222	16222
16222	16222
16222	16222
16222	16222
16222	16222
16222	16222
16222	16222
16222	16222
16222	16222
16222	16222
16222	16222
16222	16222
16222	16222
16222	16222
16222	16222
16222	16222
16222	16222
16222	16222
16222	16222
16222	16222
16222	16222
16222	16222
16222	16222
16222	16221
16214	16198
16164	16099
16004	15790
15711	15078
15466	0
14055	16103
15430	16108
16038	16175
16196	16214
16220	16222
16222	16222
16222	16222
16222	16222
16222	16222
16222	16222
16222	16222
16222	16222
16222	16222
16222	16222
16222	16222
16222	16222
16222	16222
16222	16222
16222	16222
16222	16222
16222	16222
16222	16222
16222	16222
16222	16222
16222	16222
16222	16222
16222	16222
16222	16222
16222	16222
16222	16222
16222	16222
16222	16222
16222	16222
16222	16222
16222	16222
16222	16222
16222	16220
16218	16211
16199	16176
16138	16061
15921	15665
15240	14582
13643	12419
10977	9439
7964	6707
5788	5246
5051	5119
5345	5625
5875	6055
6152	6186
6194	6211
6267	6373
6536	6750
7000	7277
7563	7850
8128	8388
8615	8812
8957	9049
9077	9043
8943	8792
8587	8354
8097	7844
7598	7388
7210	7087
7019	7018
7075	7184
7313	7424
7475	7430
7277	7040
6781	6614
6652	7001
7717	8780
10080	11471
12792	13913
14776	15375
15757	15981
16100	16161
16194	16209
16216	16220
16222	16222
16222	16222
16222	16222
16222	16222
16222	16222
16222	16222
16222	16222
16222	16222
16222	16222
16222	16222
16222	16222
16222	16222
16222	16222
16222	16222
16222	16222
16222	16222
16222	16222
16222	16222
16222	16222
16222	16222
16222	16222
16222	16222
16222	16222
16222	16222
16222	16222
16222	16222
16222	16222
16222	16222
16221	16217
16210	16186
16136	16034
15892	15545
15450	14337
15085	0
12516	16050
14873	16056
15921	16156
16180	16211
16219	16222
16222	16222
16222	16222
16222	16222
16222	16222
16222	16222
16222	16222
16222	16222
16222	16222
16222	16222
16222	16222
16222	16222
16222	16222
16222	16222
16222	16222
16222	16222
16222	16222
16222	16222
16222	16222
16222	16222
16222	16222
16222	16222
16222	16222
16222	16222
16222	16222
16222	16222
16222	16222
16222	16222
16222	16222
16222	16222
16222	16222
16222	16222
16222	16220
16219	16211
16202	16180
16145	16072
15937	15693
15285	14646
13733	12541
11128	9609
8154	6918
6011	5481
5296	5366
5583	5834
6048	6177
6221	6204
6168	6152
6184	6278
6441	6662
6930	7228
7542	7864
8174	8465
8725	8937
9097	9191
9210	9155
9024	8826
8573	8284
7981	7683
7408	7170
6985	6859
6803	6820
6908	7050
7224	7389
7498	7512
7422	7231
7014	6863
6909	7252
7956	8991
10264	11623
12909	13998
14833	15413
15780	15993
16107	16165
16195	16210
16216	16220
16222	16222
16222	16222
16222	16222
16222	16222
16222	16222
16222	16222
16222	16222
16222	16222
16222	16222
16222	16222
16222	16222
16222	16222
16222	16222
16222	16222
16222	16222
16222	16222
16222	16222
16222	16222
16222	16222
16222	16222
16222	16222
16222	16222
16222	16222
16222	16222
16222	16222
16222	16222
16222	16222
16222	16222
16221	16216
16205	16173
16103	15968
15775	15271
15175	13456
14686	0
10617	15999
14195	16004
15790	16133
16166	16206
16219	16222
16222	16222
16222	16222
16222	16222
16222	16222
16222	16222
16222	16222
16222	16222
16222	16222
16222	16222
16222	16222
16222	16222
16222	16222
16222	16222
16222	16222
16222	16222
16222	16222
16222	16222
16222	16222
16222	16222
16222	16222
16222	16222
16222	16222
16222	16222
16222	16222
16222	16222
16222	16222
16222	16222
16222	16222
16222	16222
16222	16222
16222	16222
16222	16220
16219	16212
16202	16184
16148	16080
15950	15715
15318	14698
13805	12631
11240	9743
8300	7075
6177	5655
5473	5546
5752	5987
6168	6262
6263	6211
6139	6099
6110	6200
6357	6582
6862	7174
7512	7857
8195	8514
8792	9024
9192	9287
9299	9223
9069	8834
8545	8213
7870	7540
7238	6986
6795	6671
6624	6653
6764	6933
7141	7345
7500	7562
7513	7363
7172	7040
7097	7438
8131	9149
10404	11736
12998	14060
14876	15439
15796	16002
16112	16168
16196	16210
16216	16220
16222	16222
16222	16222
16222	16222
16222	16222
16222	16222
16222	16222
16222	16222
16222	16222
16222	16222
16222	16222
16222	16222
16222	16222
16222	16222
16222	16222
16222	16222
16222	16222
16222	16222
16222	16222
16222	16222
16222	16222
16222	16222
16222	16222
16222	16222
16222	16222
16222	16222
16222	16222
16222	16222
16222	16222
16221	16215
16200	16159
16079	15909
15674	15019
14939	12596
14341	0
