3740	3926
4129	4364
4416	4178
3710	3226
2926	2876
2997	3152
3250	3295
3425	3901
4981	6752
8965	11150
12872	13945
14390	14316
13810	13002
12084	11294
10784	10538
10374	10093
9627	9089
8645	8369
8211	8092
8012	8060
8343	8909
9691	10494
11067	11236
10999	10525
10029	9661
9445	9315
9114	8615
7905	6221
3884	4106
4285	4474
4457	4170
3692	3227
2944	2883
2964	3071
3132	3160
3288	3757
4823	6572
8786	10995
12756	13868
14361	14362
13987	13356
12632	11987
11529	11223
10914	10456
9840	9221
8780	8561
8468	8382
8278	8254
8455	8973
9776	10678
11410	11742
11615	11167
10609	10119
9768	9520
9239	8700
7967	6333
4132	4390
4532	4660
4557	4208
3722	3279
3005	2915
2933	2972
2981	2985
3108	3568
4607	6329
8527	10748
12542	13691
14237	14325
14104	13697
13223	12784
12422	12079
11621	10951
10134	9385
8913	8758
8767	8750
8648	8553
8645	9072
9866	10874
11809	12369
12431	12062
11467	10844
10315	9890
9478	8856
8078	6509
4479	4760
4861	4930
4752	4356
3861	3425
3133	2991
2934	2893
2849	2832
2948	3395
4404	6077
8232	10431
12226	13392
13977	14148
14072	13877
13641	13412
13173	12835
12269	11416
10389	9474
8941	8838
8969	9074
9029	8900
8891	9198
9929	10987
12092	12903
13205	12996
12438	11737
11050	10442
9855	9118
8272	6769
4900	5164
5234	5262
5051	4642
4149	3698
3364	3145
3002	2893
2804	2761
2864	3292
4258	5864
7937	10070
11820	12981
13597	13849
13913	13901
13864	13800
13652	13319
12677	11678
10474	9402
8795	8735
9002	9266
9338	9241
9163	9347
9958	10985
12190	13213
13766	13775
13340	12656
11887	11133
10387	9522
8593	7122
5343	5561
5608	5614
5411	5035
4565	4102
3717	3422
3200	3024
2889	2818
2899	3294
4205	5717
7671	9679
11346	12483
13142	13493
13699	13845
13951	13979
13862	13497
12771	11653
10314	9128
8478	8472
8872	9306
9527	9512
9420	9494
9960	10887
12106	13273
14058	14303
14058	13476
12720	11900
11041	10060
9051	7553
5753	5899
5931	5925
5764	5456
5046	4609
4199	3849
3565	3333
3146	3033
3072	3419
4244	5620
7395	9228
10782	11894
12617	13092
13446	13723
13917	13970
13822	13380
12558	11340
9917	8687
8053	8127
8655	9243
9611	9695
9618	9617
9938	10729
11896	13135
14102	14577
14546	14126
13458	12650
11744	10677
9595	8011
6074	6148
6162	6151
6040	5820
5503	5135
4753	4399
4083	3807
3569	3396
3370	3629
4324	5502
7035	8645
10066	11171
11989	12613
13109	13490
13721	13755
13539	13010
12090	10790
9332	8134
7584	7770
8420	9133
9620	9795
9750	9695
9897	10541
11614	12869
13966	14646
14829	14588
14047	13305
12399	11277
10116	8408
6283	6296
6297	6280
6211	6072
5861	5589
5285	4974
4669	4373
4088	3845
3725	3854
4362	5283
6519	7878
9169	10295
11242	12036
12673	13134
13372	13367
13085	12470
11463	10104
8651	7535
7120	7443
8212	9024
9599	9842
9826	9743
9847	10356
11316	12549
13730	14575
14949	14884
14473	13810
12919	11736
10443	8615
6388	6362
6355	6332
6295	6216
6087	5909
5695	5451
5185	4895
4580	4266
4041	4023
4322	4972
5916	7038
8224	9390
10481	11438
12206	12725
12967	12930
12594	11915
10841	9439
8008	6991
6716	7176
8051	8941
9573	9859
9865	9764
9802	10204
11059	12250
13483	14450
14975	15046
14742	14146
13251	11966
10431	8528
6427	6384
6369	6346
6322	6278
6200	6087
5939	5756
5529	5250
4918	4555
4247	4108
4243	4688
5417	6373
7493	8698
9898	10983
11842	12406
12651	12592
12229	11511
10392	8964
7555	6611
6442	6999
7948	8890
9558	9866
9885	9775
9774	10107
10892	12044
13301	14345
14961	15120
14886	14327
13410	11885
10165	6064
