5575	5549
5559	5547
5549	5544
5543	5549
5561	5587
5635	5719
5853	6052
6319	6654
7046	7469
7892	8284
8612	8868
9048	9166
9251	9321
9404	9519
9674	9865
10092	10338
10588	10830
11051	11236
11368	11443
11448	11379
11229	11011
10731	10406
10058	9701
9354	9029
8721	8436
8166	7869
7633	7233
7137	6534
5579	5552
5563	5548
5549	5544
5543	5548
5560	5583
5631	5716
5851	6050
6322	6660
7057	7490
7923	8327
8671	8944
9140	9275
9368	9448
9536	9650
9799	9981
10193	10426
10660	10889
11096	11268
11391	11453
11450	11373
11217	10991
10703	10372
10019	9660
9311	8983
8684	8401
8136	7845
7616	7220
7129	6533
5585	5556
5564	5550
5549	5544
5543	5545
5556	5581
5629	5710
5848	6049
6322	6669
7077	7517
7966	8384
8749	9039
9254	9409
9516	9607
9699	9809
9951	10123
10319	10531
10752	10961
11151	11310
11420	11473
11459	11370
11207	10971
10675	10333
9972	9609
9259	8932
8635	8354
8097	7813
7591	7203
7116	6528
5593	5562
5569	5551
5551	5543
5540	5542
5553	5575
5623	5710
5846	6050
6330	6682
7099	7554
8016	8454
8837	9150
9386	9559
9687	9786
9883	9993
10126	10281
10461	10656
10853	11048
11221	11361
11462	11500
11475	11376
11201	10956
10646	10300
9927	9554
9201	8877
8580	8307
8054	7777
7558	7181
7092	6522
5604	5569
5577	5556
5554	5545
5538	5537
5546	5571
5617	5706
5848	6056
6343	6705
7135	7601
8078	8531
8936	9268
9525	9716
9856	9969
10069	10176
10300	10444
10606	10781
10962	11135
11292	11420
11504	11533
11498	11388
11203	10945
10626	10268
9888	9507
9150	8820
8526	8254
8003	7734
7517	7146
7054	6504
5614	5576
5585	5562
5559	5546
5540	5537
5544	5568
5616	5706
5852	6066
6361	6735
7172	7652
8144	8616
9032	9384
9658	9866
10019	10138
10242	10348
10461	10597
10745	10903
11062	11225
11365	11480
11553	11575
11525	11410
11212	10947
10617	10248
9857	9473
9107	8774
8477	8205
7954	7684
7463	7105
6991	6478
5630	5587
5596	5571
5566	5548
5539	5537
5542	5566
5617	5709
5862	6081
6385	6768
7217	7711
8216	8699
9129	9491
9781	9998
10162	10287
10393	10494
10603	10723
10859	11004
11155	11300
11432	11536
11606	11616
11565	11436
11232	10957
10621	10241
9840	9449
9076	8737
8436	8158
7901	7626
7388	7042
6891	6428
5643	5595
5606	5576
5570	5551
5543	5536
5540	5565
5617	5715
5870	6102
6411	6804
7264	7768
8281	8771
9214	9586
9881	10107
10275	10405
10512	10612
10715	10827
10954	11090
11230	11365
11491	11593
11652	11660
11602	11469
11260	10976
10632	10245
9840	9437
9058	8712
8401	8114
7845	7562
7295	6960
6740	6355
5652	5602
5612	5582
5574	5555
5542	5534
5539	5565
5619	5719
5879	6117
6438	6839
7310	7819
8339	8840
9286	9662
9961	10193
10363	10494
10599	10697
10798	10905
11024	11151
11286	11420
11540	11637
11693	11698
11636	11500
11288	10997
10649	10255
9843	9434
9048	8695
8373	8074
7786	7489
7179	6857
6541	6260
5661	5610
5620	5587
5578	5557
5545	5536
5541	5564
5621	5725
5891	6135
6462	6872
7346	7864
8392	8893
9341	9720
10023	10252
10426	10554
10661	10756
10854	10959
11072	11197
11328	11458
11577	11671
11726	11730
11667	11530
11313	11021
10669	10271
9851	9438
9045	8681
8351	8041
7730	7418
7052	6744
6306	6146
5666	5615
5625	5590
5582	5559
5545	5537
5542	5563
5624	5730
5900	6149
6480	6897
7377	7900
8426	8932
9384	9760
10062	10291
10464	10594
10699	10792
10887	10990
11100	11226
11355	11486
11602	11696
11753	11756
11691	11554
11335	11042
10685	10285
9863	9445
9046	8676
8340	7998
7680	7174
6929	5771
6066	3646
