16193	16193
16193	16193
16193	16193
16193	16193
16193	16193
16193	16193
16193	16193
16193	16193
16191	16188
16184	16176
16163	16137
16092	16016
15895	15708
15443	15084
14626	14070
13443	12773
12099	11460
10884	10384
9962	9616
9330	9089
8884	8714
8571	8462
8381	8347
8343	8374
8421	8482
8541	8589
8636	8687
8759	8873
9041	9271
9556	9863
10160	10404
10556	10597
10518	10337
10082	9792
9510	9266
9071	8925
8804	8675
8511	8279
7965	7574
7116	6623
6128	5663
5252	4914
4656	4467
4342	4262
4215	4195
4186	4189
4197	4204
4218	4232
4252	4274
4300	4334
4375	4418
4474	4535
4612	4693
4784	4875
4968	5048
5114	5158
5186	5196
5197	5198
5219	5274
5381	5569
5851	6252
6779	7437
8210	9075
10002	10944
11861	12709
13469	14122
14656	15084
15408	15649
15823	15943
16028	16081
16115	16135
16153	16162
16170	16175
16181	16181
16186	16188
16184	16180
16172	16148
16112	16045
15938	15775
15543	15233
14843	14386
13886	13380
12908	12502
12188	11973
11841	11763
11714	11663
11595	11498
11383	11258
11144	11060
11020	11024
11075	11168
11287	11423
11567	11717
11868	12039
12240	12489
12801	13175
13595	14040
14481	14893
15249	15538
15759	15916
16024	16092
16136	16160
16174	16182
16188	16189
16193	16193
16193	16193
16193	16193
16193	16193
16193	16193
16193	16193
16193	16193
16193	16193
16193	0
16193	16193
16193	16193
16193	16193
16193	16193
16193	16193
16193	16193
16193	16193
16193	16193
16191	16188
16183	16175
16160	16135
16089	16010
15884	15692
15423	15055
14589	14028
13396	12724
12050	11413
10837	10342
9928	9583
9302	9065
8864	8694
8556	8447
8370	8337
8335	8363
8411	8473
8530	8580
8626	8675
8751	8866
9036	9269
9554	9864
10159	10400
10552	10590
10505	10323
10067	9779
9500	9254
9064	8915
8790	8659
8487	8250
7930	7535
7078	6583
6091	5628
5222	4892
4635	4451
4328	4252
4207	4184
4178	4178
4183	4191
4206	4220
4239	4262
4290	4325
4365	4413
4467	4533
4608	4690
4776	4868
4957	5039
5104	5152
5181	5193
5199	5201
5222	5272
5370	5537
5798	6163
6647	7258
7986	8808
9696	10612
11513	12370
13147	13828
14402	14865
15235	15515
15722	15870
15975	16046
16094	16125
16146	16157
16167	16173
16180	16181
16185	16188
16183	16181
16172	16150
16114	16048
15943	15785
15555	15249
14861	14406
13906	13400
12924	12518
12199	11978
11842	11764
11716	11666
11599	11505
11390	11265
11153	11067
11026	11027
11076	11165
11281	11418
11562	11709
11861	12031
12232	12482
12795	13165
13586	14033
14476	14888
15243	15535
15756	15916
16023	16092
16136	16160
16174	16182
16188	16189
16193	16193
16193	16193
16193	16193
16193	16193
16193	16193
16193	16193
16193	16193
16193	16193
16193	0
16193	16193
16193	16193
16193	16193
16193	16193
16193	16193
16193	16193
16193	16193
16193	16193
16190	16186
16182	16175
16158	16130
16082	16001
15868	15674
15393	15018
14541	13973
13335	12658
11983	11349
10777	10285
9879	9544
9264	9035
8838	8672
8534	8426
8356	8323
8321	8352
8400	8461
8515	8565
8611	8664
8737	8855
9032	9266
9554	9863
10157	10395
10541	10575
10489	10303
10046	9760
9481	9240
9049	8896
8771	8632
8454	8209
7886	7486
7023	6531
6040	5584
5184	4857
4609	4429
4310	4237
4193	4174
4163	4166
4169	4178
4189	4204
4224	4250
4278	4315
4359	4412
4468	4538
4611	4693
4781	4873
4961	5040
5108	5158
5191	5209
5218	5226
5243	5286
5370	5516
5738	6059
6490	7040
7702	8465
9300	10178
11062	11917
12714	13426
14044	14563
14982	15316
15569	15759
15893	15990
16056	16099
16129	16151
16162	16171
16178	16182
16187	16187
16185	16181
16173	16152
16117	16053
15950	15794
15569	15267
14884	14431
13934	13427
12945	12532
12209	11983
11842	11765
11715	11665
11601	11509
11397	11275
11162	11076
11031	11029
11074	11162
11275	11411
11552	11701
11850	12023
12221	12473
12784	13154
13575	14023
14466	14881
15238	15531
15754	15913
16022	16092
16134	16160
16174	16182
16188	16189
16193	16193
16193	16193
16193	16193
16193	16193
16193	16193
16193	16193
16193	16193
16193	16193
16193	0
16193	16193
16193	16193
16193	16193
16193	16193
16193	16193
16193	16193
16193	16193
16193	16193
16189	16186
16182	16174
16156	16126
16075	15989
15852	15649
15360	14973
14486	13906
13257	12578
11900	11267
10703	10221
9819	9492
9223	8996
8805	8640
8506	8402
8334	8301
8303	8332
8384	8440
8497	8545
8590	8642
8718	8838
9021	9261
9550	9858
10151	10386
10527	10555
10464	10276
10022	9734
9458	9219
9029	8876
8744	8601
8418	8165
7833	7428
6963	6471
5983	5534
5142	4825
4580	4407
4289	4219
4176	4156
4149	4149
4152	4159
4172	4187
4209	4234
4267	4310
4362	4416
4484	4556
4635	4719
4810	4901
4991	5070
5139	5194
5234	5258
5272	5281
5298	5333
5400	5515
5696	5961
6325	6799
7383	8069
8836	9660
10514	11356
12166	12915
13582	14159
14647	15042
15355	15597
15777	15905
15999	16064
16106	16135
16156	16167
16176	16180
16186	16187
16184	16182
16173	16152
16118	16057
15957	15803
15586	15287
14910	14459
13964	13455
12970	12553
12221	11989
11847	11764
11715	11666
11606	11518
11404	11285
11173	11081
11037	11032
11074	11155
11267	11398
11543	11685
11839	12008
12210	12461
12771	13144
13565	14013
14459	14875
15231	15527
15751	15910
16022	16092
16134	16160
16174	16182
16188	16189
16193	16193
16193	16193
16193	16193
16193	16193
16193	16193
16193	16193
16193	16193
16193	16193
16193	0
16193	16193
16193	16193
16193	16193
16193	16193
16193	16193
16193	16193
16193	16193
16193	16193
16189	16186
16181	16171
16153	16122
16065	15976
15832	15621
15320	14924
14423	13830
13174	12488
11810	11178
10619	10144
9751	9433
9169	8950
8765	8602
8475	8375
8307	8277
8281	8311
8363	8419
8471	8519
8565	8615
8696	8820
9007	9249
9540	9852
10143	10373
10507	10530
10436	10246
9989	9703
9430	9191
8998	8847
8711	8563
8371	8113
7773	7363
6900	6410
5927	5482
5098	4787
4551	4383
4270	4201
4161	4140
4132	4131
4132	4140
4153	4169
4193	4223
4266	4315
4373	4441
4516	4599
4687	4778
4876	4967
5060	5145
5220	5279
5324	5356
5376	5389
5403	5427
5470	5552
5685	5888
6174	6562
7052	7646
8330	9087
9893	10716
11529	12305
13021	13663
14217	14687
15069	15374
15609	15783
15911	16003
16065	16110
16137	16157
16171	16177
16183	16187
16182	16183
16173	16153
16121	16063
15965	15818
15603	15311
14937	14491
13997	13488
12997	12573
12236	11996
11846	11763
11711	11671
11610	11525
11413	11294
11182	11092
11040	11032
11069	11148
11256	11386
11526	11670
11823	11993
12194	12446
12755	13129
13553	14002
14449	14865
15227	15521
15749	15909
16022	16091
16134	16160
16174	16182
16188	16189
16193	16193
16193	16193
16193	16193
16193	16193
16193	16193
16193	16193
16193	16193
16193	16193
16193	0
16193	16193
16193	16193
16193	16193
16193	16193
16193	16193
16193	16193
16193	16193
16193	16193
16189	16186
16181	16168
16151	16117
16058	15965
15815	15594
15284	14874
14359	13755
13089	12395
11716	11082
10531	10062
9678	9369
9115	8901
8721	8567
8438	8342
8280	8249
8254	8287
8335	8388
8442	8490
8533	8586
8668	8799
8985	9234
9528	9839
10129	10353
10483	10500
10400	10206
9949	9667
9392	9157
8968	8813
8674	8522
8324	8059
7717	7303
6836	6351
5874	5438
5063	4758
4528	4365
4253	4185
4142	4124
4112	4109
4112	4118
4131	4153
4181	4219
4270	4333
4408	4492
4583	4683
4784	4888
4994	5096
5193	5282
5363	5432
5484	5524
5551	5564
5576	5586
5610	5652
5732	5865
6067	6358
6746	7235
7825	8498
9240	10028
10828	11618
12373	13074
13701	14245
14705	15083
15381	15615
15785	15915
16005	16070
16112	16141
16160	16173
16180	16186
16182	16181
16175	16157
16125	16068
15973	15831
15619	15332
14965	14524
14030	13516
13027	12593
12250	12003
11847	11760
11712	11671
11613	11531
11425	11305
11190	11098
11041	11029
11064	11138
11243	11367
11507	11649
11800	11973
12173	12426
12737	13111
13534	13987
14435	14853
15219	15517
15743	15905
16017	16090
16133	16160
16174	16181
16188	16189
16193	16193
16193	16193
16193	16193
16193	16193
16193	16193
16193	16193
16193	16193
16193	16193
16193	0
16193	16193
16193	16193
16193	16193
16193	16193
16193	16193
16193	16193
16193	16193
16193	16193
16189	16186
16181	16168
16147	16114
16053	15955
15799	15571
15248	14825
14298	13681
13006	12302
11618	10990
10441	9978
9602	9299
9053	8846
8672	8520
8399	8306
8244	8218
8224	8252
8303	8356
8410	8454
8500	8554
8638	8770
8963	9216
9515	9822
10108	10331
10456	10465
10363	10165
9908	9626
9353	9116
8929	8776
8636	8479
8278	8007
7664	7250
6787	6307
5837	5407
5038	4740
4514	4352
4244	4172
4131	4107
4093	4090
4091	4101
4113	4138
4173	4223
4288	4370
4463	4572
4690	4810
4933	5057
5174	5288
5397	5495
5585	5663
5725	5773
5807	5822
5830	5824
5816	5819
5843	5904
6019	6207
6489	6867
7347	7928
8593	9321
10098	10883
11664	12407
13101	13719
14258	14711
15090	15386
15616	15789
15917	16007
16071	16114
16142	16162
16176	16182
16183	16179
16177	16160
16127	16073
15982	15841
15636	15352
14990	14549
14061	13544
13050	12611
12262	12009
11851	11760
11711	11671
11615	11535
11429	11311
11197	11101
11042	11024
11053	11122
11226	11347
11485	11626
11777	11948
12150	12402
12715	13091
13518	13973
14424	14843
15214	15511
15741	15904
16017	16089
16133	16159
16174	16181
16187	16189
16193	16193
16193	16193
16193	16193
16193	16193
16193	16193
16193	16193
16193	16193
16193	16193
16193	0
16193	16193
16193	16193
16193	16193
16193	16193
16193	16193
16193	16193
16193	16193
16193	16192
16189	16185
16179	16167
16145	16111
16046	15941
15783	15546
15217	14782
14246	13615
12929	12218
11529	10901
10350	9894
9526	9228
8988	8788
8619	8473
8354	8264
8208	8181
8187	8219
8269	8319
8371	8413
8461	8515
8602	8737
8936	9190
9490	9802
10085	10304
10424	10429
10323	10126
9867	9584
9316	9082
8892	8737
8597	8437
8234	7963
7621	7212
6758	6283
5821	5400
5039	4745
4517	4356
4242	4167
4121	4094
4078	4072
4072	4079
4101	4131
4176	4239
4321	4429
4551	4690
4837	4990
5140	5286
5424	5556
5674	5784
5884	5971
6043	6100
6139	6157
6157	6136
6101	6060
6022	6010
6037	6126
6295	6561
6929	7402
7977	8638
9359	10129
10912	11685
12426	13112
13727	14265
14716	15092
15389	15619
15791	15921
16008	16075
16116	16146
16164	16177
16178	16179
16174	16160
16127	16077
15986	15851
15648	15371
15010	14575
14082	13570
13069	12627
12270	12014
11851	11759
11709	11670
11616	11538
11436	11315
11199	11100
11035	11014
11039	11102
11205	11324
11457	11599
11748	11917
12123	12374
12690	13066
13497	13954
14409	14832
15203	15503
15737	15901
16016	16087
16133	16159
16174	16181
16187	16189
16193	16193
16193	16193
16193	16193
16193	16193
16193	16193
16193	16193
16193	16193
16193	16193
16193	0
16193	16193
16193	16193
16193	16193
16193	16193
16193	16193
16193	16193
16193	16193
16193	16190
16189	16184
16178	16163
16144	16105
16040	15936
15770	15529
15190	14750
14200	13562
12862	12145
11451	10816
10267	9813
9447	9156
8921	8726
8561	8423
8306	8220
8163	8140
8149	8181
8229	8280
8329	8374
8418	8474
8562	8701
8902	9161
9463	9774
10057	10271
10389	10393
10287	10086
9829	9547
9278	9044
8854	8700
8559	8399
8196	7931
7595	7195
6750	6287
5834	5425
5066	4774
4548	4379
4261	4178
4122	4089
4065	4057
4055	4066
4086	4124
4181	4263
4371	4505
4665	4841
5030	5216
5402	5575
5741	5887
6021	6139
6251	6346
6430	6494
6535	6556
6544	6507
6440	6356
6264	6176
6117	6107
6170	6321
6578	6945
7417	7992
8652	9375
10141	10923
11694	12432
13117	13732
14267	14721
15093	15390
15621	15793
15923	16013
16077	16120
16148	16165
16172	16174
16173	16156
16130	16079
15992	15858
15658	15385
15026	14593
14106	13588
13086	12640
12279	12016
11848	11756
11708	11666
11617	11538
11434	11313
11194	11092
11025	10999
11019	11079
11174	11295
11424	11565
11714	11884
12088	12343
12662	13042
13473	13936
14393	14821
15195	15498
15732	15899
16015	16086
16132	16159
16174	16181
16187	16189
16193	16193
16193	16193
16193	16193
16193	16193
16193	16193
16193	16193
16193	16193
16193	16193
16193	0
16193	16193
16193	16193
16193	16193
16193	16193
16193	16193
16193	16193
16193	16193
16193	16190
16189	16184
16177	16164
16142	16103
16039	15929
15765	15518
15177	14726
14169	13523
12816	12090
11387	10750
10196	9739
9375	9085
8852	8664
8500	8365
8252	8169
8116	8097
8104	8137
8185	8238
8286	8330
8372	8429
8523	8661
8866	9129
9430	9741
10020	10236
10353	10355
10248	10050
9793	9513
9243	9009
8819	8663
8522	8366
8168	7911
7586	7200
6771	6326
5890	5488
5136	4844
4611	4434
4304	4208
4139	4094
4065	4049
4045	4053
4080	4126
4198	4300
4435	4601
4803	5020
5253	5483
5703	5908
6098	6262
6407	6539
6658	6760
6848	6917
6963	6979
6960	6907
6813	6684
6536	6382
6241	6140
6103	6151
6297	6559
6931	7410
7991	8654
9381	10147
10929	11699
12438	13121
13737	14272
14724	15099
15395	15624
15796	15927
16014	16080
16122	16148
16163	16168
16169	16156
16127	16080
15995	15863
15664	15392
15039	14605
14116	13599
13096	12646
12282	12016
11847	11753
11703	11663
11611	11534
11427	11307
11182	11080
11006	10977
10992	11050
11143	11257
11386	11523
11675	11841
12049	12306
12626	13011
13447	13914
14375	14807
15186	15490
15729	15898
16013	16086
16131	16159
16174	16181
16187	16189
16193	16193
16193	16193
16193	16193
16193	16193
16193	16193
16193	16193
16193	16193
16193	16193
16193	0
16193	16193
16193	16193
16193	16193
16193	16193
16193	16193
16193	16193
16193	16193
16193	16190
16188	16184
16176	16164
16142	16104
16039	15930
15763	15516
15171	14718
14156	13503
12785	12054
11343	10696
10136	9675
9307	9016
8782	8595
8435	8301
8194	8113
8065	8045
8057	8089
8137	8191
8241	8282
8328	8388
8479	8619
8825	9087
9389	9701
9982	10199
10319	10323
10217	10021
9765	9486
9215	8980
8788	8633
8492	8342
8150	7908
7600	7232
6827	6400
5983	5595
5248	4957
4717	4526
4379	4267
4180	4118
4077	4049
4040	4049
4078	4132
4218	4341
4506	4711
4951	5216
5492	5769
6025	6262
6469	6651
6805	6943
7064	7166
7254	7326
7371	7384
7357	7284
7164	7003
6803	6590
6380	6200
6076	6031
6081	6241
6515	6901
7395	7980
8650	9379
10153	10933
11705	12444
13128	13742
14277	14729
15102	15400
15627	15802
15929	16018
16081	16123
16145	16160
16161	16151
16127	16078
15995	15863
15667	15394
15041	14609
14119	13602
13098	12646
12281	12016
11845	11748
11698	11657
11605	11524
11418	11293
11168	11061
10982	10950
10961	11016
11107	11219
11347	11483
11631	11801
12008	12267
12589	12978
13422	13890
14361	14795
15176	15485
15725	15894
16011	16086
16131	16158
16174	16181
16187	16189
16193	16193
16193	16193
16193	16193
16193	16193
16193	16193
16193	16193
16193	16193
16193	16193
16193	0
16193	16193
16193	16193
16193	16193
16193	16193
16193	16193
16193	16193
16193	16193
16193	16190
16188	16185
16176	16164
16144	16106
16039	15934
15766	15520
15175	14722
14159	13502
12782	12037
11319	10660
10091	9619
9242	8947
8712	8524
8365	8233
8130	8050
8004	7987
7999	8036
8086	8141
8190	8235
8281	8342
8433	8578
8781	9043
9344	9658
9941	10161
10283	10292
10191	9998
9744	9465
9194	8959
8764	8608
8468	8324
8146	7919
7631	7293
6912	6514
6119	5748
5411	5121
4871	4663
4494	4357
4250	4166
4105	4065
4046	4051
4078	4142
4240	4387
4581	4824
5103	5413
5736	6051
6342	6607
6830	7019
7176	7307
7419	7520
7602	7668
7709	7714
7679	7595
7454	7260
7029	6767
6501	6260
6068	5946
5916	5989
6174	6469
6874	7379
7974	8650
9386	10157
10940	11712
12451	13134
13749	14283
14736	15108
15405	15632
15804	15933
16022	16082
16120	16140
16152	16145
16122	16076
15993	15861
15664	15393
15040	14606
14115	13599
13094	12642
12277	12008
11837	11742
11687	11646
11591	11509
11399	11271
11142	11032
10951	10916
10924	10977
11063	11177
11303	11441
11589	11758
11966	12229
12556	12950
13397	13871
14344	14785
15169	15480
15722	15893
16011	16085
16132	16158
16174	16181
16187	16189
16193	16193
16193	16193
16193	16193
16193	16193
16193	16193
16193	16193
16193	16193
16193	16193
16193	0
16193	16193
16193	16193
16193	16193
16193	16193
16193	16193
16193	16193
16193	16193
16193	16190
16189	16186
16181	16166
16146	16110
16045	15942
15777	15536
15192	14742
14178	13522
12798	12047
11320	10647
10065	9581
9192	8887
8645	8450
8290	8161
8055	7979
7934	7923
7937	7976
8027	8085
8138	8187
8234	8296
8389	8532
8736	8996
9298	9610
9897	10121
10247	10265
10169	9982
9732	9454
9181	8944
8747	8590
8454	8315
8152	7943
7685	7374
7030	6663
6300	5947
5625	5334
5077	4850
4657	4492
4356	4244
4159	4100
4068	4063
4091	4157
4269	4435
4656	4928
5250	5600
5963	6315
6635	6914
7146	7334
7481	7596
7690	7771
7839	7893
7923	7923
7883	7787
7634	7425
7168	6875
6576	6290
6051	5875
5786	5790
5898	6107
6430	6850
7368	7975
8657	9392
10167	10951
11723	12459
13143	13756
14290	14741
15115	15410
15636	15806
15935	16020
16077	16114
16133	16134
16114	16070
15988	15855
15659	15383
15028	14592
14101	13582
13081	12629
12264	12001
11830	11732
11678	11631
11573	11486
11370	11236
11104	10990
10909	10871
10878	10932
11019	11132
11258	11397
11546	11719
11928	12195
12525	12923
13376	13855
14332	14776
15163	15477
15720	15891
16011	16086
16132	16158
16174	16181
16187	16189
16193	16193
16193	16193
16193	16193
16193	16193
16193	16193
16193	16193
16193	16193
16193	16193
16193	0
16193	16193
16193	16193
16193	16193
16193	16193
16193	16193
16193	16193
16193	16193
16193	16190
16189	16186
16181	16167
16148	16113
16054	15953
15793	15556
15222	14775
14218	13562
12835	12081
11340	10656
10056	9554
9152	8832
8579	8375
8212	8077
7975	7899
7855	7845
7863	7906
7963	8022
8079	8130
8183	8247
8340	8485
8685	8944
9245	9559
9849	10078
10213	10238
10155	9975
9729	9451
9178	8936
8736	8574
8442	8311
8165	7979
7748	7476
7168	6845
6512	6189
5881	5597
5331	5091
4870	4673
4503	4358
4243	4157
4102	4086
4107	4175
4295	4477
4721	5025
5376	5760
6156	6534
6874	7165
7392	7565
7689	7777
7843	7895
7940	7973
7990	7980
7932	7834
7678	7462
7195	6895
6580	6278
6011	5804
5676	5629
5677	5821
6062	6404
6837	7366
7977	8663
9403	10177
10961	11734
12470	13152
13764	14299
14748	15122
15416	15640
15808	15935
16019	16074
16108	16116
16103	16061
15980	15847
15647	15370
15010	14575
14079	13562
13061	12613
12252	11990
11818	11722
11664	11612
11549	11456
11334	11197
11060	10942
10858	10822
10829	10885
10974	11087
11217	11357
11508	11685
11896	12167
12504	12905
13361	13847
14327	14775
15163	15478
15720	15893
16012	16086
16131	16158
16174	16181
16187	16189
16193	16193
16193	16193
16193	16193
16193	16193
16193	16193
16193	16193
16193	16193
16193	16193
16193	0
16193	16193
16193	16193
16193	16193
16193	16193
16193	16193
16193	16193
16193	16193
16193	16192
16189	16186
16182	16170
16154	16119
16062	15966
15812	15582
15255	14818
14269	13618
12893	12135
11382	10680
10063	9543
9120	8783
8517	8303
8132	7994
7888	7810
7769	7761
7781	7829
7887	7951
8015	8073
8126	8194
8288	8432
8629	8887
9186	9504
9796	10031
10176	10214
10141	9972
9732	9459
9184	8936
8734	8570
8437	8320
8182	8021
7823	7586
7324	7038
6747	6455
6175	5899
5636	5379
5134	4903
4697	4513
4364	4246
4165	4129
4138	4201
4325	4518
4776	5104
5484	5893
6312	6705
7054	7341
7557	7701
7792	7842
7865	7879
7890	7895
7898	7877
7822	7728
7573	7368
7110	6817
6507	6210
5940	5723
5574	5497
5502	5595
5772	6035
6393	6837
7372	7987
8673	9415
10187	10973
11743	12479
13160	13771
14304	14753
15124	15418
15641	15811
15931	16015
16066	16089
16083	16048
15966	15832
15629	15347
14982	14541
14047	13532
13028	12587
12230	11972
11802	11704
11642	11588
11515	11414
11286	11145
11005	10887
10805	10768
10780	10838
10930	11048
11181	11324
11479	11657
11876	12150
12492	12900
13361	13849
14331	14781
15169	15482
15726	15895
16012	16087
16133	16158
16174	16182
16187	16189
16193	16193
16193	16193
16193	16193
16193	16193
16193	16193
16193	16193
16193	16193
16193	16193
16193	0
16193	16193
16193	16193
16193	16193
16193	16193
16193	16193
16193	16193
16193	16193
16193	16193
16189	16187
16182	16175
16156	16125
16071	15979
15831	15612
15295	14871
14330	13689
12964	12201
11442	10727
10088	9546
9100	8744
8462	8236
8054	7908
7796	7720
7678	7666
7689	7737
7802	7873
7944	8006
8067	8135
8232	8373
8569	8822
9120	9437
9738	9980
10139	10188
10131	9973
9741	9472
9195	8945
8735	8572
8440	8325
8205	8069
7902	7706
7481	7241
6993	6741
6488	6235
5973	5711
5446	5188
4941	4716
4526	4370
4258	4194
4186	4237
4359	4555
4823	5165
5563	5992
6423	6827
7176	7448
7640	7751
7800	7799
7774	7741
7710	7686
7664	7633
7577	7486
7350	7159
6924	6656
6372	6090
5839	5630
5476	5388
5367	5419
5543	5745
6023	6393
6844	7381
7999	8686
9425	10199
10981	11751
12486	13168
13777	14310
14757	15127
15418	15642
15810	15927
16003	16045
16054	16022
15944	15812
15606	15318
14949	14502
14003	13488
12990	12554
12202	11947
11780	11682
11616	11554
11473	11366
11229	11084
10942	10825
10746	10716
10731	10796
10892	11014
11150	11298
11457	11638
11864	12148
12496	12908
13374	13863
14349	14796
15181	15495
15730	15902
16018	16090
16135	16161
16175	16182
16188	16190
16193	16193
16193	16193
16193	16193
16193	16193
16193	16193
16193	16193
16193	16193
16193	16193
16193	0
16193	16193
16193	16193
16193	16193
16193	16193
16193	16193
16193	16193
16193	16193
16193	16193
16190	16188
16184	16177
16160	16133
16081	15996
15857	15645
15341	14928
14402	13766
13049	12283
11516	10785
10129	9563
9096	8718
8418	8178
7981	7825
7710	7623
7578	7567
7590	7640
7709	7782
7860	7928
7994	8068
8167	8306
8500	8749
9048	9365
9670	9923
10094	10164
10119	9975
9754	9490
9217	8962
8746	8576
8443	8334
8229	8112
7976	7817
7635	7439
7234	7025
6806	6577
6334	6072
5796	5511
5233	4970
4735	4536
4388	4291
4258	4292
4401	4593
4867	5216
5621	6060
6500	6902
7240	7497
7658	7731
7727	7677
7598	7513
7444	7384
7341	7293
7240	7156
7036	6872
6668	6436
6190	5942
5718	5529
5386	5295
5264	5286
5373	5520
5733	6024
6396	6851
7390	8008
8692	9432
10204	10987
11756	12492
13172	13781
14314	14759
15127	15415
15639	15805
15915	15984
16008	15986
15913	15778
15570	15277
14899	14449
13949	13434
12939	12507
12163	11913
11755	11654
11584	11511
11426	11309
11166	11018
10876	10762
10688	10660
10686	10757
10862	10990
11130	11281
11448	11636
11870	12156
12511	12931
13400	13892
14375	14819
15200	15510
15741	15909
16022	16093
16136	16161
16175	16183
16188	16190
16193	16193
16193	16193
16193	16193
16193	16193
16193	16193
16193	16193
16193	16193
16193	16193
16193	0
16193	16193
16193	16193
16193	16193
16193	16193
16193	16193
16193	16193
16193	16193
16193	16193
16193	16188
16186	16178
16165	16139
16094	16010
15882	15678
15388	14986
14473	13848
13139	12373
11599	10859
10185	9596
9108	8708
8387	8128
7918	7753
7624	7533
7480	7463
7484	7535
7608	7686
7767	7841
7914	7993
8091	8228
8422	8666
8961	9281
9591	9855
10044	10130
10104	9977
9769	9511
9240	8983
8761	8582
8449	8344
8251	8153
8044	7917
7773	7619
7460	7293
7116	6920
6699	6450
6173	5875
5572	5273
4996	4754
4559	4426
4359	4366
4459	4640
4910	5259
5667	6107
6544	6944
7271	7504
7634	7668
7618	7514
7385	7254
7141	7049
6981	6925
6868	6798
6694	6561
6395	6198
5991	5786
5592	5430
5306	5223
5183	5192
5245	5349
5510	5733
6028	6403
6858	7396
8015	8699
9440	10207
10993	11763
12499	13176
13787	14317
14761	15127
15414	15634
15791	15893
15943	15934
15870	15736
15521	15224
14839	14382
13878	13365
12879	12455
12120	11878
11718	11618
11543	11468
11369	11245
11101	10947
10808	10698
10630	10614
10649	10729
10839	10975
11121	11279
11449	11647
11881	12179
12543	12967
13443	13935
14413	14853
15227	15529
15758	15918
16028	16096
16140	16162
16176	16184
16188	16190
16193	16193
16193	16193
16193	16193
16193	16193
16193	16193
16193	16193
16193	16193
16193	16193
16193	0
16193	16193
16193	16193
16193	16193
16193	16193
16193	16193
16193	16193
16193	16193
16193	16193
16193	16188
16186	16180
16169	16146
16101	16027
15903	15711
15432	15048
14546	13937
13233	12471
11691	10937
10246	9641
9129	8709
8367	8091
7872	7690
7549	7447
7388	7362
7379	7426
7497	7578
7665	7741
7823	7903
8004	8139
8327	8569
8861	9179
9499	9773
9977	10085
10084	9977
9786	9538
9270	9011
8783	8598
8459	8355
8266	8184
8095	7999
7889	7777
7656	7533
7397	7241
7054	6827
6562	6264
5941	5617
5303	5019
4779	4602
4496	4472
4538	4701
4958	5299
5704	6142
6574	6965
7279	7493
7595	7589
7498	7351
7178	7006
6856	6737
6651	6587
6531	6465
6383	6277
6138	5982
5809	5640
5483	5347
5241	5168
5126	5123
5153	5225
5343	5509
5736	6032
6407	6863
7402	8019
8704	9444
10213	10997
11766	12501
13179	13786
14315	14760
15122	15407
15620	15766
15845	15865
15809	15676
15461	15153
14764	14300
13796	13280
12803	12388
12064	11830
11677	11575
11496	11413
11309	11176
11028	10873
10737	10635
10579	10576
10622	10712
10833	10972
11125	11286
11464	11666
11914	12218
12589	13019
13495	13987
14465	14895
15261	15556
15776	15932
16037	16101
16142	16163
16177	16184
16188	16191
16193	16193
16193	16193
16193	16193
16193	16193
16193	16193
16193	16193
16193	16193
16193	16193
16193	0
16193	16193
16193	16193
16193	16193
16193	16193
16193	16193
16193	16193
16193	16193
16193	16193
16193	16190
16186	16183
16171	16152
16110	16042
15924	15744
15477	15104
14619	14020
13326	12570
11786	11028
10320	9697
9164	8724
8364	8075
7834	7641
7487	7376
7303	7272
7277	7320
7385	7468
7552	7638
7720	7805
7904	8039
8222	8458
8746	9065
9388	9677
9899	10030
10051	9970
9798	9565
9300	9038
8805	8612
8466	8358
8278	8207
8135	8060
7981	7899
7817	7736
7640	7524
7378	7185
6945	6658
6335	5997
5655	5332
5050	4827
4676	4615
4648	4786
5023	5349
5743	6173
6599	6982
7285	7479
7560	7529
7409	7229
7023	6820
6644	6505
6403	6331
6279	6222
6154	6066
5952	5823
5678	5536
5399	5286
5190	5126
5089	5074
5092	5139
5218	5341
5509	5740
6035	6411
6864	7404
8019	8705
9444	10217
10996	11764
12497	13176
13781	14307
14751	15109
15386	15588
15709	15753
15717	15594
15376	15065
14667	14201
13692	13186
12716	12315
12002	11781
11631	11529
11445	11357
11245	11108
10958	10806
10675	10582
10538	10548
10605	10705
10833	10981
11138	11303
11485	11694
11950	12264
12645	13081
13561	14052
14522	14944
15302	15587
15798	15947
16044	16108
16144	16165
16178	16185
16188	16192
16193	16193
16193	16193
16193	16193
16193	16193
16193	16193
16193	16193
16193	16193
16193	16193
16193	0
16193	16193
16193	16193
16193	16193
16193	16193
16193	16193
16193	16193
16193	16193
16193	16193
16193	16193
16188	16184
16173	16157
16119	16056
15947	15775
15520	15165
14692	14109
13426	12676
11893	11125
10406	9766
9215	8757
8380	8072
7817	7611
7443	7316
7229	7187
7183	7218
7275	7355
7439	7526
7611	7696
7795	7925
8101	8331
8615	8932
9260	9562
9804	9959
10009	9953
9804	9586
9332	9070
8831	8632
8477	8363
8281	8216
8160	8102
8047	7991
7942	7890
7834	7767
7661	7514
7308	7048
6737	6397
6041	5690
5373	5104
4907	4800
4798	4900
5111	5416
5796	6214
6633	7005
7298	7484
7551	7505
7370	7172
6949	6731
6537	6389
6281	6207
6152	6101
6042	5964
5863	5745
5616	5487
5360	5255
5169	5106
5065	5048
5051	5077
5133	5214
5339	5513
5743	6040
6414	6869
7408	8023
8706	9444
10213	10994
11760	12491
13166	13769
14297	14733
15084	15348
15519	15603
15590	15479
15266	14953
14551	14082
13577	13073
12613	12229
11930	11720
11578	11478
11392	11297
11178	11038
10889	10741
10620	10541
10509	10536
10605	10712
10850	10999
11159	11330
11518	11732
11996	12320
12710	13156
13636	14124
14586	15002
15347	15619
15821	15962
16053	16114
16146	16166
16181	16186
16189	16192
16193	16193
16193	16193
16193	16193
16193	16193
16193	16193
16193	16193
16193	16193
16193	16193
16193	0
16193	16193
16193	16193
16193	16193
16193	16193
16193	16193
16193	16193
16193	16193
16193	16193
16193	16193
16189	16186
16177	16160
16128	16069
15966	15807
15565	15227
14768	14201
13530	12786
12006	11231
10502	9848
9282	8807
8413	8081
7816	7592
7413	7273
7174	7116
7100	7120
7172	7246
7326	7409
7494	7578
7676	7801
7970	8191
8469	8782
9110	9428
9688	9869
9950	9924
9801	9605
9360	9100
8857	8648
8485	8364
8278	8216
8167	8124
8086	8052
8027	8007
7985	7953
7895	7793
7635	7415
7134	6809
6451	6085
5736	5430
5189	5037
4988	5051
5227	5507
5865	6270
6675	7042
7331	7513
7578	7533
7395	7197
6971	6753
6562	6410
6303	6226
6172	6121
6062	5984
5882	5762
5630	5496
5369	5257
5167	5102
5053	5029
5025	5037
5071	5131
5217	5343
5519	5751
6047	6421
6874	7409
8022	8703
9439	10203
10978	11744
12472	13146
13750	14267
14698	15034
15266	15393
15416	15326
15121	14810
14407	13935
13434	12946
12500	12132
11851	11654
11518	11423
11335	11234
11113	10971
10823	10685
10577	10510
10497	10530
10613	10729
10871	11026
11188	11362
11554	11776
12052	12385
12785	13237
13717	14203
14659	15062
15396	15656
15846	15979
16063	16119
16152	16169
16181	16186
16189	16192
16193	16193
16193	16193
16193	16193
16193	16193
16193	16193
16193	16193
16193	16193
16193	16193
16193	0
16193	16193
16193	16193
16193	16193
16193	16193
16193	16193
16193	16193
16193	16193
16193	16193
16193	16193
16190	16186
16179	16163
16135	16079
15986	15836
15606	15281
14843	14294
13640	12904
12129	11350
10614	9943
9361	8868
8456	8115
7832	7594
7401	7247
7135	7062
7030	7036
7076	7142
7214	7297
7378	7460
7554	7673
7830	8043
8308	8619
8948	9272
9553	9762
9874	9881
9786	9612
9381	9131
8884	8666
8489	8359
8266	8205
8159	8127
8099	8084
8075	8079
8084	8089
8070	8020
7912	7742
7504	7209
6865	6498
6134	5798
5519	5319
5224	5245
5380	5624
5956	6341
6739	7098
7388	7572
7647	7613
7486	7301
7091	6884
6706	6562
6460	6389
6335	6278
6212	6124
6008	5871
5720	5567
5421	5294
5190	5107
5055	5023
5010	5013
5033	5072
5136	5227
5357	5534
5765	6062
6433	6880
7411	8017
8692	9417
10179	10953
11713	12439
13110	13707
14217	14628
14931	15115
15180	15116
14930	14626
14229	13761
13273	12795
12372	12024
11765	11584
11464	11367
11280	11175
11054	10912
10769	10638
10543	10490
10494	10540
10635	10759
10904	11059
11224	11399
11597	11830
12113	12459
12864	13323
13805	14286
14735	15125
15445	15695
15874	15998
16078	16128
16156	16172
16182	16186
16189	16193
16193	16193
16193	16193
16193	16193
16193	16193
16193	16193
16193	16193
16193	16193
16193	16193
16193	0
16193	16193
16193	16193
16193	16193
16193	16193
16193	16193
16193	16193
16193	16193
16193	16193
16193	16193
16191	16186
16181	16168
16141	16091
16005	15863
15648	15340
14923	14391
13751	13028
12258	11481
10733	10053
9452	8942
8512	8157
7859	7610
7407	7238
7110	7025
6980	6970
6998	7047
7115	7190
7266	7345
7431	7541
7688	7886
8138	8439
8771	9099
9398	9633
9776	9820
9757	9612
9401	9155
8908	8678
8491	8350
8250	8183
8141	8111
8095	8084
8093	8111
8138	8171
8193	8181
8131	8014
7830	7578
7270	6920
6550	6200
5888	5652
5510	5481
5574	5781
6082	6443
6821	7177
7462	7659
7745	7732
7630	7471
7285	7101
6942	6817
6728	6664
6607	6543
6468	6357
6216	6050
5868	5681
5507	5351
5225	5126
5056	5017
4995	4993
5007	5038
5085	5155
5254	5389
5565	5794
6081	6446
6883	7405
7997	8661
9378	10135
10903	11665
12388	13052
13640	14128
14507	14754
14872	14846
14684	14399
14012	13565
13091	12636
12237	11915
11677	11516
11400	11314
11226	11119
10994	10855
10718	10602
10519	10485
10499	10561
10660	10793
10940	11098
11265	11442
11643	11885
12180	12536
12953	13417
13899	14374
14812	15191
15495	15735
15899	16016
16088	16133
16159	16174
16182	16186
16189	16193
16193	16193
16193	16193
16193	16193
16193	16193
16193	16193
16193	16193
16193	16193
16193	16193
16193	0
16193	16193
16193	16193
16193	16193
16193	16193
16193	16193
16193	16193
16193	16193
16193	16193
16193	16193
16193	16187
16182	16170
16147	16102
16021	15891
15692	15398
15004	14490
13870	13161
12399	11620
10868	10171
9553	9026
8579	8210
7901	7641
7423	7246
7104	7004
6941	6919
6929	6968
7025	7091
7162	7234
7315	7415
7548	7731
7967	8256
8581	8915
9227	9485
9662	9739
9716	9598
9407	9175
8925	8695
8492	8336
8223	8148
8103	8079
8067	8067
8079	8107
8152	8205
8255	8286
8282	8225
8098	7903
7641	7323
6971	6617
6290	6019
5834	5762
5808	5971
6234	6565
6924	7271
7556	7761
7869	7878
7808	7681
7527	7375
7241	7137
7058	6999
6948	6875
6778	6644
6471	6268
6045	5818
5604	5417
5262	5145
5061	5013
4984	4980
4993	5022
5066	5124
5205	5309
5443	5616
5834	6110
6452	6874
7373	7950
8604	9314
10064	10833
11589	12308
12962	13529
13981	14300
14477	14501
14377	14120
13759	13332
12886	12460
12088	11800
11588	11445
11343	11262
11172	11065
10941	10808
10679	10574
10506	10487
10515	10589
10698	10832
10979	11140
11305	11489
11695	11945
12250	12620
13045	13515
13997	14466
14895	15257
15549	15771
15925	16034
16099	16141
16162	16177
16183	16188
16190	16193
16193	16193
16193	16193
16193	16193
16193	16193
16193	16193
16193	16193
16193	16193
16193	16193
16193	0
16193	16193
16193	16193
16193	16193
16193	16193
16193	16193
16193	16193
16193	16193
16193	16193
16193	16193
16193	16188
16183	16173
16152	16110
16040	15919
15734	15459
15082	14592
13989	13297
12543	11765
11004	10297
9663	9120
8656	8269
7947	7677
7449	7260
7109	6993
6918	6882
6875	6901
6946	7004
7067	7132
7207	7294
7415	7580
7798	8070
8384	8718
9039	9320
9526	9639
9652	9570
9408	9190
8946	8706
8494	8320
8192	8109
8057	8031
8023	8026
8045	8080
8129	8195
8264	8330
8367	8362
8298	8165
7958	7690
7370	7032
6700	6412
6196	6079
6079	6197
6417	6716
7049	7380
7664	7876
7998	8030
7989	7895
7775	7650
7546	7461
7399	7348
7289	7212
7094	6934
6725	6483
6219	5952
5698	5477
5294	5156
5063	5002
4974	4969
4988	5024
5072	5133
5208	5297
5402	5526
5681	5876
6129	6443
6836	7315
7877	8516
9222	9970
10738	11489
12197	12828
13355	13748
13989	14070
13995	13780
13456	13067
12658	12267
11939	11686
11503	11379
11290	11211
11122	11014
10892	10764
10643	10551
10500	10498
10538	10622
10739	10875
11026	11184
11351	11534
11747	12007
12326	12707
13143	13617
14097	14561
14976	15327
15604	15810
15955	16050
16111	16147
16167	16181
16185	16188
16191	16193
16193	16193
16193	16193
16193	16193
16193	16193
16193	16193
16193	16193
16193	16193
16193	16193
16193	0
16193	16193
16193	16193
16193	16193
16193	16193
16193	16193
16193	16193
16193	16193
16193	16193
16193	16193
16193	16190
16185	16175
16157	16121
16054	15947
15774	15518
15162	14695
14113	13440
12697	11922
11154	10434
9785	9220
8744	8344
8007	7726
7485	7289
7123	6997
6908	6854
6835	6849
6881	6930
6987	7045
7109	7188
7292	7437
7638	7889
8188	8518
8845	9143
9377	9526
9577	9530
9397	9197
8960	8718
8494	8305
8161	8062
8002	7971
7959	7967
7990	8024
8078	8150
8231	8317
8387	8427
8420	8347
8209	7998
7726	7421
7105	6808
6574	6423
6380	6450
6626	6882
7184	7494
7771	7982
8115	8165
8147	8077
7983	7885
7799	7731
7680	7635
7575	7485
7353	7168
6934	6655
6354	6049
5763	5510
5308	5153
5049	4986
4961	4966
4996	5047
5111	5185
5270	5350
5442	5531
5633	5752
5908	6119
6398	6763
7219	7769
8401	9104
9850	10612
11358	12038
12629	13092
13405	13550
13536	13376
13104	12766
12407	12069
11789	11570
11421	11319
11242	11168
11080	10970
10849	10726
10617	10543
10506	10513
10569	10664
10781	10921
11070	11229
11395	11581
11804	12074
12406	12799
13245	13720
14201	14656
15059	15395
15655	15849
15982	16069
16122	16156
16174	16181
16187	16188
16193	16193
16193	16193
16193	16193
16193	16193
16193	16193
16193	16193
16193	16193
16193	16193
16193	16193
16193	0
16193	16193
16193	16193
16193	16193
16193	16193
16193	16193
16193	16193
16193	16193
16193	16193
16193	16193
16193	16191
16187	16179
16162	16130
16070	15971
15813	15574
15241	14795
14239	13585
12852	12079
11310	10577
9911	9331
8835	8419
8072	7777
7532	7322
7147	7008
6905	6840
6809	6804
6827	6868
6918	6971
7028	7095
7186	7312
7487	7717
7999	8314
8643	8952
9211	9392
9485	9475
9374	9202
8979	8738
8502	8297
8133	8019
7943	7904
7891	7896
7918	7953
8005	8076
8162	8258
8352	8427
8466	8455
8379	8232
8024	7763
7476	7193
6950	6774
6694	6721
6849	7063
7327	7608
7864	8066
8199	8253
8244	8190
8111	8026
7954	7894
7850	7804
7743	7647
7502	7300
7044	6741
6412	6084
5775	5508
5288	5127
5019	4963
4950	4971
5023	5096
5185	5289
5390	5484
5565	5632
5684	5738
5807	5911
6072	6313
6649	7088
7631	8263
8969	9710
10465	11179
11820	12344
12724	12941
12996	12905
12703	12431
12137	11862
11633	11465
11347	11264
11196	11124
11036	10928
10807	10691
10596	10530
10511	10537
10603	10704
10829	10968
11116	11271
11441	11631
11860	12143
12490	12891
13349	13831
14307	14750
15140	15459
15706	15884
16006	16085
16133	16162
16177	16182
16188	16191
16193	16193
16193	16193
16193	16193
16193	16193
16193	16193
16193	16193
16193	16193
16193	16193
16193	16193
16193	0
16193	16193
16193	16193
16193	16193
16193	16193
16193	16193
16193	16193
16193	16193
16193	16193
16193	16193
16193	16191
16187	16180
16165	16138
16084	15996
15847	15629
15317	14896
14364	13727
13008	12242
11469	10727
10046	9444
8933	8501
8138	7836
7580	7362
7178	7031
6913	6833
6788	6775
6786	6820
6863	6910
6963	7020
7096	7204
7355	7560
7818	8118
8439	8755
9035	9247
9377	9409
9346	9201
8996	8760
8521	8297
8117	7978
7885	7837
7815	7817
7834	7866
7916	7981
8066	8163
8268	8365
8441	8479
8461	8381
8236	8031
7789	7535
7298	7113
7006	6992
7073	7240
7463	7707
7933	8117
8235	8282
8269	8209
8129	8042
7969	7910
7864	7817
7751	7650
7500	7290
7025	6714
6381	6042
5727	5455
5237	5079
4980	4940
4946	4994
5076	5185
5312	5447
5579	5694
5778	5829
5843	5836
5815	5817
5857	5974
6182	6501
6933	7475
8110	8814
9547	10272
10945	11521
11964	12256
12386	12378
12261	12069
11855	11651
11483	11360
11277	11214
11155	11083
10992	10880
10767	10655
10571	10523
10520	10558
10636	10745
10874	11013
11159	11314
11482	11678
11918	12212
12569	12988
13453	13935
14408	14845
15218	15521
15752	15918
16029	16101
16142	16168
16178	16186
16189	16193
16193	16193
16193	16193
16193	16193
16193	16193
16193	16193
16193	16193
16193	16193
16193	16193
16193	16193
16193	0
16193	16193
16193	16193
16193	16193
16193	16193
16193	16193
16193	16193
16193	16193
16193	16193
16193	16193
16193	16192
16188	16182
16168	16144
16099	16015
15884	15683
15391	14994
14486	13874
13170	12411
11636	10885
10188	9569
9038	8591
8214	7899
7634	7409
7215	7056
6930	6838
6779	6751
6755	6779
6816	6857
6906	6958
7021	7112
7241	7419
7648	7929
8236	8553
8846	9088
9252	9329
9304	9194
9015	8791
8549	8317
8115	7956
7844	7773
7740	7730
7742	7774
7817	7875
7952	8043
8148	8259
8357	8432
8463	8443
8356	8220
8027	7813
7593	7410
7285	7242
7287	7408
7584	7787
7976	8128
8215	8239
8203	8124
8023	7922
7833	7761
7705	7651
7581	7479
7331	7126
6867	6566
6242	5915
5614	5351
5153	5012
4937	4922
4958	5042
5169	5321
5494	5676
5843	5986
6079	6121
6103	6039
5938	5834
5764	5749
5829	6018
6329	6766
7314	7951
8646	9358
10039	10649
11147	11510
11726	11810
11783	11692
11565	11442
11338	11267
11214	11170
11116	11043
10947	10839
10724	10624
10551	10517
10529	10582
10670	10785
10915	11053
11199	11352
11521	11724
11972	12278
12654	13083
13558	14040
14508	14933
15293	15580
15795	15949
16049	16111
16151	16170
16182	16186
16190	16193
16193	16193
16193	16193
16193	16193
16193	16193
16193	16193
16193	16193
16193	16193
16193	16193
16193	16193
16193	0
16193	16193
16193	16193
16193	16193
16193	16193
16193	16193
16193	16193
16193	16193
16193	16193
16193	16193
16193	16193
16188	16184
16173	16150
16108	16035
15917	15733
15460	15089
14606	14014
13329	12582
11809	11048
10339	9702
9153	8685
8295	7970
7696	7459
7257	7088
6951	6845
6775	6735
6727	6741
6775	6814
6860	6905
6963	7037
7142	7293
7496	7748
8042	8351
8654	8917
9115	9231
9251	9183
9035	8829
8596	8355
8139	7956
7820	7727
7674	7652
7656	7677
7716	7763
7829	7911
8010	8119
8229	8327
8396	8422
8398	8313
8179	8009
7822	7652
7521	7457
7466	7547
7681	7837
7985	8094
8144	8126
8053	7938
7802	7666
7550	7458
7381	7317
7244	7145
7005	6815
6580	6304
6008	5714
5446	5219
5052	4947
4907	4929
5009	5137
5313	5519
5748	5976
6187	6358
6465	6500
6450	6327
6154	5956
5771	5637
5586	5646
5831	6154
6599	7155
7788	8465
9139	9767
10310	10738
11041	11219
11301	11310
11280	11240
11204	11180
11158	11126
11076	10999
10901	10792
10680	10589
10532	10512
10540	10606
10704	10822
10957	11095
11238	11391
11563	11771
12031	12354
12740	13184
13660	14144
14606	15016
15363	15633
15836	15975
16070	16124
16159	16175
16184	16188
16192	16193
16193	16193
16193	16193
16193	16193
16193	16193
16193	16193
16193	16193
16193	16193
16193	16193
16193	16193
16193	0
16193	16193
16193	16193
16193	16193
16193	16193
16193	16193
16193	16193
16193	16193
16193	16193
16193	16193
16193	16193
16189	16185
16173	16157
16119	16055
15947	15779
15529	15181
14722	14156
13492	12760
11988	11223
10501	9846
9275	8790
8388	8048
7763	7519
7308	7127
6976	6861
6776	6726
6707	6716
6741	6779
6823	6865
6913	6976
7062	7188
7360	7587
7857	8154
8454	8735
8961	9117
9181	9158
9049	8874
8653	8415
8183	7980
7820	7700
7624	7587
7576	7588
7616	7655
7709	7778
7867	7965
8074	8179
8270	8334
8351	8322
8238	8116
7966	7819
7694	7619
7605	7651
7743	7858
7960	8019
8021	7959
7834	7669
7484	7309
7156	7031
6935	6855
6780	6686
6559	6397
6192	5960
5708	5464
5245	5071
4951	4897
4904	4978
5111	5295
5527	5790
6072	6352
6603	6800
6919	6943
6866	6692
6447	6159
5870	5619
5448	5382
5445	5651
5988	6451
7011	7636
8285	8917
9493	9979
10364	10642
10828	10945
11014	11057
11086	11106
11107	11089
11037	10956
10853	10741
10635	10557
10509	10507
10548	10627
10733	10858
10994	11132
11276	11426
11603	11821
12090	12429
12827	13284
13767	14248
14702	15100
15430	15685
15873	16001
16084	16134
16163	16178
16186	16189
16192	16193
16193	16193
16193	16193
16193	16193
16193	16193
16193	16193
16193	16193
16193	16193
16193	16192
16192	16192
16192	0
16192	16193
16192	16193
16193	16193
16193	16193
16193	16193
16193	16193
16193	16193
16193	16193
16193	16193
16193	16193
16191	16186
16178	16161
16130	16072
15977	15822
15594	15271
14840	14298
13658	12938
12177	11412
10675	10005
9418	8911
8490	8137
7838	7583
7362	7174
7014	6881
6783	6723
6692	6692
6715	6750
6789	6830
6875	6925
6997	7096
7243	7435
7677	7958
8254	8542
8795	8984
9095	9119
9054	8913
8720	8491
8257	8039
7850	7706
7605	7544
7516	7511
7525	7555
7597	7655
7727	7815
7913	8018
8115	8196
8246	8254
8218	8138
8025	7903
7793	7719
7693	7715
7773	7848
7904	7917
7867	7750
7570	7351
7114	6887
6691	6531
6410	6318
6239	6154
6051	5920
5762	5581
5388	5209
5053	4942
4884	4892
4959	5094
5286	5530
5819	6140
6472	6795
7078	7296
7420	7431
7322	7099
6786	6415
6032	5677
5391	5213
5162	5252
5486	5855
6334	6898
7514	8138
8739	9277
9739	10109
10400	10616
10779	10899
10988	11041
11066	11048
10993	10907
10802	10690
10591	10522
10490	10504
10557	10648
10766	10894
11027	11167
11306	11466
11648	11876
12159	12510
12924	13389
13873	14352
14797	15180
15496	15732
15908	16024
16099	16143
16169	16179
16186	16190
16193	16193
16193	16193
16193	16193
16193	16193
16193	16193
16193	16193
16193	16193
16193	16192
16192	16191
16190	16189
16189	0
16187	16192
16190	16192
16192	16193
16193	16193
16193	16193
16193	16193
16193	16193
16193	16193
16193	16193
16193	16193
16191	16187
16179	16166
16137	16088
16000	15863
15653	15357
14952	14441
13828	13129
12378	11611
10870	10184
9576	9053
8610	8238
7928	7658
7428	7225
7055	6911
6802	6724
6683	6675
6688	6722
6759	6804
6844	6889
6944	7025
7140	7304
7514	7770
8052	8343
8612	8832
8987	9060
9048	8951
8791	8584
8355	8128
7921	7748
7620	7531
7477	7454
7455	7471
7505	7548
7607	7679
7763	7855
7950	8037
8101	8132
8126	8083
8005	7913
7823	7755
7724	7733
7769	7812
7831	7803
7703	7533
7298	7023
6733	6456
6216	6023
5879	5773
5695	5622
5543	5453
5343	5220
5097	4988
4904	4867
4882	4957
5094	5294
5546	5853
6195	6563
6938	7293
7596	7817
7934	7923
7780	7508
7133	6688
6223	5777
5399	5118
4969	4961
5098	5380
5783	6286
6862	7475
8090	8675
9199	9658
10037	10348
10593	10779
10912	10995
11027	11010
10949	10858
10745	10635
10544	10485
10472	10502
10572	10672
10794	10928
11066	11204
11347	11508
11699	11937
12239	12605
13031	13501
13988	14459
14889	15258
15554	15777
15936	16042
16109	16149
16170	16182
16186	16191
16193	16193
16193	16193
16193	16193
16193	16193
16193	16193
16193	16193
16193	16192
16191	16189
16188	16188
16186	16183
16183	0
16179	16191
16187	16191
16190	16191
16192	16193
16193	16193
16193	16193
16193	16193
16193	16193
16193	16193
16193	16193
16191	16187
16181	16169
16144	16100
16025	15899
15711	15438
15064	14584
14000	13326
12591	11829
11083	10383
9754	9209
8745	8352
8024	7742
7498	7284
7101	6946
6822	6734
6683	6659
6667	6697
6734	6775
6815	6856
6902	6966
7059	7191
7373	7600
7861	8143
8418	8665
8857	8977
9019	8977
8857	8684
8472	8247
8027	7833
7671	7553
7473	7427
7409	7412
7431	7465
7509	7565
7635	7714
7796	7876
7941	7987
8000	7979
7932	7865
7796	7742
7717	7719
7742	7764
7753	7686
7547	7329
7047	6722
6384	6066
5789	5564
5400	5287
5210	5152
5103	5053
4995	4938
4887	4854
4849	4889
4978	5126
5330	5592
5906	6261
6649	7057
7449	7819
8118	8332
8422	8381
8197	7877
7445	6940
6404	5885
5430	5070
4842	4753
4814	5018
5357	5809
6353	6952
7576	8195
8780	9307
9768	10151
10459	10693
10861	10958
10993	10970
10903	10803
10689	10585
10503	10459
10460	10507
10587	10696
10828	10965
11103	11245
11393	11559
11760	12014
12327	12714
13150	13628
14110	14571
14984	15336
15613	15820
15965	16063
16120	16155
16173	16184
16189	16193
16193	16193
16193	16193
16193	16193
16193	16193
16193	16193
16193	16193
16193	16189
16188	16187
16184	16179
16176	16168
16172	0
16157	16187
16176	16187
16187	16190
16190	16192
16193	16193
16193	16193
16193	16193
16193	16193
16193	16193
16193	16193
16192	16187
16183	16171
16151	16111
16046	15935
15768	15519
15175	14730
14177	13529
12816	12064
11316	10603
9956	9385
8893	8482
8134	7836
7576	7352
7156	6989
6854	6751
6684	6650
6651	6672
6708	6752
6790	6833
6869	6920
6992	7098
7247	7441
7678	7945
8218	8481
8706	8874
8966	8979
8916	8783
8604	8387
8165	7955
7767	7619
7507	7434
7392	7378
7383	7402
7436	7479
7533	7596
7666	7733
7796	7838
7861	7855
7826	7782
7734	7697
7681	7688
7707	7713
7684	7592
7420	7167
6847	6483
6109	5756
5450	5207
5029	4912
4842	4803
4785	4774
4772	4777
4795	4835
4912	5025
5191	5405
5675	5996
6356	6754
7170	7590
7989	8345
8623	8802
8854	8769
8535	8168
7684	7129
6541	5969
5458	5046
4761	4615
4618	4773
5062	5478
5996	6589
7226	7875
8502	9084
9598	10036
10386	10652
10832	10933
10963	10930
10851	10746
10635	10535
10467	10438
10455	10515
10608	10731
10863	11006
11146	11292
11442	11617
11834	12105
12436	12834
13283	13760
14236	14686
15082	15413
15669	15860
15991	16078
16129	16161
16177	16185
16189	16193
16193	16193
16193	16193
16193	16193
16193	16193
16193	16193
16193	16193
16188	16188
16185	16180
16173	16162
16160	16139
16150	0
16115	16181
16155	16181
16176	16186
16187	16189
16192	16193
16193	16193
16193	16193
16193	16193
16193	16193
16193	16193
16193	16188
16185	16175
16158	16123
16068	15970
15821	15598
15288	14874
14359	13745
13055	12319
11569	10846
10176	9583
9068	8627
8255	7939
7665	7428
7216	7039
6890	6776
6695	6653
6639	6654
6688	6731
6771	6809
6847	6888
6942	7023
7140	7304
7510	7751
8016	8286
8535	8743
8890	8961
8958	8876
8734	8544
8330	8112
7904	7726
7582	7478
7406	7371
7356	7366
7386	7421
7462	7513
7567	7621
7672	7712
7731	7735
7718	7690
7662	7646
7642	7656
7679	7679
7637	7528
7339	7063
6718	6333
5935	5563
5245	4989
4809	4693
4635	4616
4629	4659
4709	4773
4861	4970
5117	5302
5530	5806
6130	6494
6891	7307
7733	8143
8517	8837
9071	9196
9192	9048
8761	8344
7820	7227
6604	6002
5462	5020
4703	4526
4500	4624
4890	5286
5793	6385
7037	7707
8367	8985
9535	10000
10375	10647
10826	10918
10932	10888
10799	10690
10581	10493
10438	10424
10459	10531
10637	10766
10905	11050
11194	11338
11502	11691
11924	12215
12566	12977
13434	13909
14375	14808
15181	15490
15726	15899
16018	16091
16140	16165
16179	16187
16191	16193
16193	16193
16193	16193
16193	16193
16193	16193
16193	16193
16193	16189
16188	16183
16176	16164
16155	16130
16130	16081
16111	0
16027	16169
16110	16171
16156	16180
16180	16186
16188	16192
16193	16193
16193	16193
16193	16193
16193	16193
16193	16193
16193	16190
16186	16178
16163	16133
16084	16002
15868	15671
15393	15015
14537	13963
13301	12584
11837	11111
10422	9799
9254	8786
8388	8051
7760	7507
7287	7097
6937	6807
6716	6660
6637	6642
6669	6709
6752	6793
6829	6861
6905	6964
7054	7183
7356	7571
7820	8085
8351	8592
8787	8918
8976	8955
8863	8710
8514	8297
8081	7877
7702	7561
7462	7394
7357	7349
7358	7381
7415	7456
7503	7546
7589	7621
7640	7643
7633	7618
7606	7606
7620	7643
7670	7673
7628	7513
7312	7030
6676	6283
5882	5506
5185	4932
4755	4649
4607	4609
4656	4727
4824	4942
5085	5260
5466	5708
5992	6315
6675	7064
7474	7892
8301	8680
9009	9268
9434	9486
9410	9203
8857	8395
7837	7216
6579	5965
5418	4970
4648	4468
4437	4554
4818	5215
5727	6331
6995	7682
8364	9001
9567	10038
10407	10673
10838	10905
10903	10843
10746	10637
10534	10453
10417	10421
10471	10557
10676	10807
10954	11099
11248	11401
11571	11777
12032	12340
12714	13137
13599	14067
14520	14930
15282	15565
15780	15934
16041	16106
16147	16170
16181	16187
16191	16193
16193	16193
16193	16193
16193	16193
16193	16193
16193	16193
16190	16187
16181	16175
16163	16140
16122	16075
16075	15975
16041	0
15860	16147
16032	16151
16126	16168
16171	16183
16186	16190
16193	16193
16193	16193
16193	16193
16193	16193
16193	16193
16193	16191
16187	16179
16168	16143
16101	16028
15914	15740
15493	15154
14715	14178
13547	12853
12120	11383
10678	10028
9454	8953
8530	8170
7860	7593
7359	7158
6988	6846
6741	6671
6637	6632
6653	6688
6731	6776
6810	6846
6879	6925
6987	7086
7223	7407
7631	7888
8160	8429
8666	8854
8972	9017
8979	8874
8706	8502
8281	8059
7857	7682
7545	7446
7382	7349
7343	7360
7389	7424
7466	7508
7544	7572
7587	7592
7589	7583
7583	7597
7622	7658
7691	7698
7656	7541
7345	7064
6721	6335
5943	5581
5270	5033
4871	4782
4760	4790
4863	4971
5108	5273
5467	5688
5942	6230
6552	6905
7282	7679
8082	8474
8844	9171
9434	9614
9697	9663
9506	9224
8820	8314
7725	7093
6458	5854
5321	4892
4590	4425
4410	4545
4827	5241
5772	6396
7077	7780
8470	9109
9668	10127
10476	10717
10853	10898
10872	10796
10689	10582
10488	10428
10406	10431
10492	10591
10719	10859
11004	11153
11308	11468
11652	11877
12150	12482
12871	13307
13769	14231
14666	15053
15379	15636
15831	15967
16058	16116
16152	16171
16182	16188
16192	16193
16193	16193
16193	16193
16193	16193
16193	16193
16193	16193
16187	16184
16176	16162
16139	16104
16072	15985
15989	15794
15932	0
15568	16116
15890	16120
16071	16148
16155	16176
16184	16188
16193	16193
16193	16193
16193	16193
16193	16193
16193	16193
16193	16191
16187	16182
16171	16150
16114	16053
15956	15804
15586	15283
14885	14386
13790	13119
12395	11658
10938	10264
9656	9129
8675	8291
7965	7682
7438	7225
7041	6891
6771	6689
6642	6629
6639	6671
6714	6759
6800	6834
6861	6892
6937	7006
7110	7260
7459	7702
7970	8256
8533	8771
8953	9059
9084	9027
8900	8718
8497	8269
8042	7836
7660	7524
7427	7370
7342	7346
7369	7406
7449	7492
7528	7555
7575	7585
7587	7591
7600	7624
7663	7708
7745	7758
7720	7616
7429	7166
6843	6480
6114	5778
5491	5275
5137	5071
5070	5126
5230	5367
5538	5740
5970	6228
6517	6833
7175	7538
7915	8298
8670	9022
9338	9591
9772	9863
9849	9725
9481	9124
8661	8114
7510	6879
6257	5678
5181	4788
4519	4391
4412	4583
4896	5342
5901	6547
7247	7963
8650	9279
9815	10247
10565	10770
10871	10888
10837	10746
10635	10533
10451	10407
10403	10446
10524	10634
10770	10914
11063	11214
11369	11541
11740	11982
12281	12634
13039	13487
13946	14395
14812	15173
15472	15707
15878	15999
16079	16130
16159	16176
16182	16188
16193	16193
16193	16193
16193	16193
16193	16193
16193	16193
16193	16191
16185	16177
16167	16143
16109	16049
16001	15847
15868	15502
15782	0
15087	16071
15658	16077
15984	16122
16130	16167
16177	16187
16190	16193
16193	16193
16193	16193
16193	16193
16193	16193
16193	16192
16188	16182
16175	16156
16127	16077
15991	15862
15670	15400
15038	14579
14016	13372
12663	11925
11192	10495
9858	9298
8819	8412
8065	7770
7515	7291
7097	6935
6808	6713
6654	6628
6633	6655
6697	6744
6788	6823
6848	6874
6900	6944
7019	7136
7307	7528
7794	8092
8393	8679
8913	9081
9166	9164
9079	8925
8721	8486
8241	8007
7796	7620
7484	7400
7350	7341
7359	7396
7444	7491
7538	7573
7597	7614
7627	7641
7661	7692
7737	7789
7833	7847
7817	7722
7555	7318
7021	6693
6365	6063
5811	5628
5517	5475
5499	5579
5706	5869
6067	6296
6551	6834
7142	7467
7810	8167
8526	8879
9213	9509
9756	9930
10022	10017
9906	9684
9355	8925
8409	7832
7211	6594
5997	5460
5006	4659
4442	4361
4426	4640
4998	5481
6079	6752
7469	8188
8869	9475
9989	10382
10661	10824
10888	10873
10801	10696
10589	10492
10421	10393
10411	10464
10559	10680
10819	10966
11116	11270
11432	11612
11829	12091
12410	12786
13209	13659
14118	14552
14947	15287
15558	15767
15921	16025
16094	16137
16163	16177
16184	16188
16193	16193
16193	16193
16193	16193
16193	16193
16193	16193
16192	16189
16183	16171
16153	16120
16069	15974
15907	15653
15709	15078
15581	0
14357	16009
15307	16020
15856	16088
16097	16154
16170	16182
16189	16192
16193	16193
16193	16193
16193	16193
16193	16193
16193	16193
16189	16183
16177	16163
16138	16095
16023	15913
15745	15504
15174	14747
14221	13599
12905	12170
11428	10709
10049	9461
8953	8524
8160	7855
7583	7354
7153	6980
6843	6738
6666	6630
6625	6644
6681	6729
6777	6816
6842	6859
6874	6898
6947	7036
7176	7378
7637	7941
8263	8584
8868	9095
9230	9282
9240	9121
8933	8703
8444	8185
7940	7727
7555	7434
7363	7338
7350	7388
7444	7505
7560	7606
7642	7668
7691	7713
7742	7782
7834	7889
7934	7954
7934	7852
7706	7497
7236	6950
6664	6401
6189	6039
5957	5942
5991	6093
6237	6424
6639	6885
7156	7446
7757	8082
8418	8754
9084	9397
9680	9913
10087	10182
10187	10087
9883	9571
9163	8669
8106	7499
6881	6274
5711	5218
4817	4525
4359	4333
4446	4711
5108	5635
6268	6968
7700	8421
9093	9677
10156	10511
10746	10872
10899	10856
10763	10650
10542	10450
10399	10385
10419	10491
10595	10724
10869	11020
11171	11325
11492	11683
11915	12196
12538	12931
13365	13824
14276	14699
15071	15384
15635	15821
15957	16050
16108	16146
16167	16179
16186	16190
16193	16193
16193	16193
16193	16193
16193	16193
16193	16193
16191	16187
16179	16165
16136	16090
16023	15884
15794	15401
15520	14501
15345	0
13333	15943
14823	15955
15686	16049
16053	16138
16163	16180
16188	16191
16193	16193
16193	16193
16193	16193
16193	16193
16193	16193
16189	16185
16179	16167
16145	16109
16048	15952
15805	15588
15287	14892
14392	13794
13113	12378
11627	10894
10209	9597
9068	8623
8243	7926
7649	7410
7202	7025
6873	6760
6678	6632
6619	6635
6671	6718
6767	6811
6837	6851
6856	6865
6892	6958
7075	7259
7507	7810
8151	8499
8821	9091
9281	9378
9381	9292
9121	8899
8634	8354
8079	7832
7625	7472
7377	7332
7338	7380
7442	7514
7583	7646
7697	7736
7767	7799
7838	7883
7934	7993
8039	8066
8051	7984
7861	7680
7457	7212
6968	6749
6575	6458
6407	6420
6486	6604
6767	6965
7192	7448
7722	8016
8320	8636
8951	9264
9557	9825
10056	10230
10334	10355
10277	10098
9810	9422
8942	8392
7790	7167
6549	5965
5434	4990
4634	4400
4284	4305
4471	4776
5219	5784
6448	7174
7918	8643
9298	9861
10306	10626
10823	10912
10906	10840
10732	10613
10504	10424
10384	10385
10433	10519
10635	10768
10915	11066
11217	11374
11546	11746
11993	12293
12652	13060
13509	13968
14412	14821
15177	15469
15698	15867
15987	16068
16120	16151
16171	16182
16187	16190
16193	16193
16193	16193
16193	16193
16193	16193
16193	16193
16189	16185
16173	16157
16122	16060
15967	15783
15673	15105
15317	13785
15091	0
12035	15874
14212	15888
15483	16010
16005	16123
16155	16176
16186	16190
16193	16193
16193	16193
16193	16193
16193	16193
16193	16193
16189	16186
16181	16171
16153	16120
16067	15982
15848	15655
15377	15003
14528	13948
13280	12549
11791	11046
10345	9717
9169	8703
8314	7986
7700	7458
7240	7057
6902	6779
6688	6636
6618	6624
6659	6705
6756	6801
6829	6843
6843	6841
6854	6898
7000	7167
7405	7708
8061	8427
8783	9085
9316	9453
9489	9427
9279	9061
8795	8501
8204	7925
7691	7509
7390	7331
7331	7371
7439	7525
7607	7682
7748	7798
7844	7884
7926	7978
8033	8092
8138	8164
8158	8104
8000	7845
7659	7451
7246	7065
6926	6837
6811	6844
6932	7063
7235	7441
7675	7932
8209	8494
8795	9089
9384	9666
9928	10156
10337	10458
10504	10462
10318	10069
9717	9265
8732	8135
7504	6870
6257	5692
5196	4790
4481	4289
4223	4286
4491	4833
5313	5909
6600	7344
8098	8821
9466	10008
10425	10715
10878	10938
10909	10821
10703	10578
10474	10400
10370	10386
10443	10539
10660	10804
10952	11103
11256	11414
11590	11800
12055	12369
12742	13166
13622	14080
14521	14919
15258	15532
15744	15899
16008	16083
16127	16154
16172	16182
16187	16190
16193	16193
16193	16193
16193	16193
16193	16193
16193	16193
16188	16184
16170	16150
16105	16032
15917	15681
15558	14793
15122	13001
14850	0
10576	15813
13532	15828
15263	15974
15957	16111
16149	16173
16184	16189
16193	16193
16193	16193
16193	16193
16193	16193
16193	16193
16190	16187
16182	16172
16157	16129
16084	16003
15883	15702
15440	15086
14626	14059
13403	12674
11911	11159
10445	9803
9242	8766
8366	8031
7741	7491
7274	7084
6923	6794
6699	6641
6615	6619
6652	6698
6749	6796
6826	6838
6835	6827
6829	6861
6945	7099
7331	7635
7992	8376
8749	9081
9339	9503
9567	9529
9398	9188
8921	8614
8300	8003
7741	7539
7398	7328
7318	7362
7436	7527
7625	7711
7786	7849
7903	7951
8000	8055
8110	8169
8216	8246
8241	8200
8112	7984
7821	7643
7470	7320
7210	7145
7141	7190
7285	7429
7608	7817
8054	8312
8580	8864
9151	9431
9706	9964
10196	10389
10532	10614
10614	10524
10329	10030
9626	9128
8554	7928
7277	6637
6025	5480
5008	4632
4362	4205
4173	4271
4505	4877
5383	6005
6714	7471
8236	8955
9588	10115
10512	10775
10917	10954
10906	10805
10681	10554
10450	10384
10362	10389
10457	10558
10689	10831
10982	11135
11287	11447
11623	11838
12105	12427
12812	13245
13707	14167
14604	14992
15319	15580
15782	15925
16026	16091
16133	16159
16174	16182
16187	16190
16193	16193
16193	16193
16193	16193
16193	16193
16193	16193
16187	16183
16168	16142
16091	16007
15878	15589
15460	14503
14956	12243
14645	0
