16222	16222
16222	16222
16222	16222
16222	16222
16222	16222
16222	16222
16222	16222
16222	16222
16222	16222
16222	16222
16222	16222
16222	16222
16222	16222
16222	16222
16222	16222
16222	16222
16222	16222
16222	16222
16218	16202
16161	16071
15833	15201
13841	11703
9436	7959
7533	7587
7488	7100
6600	6205
6074	6292
6861	7643
8377	8806
8777	8310
7615	7013
6754	6907
7360	7917
8407	8694
8747	8860
9593	11176
13117	14684
15585	15982
16123	16169
16187	16199
16209	16217
16221	16222
16222	16222
16222	16222
16222	16222
16222	16222
16222	16222
16222	16222
16222	16222
16222	16222
16222	16222
16222	16222
16222	16222
16222	16222
16222	16222
16222	16222
16222	16222
16222	16222
16222	16222
16222	16222
16222	16222
16222	16222
16222	16222
16222	16222
16222	16222
16222	16222
16222	16222
16222	16222
16222	16222
16222	16222
16222	16222
16222	16222
16222	16222
16222	16222
16218	16200
16152	16042
15747	15031
13612	11563
9504	8219
7875	7965
7920	7581
7088	6650
6457	6594
7029	7641
8246	8640
8692	8368
7817	7295
7054	7204
7668	8238
8714	8963
8988	9077
9710	11103
12874	14415
15407	15895
16086	16146
16171	16187
16202	16215
16220	16222
16222	16222
16222	16222
16222	16222
16222	16222
16222	16222
16222	16222
16222	16222
16222	16222
16222	16222
16222	16222
16222	16222
16222	16222
16222	16222
16222	16222
16222	16222
16222	16222
16222	16222
16222	16222
16222	16222
16222	16222
16222	16222
16222	16222
16222	16222
16222	16222
16222	16222
16222	16222
16222	16222
16222	16222
16222	16222
16222	16222
16222	16222
16222	16222
16216	16195
16141	16002
15632	14774
13248	11273
9488	8476
8252	8360
8339	8053
7588	7132
6877	6910
7180	7586
8035	8398
8541	8400
8039	7658
7484	7649
8104	8637
9052	9249
9247	9282
9755	10881
12459	14017
15162	15786
16041	16123
16152	16174
16195	16212
16219	16222
16222	16222
16222	16222
16222	16222
16222	16222
16222	16222
16222	16222
16222	16222
16222	16222
16222	16222
16222	16222
16222	16222
16222	16222
16222	16222
16222	16222
16222	16222
16222	16222
16222	16222
16222	16222
16222	16222
16222	16222
16222	16222
16222	16222
16222	16222
16222	16222
16222	16222
16222	16222
16222	16222
16222	16222
16222	16222
16222	16222
16222	16222
16222	16221
16216	16194
16134	15970
15527	14540
12906	11001
9481	8729
8604	8692
8660	8429
8044	7629
7335	7256
7351	7562
7859	8182
8409	8441
8291	8098
8047	8251
8655	9089
9392	9519
9491	9475
9781	10655
12071	13666
14957	15702
16012	16107
16141	16163
16189	16208
16218	16222
16222	16222
16222	16222
16222	16222
16222	16222
16222	16222
16222	16222
16222	16222
16222	16222
16222	16222
16222	16222
16222	16222
16222	16222
16222	16222
16222	16222
16222	16222
16222	16222
16222	16222
16222	16222
16222	16222
16222	16222
16222	16222
16222	16222
16222	16222
16222	16222
16222	16222
16222	16222
16222	16222
16222	16222
16222	16222
16222	16222
16222	16222
16222	16222
16216	16195
16136	15966
15491	14445
12777	10940
9599	9010
8924	8960
8912	8745
8465	8124
7832	7660
7611	7669
7845	8118
8397	8567
8607	8600
8674	8901
9235	9546
9738	9791
9733	9680
9881	10607
11929	13532
14881	15671
15999	16100
16132	16158
16184	16205
16217	16222
16222	16222
16222	16222
16222	16222
16222	16222
16222	16222
16222	16222
16222	16222
16222	16222
16222	16222
16222	16222
16222	16222
16222	16222
16222	16222
16222	16222
16222	16222
16222	16222
16222	16222
16222	16222
16222	16222
16222	16222
16222	16222
16222	16222
16222	16222
16222	16222
16222	16222
16222	16222
16222	16222
16222	16222
16222	16222
16222	16222
16222	16222
16222	16222
16218	16201
16145	15982
15530	14517
12895	11106
9812	9261
9176	9196
9149	9033
8833	8563
8291	8078
7943	7909
8005	8235
8524	8775
8949	9080
9238	9466
9725	9940
10053	10046
9949	9868
10035	10741
12055	13640
14947	15700
16006	16100
16131	16156
16183	16204
16217	16222
16222	16222
16222	16222
16222	16222
16222	16222
16222	16222
16222	16222
16222	16222
16222	16222
16222	16222
16222	16222
16222	16222
16222	16222
16222	16222
16222	16222
16222	16222
16222	16222
16222	16222
16222	16222
16222	16222
16222	16222
16222	16222
16222	16222
16222	16222
16222	16222
16222	16222
16222	16222
16222	16222
16222	16222
16222	16222
16222	16222
16222	16222
16222	16222
16219	16203
16155	16012
15614	14703
13178	11404
10035	9411
9318	9372
9376	9297
9140	8912
8657	8434
8265	8201
8279	8491
8762	9017
9236	9438
9642	9859
10067	10224
10284	10231
10085	9973
10169	10964
12354	13912
15115	15766
16023	16106
16135	16161
16189	16206
16218	16222
16222	16222
16222	16222
16222	16222
16222	16222
16222	16222
16222	16222
16222	16222
16222	16222
16222	16222
16222	16222
16222	16222
16222	16222
16222	16222
16222	16222
16222	16222
16222	16222
16222	16222
16222	16222
16222	16222
16222	16222
16222	16222
16222	16222
16222	16222
16222	16222
16222	16222
16222	16222
16222	16222
16222	16222
16222	16222
16222	16222
16222	16222
16222	16222
16219	16204
16161	16041
15713	14939
13547	11778
10274	9501
9369	9479
9550	9510
9365	9149
8899	8662
8492	8459
8585	8814
9037	9214
9389	9598
9833	10062
10252	10374
10398	10298
10111	10005
10297	11255
12751	14263
15321	15850
16049	16118
16146	16170
16192	16210
16219	16222
16222	16222
16222	16222
16222	16222
16222	16222
16222	16222
16222	16222
16222	16222
16222	16222
16222	16222
16222	16222
16222	16222
16222	16222
16222	16222
16222	16222
16222	16222
16222	16222
16222	16222
16222	16222
16222	16222
16222	16222
16222	16222
16222	16222
16222	16222
16222	16222
16222	16222
16222	16222
16222	16222
16222	16222
16222	16222
16222	16222
16222	16222
16222	16222
16219	16206
16169	16075
15819	15192
13971	12266
10642	9674
9424	9524
9629	9614
9478	9254
8983	8713
8544	8564
8775	9039
9201	9262
9343	9528
9796	10062
10269	10377
10373	10253
10084	10069
10535	11673
13234	14643
15531	15938
16085	16138
16164	16184
16200	16214
16220	16222
16222	16222
16222	16222
16222	16222
16222	16222
16222	16222
16222	16222
16222	16222
16222	16222
16222	16222
16222	16222
16222	16222
16222	16222
16222	16222
16222	16222
16222	16222
16222	16222
16222	16222
16222	16222
16222	16222
16222	16222
16222	16222
16222	16222
16222	16222
16222	16222
16222	16222
16222	16222
16222	16222
16222	16222
16222	16222
16222	16222
16222	16222
16222	16222
16219	16207
16177	16110
15928	15454
14451	12914
11277	10127
9658	9607
9645	9614
9472	9230
8910	8579
8373	8414
8673	8955
9078	9058
9074	9250
9561	9887
10135	10258
10259	10182
10133	10324
11022	12296
13803	15025
15722	16016
16125	16166
16186	16201
16209	16217
16221	16222
16222	16222
16222	16222
16222	16222
16222	16222
16222	16222
16222	16222
16222	16222
16222	16222
16222	16222
16222	16222
16222	16222
16222	16222
16222	16222
16222	16222
16222	16222
16222	16222
16222	16222
16222	16222
16222	16222
16222	16222
16222	16222
16222	16222
16222	16222
16222	16222
16222	16222
16222	16222
16222	16222
16222	16222
16222	16222
16222	16222
16222	16222
16222	16222
16220	16212
16192	16147
16027	15701
14961	13712
12226	10984
10238	9885
9705	9561
9384	9106
8716	8304
8026	8025
8262	8528
8641	8621
8641	8844
9204	9595
9900	10069
10140	10203
10402	10893
11815	13108
14423	15377
15876	16078
16153	16187
16202	16211
16217	16220
16222	16222
16222	16222
16222	16222
16222	16222
16222	16222
16222	16222
16222	16222
16222	16222
16222	16222
16222	16222
16222	16222
16222	16222
16222	16222
16222	16222
16222	16222
16222	16222
16222	16222
16222	16222
16222	16222
16222	16222
16222	16222
16222	16222
16222	16222
16222	16222
16222	16222
16222	16222
16222	16222
16222	16222
16222	16222
16222	16222
16222	16222
16222	16222
16222	16222
16220	16216
16201	16171
16103	15908
15428	14547
13370	12179
11186	10427
9890	9537
9265	8931
8476	7991
7648	7581
7749	7974
8098	8125
8190	8426
8825	9273
9637	9887
10082	10384
10925	11759
12839	14012
15022	15679
15997	16123
16176	16202
16212	16219
16220	16222
16222	16222
16222	16222
16222	16222
16222	16222
16222	16222
16222	16222
16222	16222
16222	16222
16222	16222
16222	16222
16222	16222
16222	16222
16222	16222
16222	16222
16222	16222
16222	16222
16222	16222
16222	16222
16222	16222
16222	16222
16222	16222
16222	16222
16222	16222
16222	16222
16222	16222
16222	16222
16222	16222
16222	16222
16222	16222
16222	16222
16222	16222
16222	16222
16222	16222
16221	16216
16206	16187
16150	16043
15780	15252
14441	13423
12271	11122
10182	9561
9161	8770
8276	7754
7386	7285
7402	7590
7722	7786
7881	8121
8530	9010
9428	9758
10113	10696
11608	12741
13874	14836
15521	15908
16086	16159
16192	16211
16219	16221
16222	16222
16222	16222
16222	16222
16222	16222
16222	16222
16222	16222
16222	16222
16222	16222
16222	16222
16222	16222
16222	16222
16222	16222
16222	16222
16222	16222
16222	16222
16222	16222
16222	16222
16222	16222
16222	16222
16222	16222
16222	16222
16222	16222
16222	16222
16222	16222
16222	16222
16222	16222
16222	16222
16222	16222
16222	16222
16222	16222
16222	16222
16222	16222
16222	16222
16222	16222
16221	16216
16207	16193
16168	16114
15982	15705
15202	14369
13162	11740
10475	9624
9114	8692
8193	7673
7315	7222
7331	7504
7637	7709
7790	7996
8386	8870
9313	9706
10207	11042
12251	13579
14686	15428
15855	16062
16150	16188
16206	16216
16221	16222
16222	16222
16222	16222
16222	16222
16222	16222
16222	16222
16222	16222
16222	16222
16222	16222
16222	16222
16222	16222
16222	16222
16222	16222
16222	16222
16222	16222
16222	16222
16222	16222
16222	16222
16222	16222
16222	16222
16222	16222
16222	16222
16222	16222
16222	16222
16222	16222
16222	16222
16222	16222
16222	16222
16222	16222
16222	16222
16222	16222
16222	16222
16222	16222
16222	16222
16222	16222
16221	16216
16207	16192
16169	16135
16068	15921
15591	14887
13677	12115
10672	9689
9127	8710
8250	7771
7452	7384
7500	7667
7802	7874
7935	8098
8442	8879
9296	9707
10304	11315
12714	14133
15176	15760
16032	16147
16190	16208
16216	16220
16222	16222
16222	16222
16222	16222
16222	16222
16222	16222
16222	16222
16222	16222
16222	16222
16222	16222
16222	16222
16222	16222
16222	16222
16222	16222
16222	16222
16222	16222
16222	16222
16222	16222
16222	16222
16222	16222
16222	16222
16222	16222
16222	16222
16222	16222
16222	16222
16222	16222
16222	16222
16222	16222
16222	16222
16222	16222
16222	16222
16222	16222
16222	16222
16222	16222
16222	16222
16222	16222
16221	16216
16205	16187
16166	16139
16093	15995
15729	15074
13855	12243
10733	9714
9161	8809
8442	8054
7785	7714
7795	7933
8069	8171
8258	8413
8687	9022
9341	9711
10352	11467
12967	14412
15403	15902
16105	16181
16207	16218
16220	16222
16222	16222
16222	16222
16222	16222
16222	16222
16222	16222
16222	16222
16222	16222
16222	16222
16222	16222
16222	16222
16222	16222
16222	16222
16222	16222
16222	16222
16222	16222
16222	16222
16222	16222
16222	16222
16222	16222
16222	16222
16222	16222
16222	16222
16222	16222
16222	16222
16222	16222
16222	16222
16222	16222
16222	16222
16222	16222
16222	16222
16222	16222
16222	16222
16222	16222
16222	16222
16222	16222
16221	16216
16202	16187
16164	16141
16104	16015
15749	15077
13826	12185
10672	9672
9171	8911
8683	8422
8196	8073
8046	8098
8229	8406
8590	8784
8996	9197
9385	9685
10329	11494
13042	14503
15474	15943
16127	16190
16214	16220
16222	16222
16222	16222
16222	16222
16222	16222
16222	16222
16222	16222
16222	16222
16222	16222
16222	16222
16222	16222
16222	16222
16222	16222
16222	16222
16222	16222
16222	16222
16222	16222
16222	16222
16222	16222
16222	16222
16222	16222
16222	16222
16222	16222
16222	16222
16222	16222
16222	16222
16222	16222
16222	16222
16222	16222
16222	16222
16222	16222
16222	16222
16222	16222
16222	16222
16222	16222
16222	16222
16222	16222
16221	16216
16207	16191
16171	16151
16118	16023
15734	15010
13696	12023
10523	9566
9120	8949
8852	8709
8512	8293
8105	8036
8150	8425
8750	9020
9201	9293
9372	9613
10250	11433
13003	14484
15468	15946
16127	16190
16214	16219
16222	16222
16222	16222
16222	16222
16222	16222
16222	16222
16222	16222
16222	16222
16222	16222
16222	16222
16222	16222
16222	16222
16222	16222
16222	16222
16222	16222
16222	16222
16222	16222
16222	16222
16221	16219
16221	16221
16222	16222
16222	16222
16222	16222
16222	16222
16222	16222
16222	16222
16222	16222
16222	16222
16222	16222
16222	16222
16222	16222
16222	16222
16222	16222
16222	16222
16222	16222
16222	16222
16222	16222
16222	16216
16209	16193
16177	16159
16125	16021
15697	14912
13530	11824
10345	9429
9020	8901
8879	8808
8611	8292
7938	7727
7815	8191
8664	9036
9217	9262
9305	9534
10172	11349
12919	14420
15433	15929
16119	16186
16209	16218
16220	16222
16222	16222
16222	16222
16222	16222
16222	16222
16222	16222
16222	16222
16222	16222
16222	16222
16222	16222
16222	16222
16222	16222
16222	16222
16222	16222
16222	16222
16222	16222
16221	16216
16200	16173
16206	16207
16215	16222
16222	16222
16222	16222
16222	16222
16222	16222
16222	16222
16222	16222
16222	16222
16222	16222
16222	16222
16222	16222
16222	16222
16222	16222
16222	16222
16222	16222
16222	16222
16222	16222
16222	16217
16209	16195
16180	16163
16127	16010
15653	14807
13366	11641
10188	9313
8923	8799
8773	8698
8458	8039
7541	7205
7262	7719
8326	8808
9056	9139
9224	9498
10143	11289
12833	14341
15384	15902
16100	16172
16199	16210
16214	16220
16222	16222
16222	16222
16222	16222
16222	16222
16222	16222
16222	16222
16222	16222
16222	16222
16222	16222
16222	16222
16222	16222
16222	16222
16222	16222
16222	16222
16222	16222
16216	16185
16098	15921
16152	16154
16194	16217
16222	16222
16222	16222
16222	16222
16222	16222
16222	16222
16222	16222
16222	16222
16222	16222
16222	16222
16222	16222
16222	16222
16222	16222
16222	16222
16222	16222
16222	16222
16222	16222
16222	16218
16209	16198
16181	16162
16120	15989
15599	14702
13213	11483
10074	9246
8868	8705
8603	8439
8103	7574
6969	6551
6578	7079
7786	8388
8759	8965
9167	9513
10157	11258
12763	14264
15330	15867
16074	16147
16175	16193
16204	16215
16220	16222
16222	16222
16222	16222
16222	16222
16222	16222
16222	16222
16222	16222
16222	16222
16222	16222
16222	16222
16222	16222
16222	16222
16222	16222
16222	16222
16222	16221
16198	16099
15790	15078
16050	16056
16156	16211
16222	16222
16222	16222
16222	16222
16222	16222
16222	16222
16222	16222
16222	16222
16222	16222
16222	16222
16222	16222
16222	16222
16222	16222
16222	16222
16222	16222
16222	16222
16222	16222
16222	16218
16209	16198
16181	16160
16112	15968
15553	14615
13096	11368
9999	9220
8856	8646
8447	8158
7704	7087
6418	5955
5963	6478
7245	7951
8459	8815
9136	9544
10182	11235
12706	14206
15287	15834
16045	16121
16153	16175
16195	16212
16219	16222
16222	16222
16222	16222
16222	16222
16222	16222
16222	16222
16222	16222
16222	16222
16222	16222
16222	16222
16222	16222
16222	16222
16222	16222
16222	16222
16222	16216
16173	15968
15271	13456
