16116	16109
16088	16046
15967	15845
15677	15485
15300	15153
15056	14999
14951	14867
14688	14376
13925	13386
12875	12536
12476	12712
13165	13698
14183	14544
14770	14891
14941	14956
14948	14933
14898	14851
14800	14760
14749	14776
14835	14907
14967	14997
14978	14917
14834	14777
14783	14889
15085	15340
15596	15809
15959	16045
16090	16110
16116	16107
16084	16037
15954	15826
15658	15468
15288	15147
15055	15004
14960	14879
14712	14417
13984	13463
12963	12627
12562	12787
13228	13746
14214	14560
14776	14892
14937	14948
14935	14904
14849	14774
14690	14626
14607	14643
14727	14831
14926	14982
14987	14946
14880	14834
14843	14944
15132	15373
15616	15818
15964	16047
16091	16110
16116	16103
16077	16024
15930	15793
15618	15426
15251	15121
15039	14998
14962	14891
14742	14469
14063	13568
13087	12757
12684	12895
13312	13807
14252	14581
14785	14886
14929	14934
14911	14860
14775	14658
14534	14436
14405	14454
14574	14725
14864	14960
14998	14983
14940	14911
14932	15027
15203	15426
15651	15837
15972	16050
16093	16111
16113	16095
16064	16002
15896	15742
15552	15356
15185	15063
14997	14970
14948	14896
14766	14526
14155	13696
13242	12924
12843	13035
13419	13874
14287	14590
14774	14869
14905	14904
14870	14797
14680	14522
14351	14219
14176	14242
14405	14606
14795	14933
15007	15024
15012	15003
15035	15131
15294	15494
15695	15863
15981	16055
16092	16110
16111	16089
16052	15977
15854	15679
15472	15262
15092	14980
14928	14917
14915	14882
14779	14572
14247	13834
13419	13123
13042	13201
13538	13939
14302	14569
14734	14819
14849	14844
14802	14715
14573	14382
14180	14023
13977	14061
14257	14503
14736	14910
15014	15061
15077	15094
15143	15241
15390	15567
15742	15889
15991	16053
16082	16102
16105	16080
16037	15948
15807	15613
15386	15167
14991	14886
14845	14850
14862	14847
14772	14605
14327	13970
13606	13340
13255	13374
13641	13972
14268	14487
14626	14702
14732	14728
14685	14594
14443	14244
14036	13881
13842	13947
14170	14442
14700	14893
15017	15087
15130	15171
15237	15337
15476	15633
15786	15908
15990	16035
16053	16078
16102	16076
16025	15926
15772	15560
15318	15084
14905	14800
14765	14773
14794	14792
14741	14607
14381	14077
13766	13525
13429	13492
13680	13917
14134	14301
14412	14482
14514	14519
14484	14404
14267	14092
13913	13794
13787	13919
14157	14436
14694	14890
15017	15100
15163	15226
15307	15412
15544	15684
15813	15908
15961	15977
15953	16005
16095	16065
16014	15908
15747	15525
15276	15036
14852	14739
14699	14702
14721	14721
14682	14571
14380	14119
13838	13611
13492	13494
13591	13730
13870	13985
14074	14142
14185	14200
14183	14125
14024	13900
13784	13729
13780	13944
14193	14468
14709	14887
15012	15100
15175	15256
15349	15460
15586	15712
15819	15881
15876	15835
15691	15819
16090	16062
16006	15901
15735	15515
15261	15021
14830	14708
14651	14642
14643	14639
14602	14502
14325	14081
13811	13575
13417	13354
13362	13415
13484	13560
13637	13708
13769	13803
13805	13771
13716	13656
13623	13653
13776	13990
14252	14514
14730	14886
14995	15085
15172	15263
15367	15484
15606	15721
15805	15816
15714	15560
15158	15444
16084	16055
16002	15895
15733	15514
15268	15026
14831	14699
14625	14595
14578	14562
14513	14414
14237	13989
13708	13449
13247	13124
13060	13045
13064	13114
13186	13268
13340	13393
13413	13406
13392	13395
13443	13559
13757	14013
14296	14548
14745	14881
14978	15065
15158	15258
15368	15489
15608	15717
15773	15726
15482	15165
14338	14867
16080	16054
16000	15896
15736	15522
15279	15040
14841	14699
14613	14563
14535	14505
14449	14341
14154	13893
13595	13307
13071	12900
12788	12730
12719	12755
12826	12919
13008	13070
13101	13113
13127	13179
13287	13468
13724	14022
14320	14569
14750	14873
14963	15047
15143	15248
15365	15487
15610	15711
15745	15614
15245	13957
13441	8272
