16158	16158
16158	16153
16125	16042
15847	15532
15180	14945
14892	14956
15037	15071
15018	14783
14223	13298
12247	11497
11388	11974
12975	13943
14580	14881
14996	15023
15019	15005
14997	15001
15008	15010
14996	14973
14959	14971
15012	15065
15115	15141
15119	15000
14777	14516
14376	14509
14910	15415
15818	16040
16126	16151
16158	16158
16158	16158
16158	16149
16118	16029
15843	15559
15265	15069
15005	15024
15056	15068
15023	14841
14380	13573
12578	11811
11672	12245
13217	14110
14658	14904
14995	15020
15013	15003
14996	14999
14996	14957
14875	14778
14729	14768
14880	15005
15101	15154
15154	15072
14890	14654
14497	14578
14928	15402
15801	16029
16121	16150
16158	16158
16158	16158
16155	16144
16102	15998
15802	15536
15290	15139
15083	15073
15073	15068
15037	14906
14540	13831
12867	12044
11836	12400
13374	14231
14719	14924
14998	15018
15007	14994
14993	14991
14957	14848
14640	14413
14305	14400
14642	14889
15058	15149
15178	15136
15007	14813
14663	14709
15003	15432
15806	16026
16120	16150
16158	16158
16158	16158
16153	16135
16080	15943
15706	15416
15183	15076
15062	15071
15071	15070
15054	14952
14626	13937
12948	12056
11788	12349
13357	14240
14736	14934
15001	15015
15003	14989
14985	14971
14895	14679
14309	13916
13744	13916
14319	14727
14997	15131
15183	15175
15096	14961
14860	14908
15158	15522
15843	16039
16121	16150
16158	16158
16158	16158
16151	16126
16045	15864
15555	15198
14944	14879
14939	15011
15049	15067
15066	14978
14656	13974
13000	12126
11860	12387
13366	14240
14740	14941
15005	15015
14999	14985
14977	14945
14820	14504
13979	13444
13211	13448
14002	14569
14937	15109
15180	15193
15161	15099
15064	15139
15357	15647
15901	16057
16125	16151
16158	16158
16158	16156
16146	16111
16006	15769
15380	14951
14667	14637
14775	14917
14998	15038
15059	14999
14732	14143
13338	12644
12441	12865
13643	14353
14768	14936
14989	14999
14986	14973
14960	14922
14770	14403
13813	13201
12925	13177
13816	14479
14914	15106
15174	15204
15214	15218
15246	15345
15526	15748
15943	16068
16128	16151
16158	16158
16158	16154
16141	16095
15966	15689
15249	14782
14494	14488
14659	14826
14916	14963
15006	15007
14841	14435
13882	13442
13336	13601
14075	14506
14756	14852
14883	14898
14906	14903
14897	14858
14721	14401
13874	13312
13035	13257
13871	14523
14941	15106
15162	15201
15243	15296
15367	15471
15623	15801
15965	16075
16131	16149
16153	16153
16156	16152
16138	16087
15940	15642
15202	14754
14481	14467
14608	14743
14804	14833
14888	14945
14870	14586
14198	13929
13886	14024
14237	14412
14499	14522
14542	14585
14633	14661
14663	14630
14533	14331
13996	13623
13444	13644
14158	14684
14992	15089
15116	15169
15245	15324
15412	15519
15653	15814
15963	16074
16126	16136
16127	16126
16148	16147
16134	16079
15928	15638
15226	14823
14572	14520
14591	14660
14676	14668
14718	14800
14745	14437
14031	13773
13726	13764
13793	13803
13794	13787
13822	13925
14040	14107
14110	14064
14002	13937
13841	13739
13767	14036
14473	14853
15015	15026
15032	15105
15214	15315
15414	15520
15651	15809
15962	16068
16110	16079
15998	15981
16132	16136
16130	16081
15934	15660
15289	14927
14682	14585
14582	14589
14554	14504
14535	14619
14530	14112
13568	13222
13097	13005
12878	12782
12747	12761
12848	13014
13194	13298
13294	13217
13161	13199
13302	13460
13732	14156
14621	14921
14983	14931
14934	15033
15167	15289
15391	15500
15637	15803
15958	16062
16076	15922
15612	15518
16116	16126
16127	16080
15945	15689
15344	15007
14762	14632
14582	14550
14477	14397
14406	14489
14365	13848
13183	12740
12522	12305
12053	11889
11856	11916
12052	12266
12482	12604
12587	12480
12422	12507
12725	13042
13495	14072
14614	14911
14932	14852
14861	14983
15138	15265
15374	15486
15631	15799
15959	16058
16032	15559
13466	8366
