16254	16254
16254	16254
16254	16254
16254	16254
16254	16254
16254	16254
16254	16254
16254	16254
16254	16254
16254	16254
16254	16254
16254	16254
16254	16254
16254	16254
16254	16254
16254	16254
16254	16254
16254	16254
16254	16254
16254	16254
16254	16254
16254	16254
16254	16254
16254	16254
16254	16254
16254	16254
16254	16254
16254	16254
16254	16254
16254	16254
16254	16254
16254	16254
16254	16254
16254	16254
16254	16254
16254	16254
16254	16254
16254	16254
16254	16254
16254	16254
16254	16254
16254	16254
16254	16254
16253	16253
16252	16252
16252	16252
16252	16252
16252	16252
16252	16251
16250	16243
16232	16215
16195	16170
16149	16133
16119	16105
16089	16068
16039	16008
15977	15952
15932	15920
15924	15943
15977	16026
16084	16137
16180	16209
16229	16238
16243	16245
16247	16248
16251	16252
16252	16252
16252	16252
16252	16252
16252	16252
16252	16252
16253	16253
16254	16254
16254	16254
16254	16254
16254	16254
16254	16254
16254	16254
16254	16254
16254	16254
16254	16254
16254	16254
16254	16254
16254	16254
16254	16254
16254	16254
16254	16254
16254	16254
16254	16254
16254	16254
16254	16254
16254	16254
16254	16254
16254	16254
16254	16254
16254	16254
16254	16254
16254	16254
16254	16254
16254	16254
16254	16254
16254	16254
16254	16254
16254	16254
16254	16254
16254	16254
16254	16254
16254	16254
16254	16254
16254	16254
16254	16254
16254	16254
16254	0
16254	16254
16254	16254
16254	16254
16254	16254
16254	16254
16254	16254
16254	16254
16254	16254
16254	16254
16254	16254
16254	16254
16254	16254
16254	16254
16254	16254
16254	16254
16254	16254
16254	16254
16254	16254
16254	16254
16254	16254
16254	16254
16254	16254
16254	16254
16254	16254
16254	16254
16254	16254
16254	16254
16254	16254
16254	16254
16254	16254
16254	16254
16254	16254
16254	16254
16254	16254
16254	16254
16254	16254
16254	16254
16254	16254
16254	16254
16254	16254
16254	16254
16254	16254
16253	16253
16252	16252
16252	16252
16252	16252
16252	16252
16252	16252
16252	16249
16248	16243
16230	16213
16192	16164
16140	16115
16096	16074
16047	16015
15981	15952
15929	15911
15900	15891
15890	15905
15939	15992
16054	16114
16162	16196
16217	16228
16235	16239
16243	16246
16248	16249
16251	16252
16252	16252
16252	16252
16252	16252
16252	16252
16252	16252
16252	16253
16253	16254
16254	16254
16254	16254
16254	16254
16254	16254
16254	16254
16254	16254
16254	16254
16254	16254
16254	16254
16254	16254
16254	16254
16254	16254
16254	16254
16254	16254
16254	16254
16254	16254
16254	16254
16254	16254
16254	16254
16254	16254
16254	16254
16254	16254
16254	16254
16254	16254
16254	16254
16254	16254
16254	16254
16254	16254
16254	16254
16254	16254
16254	16254
16254	16254
16254	16254
16254	16254
16254	16254
16254	16254
16254	16254
16254	16254
16254	0
16254	16254
16254	16254
16254	16254
16254	16254
16254	16254
16254	16254
16254	16254
16254	16254
16254	16254
16254	16254
16254	16254
16254	16254
16254	16254
16254	16254
16254	16254
16254	16254
16254	16254
16254	16254
16254	16254
16254	16254
16254	16254
16254	16254
16254	16254
16254	16254
16254	16254
16254	16254
16254	16254
16254	16254
16254	16254
16254	16254
16254	16254
16254	16254
16254	16254
16254	16254
16254	16254
16254	16254
16254	16254
16254	16254
16254	16254
16254	16254
16254	16254
16254	16254
16253	16253
16252	16252
16252	16252
16252	16252
16252	16251
16251	16249
16247	16247
16242	16234
16222	16202
16176	16145
16110	16076
16039	15995
15945	15890
15842	15809
15796	15796
15796	15795
15792	15803
15835	15896
15969	16046
16107	16152
16182	16199
16212	16222
16230	16235
16240	16243
16246	16247
16248	16251
16251	16251
16251	16252
16252	16252
16252	16252
16252	16252
16253	16253
16254	16254
16254	16254
16254	16254
16254	16254
16254	16254
16254	16254
16254	16254
16254	16254
16254	16254
16254	16254
16254	16254
16254	16254
16254	16254
16254	16254
16254	16254
16254	16254
16254	16254
16254	16254
16254	16254
16254	16254
16254	16254
16254	16254
16254	16254
16254	16254
16254	16254
16254	16254
16254	16254
16254	16254
16254	16254
16254	16254
16254	16254
16254	16254
16254	16254
16254	16254
16254	16254
16254	16254
16254	16254
16254	16254
16254	0
16254	16254
16254	16254
16254	16254
16254	16254
16254	16254
16254	16254
16254	16254
16254	16254
16254	16254
16254	16254
16254	16254
16254	16254
16254	16254
16254	16254
16254	16254
16254	16254
16254	16254
16254	16254
16254	16254
16254	16254
16254	16254
16254	16254
16254	16254
16254	16254
16254	16254
16254	16254
16254	16254
16254	16254
16254	16254
16254	16254
16254	16254
16254	16254
16254	16254
16254	16254
16254	16254
16254	16254
16254	16254
16254	16254
16254	16254
16254	16254
16254	16254
16254	16253
16253	16252
16251	16251
16251	16251
16251	16249
16247	16246
16243	16240
16237	16232
16224	16216
16198	16173
16140	16099
16046	15990
15916	15828
15728	15627
15551	15510
15512	15537
15561	15566
15558	15561
15598	15673
15774	15879
15969	16035
16085	16118
16147	16171
16188	16201
16212	16219
16227	16233
16238	16242
16245	16246
16247	16249
16251	16251
16251	16251
16252	16252
16252	16253
16253	16254
16254	16254
16254	16254
16254	16254
16254	16254
16254	16254
16254	16254
16254	16254
16254	16254
16254	16254
16254	16254
16254	16254
16254	16254
16254	16254
16254	16254
16254	16254
16254	16254
16254	16254
16254	16254
16254	16254
16254	16254
16254	16254
16254	16254
16254	16254
16254	16254
16254	16254
16254	16254
16254	16254
16254	16254
16254	16254
16254	16254
16254	16254
16254	16254
16254	16254
16254	16254
16254	16254
16254	16254
16254	16254
16254	0
16254	16254
16254	16254
16254	16254
16254	16254
16254	16254
16254	16254
16254	16254
16254	16254
16254	16254
16254	16254
16254	16254
16254	16254
16254	16254
16254	16254
16254	16254
16254	16254
16254	16254
16254	16254
16254	16254
16254	16254
16254	16254
16254	16254
16254	16254
16254	16254
16254	16254
16254	16254
16254	16254
16254	16254
16254	16254
16254	16254
16254	16254
16254	16254
16254	16254
16254	16254
16254	16254
16254	16254
16254	16254
16254	16254
16254	16254
16254	16254
16254	16254
16254	16253
16253	16251
16247	16247
16246	16244
16243	16240
16237	16232
16228	16218
16210	16199
16185	16165
16137	16099
16050	15987
15908	15807
15675	15512
15324	15147
15018	14964
14984	15048
15103	15121
15103	15098
15139	15239
15384	15536
15668	15778
15861	15930
15991	16044
16083	16115
16139	16161
16180	16198
16213	16225
16232	16236
16238	16238
16242	16243
16244	16247
16247	16249
16252	16253
16253	16254
16254	16254
16254	16254
16254	16254
16254	16254
16254	16254
16254	16254
16254	16254
16254	16254
16254	16254
16254	16254
16254	16254
16254	16254
16254	16254
16254	16254
16254	16254
16254	16254
16254	16254
16254	16254
16254	16254
16254	16254
16254	16254
16254	16254
16254	16254
16254	16254
16254	16254
16254	16254
16254	16254
16254	16254
16254	16254
16254	16254
16254	16254
16254	16254
16254	16254
16254	16254
16254	16254
16254	16254
16254	16254
16254	0
16254	16254
16254	16254
16254	16254
16254	16254
16254	16254
16254	16254
16254	16254
16254	16254
16254	16254
16254	16254
16254	16254
16254	16254
16254	16254
16254	16254
16254	16254
16254	16254
16254	16254
16254	16254
16254	16254
16254	16254
16254	16254
16254	16254
16254	16254
16254	16254
16254	16254
16254	16254
16254	16254
16254	16254
16254	16254
16254	16254
16254	16254
16254	16254
16254	16254
16254	16254
16254	16254
16254	16254
16254	16254
16254	16254
16254	16254
16254	16254
16254	16254
16254	16252
16250	16247
16244	16241
16239	16235
16232	16227
16221	16210
16196	16178
16154	16126
16093	16051
15999	15934
15851	15751
15625	15457
15236	14959
14656	14374
14171	14095
14142	14247
14338	14363
14335	14313
14359	14492
14693	14912
15108	15275
15416	15545
15666	15770
15855	15922
15978	16030
16078	16123
16161	16187
16204	16215
16223	16226
16231	16234
16237	16239
16242	16246
16248	16251
16253	16254
16254	16254
16254	16254
16254	16254
16254	16254
16254	16254
16254	16254
16254	16254
16254	16254
16254	16254
16254	16254
16254	16254
16254	16254
16254	16254
16254	16254
16254	16254
16254	16254
16254	16254
16254	16254
16254	16254
16254	16254
16254	16254
16254	16254
16254	16254
16254	16254
16254	16254
16254	16254
16254	16254
16254	16254
16254	16254
16254	16254
16254	16254
16254	16254
16254	16254
16254	16254
16254	16254
16254	16254
16254	16254
16254	0
16254	16254
16254	16254
16254	16254
16254	16254
16254	16254
16254	16254
16254	16254
16254	16254
16254	16254
16254	16254
16254	16254
16254	16254
16254	16254
16254	16254
16254	16254
16254	16254
16254	16254
16254	16254
16254	16254
16254	16254
16254	16254
16254	16254
16254	16254
16254	16254
16254	16254
16254	16254
16254	16254
16254	16254
16254	16254
16254	16254
16254	16254
16254	16254
16254	16254
16254	16254
16254	16254
16254	16254
16254	16254
16254	16254
16254	16254
16254	16254
16254	16254
16254	16251
16249	16245
16239	16233
16228	16223
16216	16206
16192	16169
16136	16093
16035	15972
15896	15811
15713	15597
15461	15305
15108	14852
14517	14109
13666	13264
12983	12880
12948	13094
13218	13248
13203	13162
13210	13378
13634	13916
14179	14417
14638	14859
15069	15258
15416	15545
15658	15766
15874	15973
16055	16119
16157	16180
16195	16205
16212	16217
16223	16228
16234	16239
16245	16249
16252	16254
16254	16254
16254	16254
16254	16254
16254	16254
16254	16254
16254	16254
16254	16254
16254	16254
16254	16254
16254	16254
16254	16254
16254	16254
16254	16254
16254	16254
16254	16254
16254	16254
16254	16254
16254	16254
16254	16254
16254	16254
16254	16254
16254	16254
16254	16254
16254	16254
16254	16254
16254	16254
16254	16254
16254	16254
16254	16254
16254	16254
16254	16254
16254	16254
16254	16254
16254	16254
16254	16254
16254	16254
16254	16254
16254	0
16254	16254
16254	16254
16254	16254
16254	16254
16254	16254
16254	16254
16254	16254
16254	16254
16254	16254
16254	16254
16254	16254
16254	16254
16254	16254
16254	16254
16254	16254
16254	16254
16254	16254
16254	16254
16254	16254
16254	16254
16254	16254
16254	16254
16254	16254
16254	16254
16254	16254
16254	16254
16254	16254
16254	16254
16254	16254
16254	16254
16254	16254
16254	16254
16254	16254
16254	16254
16254	16254
16254	16254
16254	16254
16254	16254
16254	16254
16254	16254
16254	16254
16252	16249
16245	16239
16232	16224
16214	16205
16195	16176
16149	16102
16033	15939
15819	15677
15524	15362
15184	14989
14777	14540
14262	13910
13466	12930
12362	11850
11497	11370
11445	11618
11760	11787
11725	11665
11711	11899
12191	12518
12839	13149
13462	13790
14115	14416
14675	14897
15096	15304
15509	15706
15874	15997
16077	16127
16158	16176
16187	16196
16205	16213
16224	16233
16241	16247
16251	16252
16254	16254
16254	16254
16254	16254
16254	16254
16254	16254
16254	16254
16254	16254
16254	16254
16254	16254
16254	16254
16254	16254
16254	16254
16254	16254
16254	16254
16254	16254
16254	16254
16254	16254
16254	16254
16254	16254
16254	16254
16254	16254
16254	16254
16254	16254
16254	16254
16254	16254
16254	16254
16254	16254
16254	16254
16254	16254
16254	16254
16254	16254
16254	16254
16254	16254
16254	16254
16254	16254
16254	16254
16254	16254
16254	0
16254	16254
16254	16254
16254	16254
16254	16254
16254	16254
16254	16254
16254	16254
16254	16254
16254	16254
16254	16254
16254	16254
16254	16254
16254	16254
16254	16254
16254	16254
16254	16254
16254	16254
16254	16254
16254	16254
16254	16254
16254	16254
16254	16254
16254	16254
16254	16254
16254	16254
16254	16254
16254	16254
16254	16254
16254	16254
16254	16254
16254	16254
16254	16254
16254	16254
16254	16254
16254	16254
16254	16254
16254	16254
16254	16254
16254	16254
16254	16254
16254	16254
16252	16249
16242	16236
16225	16214
16200	16189
16168	16137
16085	15999
15866	15681
15447	15181
14899	14612
14319	14017
13709	13388
13029	12602
12076	11463
10816	10239
9845	9694
9757	9928
10064	10085
10010	9941
9978	10162
10455	10793
11138	11499
11893	12329
12775	13196
13570	13901
14227	14573
14934	15282
15579	15801
15951	16043
16098	16132
16155	16172
16184	16194
16211	16225
16236	16244
16250	16252
16254	16254
16254	16254
16254	16254
16254	16254
16254	16254
16254	16254
16254	16254
16254	16254
16254	16254
16254	16254
16254	16254
16254	16254
16254	16254
16254	16254
16254	16254
16254	16254
16254	16254
16254	16254
16254	16254
16254	16254
16254	16254
16254	16254
16254	16254
16254	16254
16254	16254
16254	16254
16254	16254
16254	16254
16254	16254
16254	16254
16254	16254
16254	16254
16254	16254
16254	16254
16254	16254
16254	16254
16254	16254
16254	0
16254	16254
16254	16254
16254	16254
16254	16254
16254	16254
16254	16254
16254	16254
16254	16254
16254	16254
16254	16254
16254	16254
16254	16254
16254	16254
16254	16254
16254	16254
16254	16254
16254	16254
16254	16254
16254	16254
16254	16254
16254	16254
16254	16254
16254	16254
16254	16254
16254	16254
16254	16254
16254	16254
16254	16254
16254	16254
16254	16254
16254	16254
16254	16254
16254	16254
16254	16254
16254	16254
16254	16254
16254	16254
16254	16254
16254	16254
16254	16254
16254	16254
16251	16247
16241	16231
16219	16203
16188	16169
16138	16087
15999	15847
15614	15285
14877	14420
13951	13497
13063	12647
12241	11846
11436	10975
10433	9810
9162	8588
8184	8011
8043	8176
8288	8299
8226	8157
8186	8344
8605	8911
9241	9615
10057	10565
11107	11626
12106	12557
13027	13548
14108	14659
15135	15500
15751	15913
16013	16077
16117	16145
16163	16182
16200	16217
16233	16243
16250	16252
16254	16254
16254	16254
16254	16254
16254	16254
16254	16254
16254	16254
16254	16254
16254	16254
16254	16254
16254	16254
16254	16254
16254	16254
16254	16254
16254	16254
16254	16254
16254	16254
16254	16254
16254	16254
16254	16254
16254	16254
16254	16254
16254	16254
16254	16254
16254	16254
16254	16254
16254	16254
16254	16254
16254	16254
16254	16254
16254	16254
16254	16254
16254	16254
16254	16254
16254	16254
16254	16254
16254	16254
16254	16254
16254	0
16254	16254
16254	16254
16254	16254
16254	16254
16254	16254
16254	16254
16254	16254
16254	16254
16254	16254
16254	16254
16254	16254
16254	16254
16254	16254
16254	16254
16254	16254
16254	16254
16254	16254
16254	16254
16254	16254
16254	16254
16254	16254
16254	16254
16254	16254
16254	16254
16254	16254
16254	16254
16254	16254
16254	16254
16254	16254
16254	16254
16254	16254
16254	16254
16254	16254
16254	16254
16254	16254
16254	16254
16254	16254
16254	16254
16254	16254
16254	16254
16254	16254
16251	16247
16240	16229
16212	16196
16174	16146
16101	16019
15874	15628
15253	14731
14090	13380
12683	12033
11455	10932
10458	10021
9605	9169
8678	8127
7554	7039
6666	6474
6458	6534
6602	6604
6544	6490
6513	6638
6841	7085
7369	7715
8155	8684
9261	9835
10382	10930
11542	12248
13032	13812
14503	15048
15440	15703
15875	15985
16056	16103
16138	16165
16191	16212
16228	16240
16248	16252
16254	16254
16254	16254
16254	16254
16254	16254
16254	16254
16254	16254
16254	16254
16254	16254
16254	16254
16254	16254
16254	16254
16254	16254
16254	16254
16254	16254
16254	16254
16254	16254
16254	16254
16254	16254
16254	16254
16254	16254
16254	16254
16254	16254
16254	16254
16254	16254
16254	16254
16254	16254
16254	16254
16254	16254
16254	16254
16254	16254
16254	16254
16254	16254
16254	16254
16254	16254
16254	16254
16254	16254
16254	16254
16254	0
16254	16254
16254	16254
16254	16254
16254	16254
16254	16254
16254	16254
16254	16254
16254	16254
16254	16254
16254	16254
16254	16254
16254	16254
16254	16254
16254	16254
16254	16254
16254	16254
16254	16254
16254	16254
16254	16254
16254	16254
16254	16254
16254	16254
16254	16254
16254	16254
16254	16254
16254	16254
16254	16254
16254	16254
16254	16254
16254	16254
16254	16254
16254	16254
16254	16254
16254	16254
16254	16254
16254	16254
16254	16254
16254	16254
16254	16254
16254	16254
16254	16254
16251	16247
16239	16225
16207	16187
16158	16117
16047	15919
15697	15324
14769	14010
13096	12111
11167	10331
9626	9037
8540	8110
7733	7370
6985	6563
6115	5704
5378	5180
5107	5114
5135	5127
5089	5060
5085	5180
5324	5501
5716	6006
6397	6887
7438	8002
8566	9172
9888	10755
11737	12738
13648	14393
14956	15358
15637	15825
15954	16040
16101	16144
16180	16208
16227	16240
16247	16252
16254	16254
16254	16254
16254	16254
16254	16254
16254	16254
16254	16254
16254	16254
16254	16254
16254	16254
16254	16254
16254	16254
16254	16254
16254	16254
16254	16254
16254	16254
16254	16254
16254	16254
16254	16254
16254	16254
16254	16254
16254	16254
16254	16254
16254	16254
16254	16254
16254	16254
16254	16254
16254	16254
16254	16254
16254	16254
16254	16254
16254	16254
16254	16254
16254	16254
16254	16254
16254	16254
16254	16254
16254	16254
16254	0
16254	16254
16254	16254
16254	16254
16254	16254
16254	16254
16254	16254
16254	16254
16254	16254
16254	16254
16254	16254
16254	16254
16254	16254
16254	16254
16254	16254
16254	16254
16254	16254
16254	16254
16254	16254
16254	16254
16254	16254
16254	16254
16254	16254
16254	16254
16254	16254
16254	16254
16254	16254
16254	16254
16254	16254
16254	16254
16254	16254
16254	16254
16254	16254
16254	16254
16254	16254
16254	16254
16254	16254
16254	16254
16254	16254
16254	16254
16254	16254
16254	16253
16251	16247
16238	16224
16204	16174
16134	16067
15957	15762
15431	14904
14139	13131
11946	10705
9549	8565
7786	7179
6705	6331
6030	5768
5504	5219
4912	4608
4343	4147
4029	3974
3951	3933
3916	3912
3946	4018
4121	4239
4395	4616
4930	5340
5814	6313
6844	7451
8217	9173
10287	11453
12547	13484
14233	14806
15231	15543
15766	15924
16032	16111
16164	16203
16225	16239
16247	16252
16254	16254
16254	16254
16254	16254
16254	16254
16254	16254
16254	16254
16254	16254
16254	16254
16254	16254
16254	16254
16254	16254
16254	16254
16254	16254
16254	16254
16254	16254
16254	16254
16254	16254
16254	16254
16254	16254
16254	16254
16254	16254
16254	16254
16254	16254
16254	16254
16254	16254
16254	16254
16254	16254
16254	16254
16254	16254
16254	16254
16254	16254
16254	16254
16254	16254
16254	16254
16254	16254
16254	16254
16254	16254
16254	0
16254	16254
16254	16254
16254	16254
16254	16254
16254	16254
16254	16254
16254	16254
16254	16254
16254	16254
16254	16254
16254	16254
16254	16254
16254	16254
16254	16254
16254	16254
16254	16254
16254	16254
16254	16254
16254	16254
16254	16254
16254	16254
16254	16254
16254	16254
16254	16254
16254	16254
16254	16254
16254	16254
16254	16254
16254	16254
16254	16254
16254	16254
16254	16254
16254	16254
16254	16254
16254	16254
16254	16254
16254	16254
16254	16254
16254	16254
16254	16254
16254	16253
16251	16247
16235	16221
16192	16150
16086	15982
15808	15514
15043	14332
13349	12109
10701	9272
7977	6921
6128	5555
5149	4858
4643	4475
4318	4143
3949	3738
3533	3345
3200	3101
3047	3021
3018	3034
3077	3137
3212	3297
3405	3566
3804	4117
4489	4898
5355	5916
6658	7620
8766	9999
11203	12291
13216	13978
14590	15072
15441	15716
15912	16044
16134	16189
16222	16239
16248	16252
16254	16254
16254	16254
16254	16254
16254	16254
16254	16254
16254	16254
16254	16254
16254	16254
16254	16254
16254	16254
16254	16254
16254	16254
16254	16254
16254	16254
16254	16254
16254	16254
16254	16254
16254	16254
16254	16254
16254	16254
16254	16254
16254	16254
16254	16254
16254	16254
16254	16254
16254	16254
16254	16254
16254	16254
16254	16254
16254	16254
16254	16254
16254	16254
16254	16254
16254	16254
16254	16254
16254	16254
16254	16254
16254	0
16254	16254
16254	16254
16254	16254
16254	16254
16254	16254
16254	16254
16254	16254
16254	16254
16254	16254
16254	16254
16254	16254
16254	16254
16254	16254
16254	16254
16254	16254
16254	16254
16254	16254
16254	16254
16254	16254
16254	16254
16254	16254
16254	16254
16254	16254
16254	16254
16254	16254
16254	16254
16254	16254
16254	16254
16254	16254
16254	16254
16254	16254
16254	16254
16254	16254
16254	16254
16254	16254
16254	16254
16254	16254
16254	16254
16254	16254
16254	16254
16254	16253
16251	16243
16230	16208
16168	16105
16003	15839
15568	15136
14490	13580
12391	10968
9418	7901
6567	5522
4774	4276
3956	3751
3619	3521
3429	3327
3201	3052
2890	2725
2577	2461
2389	2357
2358	2383
2426	2480
2542	2608
2692	2811
2985	3215
3491	3806
4173	4651
5310	6189
7264	8460
9675	10837
11897	12839
13659	14357
14929	15379
15707	15936
16082	16168
16214	16236
16247	16252
16254	16254
16254	16254
16254	16254
16254	16254
16254	16254
16254	16254
16254	16254
16254	16254
16254	16254
16254	16254
16254	16254
16254	16254
16254	16254
16254	16254
16254	16254
16254	16254
16254	16254
16254	16254
16254	16254
16254	16254
16254	16254
16254	16254
16254	16254
16254	16254
16254	16254
16254	16254
16254	16254
16254	16254
16254	16254
16254	16254
16254	16254
16254	16254
16254	16254
16254	16254
16254	16254
16254	16254
16254	16254
16254	0
16254	16254
16254	16254
16254	16254
16254	16254
16254	16254
16254	16254
16254	16254
16254	16254
16254	16254
16254	16254
16254	16254
16254	16254
16254	16254
16254	16254
16254	16254
16254	16254
16254	16254
16254	16254
16254	16254
16254	16254
16254	16254
16254	16254
16254	16254
16254	16254
16254	16254
16254	16254
16254	16254
16254	16254
16254	16254
16254	16254
16254	16254
16254	16254
16254	16254
16254	16254
16254	16254
16254	16254
16254	16254
16254	16254
16254	16254
16254	16254
16254	16252
16250	16241
16224	16192
16133	16033
15872	15613
15205	14598
13748	12633
11273	9738
8147	6648
5377	4409
3753	3345
3113	2986
2915	2855
2796	2719
2625	2513
2384	2246
2109	1999
1926	1893
1893	1913
1950	1999
2051	2112
2183	2280
2412	2582
2785	3015
3296	3677
4213	4949
5871	6936
8068	9215
10338	11421
12445	13386
14210	14889
15407	15769
15999	16130
16200	16231
16247	16252
16254	16254
16254	16254
16254	16254
16254	16254
16254	16254
16254	16254
16254	16254
16254	16254
16254	16254
16254	16254
16254	16254
16254	16254
16254	16254
16254	16254
16254	16254
16254	16254
16254	16254
16254	16254
16254	16254
16254	16254
16254	16254
16254	16254
16254	16254
16254	16254
16254	16254
16254	16254
16254	16254
16254	16254
16254	16254
16254	16254
16254	16254
16254	16254
16254	16254
16254	16254
16254	16254
16254	16254
16254	16254
16254	0
16254	16254
16254	16254
16254	16254
16254	16254
16254	16254
16254	16254
16254	16254
16254	16254
16254	16254
16254	16254
16254	16254
16254	16254
16254	16254
16254	16254
16254	16254
16254	16254
16254	16254
16254	16254
16254	16254
16254	16254
16254	16254
16254	16254
16254	16254
16254	16254
16254	16254
16254	16254
16254	16254
16254	16254
16254	16254
16254	16254
16254	16254
16254	16254
16254	16254
16254	16254
16254	16254
16254	16254
16254	16254
16254	16254
16254	16254
16254	16254
16254	16252
16247	16237
16213	16166
16077	15924
15670	15276
14689	13872
12806	11509
10033	8467
6928	5541
4403	3566
3018	2701
2543	2472
2435	2396
2341	2267
2182	2089
1988	1880
1773	1682
1618	1586
1582	1595
1624	1662
1704	1761
1827	1914
2022	2152
2302	2473
2679	2963
3369	3936
4668	5538
6510	7559
8665	9827
11018	12198
13299	14250
14999	15533
15874	16073
16175	16222
16243	16250
16252	16253
16254	16254
16254	16254
16254	16254
16254	16254
16254	16254
16254	16254
16254	16254
16254	16254
16254	16254
16254	16254
16254	16254
16254	16254
16254	16254
16254	16254
16254	16254
16254	16254
16254	16254
16254	16254
16254	16254
16254	16254
16254	16254
16254	16254
16254	16254
16254	16254
16254	16254
16254	16254
16254	16254
16254	16254
16254	16254
16254	16254
16254	16254
16254	16254
16254	16254
16254	16254
16254	16254
16254	16254
16254	0
16254	16254
16254	16254
16254	16254
16254	16254
16254	16254
16254	16254
16254	16254
16254	16254
16254	16254
16254	16254
16254	16254
16254	16254
16254	16254
16254	16254
16254	16254
16254	16254
16254	16254
16254	16254
16254	16254
16254	16254
16254	16254
16254	16254
16254	16254
16254	16254
16254	16254
16254	16254
16254	16254
16254	16254
16254	16254
16254	16254
16254	16254
16254	16254
16254	16254
16254	16254
16254	16254
16254	16254
16254	16254
16254	16254
16254	16254
16254	16254
16254	16252
16246	16231
16199	16130
15996	15764
15384	14811
14010	12965
11694	10255
8731	7218
5811	4597
3630	2941
2501	2262
2155	2119
2100	2067
2006	1928
1841	1760
1681	1605
1531	1468
1423	1399
1394	1399
1415	1441
1478	1530
1592	1668
1761	1866
1980	2107
2257	2457
2747	3153
3691	4350
5125	6015
7041	8207
9511	10895
12258	13487
14489	15222
15704	15987
16136	16208
16237	16248
16251	16252
16252	16253
16253	16254
16254	16254
16254	16254
16254	16254
16254	16254
16254	16254
16254	16254
16254	16254
16254	16254
16254	16254
16254	16254
16254	16254
16254	16254
16254	16254
16254	16254
16254	16254
16254	16254
16254	16254
16254	16254
16254	16254
16254	16254
16254	16254
16254	16254
16254	16254
16254	16254
16254	16254
16254	16254
16254	16254
16254	16254
16254	16254
16254	16254
16254	16254
16254	16254
16254	16254
16254	16254
16254	0
16254	16254
16254	16254
16254	16254
16254	16254
16254	16254
16254	16254
16254	16254
16254	16254
16254	16254
16254	16254
16254	16254
16254	16254
16254	16254
16254	16254
16254	16254
16254	16254
16254	16254
16254	16254
16254	16254
16254	16254
16254	16254
16254	16254
16254	16254
16254	16254
16254	16254
16254	16254
16254	16254
16254	16254
16254	16254
16254	16254
16254	16254
16254	16254
16254	16254
16254	16254
16254	16254
16254	16254
16254	16254
16254	16254
16254	16254
16254	16254
16254	16251
16244	16223
16176	16074
15877	15537
14993	14214
13174	11904
10463	8946
7447	6059
4837	3821
3037	2481
2137	1952
1882	1862
1850	1814
1751	1669
1590	1518
1463	1413
1372	1338
1315	1300
1296	1297
1306	1323
1355	1398
1454	1520
1600	1683
1774	1870
1978	2118
2311	2587
2955	3424
4000	4715
5608	6722
8065	9584
11159	12635
13882	14826
15469	15861
16076	16179
16225	16244
16251	16252
16252	16253
16253	16254
16254	16254
16254	16254
16254	16254
16254	16254
16254	16254
16254	16254
16254	16254
16254	16254
16254	16254
16254	16254
16254	16254
16254	16254
16254	16254
16254	16254
16254	16254
16254	16254
16254	16254
16254	16254
16254	16254
16254	16254
16254	16254
16254	16254
16254	16254
16254	16254
16254	16254
16254	16254
16254	16254
16254	16254
16254	16254
16254	16254
16254	16254
16254	16254
16254	16254
16254	16254
16254	0
16254	16254
16254	16254
16254	16254
16254	16254
16254	16254
16254	16254
16254	16254
16254	16254
16254	16254
16254	16254
16254	16254
16254	16254
16254	16254
16254	16254
16254	16254
16254	16254
16254	16254
16254	16254
16254	16254
16254	16254
16254	16254
16254	16254
16254	16254
16254	16254
16254	16254
16254	16254
16254	16254
16254	16254
16254	16254
16254	16254
16254	16254
16254	16254
16254	16254
16254	16254
16254	16254
16254	16254
16254	16254
16254	16254
16254	16254
16254	16254
16253	16249
16239	16211
16143	16000
15720	15244
14513	13497
12222	10755
9198	7673
6267	5044
4024	3208
2588	2152
1878	1734
1680	1669
1659	1628
1567	1493
1419	1362
1322	1297
1282	1272
1267	1265
1266	1268
1273	1291
1315	1353
1402	1457
1519	1585
1654	1727
1803	1898
2024	2202
2444	2760
3169	3713
4461	5475
6787	8351
10052	11712
13174	14331
15152	15678
15981	16137
16209	16236
16247	16250
16252	16252
16253	16253
16254	16254
16254	16254
16254	16254
16254	16254
16254	16254
16254	16254
16254	16254
16254	16254
16254	16254
16254	16254
16254	16254
16254	16254
16254	16254
16254	16254
16254	16254
16254	16254
16254	16254
16254	16254
16254	16254
16254	16254
16254	16254
16254	16254
16254	16254
16254	16254
16254	16254
16254	16254
16254	16254
16254	16254
16254	16254
16254	16254
16254	16254
16254	16254
16254	16254
16254	16254
16254	0
16254	16254
16254	16254
16254	16254
16254	16254
16254	16254
16254	16254
16254	16254
16254	16254
16254	16254
16254	16254
16254	16254
16254	16254
16254	16254
16254	16254
16254	16254
16254	16254
16254	16254
16254	16254
16254	16254
16254	16254
16254	16254
16254	16254
16254	16254
16254	16254
16254	16254
16254	16254
16254	16254
16254	16254
16254	16254
16254	16254
16254	16254
16254	16254
16254	16254
16254	16254
16254	16254
16254	16254
16254	16254
16254	16254
16254	16254
16254	16254
16252	16249
16234	16195
16102	15900
15520	14890
13952	12705
11213	9592
7982	6507
5238	4202
3378	2740
2255	1910
1692	1577
1533	1526
1522	1496
1447	1386
1327	1284
1259	1252
1255	1263
1274	1283
1292	1299
1308	1323
1348	1380
1417	1460
1506	1555
1606	1657
1711	1774
1853	1968
2120	2326
2606	3010
3611	4497
5714	7237
8967	10737
12368	13726
14744	15430
15846	16072
16179	16224
16241	16247
16248	16251
16253	16253
16254	16254
16254	16254
16254	16254
16254	16254
16254	16254
16254	16254
16254	16254
16254	16254
16254	16254
16254	16254
16254	16254
16254	16254
16254	16254
16254	16254
16254	16254
16254	16254
16254	16254
16254	16254
16254	16254
16254	16254
16254	16254
16254	16254
16254	16254
16254	16254
16254	16254
16254	16254
16254	16254
16254	16254
16254	16254
16254	16254
16254	16254
16254	16254
16254	16254
16254	16254
16254	0
16254	16254
16254	16254
16254	16254
16254	16254
16254	16254
16254	16254
16254	16254
16254	16254
16254	16254
16254	16254
16254	16254
16254	16254
16254	16254
16254	16254
16254	16254
16254	16254
16254	16254
16254	16254
16254	16254
16254	16254
16254	16254
16254	16254
16254	16254
16254	16254
16254	16254
16254	16254
16254	16254
16254	16254
16254	16254
16254	16254
16254	16254
16254	16254
16254	16254
16254	16254
16254	16254
16254	16254
16254	16254
16254	16254
16254	16254
16253	16253
16251	16244
16224	16171
16044	15775
15283	14484
13337	11873
10199	8482
6874	5496
4385	3529
2878	2384
2007	1740
1566	1476
1444	1444
1447	1433
1400	1358
1316	1286
1274	1279
1292	1315
1333	1353
1371	1388
1405	1425
1446	1473
1499	1526
1553	1585
1617	1653
1690	1729
1779	1850
1944	2071
2260	2551
3023	3763
4835	6241
7920	9718
11476	13018
14247	15119
15674	15982
16137	16204
16230	16240
16245	16248
16250	16253
16253	16254
16254	16254
16254	16254
16254	16254
16254	16254
16254	16254
16254	16254
16254	16254
16254	16254
16254	16254
16254	16254
16254	16254
16254	16254
16254	16254
16254	16254
16254	16254
16254	16254
16254	16254
16254	16254
16254	16254
16254	16254
16254	16254
16254	16254
16254	16254
16254	16254
16254	16254
16254	16254
16254	16254
16254	16254
16254	16254
16254	16254
16254	16254
16254	16254
16254	16254
16254	0
16254	16254
16254	16254
16254	16254
16254	16254
16254	16254
16254	16254
16254	16254
16254	16254
16254	16254
16254	16254
16254	16254
16254	16254
16254	16254
16254	16254
16254	16254
16254	16254
16254	16254
16254	16254
16254	16254
16254	16254
16254	16254
16254	16254
16254	16254
16254	16254
16254	16254
16254	16254
16254	16254
16254	16254
16254	16254
16254	16254
16254	16254
16254	16254
16254	16254
16254	16254
16254	16254
16254	16254
16254	16254
16254	16254
16254	16253
16253	16251
16249	16240
16211	16138
15969	15623
15008	14039
12694	11042
9238	7472
5912	4652
3700	3003
2498	2119
1832	1625
1494	1429
1413	1425
1442	1449
1439	1418
1398	1386
1383	1394
1416	1443
1472	1501
1529	1554
1579	1601
1623	1642
1654	1663
1672	1683
1703	1722
1741	1762
1787	1823
1872	1948
2067	2270
2626	3219
4120	5368
6930	8707
10544	12253
13687	14758
15464	15876
16085	16176
16216	16231
16238	16245
16248	16251
16253	16254
16254	16254
16254	16254
16254	16254
16254	16254
16254	16254
16254	16254
16254	16254
16254	16254
16254	16254
16254	16254
16254	16254
16254	16254
16254	16254
16254	16254
16254	16254
16254	16254
16254	16254
16254	16254
16254	16254
16254	16254
16254	16254
16254	16254
16254	16254
16254	16254
16254	16254
16254	16254
16254	16254
16254	16254
16254	16254
16254	16254
16254	16254
16254	16254
16254	16254
16254	0
16254	16254
16254	16254
16254	16254
16254	16254
16254	16254
16254	16254
16254	16254
16254	16254
16254	16254
16254	16254
16254	16254
16254	16254
16254	16254
16254	16254
16254	16254
16254	16254
16254	16254
16254	16254
16254	16254
16254	16254
16254	16254
16254	16254
16254	16254
16254	16254
16254	16254
16254	16254
16254	16254
16254	16254
16254	16254
16254	16254
16254	16254
16254	16254
16254	16254
16254	16254
16254	16254
16254	16254
16254	16254
16254	16254
16253	16253
16252	16251
16247	16233
16194	16098
15880	15448
14703	13567
12042	10241
8349	6584
5102	3971
3163	2604
2215	1930
1721	1573
1487	1452
1463	1494
1534	1562
1582	1590
1596	1603
1614	1633
1661	1693
1727	1765
1799	1830
1860	1882
1902	1909
1910	1903
1894	1888
1886	1888
1887	1885
1881	1877
1887	1915
1974	2105
2358	2811
3542	4611
6034	7752
9634	11482
13108	14370
15235	15750
16018	16145
16196	16219
16232	16239
16245	16249
16252	16254
16254	16254
16254	16254
16254	16254
16254	16254
16254	16254
16254	16254
16254	16254
16254	16254
16254	16254
16254	16254
16254	16254
16254	16254
16254	16254
16254	16254
16254	16254
16254	16254
16254	16254
16254	16254
16254	16254
16254	16254
16254	16254
16254	16254
16254	16254
16254	16254
16254	16254
16254	16254
16254	16254
16254	16254
16254	16254
16254	16254
16254	16254
16254	16254
16254	16254
16254	0
16254	16254
16254	16254
16254	16254
16254	16254
16254	16254
16254	16254
16254	16254
16254	16254
16254	16254
16254	16254
16254	16254
16254	16254
16254	16254
16254	16254
16254	16254
16254	16254
16254	16254
16254	16254
16254	16254
16254	16254
16254	16254
16254	16254
16254	16254
16254	16254
16254	16254
16254	16254
16254	16254
16254	16254
16254	16254
16254	16254
16254	16254
16254	16254
16254	16254
16254	16254
16254	16254
16254	16254
16254	16254
16254	16254
16253	16253
16251	16249
16242	16224
16173	16047
15775	15252
14373	13073
11393	9473
7541	5813
4430	3425
2750	2309
2021	1818
1680	1594
1558	1568
1616	1681
1752	1815
1870	1910
1946	1978
2007	2040
2074	2111
2153	2192
2230	2268
2300	2320
2334	2332
2317	2291
2264	2235
2214	2189
2163	2124
2079	2030
1990	1963
1967	2025
2185	2512
3088	3992
5273	6915
8810	10766
12549	13986
14995	15615
15947	16106
16172	16203
16220	16232
16242	16248
16251	16254
16254	16254
16254	16254
16254	16254
16254	16254
16254	16254
16254	16254
16254	16254
16254	16254
16254	16254
16254	16254
16254	16254
16254	16254
16254	16254
16254	16254
16254	16254
16254	16254
16254	16254
16254	16254
16254	16254
16254	16254
16254	16254
16254	16254
16254	16254
16254	16254
16254	16254
16254	16254
16254	16254
16254	16254
16254	16254
16254	16254
16254	16254
16254	16254
16254	16254
16254	0
16254	16254
16254	16254
16254	16254
16254	16254
16254	16254
16254	16254
16254	16254
16254	16254
16254	16254
16254	16254
16254	16254
16254	16254
16254	16254
16254	16254
16254	16254
16254	16254
16254	16254
16254	16254
16254	16254
16254	16254
16254	16254
16254	16254
16254	16254
16254	16254
16254	16254
16254	16254
16254	16254
16254	16254
16254	16254
16254	16254
16254	16254
16254	16254
16254	16254
16254	16254
16254	16254
16254	16254
16254	16254
16254	16253
16253	16251
16249	16245
16235	16210
16142	15984
15653	15030
14018	12568
10752	8752
6815	5149
3876	2999
2441	2105
1907	1788
1725	1710
1741	1810
1912	2026
2142	2249
2341	2421
2490	2548
2603	2651
2694	2736
2780	2822
2864	2900
2932	2954
2960	2947
2915	2875
2826	2778
2727	2670
2603	2519
2419	2310
2201	2107
2039	2017
2088	2305
2751	3509
4663	6223
8108	10130
12037	13614
14759	15477
15873	16063
16149	16187
16210	16226
16239	16245
16251	16252
16254	16254
16254	16254
16254	16254
16254	16254
16254	16254
16254	16254
16254	16254
16254	16254
16254	16254
16254	16254
16254	16254
16254	16254
16254	16254
16254	16254
16254	16254
16254	16254
16254	16254
16254	16254
16254	16254
16254	16254
16254	16254
16254	16254
16254	16254
16254	16254
16254	16254
16254	16254
16254	16254
16254	16254
16254	16254
16254	16254
16254	16254
16254	16254
16254	16254
16254	0
16254	16254
16254	16254
16254	16254
16254	16254
16254	16254
16254	16254
16254	16254
16254	16254
16254	16254
16254	16254
16254	16254
16254	16254
16254	16254
16254	16254
16254	16254
16254	16254
16254	16254
16254	16254
16254	16254
16254	16254
16254	16254
16254	16254
16254	16254
16254	16254
16254	16254
16254	16254
16254	16254
16254	16254
16254	16254
16254	16254
16254	16254
16254	16254
16254	16254
16254	16254
16254	16254
16254	16254
16254	16254
16254	16253
16252	16249
16245	16240
16226	16192
16108	15916
15523	14802
13661	12069
10142	8091
6174	4587
3428	2670
2225	1990
1884	1855
1882	1952
2062	2207
2372	2549
2718	2872
3007	3127
3229	3319
3395	3460
3514	3561
3607	3648
3690	3729
3759	3779
3781	3762
3723	3665
3597	3526
3444	3352
3239	3098
2930	2744
2553	2368
2208	2098
2073	2190
2522	3165
4200	5676
7525	9574
11564	13259
14517	15330
15790	16020
16126	16174
16203	16221
16236	16244
16250	16252
16254	16254
16254	16254
16254	16254
16254	16254
16254	16254
16254	16254
16254	16254
16254	16254
16254	16254
16254	16254
16254	16254
16254	16254
16254	16254
16254	16254
16254	16254
16254	16254
16254	16254
16254	16254
16254	16254
16254	16254
16254	16254
16254	16254
16254	16254
16254	16254
16254	16254
16254	16254
16254	16254
16254	16254
16254	16254
16254	16254
16254	16254
16254	16254
16254	16254
16254	0
16254	16254
16254	16254
16254	16254
16254	16254
16254	16254
16254	16254
16254	16254
16254	16254
16254	16254
16254	16254
16254	16254
16254	16254
16254	16254
16254	16254
16254	16254
16254	16254
16254	16254
16254	16254
16254	16254
16254	16254
16254	16254
16254	16254
16254	16254
16254	16254
16254	16254
16254	16254
16254	16254
16254	16254
16254	16254
16254	16254
16254	16254
16254	16254
16254	16254
16254	16254
16254	16254
16254	16254
16254	16254
16254	16252
16250	16247
16241	16233
16211	16168
16069	15842
15382	14568
13305	11597
9578	7500
5619	4124
3077	2433
2096	1962
1958	2034
2164	2331
2535	2762
3000	3239
3461	3661
3834	3987
4118	4231
4324	4404
4467	4519
4566	4611
4653	4693
4725	4745
4745	4723
4676	4610
4528	4435
4330	4202
4044	3850
3615	3349
3066	2773
2502	2279
2150	2164
2395	2929
3859	5240
7035	9079
11122	12905
14268	15177
15705	15976
16104	16164
16198	16220
16234	16243
16250	16252
16254	16254
16254	16254
16254	16254
16254	16254
16254	16254
16254	16254
16254	16254
16254	16254
16254	16254
16254	16254
16254	16254
16254	16254
16254	16254
16254	16254
16254	16254
16254	16254
16254	16254
16254	16254
16254	16254
16254	16254
16254	16254
16254	16254
16254	16254
16254	16254
16254	16254
16254	16254
16254	16254
16254	16254
16254	16254
16254	16254
16254	16254
16254	16254
16254	16254
16254	0
16254	16254
16254	16254
16254	16254
16254	16254
16254	16254
16254	16254
16254	16254
16254	16254
16254	16254
16254	16254
16254	16254
16254	16254
16254	16254
16254	16254
16254	16254
16254	16254
16254	16254
16254	16254
16254	16254
16254	16254
16254	16254
16254	16254
16254	16254
16254	16254
16254	16254
16254	16254
16254	16254
16254	16254
16254	16254
16254	16254
16254	16254
16254	16254
16254	16254
16254	16254
16254	16254
16254	16254
16254	16254
16254	16251
16249	16243
16233	16221
16195	16140
16018	15759
15239	14339
12966	11158
9077	6990
5159	3753
2812	2276
2042	2018
2124	2317
2560	2838
3133	3436
3740	4029
4292	4526
4723	4897
5046	5172
5281	5366
5439	5495
5545	5594
5641	5682
5718	5739
5741	5717
5668	5598
5512	5411
5288	5138
4950	4715
4428	4088
3713	3313
2921	2578
2328	2235
2358	2787
3609	4887
6604	8620
10690	12549
14010	15012
15613	15929
16083	16154
16193	16217
16233	16244
16250	16252
16254	16254
16254	16254
16254	16254
16254	16254
16254	16254
16254	16254
16254	16254
16254	16254
16254	16254
16254	16254
16254	16254
16254	16254
16254	16254
16254	16254
16254	16254
16254	16254
16254	16254
16254	16254
16254	16254
16254	16254
16254	16254
16254	16254
16254	16254
16254	16254
16254	16254
16254	16254
16254	16254
16254	16254
16254	16254
16254	16254
16254	16254
16254	16254
16254	16254
16254	0
16254	16254
16254	16254
16254	16254
16254	16254
16254	16254
16254	16254
16254	16254
16254	16254
16254	16254
16254	16254
16254	16254
16254	16254
16254	16254
16254	16254
16254	16254
16254	16254
16254	16254
16254	16254
16254	16254
16254	16254
16254	16254
16254	16254
16254	16254
16254	16254
16254	16254
16254	16254
16254	16254
16254	16254
16254	16254
16254	16254
16254	16254
16254	16254
16254	16254
16254	16254
16254	16254
16254	16254
16254	16254
16252	16251
16246	16239
16226	16206
16171	16104
15964	15667
15091	14110
12651	10760
8637	6556
4783	3464
2622	2189
2058	2143
2368	2684
3046	3421
3796	4160
4504	4825
5108	5353
5561	5740
5894	6025
6140	6230
6306	6368
6423	6474
6526	6571
6607	6629
6634	6612
6568	6501
6419	6321
6196	6042
5844	5591
5271	4888
4441	3947
3441	2973
2600	2388
2400	2717
3425	4595
6220	8188
10269	12191
13745	14841
15517	15883
16064	16148
16191	16217
16234	16243
16250	16252
16254	16254
16254	16254
16254	16254
16254	16254
16254	16254
16254	16254
16254	16254
16254	16254
16254	16254
16254	16254
16254	16254
16254	16254
16254	16254
16254	16254
16254	16254
16254	16254
16254	16254
16254	16254
16254	16254
16254	16254
16254	16254
16254	16254
16254	16254
16254	16254
16254	16254
16254	16254
16254	16254
16254	16254
16254	16254
16254	16254
16254	16254
16254	16254
16254	16254
16254	0
16254	16254
16254	16254
16254	16254
16254	16254
16254	16254
16254	16254
16254	16254
16254	16254
16254	16254
16254	16254
16254	16254
16254	16254
16254	16254
16254	16254
16254	16254
16254	16254
16254	16254
16254	16254
16254	16254
16254	16254
16254	16254
16254	16254
16254	16254
16254	16254
16254	16254
16254	16254
16254	16254
16254	16254
16254	16254
16254	16254
16254	16254
16254	16254
16254	16254
16254	16254
16254	16254
16254	16254
16254	16254
16252	16250
16244	16232
16215	16187
16145	16066
15904	15570
14943	13889
12350	10400
8254	6197
4485	3250
2500	2157
2127	2323
2667	3100
3566	4019
4447	4841
5200	5521
5802	6043
6243	6416
6565	6696
6808	6900
6981	7046
7110	7167
7220	7267
7303	7324
7328	7308
7270	7211
7140	7050
6938	6796
6606	6358
6040	5643
5161	4606
4013	3437
2945	2617
2511	2711
3301	4354
5885	7795
9877	11853
13492	14677
15426	15838
16046	16142
16192	16218
16235	16244
16251	16253
16254	16254
16254	16254
16254	16254
16254	16254
16254	16254
16254	16254
16254	16254
16254	16254
16254	16254
16254	16254
16254	16254
16254	16254
16254	16254
16254	16254
16254	16254
16254	16254
16254	16254
16254	16254
16254	16254
16254	16254
16254	16254
16254	16254
16254	16254
16254	16254
16254	16254
16254	16254
16254	16254
16254	16254
16254	16254
16254	16254
16254	16254
16254	16254
16254	16254
16254	0
16254	16254
16254	16254
16254	16254
16254	16254
16254	16254
16254	16254
16254	16254
16254	16254
16254	16254
16254	16254
16254	16254
16254	16254
16254	16254
16254	16254
16254	16254
16254	16254
16254	16254
16254	16254
16254	16254
16254	16254
16254	16254
16254	16254
16254	16254
16254	16254
16254	16254
16254	16254
16254	16254
16254	16254
16254	16254
16254	16254
16254	16254
16254	16254
16254	16254
16254	16254
16254	16254
16254	16254
16254	16254
16252	16248
16239	16228
16205	16171
16118	16027
15843	15474
14789	13666
12060	10066
7911	5889
4243	3092
2425	2169
2235	2532
2984	3514
4056	4562
5012	5404
5752	6056
6316	6537
6725	6885
7025	7147
7255	7353
7434	7508
7573	7636
7689	7735
7767	7783
7781	7763
7727	7680
7620	7545
7452	7326
7161	6938
6646	6269
5794	5222
4583	3929
3341	2899
2680	2767
3240	4179
5613	7467
9542	11560
13271	14535
15346	15801
16031	16136
16188	16216
16234	16244
16251	16253
16254	16254
16254	16254
16254	16254
16254	16254
16254	16254
16254	16254
16254	16254
16254	16254
16254	16254
16254	16254
16254	16254
16254	16254
16254	16254
16254	16254
16254	16254
16254	16254
16254	16254
16254	16254
16254	16254
16254	16254
16254	16254
16254	16254
16254	16254
16254	16254
16254	16254
16254	16254
16254	16254
16254	16254
16254	16254
16254	16254
16254	16254
16254	16254
16254	16254
16254	0
16254	16254
16254	16254
16254	16254
16254	16254
16254	16254
16254	16254
16254	16254
16254	16254
16254	16254
16254	16254
16254	16254
16254	16254
16254	16254
16254	16254
16254	16254
16254	16254
16254	16254
16254	16254
16254	16254
16254	16254
16254	16254
16254	16254
16254	16254
16254	16254
16254	16254
16254	16254
16254	16254
16254	16254
16254	16254
16254	16254
16254	16254
16254	16254
16254	16254
16254	16254
16254	16254
16254	16254
16254	16254
16251	16247
16239	16223
16197	16158
16097	15990
15782	15374
14632	13444
11775	9742
7593	5615
4043	2972
2391	2218
2367	2754
3292	3892
4481	5003
5448	5817
6133	6403
6637	6838
7005	7152
7280	7395
7503	7600
7688	7768
7842	7906
7959	7999
8021	8027
8020	7997
7963	7921
7869	7808
7731	7629
7489	7304
7054	6725
6290	5744
5099	4409
3753	3217
2897	2874
3239	4074
5419	7217
9279	11327
13096	14420
15283	15770
16016	16131
16188	16216
16234	16243
16251	16252
16254	16254
16254	16254
16254	16254
16254	16254
16254	16254
16254	16254
16254	16254
16254	16254
16254	16254
16254	16254
16254	16254
16254	16254
16254	16254
16254	16254
16254	16254
16254	16254
16254	16254
16254	16254
16254	16254
16254	16254
16254	16254
16254	16254
16254	16254
16254	16254
16254	16254
16254	16254
16254	16254
16254	16254
16254	16254
16254	16254
16254	16254
16254	16254
16254	16254
16254	0
16254	16254
16254	16254
16254	16254
16254	16254
16254	16254
16254	16254
16254	16254
16254	16254
16254	16254
16254	16254
16254	16254
16254	16254
16254	16254
16254	16254
16254	16254
16254	16254
16254	16254
16254	16254
16254	16254
16254	16254
16254	16254
16254	16254
16254	16254
16254	16254
16254	16254
16254	16254
16254	16254
16254	16254
16254	16254
16254	16254
16254	16254
16254	16254
16254	16254
16254	16254
16254	16254
16254	16254
16254	16254
16251	16247
16236	16219
16191	16147
16078	15957
15723	15274
14474	13215
11487	9425
7292	5370
3876	2893
2391	2299
2523	2981
3577	4218
4819	5333
5744	6079
6352	6591
6797	6975
7126	7260
7377	7490
7595	7695
7792	7880
7962	8024
8073	8105
8117	8114
8095	8067
8034	7994
7947	7896
7831	7748
7634	7486
7286	7016
6646	6158
5547	4857
4161	3562
3154	3036
3302	4042
5307	7052
9096	11164
12969	14339
15234	15748
16006	16126
16185	16215
16231	16243
16250	16252
16254	16254
16254	16254
16254	16254
16254	16254
16254	16254
16254	16254
16254	16254
16254	16254
16254	16254
16254	16254
16254	16254
16254	16254
16254	16254
16254	16254
16254	16254
16254	16254
16254	16254
16254	16254
16254	16254
16254	16254
16254	16254
16254	16254
16254	16254
16254	16254
16254	16254
16254	16254
16254	16254
16254	16254
16254	16254
16254	16254
16254	16254
16254	16254
16254	16254
16254	0
16254	16254
16254	16254
16254	16254
16254	16254
16254	16254
16254	16254
16254	16254
16254	16254
16254	16254
16254	16254
16254	16254
16254	16254
16254	16254
16254	16254
16254	16254
16254	16254
16254	16254
16254	16254
16254	16254
16254	16254
16254	16254
16254	16254
16254	16254
16254	16254
16254	16254
16254	16254
16254	16254
16254	16254
16254	16254
16254	16254
16254	16254
16254	16254
16254	16254
16254	16254
16254	16254
16254	16254
16254	16253
16251	16246
16235	16216
16186	16139
16064	15930
15672	15178
14318	12991
11207	9126
7012	5154
3747	2853
2436	2414
2706	3214
3845	4498
5084	5566
5937	6223
6455	6656
6837	6997
7137	7259
7374	7484
7590	7695
7798	7895
7982	8051
8096	8119
8119	8107
8081	8051
8012	7972
7927	7878
7821	7748
7657	7541
7391	7186
6894	6480
5932	5272
4572	3928
3449	3244
3420	4072
5263	6957
8978	11052
12882	14282
15201	15730
15998	16122
16181	16212
16230	16242
16249	16252
16254	16254
16254	16254
16254	16254
16254	16254
16254	16254
16254	16254
16254	16254
16254	16254
16254	16254
16254	16254
16254	16254
16254	16254
16254	16254
16254	16254
16254	16254
16254	16254
16254	16254
16254	16254
16254	16254
16254	16254
16254	16254
16254	16254
16254	16254
16254	16254
16254	16254
16254	16254
16254	16254
16254	16254
16254	16254
16254	16254
16254	16254
16254	16254
16254	16254
16254	0
16254	16254
16254	16254
16254	16254
16254	16254
16254	16254
16254	16254
16254	16254
16254	16254
16254	16254
16254	16254
16254	16254
16254	16254
16254	16254
16254	16254
16254	16254
16254	16254
16254	16254
16254	16254
16254	16254
16254	16254
16254	16254
16254	16254
16254	16254
16254	16254
16254	16254
16254	16254
16254	16254
16254	16254
16254	16254
16254	16254
16254	16254
16254	16254
16254	16254
16254	16254
16254	16254
16254	16254
16254	16253
16251	16247
16235	16216
16184	16133
16054	15909
15628	15097
14181	12793
10962	8863
6779	4989
3668	2864
2527	2574
2916	3463
4108	4748
5303	5735
6054	6291
6483	6653
6812	6957
7090	7210
7323	7433
7543	7652
7763	7869
7961	8032
8076	8094
8090	8071
8045	8011
7974	7931
7884	7833
7776	7706
7629	7540
7432	7289
7079	6752
6283	5677
4992	4324
3788	3504
3592	4159
5276	6920
8916	10986
12830	14247
15181	15721
15995	16121
16180	16211
16230	16242
16248	16252
16254	16254
16254	16254
16254	16254
16254	16254
16254	16254
16254	16254
16254	16254
16254	16254
16254	16254
16254	16254
16254	16254
16254	16254
16254	16254
16254	16254
16254	16254
16254	16254
16254	16254
16254	16254
16254	16254
16254	16254
16254	16254
16254	16254
16254	16254
16254	16254
16254	16254
16254	16254
16254	16254
16254	16254
16254	16254
16254	16254
16254	16254
16254	16254
16254	16253
16253	0
16253	16254
16254	16254
16254	16254
16254	16254
16254	16254
16254	16254
16254	16254
16254	16254
16254	16254
16254	16254
16254	16254
16254	16254
16254	16254
16254	16254
16254	16254
16254	16254
16254	16254
16254	16254
16254	16254
16254	16254
16254	16254
16254	16254
16254	16254
16254	16254
16254	16254
16254	16254
16254	16254
16254	16254
16254	16254
16254	16254
16254	16254
16254	16254
16254	16254
16254	16254
16254	16254
16254	16254
16254	16253
16251	16245
16233	16214
16182	16131
16048	15897
15598	15038
14078	12641
10774	8671
6618	4892
3652	2934
2673	2783
3167	3733
4374	4986
5490	5865
6129	6317
6474	6619
6763	6903
7035	7161
7280	7393
7507	7622
7738	7853
7950	8027
8072	8090
8086	8071
8045	8013
7976	7931
7876	7815
7747	7675
7603	7533
7466	7379
7242	7003
6620	6083
5429	4752
4170	3813
3815	4297
5342	6928
8895	10955
12800	14226
15172	15715
15992	16119
16179	16210
16230	16241
16248	16252
16254	16254
16254	16254
16254	16254
16254	16254
16254	16254
16254	16254
16254	16254
16254	16254
16254	16254
16254	16254
16254	16254
16254	16254
16254	16254
16254	16254
16254	16254
16254	16254
16254	16254
16254	16254
16254	16254
16254	16254
16254	16254
16254	16254
16254	16254
16254	16254
16254	16254
16254	16254
16254	16254
16254	16254
16254	16254
16254	16254
16254	16254
16253	16253
16252	16252
16252	0
16252	16253
16254	16253
16254	16254
16254	16254
16254	16254
16254	16254
16254	16254
16254	16254
16254	16254
16254	16254
16254	16254
16254	16254
16254	16254
16254	16254
16254	16254
16254	16254
16254	16254
16254	16254
16254	16254
16254	16254
16254	16254
16254	16254
16254	16254
16254	16254
16254	16254
16254	16254
16254	16254
16254	16254
16254	16254
16254	16254
16254	16254
16254	16254
16254	16254
16254	16254
16254	16254
16254	16254
16254	16253
16251	16247
16235	16216
16184	16133
16049	15893
15585	15007
14021	12558
10671	8570
6549	4880
3715	3072
2883	3045
3462	4036
4655	5221
5669	5982
6188	6336
6462	6591
6730	6877
7019	7157
7285	7413
7534	7655
7775	7894
7998	8079
8129	8152
8154	8144
8124	8098
8055	8001
7930	7852
7767	7681
7602	7546
7507	7472
7402	7247
6952	6491
5885	5216
4597	4172
4092	4492
5463	6994
8925	10963
12805	14228
15174	15718
15995	16122
16180	16211
16230	16242
16248	16252
16254	16254
16254	16254
16254	16254
16254	16254
16254	16254
16254	16254
16254	16254
16254	16254
16254	16254
16254	16254
16254	16254
16254	16254
16254	16254
16254	16254
16254	16254
16254	16254
16254	16254
16254	16254
16254	16254
16254	16254
16254	16254
16254	16254
16254	16254
16254	16254
16254	16254
16254	16254
16254	16254
16254	16254
16254	16254
16254	16254
16254	16253
16253	16252
16252	16251
16251	0
16249	16253
16254	16253
16254	16254
16254	16254
16254	16254
16254	16254
16254	16254
16254	16254
16254	16254
16254	16254
16254	16254
16254	16254
16254	16254
16254	16254
16254	16254
16254	16254
16254	16254
16254	16254
16254	16254
16254	16254
16254	16254
16254	16254
16254	16254
16254	16254
16254	16254
16254	16254
16254	16254
16254	16254
16254	16254
16254	16254
16254	16254
16254	16254
16254	16254
16254	16254
16254	16254
16254	16254
16254	16254
16251	16247
16236	16217
16185	16137
16054	15898
15588	15005
14012	12539
10654	8569
6581	4960
3859	3284
3156	3365
3805	4371
4957	5464
5843	6088
6240	6348
6454	6582
6727	6891
7056	7218
7369	7510
7645	7775
7904	8027
8135	8220
8277	8304
8312	8306
8291	8257
8205	8133
8038	7931
7818	7710
7621	7567
7550	7554
7545	7468
7260	6887
6342	5695
5058	4580
4422	4743
5647	7124
9011	11024
12844	14253
15189	15729
16000	16126
16183	16214
16231	16242
16248	16252
16254	16254
16254	16254
16254	16254
16254	16254
16254	16254
16254	16254
16254	16254
16254	16254
16254	16254
16254	16254
16254	16254
16254	16254
16254	16254
16254	16254
16254	16254
16254	16254
16254	16254
16254	16254
16254	16254
16254	16254
16254	16254
16254	16254
16254	16254
16254	16254
16254	16254
16254	16254
16254	16254
16254	16254
16254	16254
16254	16254
16253	16252
16250	16247
16243	16239
16235	0
16227	16253
16249	16253
16254	16254
16254	16254
16254	16254
16254	16254
16254	16254
16254	16254
16254	16254
16254	16254
16254	16254
16254	16254
16254	16254
16254	16254
16254	16254
16254	16254
16254	16254
16254	16254
16254	16254
16254	16254
16254	16254
16254	16254
16254	16254
16254	16254
16254	16254
16254	16254
16254	16254
16254	16254
16254	16254
16254	16254
16254	16254
16254	16254
16254	16254
16254	16254
16254	16254
16254	16254
16254	16254
16251	16247
16237	16221
16191	16145
16065	15913
15612	15033
14054	12596
10728	8663
6706	5127
4076	3559
3486	3738
4194	4743
5278	5712
6010	6185
6282	6355
6449	6577
6740	6927
7122	7317
7501	7671
7828	7975
8115	8246
8361	8450
8512	8540
8548	8534
8504	8448
8367	8260
8134	7990
7845	7712
7610	7556
7554	7593
7641	7640
7523	7242
6778	6175
5539	5025
4809	5062
5902	7328
9171	11144
12929	14310
15224	15749
16012	16133
16190	16218
16235	16244
16250	16252
16254	16254
16254	16254
16254	16254
16254	16254
16254	16254
16254	16254
16254	16254
16254	16254
16254	16254
16254	16254
16254	16254
16254	16254
16254	16254
16254	16254
16254	16254
16254	16254
16254	16254
16254	16254
16254	16254
16254	16254
16254	16254
16254	16254
16254	16254
16254	16254
16254	16254
16254	16254
16254	16254
16254	16254
16254	16254
16254	16254
16252	16251
16243	16231
16216	16187
16183	0
16133	16250
16225	16249
16251	16252
16254	16254
16254	16254
16254	16254
16254	16254
16254	16254
16254	16254
16254	16254
16254	16254
16254	16254
16254	16254
16254	16254
16254	16254
16254	16254
16254	16254
16254	16254
16254	16254
16254	16254
16254	16254
16254	16254
16254	16254
16254	16254
16254	16254
16254	16254
16254	16254
16254	16254
16254	16254
16254	16254
16254	16254
16254	16254
16254	16254
16254	16254
16254	16254
16254	16254
16254	16254
16252	16247
16239	16224
16198	16155
16082	15939
15646	15088
14131	12707
10874	8841
6911	5364
4354	3885
3862	4150
4619	5139
5608	5956
6164	6256
6295	6334
6411	6547
6728	6945
7177	7410
7635	7843
8036	8211
8373	8522
8645	8740
8799	8819
8807	8765
8695	8592
8459	8301
8128	7948
7772	7619
7505	7453
7469	7545
7648	7724
7704	7527
7160	6624
6017	5490
5234	5437
6227	7603
9400	11324
13058	14392
15275	15776
16027	16142
16195	16220
16236	16245
16250	16252
16254	16254
16254	16254
16254	16254
16254	16254
16254	16254
16254	16254
16254	16254
16254	16254
16254	16254
16254	16254
16254	16254
16254	16254
16254	16254
16254	16254
16254	16254
16254	16254
16254	16254
16254	16254
16254	16254
16254	16254
16254	16254
16254	16254
16254	16254
16254	16254
16254	16254
16254	16254
16254	16254
16254	16254
16254	16254
16254	16253
16251	16243
16223	16186
16137	16033
16032	0
15820	16242
16151	16241
16243	16251
16254	16254
16254	16254
16254	16254
16254	16254
16254	16254
16254	16254
16254	16254
16254	16254
16254	16254
16254	16254
16254	16254
16254	16254
16254	16254
16254	16254
16254	16254
16254	16254
16254	16254
16254	16254
16254	16254
16254	16254
16254	16254
16254	16254
16254	16254
16254	16254
16254	16254
16254	16254
16254	16254
16254	16254
16254	16254
16254	16254
16254	16254
16254	16254
16254	16254
16254	16254
16252	16249
16239	16229
16205	16168
16099	15965
15690	15157
14240	12866
11080	9086
7183	5658
4672	4240
4261	4581
5054	5540
5935	6187
6292	6295
6267	6265
6326	6458
6652	6893
7159	7432
7704	7963
8201	8421
8624	8800
8942	9041
9091	9088
9038	8941
8800	8619
8411	8187
7963	7744
7546	7384
7271	7230
7273	7392
7553	7712
7792	7728
7467	7022
6464	5949
5678	5846
6598	7935
9684	11549
13220	14499
15336	15809
16045	16151
16199	16225
16238	16247
16251	16253
16254	16254
16254	16254
16254	16254
16254	16254
16254	16254
16254	16254
16254	16254
16254	16254
16254	16254
16254	16254
16254	16254
16254	16254
16254	16254
16254	16254
16254	16254
16254	16254
16254	16254
16254	16254
16254	16254
16254	16254
16254	16254
16254	16254
16254	16254
16254	16254
16254	16254
16254	16254
16254	16254
16254	16254
16254	16254
16254	16253
16247	16227
16181	16085
15966	15660
15699	0
15001	16225
15950	16224
16221	16247
16253	16254
16254	16254
16254	16254
16254	16254
16254	16254
16254	16254
16254	16254
16254	16254
16254	16254
16254	16254
16254	16254
16254	16254
16254	16254
16254	16254
16254	16254
16254	16254
16254	16254
16254	16254
16254	16254
16254	16254
16254	16254
16254	16254
16254	16254
16254	16254
16254	16254
16254	16254
16254	16254
16254	16254
16254	16254
16254	16254
16254	16254
16254	16254
16254	16254
16254	16254
16252	16250
16243	16231
16213	16180
16118	15993
15737	15236
14368	13051
11322	9368
7487	5971
4998	4590
4645	4992
5462	5905
6225	6377
6378	6294
6195	6144
6176	6297
6497	6750
7044	7357
7676	7988
8287	8565
8814	9027
9191	9298
9337	9303
9196	9021
8789	8510
8213	7915
7636	7387
7180	7019
6923	6910
6988	7151
7379	7618
7798	7846
7697	7347
6855	6370
6094	6247
6977	8280
9984	11788
13395	14608
15400	15842
16061	16160
16207	16228
16241	16247
16251	16254
16254	16254
16254	16254
16254	16254
16254	16254
16254	16254
16254	16254
16254	16254
16254	16254
16254	16254
16254	16254
16254	16254
16254	16254
16254	16254
16254	16254
16254	16254
16254	16254
16254	16254
16254	16254
16254	16254
16254	16254
16254	16254
16254	16254
16254	16254
16254	16254
16254	16254
16254	16254
16254	16254
16254	16254
16254	16254
16254	16249
16237	16200
16111	15909
15674	14955
15126	0
13341	16198
15547	16197
16184	16243
16252	16254
16254	16254
16254	16254
16254	16254
16254	16254
16254	16254
16254	16254
16254	16254
16254	16254
16254	16254
16254	16254
16254	16254
16254	16254
16254	16254
16254	16254
16254	16254
16254	16254
16254	16254
16254	16254
16254	16254
16254	16254
16254	16254
16254	16254
16254	16254
16254	16254
16254	16254
16254	16254
16254	16254
16254	16254
16254	16254
16254	16254
16254	16254
16254	16254
16254	16254
16252	16251
16243	16235
16218	16187
16132	16018
15779	15312
14493	13231
11555	9638
7772	6256
5285	4890
4965	5330
5797	6202
6452	6516
6430	6261
6100	6001
6001	6103
6295	6556
6866	7209
7572	7936
8292	8629
8931	9181
9372	9485
9511	9440
9276	9018
8693	8319
7931	7563
7240	6970
6762	6615
6546	6564
6680	6892
7177	7486
7754	7897
7850	7586
7156	6705
6439	6591
7304	8585
10250	12002
13547	14707
15454	15871
16076	16168
16209	16229
16242	16248
16251	16254
16254	16254
16254	16254
16254	16254
16254	16254
16254	16254
16254	16254
16254	16254
16254	16254
16254	16254
16254	16254
16254	16254
16254	16254
16254	16254
16254	16254
16254	16254
16254	16254
16254	16254
16254	16254
16254	16254
16254	16254
16254	16254
16254	16254
16254	16254
16254	16254
16254	16254
16254	16254
16254	16254
16254	16254
16254	16254
16253	16247
16227	16167
16020	15679
15296	13955
14385	0
10846	16170
14943	16168
16131	16236
16251	16254
16254	16254
16254	16254
16254	16254
16254	16254
16254	16254
16254	16254
16254	16254
16254	16254
16254	16254
16254	16254
16254	16254
16254	16254
16254	16254
16254	16254
16254	16254
16254	16254
16254	16254
16254	16254
16254	16254
16254	16254
16254	16254
16254	16254
16254	16254
16254	16254
16254	16254
16254	16254
16254	16254
16254	16254
16254	16254
16254	16254
16254	16254
16254	16254
16254	16254
16252	16251
16244	16236
16220	16193
16140	16033
15811	15367
14584	13368
11734	9844
7989	6468
5492	5101
5189	5563
6023	6402
6601	6600
6447	6223
6011	5875
5850	5931
6114	6374
6694	7058
7450	7857
8258	8639
8983	9265
9474	9593
9606	9510
9297	8979
8580	8130
7676	7257
6902	6617
6410	6284
6236	6284
6432	6683
7011	7374
7700	7912
7934	7734
7354	6932
6679	6829
7538	8804
10440	12155
13657	14775
15492	15891
16085	16173
16213	16232
16242	16249
16252	16254
16254	16254
16254	16254
16254	16254
16254	16254
16254	16254
16254	16254
16254	16254
16254	16254
16254	16254
16254	16254
16254	16254
16254	16254
16254	16254
16254	16254
16254	16254
16254	16254
16254	16254
16254	16254
16254	16254
16254	16254
16254	16254
16254	16254
16254	16254
16254	16254
16254	16254
16254	16254
16254	16254
16254	16254
16254	16254
16253	16246
16217	16136
15935	15458
14940	12931
13684	0
