16254	16254
16254	16254
16254	16254
16254	16254
16254	16254
16254	16254
16254	16254
16254	16254
16254	16254
16254	16252
16251	16244
16239	16227
16206	16166
16076	15887
15527	14924
14069	13038
11979	11059
10382	9953
9699	9523
9348	9140
8905	8678
8497	8362
8257	8179
8158	8224
8383	8586
8775	8888
8902	8811
8647	8494
8466	8675
9154	9829
10546	11147
11518	11618
11435	10984
10342	9635
9027	8656
8559	8672
8876	9060
9142	9069
8799	8314
7624	6818
6006	5314
4805	4490
4318	4244
4215	4210
4212	4221
4230	4241
4249	4261
4272	4286
4305	4329
4353	4382
4415	4454
4497	4548
4613	4697
4811	4959
5133	5315
5460	5534
5519	5429
5308	5195
5116	5079
5088	5161
5340	5698
6298	7187
8358	9727
11165	12520
13677	14578
15217	15637
15893	16041
16126	16170
16192	16204
16210	16213
16213	16215
16215	16218
16225	16233
16240	16247
16251	16252
16254	16254
16254	16253
16250	16241
16219	16169
16062	15848
15463	14859
14037	13101
12235	11628
11369	11415
11630	11862
12022	12063
11978	11764
11462	11135
10878	10740
10725	10780
10882	11037
11257	11522
11776	11960
12041	12031
11997	12034
12265	12743
13436	14219
14940	15489
15847	16044
16144	16193
16219	16232
16243	16249
16252	16254
16254	16254
16254	16254
16254	16254
16254	16254
16254	16254
16254	16254
16254	16254
16254	16254
16254	16254
16254	0
16254	16254
16254	16254
16254	16254
16254	16254
16254	16254
16254	16254
16254	16254
16254	16254
16254	16254
16254	16252
16251	16244
16239	16225
16202	16159
16064	15861
15482	14856
13984	12939
11882	10978
10320	9907
9664	9491
9318	9108
8873	8652
8474	8342
8243	8168
8154	8227
8387	8593
8777	8884
8888	8788
8621	8473
8459	8684
9176	9856
10570	11156
11518	11606
11419	10971
10334	9636
9041	8676
8582	8693
8887	9059
9127	9031
8741	8234
7533	6722
5922	5246
4756	4454
4296	4226
4203	4199
4203	4212
4219	4226
4237	4246
4257	4270
4289	4310
4335	4364
4395	4430
4476	4523
4587	4667
4774	4906
5062	5218
5346	5412
5407	5340
5248	5156
5094	5064
5073	5132
5281	5576
6087	6857
7899	9152
10517	11862
13073	14068
14828	15361
15713	15932
16062	16138
16179	16201
16212	16218
16220	16219
16222	16225
16229	16236
16243	16248
16251	16254
16254	16254
16254	16253
16250	16241
16220	16175
16071	15867
15496	14908
14097	13163
12283	11653
11366	11397
11605	11844
12014	12067
11988	11781
11487	11162
10905	10762
10739	10791
10887	11035
11248	11510
11764	11949
12032	12024
11984	12014
12234	12706
13399	14186
14915	15472
15838	16040
16144	16191
16219	16232
16243	16249
16252	16254
16254	16254
16254	16254
16254	16254
16254	16254
16254	16254
16254	16254
16254	16254
16254	16254
16254	16254
16254	0
16254	16254
16254	16254
16254	16254
16254	16254
16254	16254
16254	16254
16254	16254
16254	16254
16254	16254
16254	16252
16250	16243
16235	16222
16196	16144
16040	15820
15412	14756
13850	12792
11739	10855
10225	9837
9610	9447
9273	9065
8833	8618
8444	8316
8219	8151
8142	8226
8392	8598
8775	8870
8865	8755
8587	8444
8448	8696
9208	9895
10600	11169
11511	11588
11389	10941
10309	9621
9041	8692
8607	8716
8900	9054
9098	8979
8655	8120
7402	6590
5803	5152
4689	4411
4267	4205
4188	4187
4190	4197
4203	4210
4216	4224
4234	4247
4263	4283
4307	4333
4364	4399
4440	4491
4549	4626
4722	4836
4970	5098
5206	5266
5272	5233
5171	5112
5070	5051
5054	5095
5204	5424
5814	6429
7286	8373
9618	10925
12179	13291
14203	14900
15398	15733
15946	16075
16149	16189
16211	16223
16228	16230
16231	16233
16236	16240
16245	16249
16251	16254
16254	16254
16254	16253
16251	16242
16223	16179
16084	15893
15542	14978
14184	13251
12353	11685
11363	11370
11573	11819
12000	12065
11998	11806
11518	11199
10936	10789
10757	10802
10893	11033
11238	11494
11747	11936
12024	12015
11972	11995
12203	12666
13355	14147
14884	15453
15825	16036
16141	16192
16219	16232
16243	16249
16252	16254
16254	16254
16254	16254
16254	16254
16254	16254
16254	16254
16254	16254
16254	16254
16254	16254
16254	16254
16254	0
16254	16254
16254	16254
16254	16254
16254	16254
16254	16254
16254	16254
16254	16254
16254	16254
16254	16254
16254	16252
16249	16242
16233	16217
16188	16130
16013	15772
15329	14631
13687	12608
11562	10704
10111	9753
9546	9392
9221	9015
8788	8578
8412	8286
8190	8127
8128	8218
8391	8595
8768	8852
8832	8713
8540	8407
8434	8712
9248	9943
10635	11179
11498	11554
11345	10891
10260	9585
9022	8692
8619	8729
8907	9041
9060	8908
8553	7987
7249	6438
5671	5047
4615	4360
4233	4184
4170	4171
4175	4179
4184	4187
4194	4198
4205	4215
4231	4248
4270	4298
4327	4363
4404	4452
4511	4582
4668	4766
4876	4986
5075	5131
5150	5136
5107	5074
5051	5040
5042	5066
5135	5278
5548	5988
6642	7523
8603	9815
11073	12281
13353	14240
14922	15415
15747	15961
16089	16162
16201	16222
16230	16234
16236	16239
16242	16244
16248	16251
16252	16254
16254	16254
16254	16253
16251	16242
16224	16184
16097	15921
15593	15053
14282	13357
12437	11729
11364	11340
11535	11786
11983	12063
12011	11831
11554	11239
10974	10817
10777	10812
10896	11025
11218	11470
11726	11920
12014	12008
11963	11983
12185	12639
13326	14119
14860	15438
15817	16032
16140	16192
16217	16232
16243	16249
16251	16254
16254	16254
16254	16254
16254	16254
16254	16254
16254	16254
16254	16254
16254	16254
16254	16254
16254	16254
16254	0
16254	16254
16254	16254
16254	16254
16254	16254
16254	16254
16254	16254
16254	16254
16254	16254
16254	16254
16254	16251
16248	16242
16230	16212
16180	16116
15986	15719
15239	14497
13513	12412
11370	10538
9986	9664
9479	9332
9167	8960
8739	8537
8374	8253
8159	8098
8107	8206
8382	8585
8747	8824
8791	8662
8487	8365
8417	8730
9288	9986
10664	11185
11474	11505
11280	10818
10189	9525
8982	8675
8616	8731
8901	9018
9015	8832
8444	7847
7095	6284
5538	4944
4544	4313
4205	4164
4156	4154
4158	4159
4162	4164
4166	4169
4175	4183
4193	4211
4231	4258
4290	4328
4370	4423
4480	4548
4628	4715
4810	4906
4983	5041
5073	5085
5080	5068
5058	5053
5049	5060
5093	5173
5333	5620
6078	6740
7617	8684
9881	11121
12315	13378
14259	14944
15434	15766
15978	16102
16172	16206
16226	16236
16239	16243
16246	16247
16249	16253
16253	16254
16254	16254
16254	16253
16251	16242
16226	16188
16109	15946
15641	15128
14382	13461
12522	11775
11366	11309
11495	11753
11964	12060
12024	11856
11588	11279
11009	10841
10792	10819
10893	11014
11199	11447
11702	11904
12004	12004
11962	11981
12179	12631
13313	14105
14848	15429
15812	16030
16138	16191
16217	16232
16243	16249
16251	16254
16254	16254
16254	16254
16254	16254
16254	16254
16254	16254
16254	16254
16254	16254
16254	16254
16254	16254
16254	0
16254	16254
16254	16254
16254	16254
16254	16254
16254	16254
16254	16254
16254	16254
16254	16254
16254	16254
16254	16251
16247	16240
16227	16207
16171	16099
15953	15664
15152	14368
13349	12225
11187	10382
9863	9574
9411	9276
9111	8911
8694	8498
8337	8219
8125	8066
8078	8183
8363	8565
8720	8787
8744	8607
8430	8320
8401	8741
9323	10028
10688	11181
11440	11449
11205	10733
10104	9450
8927	8637
8594	8715
8880	8984
8958	8753
8337	7718
6952	6146
5418	4855
4482	4274
4178	4144
4137	4137
4140	4140
4139	4140
4140	4139
4143	4148
4157	4169
4192	4222
4262	4309
4361	4420
4483	4553
4630	4711
4799	4887
4964	5029
5077	5106
5119	5124
5122	5118
5113	5107
5109	5135
5209	5369
5657	6118
6780	7657
8723	9917
11156	12346
13405	14287
14965	15453
15780	15987
16106	16174
16207	16226
16235	16242
16245	16247
16249	16253
16253	16254
16254	16254
16254	16253
16251	16242
16226	16190
16116	15966
15680	15193
14468	13554
12599	11820
11369	11284
11457	11720
11945	12054
12033	11880
11619	11312
11037	10860
10800	10818
10885	10995
11174	11420
11676	11885
11991	11995
11960	11983
12185	12636
13314	14101
14845	15426
15810	16028
16138	16191
16218	16232
16243	16249
16251	16254
16254	16254
16254	16254
16254	16254
16254	16254
16254	16254
16254	16254
16254	16254
16254	16254
16254	16254
16254	0
16254	16254
16254	16254
16254	16254
16254	16254
16254	16254
16254	16254
16254	16254
16254	16254
16254	16254
16253	16251
16247	16237
16224	16199
16160	16083
15924	15616
15075	14257
13204	12061
11023	10239
9748	9489
9343	9217
9061	8860
8650	8457
8305	8185
8090	8034
8048	8158
8340	8536
8685	8741
8687	8544
8370	8275
8376	8749
9351	10056
10700	11166
11399	11384
11124	10645
10016	9372
8863	8592
8562	8684
8845	8939
8898	8675
8241	7606
6836	6035
5327	4786
4437	4244
4157	4126
4122	4121
4123	4120
4117	4113
4113	4112
4110	4112
4120	4134
4162	4203
4261	4328
4404	4482
4557	4634
4713	4797
4887	4973
5060	5136
5200	5247
5275	5290
5295	5289
5275	5251
5222	5199
5198	5252
5399	5681
6141	6809
7691	8758
9952	11188
12373	13429
14305	14980
15463	15784
15984	16102
16165	16199
16220	16232
16240	16245
16249	16252
16254	16254
16254	16254
16254	16253
16251	16242
16227	16193
16122	15980
15711	15244
14537	13630
12665	11855
11373	11264
11424	11694
11927	12051
12038	11896
11642	11338
11058	10873
10802	10811
10870	10972
11145	11387
11651	11861
11972	11981
11950	11978
12183	12637
13316	14102
14844	15424
15809	16028
16137	16191
16216	16232
16243	16249
16251	16254
16254	16254
16254	16254
16254	16254
16254	16254
16254	16254
16254	16254
16254	16254
16254	16254
16254	16254
16254	0
16254	16254
16254	16254
16254	16254
16254	16254
16254	16254
16254	16254
16254	16254
16254	16254
16254	16254
16252	16250
16245	16236
16221	16194
16151	16070
15900	15574
15009	14161
13081	11922
10883	10111
9643	9403
9276	9163
9009	8816
8608	8420
8268	8152
8057	8002
8018	8127
8306	8500
8639	8687
8629	8479
8308	8224
8351	8743
9363	10066
10698	11142
11352	11317
11045	10561
9935	9298
8802	8544
8522	8650
8802	8887
8833	8600
8157	7517
6745	5957
5261	4739
4403	4222
4139	4110
4104	4100
4099	4097
4094	4089
4085	4084
4082	4080
4086	4106
4146	4211
4300	4408
4529	4642
4749	4846
4938	5031
5125	5224
5323	5420
5501	5567
5612	5639
5646	5637
5604	5556
5483	5395
5313	5266
5290	5425
5705	6170
6839	7723
8788	9978
11209	12389
13442	14312
14981	15461
15778	15975
16091	16157
16191	16217
16230	16241
16246	16250
16252	16254
16254	16254
16254	16253
16251	16243
16228	16195
16125	15991
15732	15280
14587	13687
12714	11884
11377	11247
11397	11667
11913	12045
12043	11909
11663	11360
11076	10880
10799	10799
10850	10949
11118	11358
11621	11831
11943	11951
11921	11955
12166	12623
13305	14093
14838	15420
15807	16028
16138	16191
16215	16232
16242	16249
16251	16254
16254	16254
16254	16254
16254	16254
16254	16254
16254	16254
16254	16254
16254	16254
16254	16254
16254	16254
16254	0
16254	16254
16254	16254
16254	16254
16254	16254
16254	16254
16254	16254
16254	16254
16254	16254
16254	16254
16252	16250
16243	16232
16216	16189
16144	16059
15884	15546
14960	14085
12983	11806
10759	9993
9537	9315
9203	9100
8955	8769
8565	8382
8233	8119
8025	7972
7987	8094
8268	8454
8587	8628
8562	8414
8247	8175
8317	8725
9354	10058
10678	11108
11301	11255
10976	10491
9869	9239
8754	8504
8484	8606
8755	8832
8774	8535
8090	7453
6694	5918
5235	4728
4395	4214
4125	4090
4081	4076
4072	4070
4067	4061
4058	4057
4056	4055
4064	4093
4150	4252
4398	4576
4767	4945
5100	5232
5347	5457
5571	5688
5810	5929
6035	6122
6189	6225
6236	6220
6169	6073
5933	5758
5569	5407
5310	5311
5440	5728
6194	6865
7744	8803
9985	11210
12386	13439
14308	14974
15449	15764
15960	16080
16149	16192
16219	16233
16243	16248
16251	16253
16253	16254
16254	16253
16251	16243
16228	16195
16129	15999
15749	15308
14626	13728
12748	11905
11379	11233
11378	11648
11899	12039
12044	11919
11676	11374
11084	10883
10792	10784
10829	10923
11091	11328
11587	11796
11904	11909
11877	11912
12127	12589
13278	14072
14825	15412
15806	16026
16138	16190
16216	16232
16242	16248
16251	16254
16254	16254
16254	16254
16254	16254
16254	16254
16254	16254
16254	16254
16254	16254
16254	16254
16254	16254
16254	0
16254	16254
16254	16254
16254	16254
16254	16254
16254	16254
16254	16254
16254	16254
16254	16254
16254	16254
16252	16248
16242	16231
16215	16188
16143	16054
15878	15528
14928	14033
12907	11708
10647	9879
9429	9218
9120	9029
8897	8718
8519	8338
8194	8081
7990	7937
7955	8060
8228	8405
8532	8568
8501	8354
8192	8127
8277	8694
9328	10030
10645	11066
11252	11201
10921	10439
9820	9196
8716	8467
8444	8565
8707	8780
8718	8484
8048	7428
6687	5934
5270	4767
4433	4240
4134	4085
4064	4053
4048	4045
4041	4037
4035	4033
4033	4037
4050	4089
4179	4332
4553	4826
5117	5388
5616	5800
5951	6091
6228	6369
6518	6666
6802	6916
7002	7057
7071	7046
6963	6813
6581	6285
5958	5653
5423	5298
5303	5440
5735	6204
6868	7740
8794	9972
11201	12381
13433	14300
14966	15439
15755	15953
16076	16151
16196	16223
16239	16246
16250	16252
16252	16252
16253	16252
16251	16242
16228	16196
16132	16006
15760	15325
14649	13754
12771	11918
11382	11227
11368	11640
11893	12037
12049	11926
11687	11385
11093	10885
10785	10768
10808	10896
11061	11295
11551	11754
11852	11852
11818	11851
12069	12537
13235	14041
14803	15402
15800	16024
16137	16190
16216	16231
16242	16248
16251	16254
16254	16254
16254	16254
16254	16254
16254	16254
16254	16254
16254	16254
16254	16254
16254	16254
16254	16254
16254	0
16254	16254
16254	16254
16254	16254
16254	16254
16254	16254
16254	16254
16254	16254
16254	16254
16254	16254
16252	16248
16241	16229
16214	16188
16144	16061
15878	15527
14914	14007
12860	11642
10560	9776
9320	9113
9025	8949
8829	8660
8465	8289
8149	8040
7955	7905
7921	8022
8186	8357
8479	8513
8446	8303
8144	8084
8236	8655
9286	9989
10601	11019
11206	11160
10883	10409
9797	9177
8693	8438
8408	8518
8658	8728
8670	8446
8032	7441
6737	6016
5377	4882
4538	4319
4186	4107
4062	4039
4025	4017
4014	4012
4011	4012
4014	4021
4043	4102
4228	4441
4754	5140
5549	5928
6248	6495
6690	6861
7025	7195
7369	7545
7711	7854
7964	8036
8058	8022
7905	7685
7347	6910
6423	5959
5588	5350
5245	5273
5426	5723
6191	6853
7722	8779
9964	11194
12384	13436
14302	14963
15436	15753
15958	16084
16159	16204
16229	16242
16250	16251
16252	16252
16252	16252
16250	16242
16229	16197
16137	16010
15770	15334
14662	13764
12780	11923
11382	11222
11363	11634
11890	12037
12048	11928
11690	11389
11092	10879
10770	10747
10778	10868
11026	11257
11505	11704
11793	11790
11746	11782
12000	12477
13182	14002
14778	15389
15793	16024
16138	16190
16217	16231
16242	16248
16251	16254
16254	16254
16254	16254
16254	16254
16254	16254
16254	16254
16254	16254
16254	16254
16254	16254
16254	16254
16254	0
16254	16254
16254	16254
16254	16254
16254	16254
16254	16254
16254	16254
16254	16254
16254	16254
16254	16254
16251	16248
16242	16231
16216	16193
16153	16070
15891	15536
14925	14010
12852	11614
10512	9702
9227	9008
8920	8852
8744	8585
8401	8229
8090	7989
7909	7864
7881	7981
8143	8310
8431	8466
8403	8260
8106	8044
8193	8605
9234	9930
10547	10969
11163	11126
10863	10397
9795	9177
8684	8414
8371	8470
8601	8675
8628	8423
8043	7499
6847	6179
5579	5099
4744	4490
4311	4182
4098	4045
4016	3999
3990	3989
3989	3992
3996	4009
4042	4121
4282	4564
4965	5466
5997	6491
6897	7210
7445	7640
7819	8004
8192	8386
8571	8737
8870	8958
8990	8945
8798	8514
8079	7507
6870	6254
5757	5417
5230	5177
5236	5404
5704	6169
6836	7709
8777	9972
11210	12396
13447	14310
14970	15444
15763	15971
16097	16172
16213	16236
16245	16249
16251	16252
16252	16251
16250	16241
16229	16199
16137	16012
15769	15336
14659	13760
12774	11916
11378	11222
11365	11638
11892	12037
12048	11926
11685	11380
11083	10865
10752	10720
10746	10827
10984	11211
11456	11645
11732	11722
11677	11707
11927	12409
13129	13963
14752	15374
15787	16021
16137	16191
16217	16231
16242	16248
16251	16254
16254	16254
16254	16254
16254	16254
16254	16254
16254	16254
16254	16254
16254	16254
16254	16254
16254	16254
16254	0
16254	16254
16254	16254
16254	16254
16254	16254
16254	16254
16254	16254
16254	16254
16254	16254
16254	16254
16251	16248
16242	16233
16219	16198
16163	16083
15912	15566
14962	14056
12897	11649
10520	9675
9165	8916
8813	8744
8642	8492
8317	8149
8022	7925
7853	7815
7833	7934
8095	8264
8386	8423
8362	8227
8073	8010
8148	8552
9170	9865
10483	10915
11123	11103
10856	10408
9815	9195
8689	8400
8334	8419
8550	8626
8592	8416
8081	7597
7021	6422
5880	5432
5071	4779
4538	4342
4195	4093
4030	3995
3975	3967
3969	3968
3976	3993
4036	4134
4334	4668
5151	5749
6387	6975
7457	7815
8075	8269
8442	8609
8787	8971
9158	9331
9479	9583
9625	9580
9418	9091
8583	7918
7171	6454
5868	5463
5227	5127
5123	5206
5380	5686
6158	6834
7722	8799
9999	11238
12418	13462
14322	14982
15460	15779
15988	16110
16182	16218
16237	16243
16247	16247
16251	16250
16250	16241
16229	16199
16137	16010
15766	15326
14643	13738
12750	11900
11371	11224
11370	11644
11895	12035
12041	11912
11666	11356
11055	10835
10716	10678
10696	10775
10928	11154
11397	11583
11667	11655
11609	11637
11860	12347
13079	13925
14729	15360
15780	16018
16135	16191
16217	16231
16242	16248
16251	16254
16254	16254
16254	16254
16254	16254
16254	16254
16254	16254
16254	16254
16254	16254
16254	16254
16254	16254
16254	0
16254	16254
16254	16254
16254	16254
16254	16254
16254	16254
16254	16254
16254	16254
16254	16254
16254	16254
16252	16249
16242	16236
16224	16205
16170	16097
15933	15606
15025	14145
13006	11756
10602	9712
9147	8853
8717	8634
8529	8382
8213	8054
7931	7846
7786	7754
7778	7877
8042	8214
8343	8388
8333	8203
8049	7977
8104	8490
9097	9788
10413	10861
11086	11086
10863	10433
9854	9234
8711	8393
8301	8369
8492	8576
8564	8420
8133	7720
7225	6720
6260	5864
5520	5199
4892	4613
4378	4206
4088	4016
3975	3955
3947	3948
3952	3974
4025	4141
4367	4743
5286	5956
6666	7321
7850	8232
8486	8654
8776	8884
9006	9145
9304	9466
9614	9727
9778	9743
9579	9244
8718	8025
7248	6503
5893	5466
5217	5095
5061	5092
5186	5370
5685	6169
6856	7755
8836	10034
11265	12438
13479	14339
15002	15478
15799	16001
16120	16183
16218	16232
16238	16243
16246	16247
16247	16241
16229	16198
16135	16004
15751	15302
14608	13698
12718	11875
11361	11228
11383	11655
11900	12032
12028	11886
11632	11313
11005	10779
10657	10615
10631	10704
10863	11091
11336	11523
11605	11594
11547	11575
11802	12297
13038	13899
14712	15351
15776	16017
16135	16191
16217	16232
16242	16248
16251	16254
16254	16254
16254	16254
16254	16254
16254	16254
16254	16254
16254	16254
16254	16254
16254	16254
16254	16254
16254	0
16254	16254
16254	16254
16254	16254
16254	16254
16254	16254
16254	16254
16254	16254
16254	16254
16254	16254
16252	16250
16244	16239
16228	16211
16181	16114
15964	15658
15114	14275
13171	11932
10754	9815
9183	8825
8641	8528
8410	8261
8091	7937
7821	7746
7692	7669
7702	7808
7975	8155
8295	8349
8305	8179
8030	7950
8060	8428
9017	9704
10334	10799
11045	11070
10874	10472
9905	9286
8744	8397
8272	8318
8436	8527
8538	8427
8194	7852
7446	7038
6677	6364
6063	5738
5381	5012
4674	4401
4203	4075
3997	3956
3935	3928
3931	3951
4008	4136
4382	4788
5368	6081
6833	7523
8071	8447
8667	8768
8799	8800
8816	8871
8968	9097
9231	9343
9403	9382
9238	8930
8441	7795
7073	6381
5816	5422
5189	5075
5033	5037
5080	5188
5380	5704
6199	6893
7793	8869
10058	11284
12453	13496
14355	15019
15496	15811
16009	16120
16180	16211
16227	16235
16241	16244
16245	16239
16227	16198
16130	15993
15728	15265
14557	13643
12663	11841
11348	11234
11397	11668
11905	12023
12004	11844
11573	11243
10928	10699
10575	10531
10546	10624
10791	11030
11279	11471
11556	11548
11501	11535
11764	12269
13019	13889
14707	15351
15774	16017
16135	16192
16217	16232
16242	16249
16251	16254
16254	16254
16254	16254
16254	16254
16254	16254
16254	16254
16254	16254
16254	16254
16254	16254
16254	16254
16254	0
16254	16254
16254	16254
16254	16254
16254	16254
16254	16254
16254	16254
16254	16254
16254	16254
16254	16254
16252	16251
16247	16241
16232	16217
16190	16132
15999	15721
15215	14425
13364	12142
10950	9956
9256	8832
8593	8442
8299	8136
7960	7804
7692	7622
7578	7565
7601	7714
7891	8083
8237	8308
8278	8162
8012	7926
8018	8361
8931	9611
10250	10732
11005	11057
10892	10515
9972	9355
8795	8412
8255	8276
8384	8487
8516	8442
8255	7977
7649	7337
7078	6863
6638	6349
5970	5531
5090	4703
4403	4192
4057	3978
3932	3911
3909	3926
3984	4118
4378	4802
5404	6137
6910	7610
8155	8505
8669	8675
8577	8437
8313	8248
8257	8330
8436	8539
8603	8600
8492	8243
7840	7302
6703	6130
5665	5344
5151	5056
5021	5014
5034	5090
5203	5404
5734	6233
6925	7817
8885	10071
11294	12463
13505	14367
15032	15504
15814	16003
16113	16169
16201	16220
16231	16239
16243	16238
16225	16194
16123	15977
15698	15214
14488	13566
12596	11796
11334	11242
11414	11681
11901	12005
11964	11785
11492	11145
10822	10593
10472	10434
10455	10546
10727	10978
11239	11433
11520	11515
11473	11514
11755	12271
13032	13904
14722	15358
15780	16017
16136	16191
16218	16232
16243	16249
16251	16254
16254	16254
16254	16254
16254	16254
16254	16254
16254	16254
16254	16254
16254	16254
16254	16254
16254	16254
16254	0
16254	16254
16254	16254
16254	16254
16254	16254
16254	16254
16254	16254
16254	16254
16254	16254
16254	16254
16254	16251
16249	16245
16238	16226
16205	16152
16032	15785
15322	14582
13559	12357
11147	10108
9347	8860
8571	8379
8207	8024
7835	7669
7553	7483
7442	7431
7475	7594
7781	7990
8164	8255
8245	8141
7997	7903
7974	8289
8838	9507
10154	10658
10959	11041
10907	10564
10045	9438
8862	8446
8248	8243
8341	8450
8497	8454
8306	8081
7818	7586
7419	7309
7186	6973
6621	6149
5622	5122
4702	4389
4172	4036
3955	3910
3893	3906
3963	4102
4367	4802
5412	6152
6929	7628
8161	8475
8569	8471
8232	7934
7655	7457
7369	7374
7442	7528
7596	7614
7547	7373
7079	6683
6240	5820
5480	5246
5111	5042
5014	5011
5017	5046
5105	5223
5427	5757
6255	6940
7827	8890
10074	11298
12470	13516
14378	15036
15503	15807
15995	16102
16162	16199
16220	16232
16239	16238
16223	16192
16115	15956
15657	15147
14402	13470
12515	11748
11323	11253
11434	11694
11897	11977
11911	11707
11393	11030
10702	10477
10364	10338
10375	10487
10687	10952
11220	11417
11504	11501
11468	11525
11784	12316
13085	13956
14761	15385
15793	16025
16138	16194
16221	16234
16243	16249
16252	16254
16254	16254
16254	16254
16254	16254
16254	16254
16254	16254
16254	16254
16254	16254
16254	16254
16254	16254
16254	0
16254	16254
16254	16254
16254	16254
16254	16254
16254	16254
16254	16254
16254	16254
16254	16254
16254	16254
16254	16252
16250	16245
16242	16234
16214	16169
16065	15840
15415	14716
13729	12541
11319	10245
9433	8896
8563	8339
8143	7940
7730	7547
7415	7339
7295	7284
7327	7449
7644	7872
8069	8185
8198	8114
7977	7880
7930	8216
8734	9394
10049	10577
10907	11022
10921	10617
10126	9529
8945	8496
8257	8219
8301	8412
8476	8459
8349	8162
7948	7768
7673	7656
7647	7541
7266	6816
6251	5659
5123	4689
4366	4151
4014	3933
3897	3895
3948	4089
4357	4796
5410	6154
6929	7619
8135	8414
8442	8246
7878	7431
7009	6687
6507	6450
6478	6548
6615	6647
6623	6521
6334	6079
5794	5523
5303	5156
5072	5030
5011	5009
5013	5025
5058	5121
5241	5443
5771	6258
6943	7824
8887	10071
11301	12476
13523	14381
15037	15499
15802	15988
16099	16162
16201	16223
16234	16235
16223	16184
16104	15929
15605	15065
14294	13355
12420	11693
11310	11271
11454	11699
11882	11935
11843	11613
11276	10898
10572	10357
10264	10259
10321	10453
10677	10954
11226	11419
11507	11503
11485	11561
11851	12407
13184	14046
14830	15428
15816	16034
16142	16196
16221	16234
16243	16249
16252	16254
16254	16254
16254	16254
16254	16254
16254	16254
16254	16254
16254	16254
16254	16254
16254	16254
16254	16254
16254	0
16254	16254
16254	16254
16254	16254
16254	16254
16254	16254
16254	16254
16254	16254
16254	16254
16254	16254
16254	16253
16252	16248
16246	16239
16225	16188
16095	15889
15489	14822
13863	12686
11454	10353
9504	8935
8573	8325
8111	7886
7656	7452
7299	7203
7150	7130
7164	7281
7481	7726
7946	8089
8129	8068
7945	7845
7876	8130
8620	9264
9929	10479
10842	10992
10934	10665
10212	9636
9045	8564
8282	8203
8264	8374
8454	8460
8379	8224
8042	7891
7837	7886
7978	7997
7844	7476
6928	6291
5660	5108
4671	4353
4134	3999
3923	3902
3948	4085
4355	4795
5410	6152
6924	7610
8108	8359
8335	8061
7593	7032
6497	6079
5821	5716
5713	5766
5829	5877
5886	5841
5744	5603
5442	5290
5167	5086
5042	5023
5014	5010
5009	5018
5032	5066
5129	5246
5446	5767
6253	6932
7813	8879
10069	11304
12482	13528
14386	15036
15497	15800
15992	16103
16170	16208
16230	16233
16222	16179
16086	15893
15540	14966
14168	13222
12314	11630
11294	11284
11471	11700
11854	11879
11757	11501
11142	10761
10442	10250
10181	10207
10296	10456
10698	10984
11252	11438
11518	11517
11512	11620
11945	12528
13317	14167
14923	15487
15847	16047
16148	16197
16223	16237
16244	16250
16252	16254
16254	16254
16254	16254
16254	16254
16254	16254
16254	16254
16254	16254
16254	16254
16254	16254
16254	16254
16254	0
16254	16254
16254	16254
16254	16254
16254	16254
16254	16254
16254	16254
16254	16254
16254	16254
16254	16254
16254	16253
16253	16250
16248	16243
16232	16201
16117	15926
15549	14907
13968	12801
11563	10440
9568	8975
8595	8333
8103	7864
7617	7391
7215	7096
7025	6988
7007	7110
7305	7555
7795	7961
8028	7995
7891	7794
7809	8029
8485	9115
9780	10359
10759	10950
10931	10708
10296	9746
9153	8646
8317	8195
8228	8332
8425	8454
8396	8269
8107	7970
7930	8012
8176	8312
8301	8064
7605	6986
6308	5658
5101	4660
4340	4122
3993	3940
3967	4095
4363	4803
5418	6157
6928	7606
8096	8325
8271	7946
7412	6777
6168	5688
5384	5242
5221	5260
5322	5377
5406	5405
5367	5300
5220	5145
5081	5044
5024	5017
5011	5010
5010	5011
5020	5035
5069	5128
5243	5436
5756	6239
6919	7805
8879	10077
11314	12493
13537	14389
15039	15499
15807	15999
16115	16178
16215	16225
16213	16169
16061	15845
15459	14848
14016	13073
12190	11562
11277	11297
11483	11693
11815	11810
11660	11379
11006	10625
10327	10164
10131	10184
10304	10489
10748	11034
11296	11464
11531	11530
11542	11682
12049	12668
13469	14302
15027	15552
15884	16065
16155	16199
16224	16237
16244	16251
16252	16254
16254	16254
16254	16254
16254	16254
16254	16254
16254	16254
16254	16254
16254	16254
16254	16254
16254	16254
16254	0
16254	16254
16254	16254
16254	16254
16254	16254
16254	16254
16254	16254
16254	16254
16254	16254
16254	16254
16254	16253
16253	16252
16250	16249
16238	16211
16134	15958
15599	14984
14072	12921
11681	10541
9645	9029
8634	8360
8123	7876
7614	7367
7166	7026
6931	6874
6869	6949
7125	7369
7616	7804
7896	7887
7806	7717
7719	7907
8327	8931
9604	10208
10647	10884
10912	10740
10376	9858
9273	8741
8365	8195
8196	8286
8385	8434
8407	8300
8152	8016
7965	8048
8245	8473
8603	8533
8214	7684
7020	6319
5660	5097
4652	4329
4121	4015
4011	4123
4383	4819
5430	6165
6932	7609
8094	8316
8249	7901
7338	6671
6030	5520
5193	5037
5002	5036
5098	5156
5200	5217
5207	5174
5130	5085
5050	5028
5017	5013
5011	5010
5008	5008
5012	5019
5033	5063
5120	5230
5422	5741
6228	6916
7810	8890
10093	11329
12505	13544
14396	15047
15511	15819
16011	16124
16183	16208
16198	16147
16026	15781
15353	14696
13835	12889
12047	11478
11245	11295
11485	11670
11765	11728
11551	11247
10869	10502
10230	10105
10111	10194
10336	10542
10807	11094
11338	11489
11544	11538
11566	11738
12147	12801
13617	14438
15130	15620
15919	16080
16161	16201
16224	16238
16244	16251
16252	16254
16254	16254
16254	16254
16254	16254
16254	16254
16254	16254
16254	16254
16254	16254
16254	16254
16254	16254
16254	0
16254	16254
16254	16254
16254	16254
16254	16254
16254	16254
16254	16254
16254	16254
16254	16254
16254	16254
16254	16254
16253	16253
16252	16251
16242	16218
16148	15987
15653	15065
14188	13059
11824	10672
9750	9104
8690	8403
8160	7906
7639	7374
7156	6992
6877	6799
6765	6812
6961	7184
7427	7623
7736	7753
7693	7614
7601	7754
8133	8709
9381	10012
10499	10786
10870	10754
10445	9971
9403	8850
8429	8202
8160	8235
8338	8406
8402	8323
8189	8053
7979	8033
8226	8506
8753	8848
8709	8324
7745	7052
6332	5661
5089	4641
4329	4146
4092	4173
4416	4842
5448	6183
6949	7622
8107	8332
8266	7925
7368	6706
6073	5567
5243	5088
5051	5086
5149	5208
5255	5273
5259	5219
5165	5110
5066	5039
5023	5017
5012	5010
5007	5007
5007	5007
5014	5024
5050	5103
5214	5409
5734	6225
6922	7822
8905	10105
11341	12513
13553	14404
15057	15521
15828	16016
16123	16171
16170	16114
15972	15692
15215	14510
13620	12678
11878	11373
11202	11285
11472	11640
11705	11640
11436	11119
10740	10392
10160	10077
10116	10229
10389	10608
10877	11154
11380	11511
11549	11538
11580	11785
12235	12924
13753	14564
15224	15681
15953	16098
16168	16204
16225	16238
16245	16251
16252	16254
16254	16254
16254	16254
16254	16254
16254	16254
16254	16254
16254	16254
16254	16254
16254	16254
16254	16254
16254	0
16254	16254
16254	16254
16254	16254
16254	16254
16254	16254
16254	16254
16254	16254
16254	16254
16254	16254
16254	16254
16254	16253
16253	16251
16245	16222
16166	16019
15712	15165
14327	13234
12011	10845
9888	9208
8760	8458
8208	7953
7678	7407
7173	6992
6858	6761
6699	6709
6816	7012
7241	7441
7568	7608
7566	7488
7460	7575
7906	8447
9112	9770
10306	10656
10803	10749
10501	10077
9531	8972
8508	8224
8131	8179
8277	8363
8386	8337
8222	8085
7984	7996
8153	8438
8760	9002
9048	8851
8415	7794
7076	6337
5654	5079
4646	4360
4229	4259
4470	4877
5473	6205
6970	7647
8138	8372
8329	8018
7504	6886
6298	5831
5534	5393
5370	5408
5474	5536
5572	5569
5523	5436
5326	5218
5129	5072
5039	5023
5013	5009
5005	5005
5003	5003
5003	5006
5014	5040
5094	5207
5407	5738
6236	6935
7833	8912
10108	11339
12511	13552
14406	15058
15521	15826
16007	16099
16118	16059
15894	15573
15037	14280
13359	12433
11687	11253
11147	11264
11456	11608
11646	11552
11328	10995
10621	10304
10116	10077
10146	10279
10451	10676
10943	11211
11417	11529
11550	11540
11598	11836
12325	13045
13885	14682
15315	15741
15987	16113
16176	16208
16227	16240
16245	16251
16252	16254
16254	16254
16254	16254
16254	16254
16254	16254
16254	16254
16254	16254
16254	16254
16254	16254
16254	16254
16254	0
16254	16254
16254	16254
16254	16254
16254	16254
16254	16254
16254	16254
16254	16254
16254	16254
16254	16254
16254	16254
16254	16254
16253	16252
16248	16229
16177	16048
15775	15270
14488	13435
12230	11048
10055	9326
8842	8517
8259	8001
7731	7455
7207	7016
6870	6755
6670	6646
6712	6871
7077	7274
7409	7460
7432	7357
7309	7383
7662	8159
8809	9487
10074	10487
10704	10717
10536	10169
9662	9101
8601	8257
8105	8114
8202	8301
8353	8335
8247	8120
8002	7965
8067	8318
8665	9003
9216	9216
8967	8485
7835	7087
6334	5650
5089	4681
4446	4398
4557	4930
5511	6236
7001	7684
8184	8440
8433	8181
7741	7211
6703	6307
6059	5955
5950	6003
6072	6128
6147	6107
5999	5824
5615	5412
5244	5130
5064	5030
5015	5006
5002	5001
5002	5002
5000	4999
5001	5010
5038	5096
5213	5417
5747	6242
6935	7828
8902	10093
11320	12493
13534	14389
15044	15506
15803	15969
16026	15972
15787	15415
14821	14004
13063	12158
11483	11131
11094	11243
11440	11573
11592	11470
11222	10880
10522	10242
10100	10101
10198	10340
10521	10746
11009	11259
11446	11543
11552	11545
11626	11900
12431	13182
14025	14804
15405	15800
16021	16133
16185	16215
16231	16241
16247	16251
16252	16254
16254	16254
16254	16254
16254	16254
16254	16254
16254	16254
16254	16254
16254	16254
16254	16254
16254	16254
16254	0
16254	16254
16254	16254
16254	16254
16254	16254
16254	16254
16254	16254
16254	16254
16254	16254
16254	16254
16254	16254
16254	16254
16254	16254
16249	16234
16191	16080
15836	15384
14655	13653
12470	11276
10241	9460
8930	8577
8308	8053
7783	7508
7257	7054
6898	6773
6671	6614
6642	6760
6945	7130
7271	7332
7312	7237
7166	7196
7415	7856
8479	9169
9799	10279
10563	10651
10539	10240
9780	9233
8705	8300
8079	8037
8105	8214
8296	8317
8264	8155
8033	7957
7996	8183
8507	8890
9225	9403
9354	9056
8539	7858
7096	6343
5667	5128
4770	4617
4695	5020
5573	6285
7049	7736
8252	8537
8581	8404
8067	7654
7260	6958
6784	6726
6752	6820
6896	6947
6942	6850
6650	6357
6010	5675
5397	5207
5094	5037
5011	5001
4996	4996
4999	5001
5003	5001
5001	5006
5021	5052
5113	5226
5422	5739
6222	6901
7786	8852
10040	11269
12446	13492
14352	15008
15467	15748
15872	15842
15639	15218
14559	13692
12739	11879
11281	11024
11053	11237
11433	11549
11540	11396
11128	10781
10441	10199
10107	10147
10265	10413
10596	10818
11070	11305
11476	11555
11563	11566
11678	11996
12570	13347
14185	14937
15500	15859
16054	16151
16198	16221
16233	16242
16248	16251
16253	16254
16254	16254
16254	16254
16254	16254
16254	16254
16254	16254
16254	16254
16254	16254
16254	16254
16254	16254
16254	0
16254	16254
16254	16254
16254	16254
16254	16254
16254	16254
16254	16254
16254	16254
16254	16254
16254	16254
16254	16254
16254	16254
16254	16254
16249	16238
16201	16108
15896	15491
14819	13870
12718	11517
10442	9605
9026	8638
8357	8102
7838	7563
7308	7097
6935	6805
6693	6611
6600	6682
6839	7017
7161	7232
7218	7142
7051	7038
7189	7566
8145	8829
9493	10031
10386	10545
10508	10280
9879	9360
8815	8355
8058	7946
7983	8092
8204	8266
8256	8182
8068	7970
7949	8061
8322	8697
9093	9411
9552	9460
9125	8576
7879	7111
6365	5710
5216	4935
4912	5162
5670	6360
7115	7806
8335	8653
8754	8668
8447	8163
7893	7703
7607	7602
7662	7751
7837	7884
7850	7695
7394	6963
6461	5973
5572	5290
5123	5037
4997	4983
4981	4985
4991	4998
5004	5010
5017	5028
5041	5059
5088	5134
5226	5395
5688	6153
6817	7691
8754	9942
11178	12364
13424	14294
14952	15395
15625	15646
15436	14972
14253	13348
12405	11612
11112	10950
11043	11250
11440	11536
11499	11328
11041	10695
10379	10181
10136	10211
10340	10492
10673	10892
11133	11351
11504	11567
11574	11601
11752	12124
12743	13539
14368	15082
15601	15922
16094	16174
16211	16229
16239	16245
16249	16251
16254	16254
16254	16254
16254	16254
16254	16254
16254	16254
16254	16254
16254	16254
16254	16254
16254	16254
16254	16254
16254	0
16254	16254
16254	16254
16254	16254
16254	16254
16254	16254
16254	16254
16254	16254
16254	16254
16254	16254
16254	16254
16254	16254
16254	16254
16252	16242
16212	16133
15951	15589
14977	14085
12969	11766
10653	9763
9130	8705
8404	8151
7891	7622
7363	7147
6977	6841
6721	6623
6582	6629
6760	6926
7072	7151
7149	7075
6970	6915
7005	7303
7820	8478
9158	9744
10167	10398
10440	10289
9956	9476
8929	8417
8040	7849
7835	7933
8068	8172
8213	8182
8096	7993
7930	7966
8145	8459
8865	9262
9555	9664
9538	9177
8612	7906
7141	6408
5791	5380
5230	5381
5817	6464
7198	7888
8426	8774
8926	8923
8806	8642
8491	8392
8372	8416
8506	8616
8710	8754
8693	8480
8084	7525
6875	6244
5721	5357
5135	5022
4972	4956
4952	4960
4970	4984
5001	5024
5051	5085
5112	5130
5133	5124
5126	5171
5303	5569
6010	6662
7532	8596
9797	11051
12261	13341
14222	14864
15243	15345
15153	14660
13895	12974
12069	11365
10983	10917
11065	11285
11460	11528
11460	11260
10957	10619
10335	10184
10181	10279
10419	10571
10748	10965
11194	11397
11526	11578
11590	11644
11845	12273
12937	13746
14554	15228
15700	15984
16128	16194
16222	16237
16244	16248
16250	16253
16254	16254
16254	16254
16254	16254
16254	16254
16254	16254
16254	16254
16254	16254
16254	16254
16254	16254
16254	16254
16254	0
16254	16254
16254	16254
16254	16254
16254	16254
16254	16254
16254	16254
16254	16254
16254	16254
16254	16254
16254	16254
16254	16254
16254	16254
16253	16245
16220	16155
15998	15681
15126	14295
13218	12023
10881	9932
9243	8779
8456	8197
7942	7679
7418	7193
7017	6876
6754	6644
6577	6593
6696	6851
7000	7093
7104	7037
6930	6843
6869	7084
7523	8134
8811	9435
9922	10226
10342	10269
10009	9583
9049	8502
8047	7768
7682	7744
7884	8027
8117	8138
8093	8006
7922	7899
7988	8218
8572	8990
9381	9654
9737	9591
9210	8632
7925	7173
6479	5945
5663	5689
6025	6602
7298	7971
8512	8876
9065	9118
9078	8996
8922	8890
8915	8991
9102	9224
9326	9369
9293	9038
8573	7921
7165	6426
5816	5386
5125	4993
4934	4912
4908	4917
4932	4958
4993	5046
5117	5194
5258	5288
5269	5205
5115	5043
5029	5121
5363	5790
6439	7317
8399	9629
10921	12162
13253	14110
14670	14890
14746	14249
13472	12569
11735	11149
10889	10916
11109	11332
11484	11517
11416	11185
10872	10543
10297	10195
10234	10353
10495	10648
10827	11038
11258	11438
11547	11587
11604	11687
11940	12427
13133	13954
14738	15364
15791	16036
16159	16213
16235	16243
16248	16249
16252	16253
16254	16254
16254	16254
16254	16254
16254	16254
16254	16254
16254	16254
16254	16254
16254	16254
16254	16254
16254	16254
16254	0
16254	16254
16254	16254
16254	16254
16254	16254
16254	16254
16254	16254
16254	16254
16254	16254
16254	16254
16254	16254
16254	16254
16254	16254
16253	16247
16227	16172
16039	15763
15266	14497
13470	12289
11121	10120
9371	8858
8513	8243
7993	7732
7470	7238
7054	6907
6783	6662
6577	6562
6639	6783
6934	7043
7076	7027
6921	6816
6784	6917
7262	7804
8458	9105
9648	10029
10225	10229
10047	9685
9180	8617
8099	7724
7545	7550
7669	7832
7964	8038
8043	7989
7906	7845
7857	7989
8260	8641
9066	9450
9708	9772
9607	9214
8635	7939
7226	6610
6202	6089
6300	6779
7409	8043
8571	8938
9141	9213
9195	9138
9084	9069
9104	9189
9302	9431
9534	9574
9489	9220
8726	8038
7239	6454
5807	5349
5074	4929
4866	4844
4840	4850
4874	4919
4989	5099
5240	5395
5522	5579
5535	5399
5209	5008
4855	4794
4862	5091
5523	6186
7093	8214
9489	10812
12060	13116
13864	14228
14170	13709
12968	12134
11414	10967
10836	10948
11173	11382
11503	11497
11356	11098
10774	10466
10268	10218
10292	10425
10568	10717
10899	11110
11317	11475
11560	11586
11610	11726
12032	12576
13323	14146
14904	15486
15869	16081
16184	16226
16243	16247
16249	16252
16253	16253
16254	16254
16254	16254
16254	16254
16254	16254
16254	16254
16254	16254
16254	16254
16254	16254
16254	16254
16254	16254
16254	0
16254	16254
16254	16254
16254	16254
16254	16254
16254	16254
16254	16254
16254	16254
16254	16254
16254	16254
16254	16254
16254	16254
16254	16254
16253	16249
16232	16185
16075	15834
15394	14689
13714	12555
11370	10317
9508	8945
8568	8293
8044	7788
7527	7286
7090	6937
6806	6685
6581	6540
6588	6716
6873	6999
7056	7033
6941	6825
6748	6800
7046	7501
8109	8762
9355	9808
10083	10172
10071	9784
9333	8775
8213	7748
7466	7382
7451	7603
7763	7883
7938	7927
7869	7797
7753	7795
7959	8256
8651	9079
9458	9701
9748	9574
9181	8615
7955	7313
6812	6564
6632	6987
7527	8104
8603	8945
9130	9173
9120	9020
8924	8871
8877	8941
9043	9158
9257	9295
9215	8959
8487	7823
7052	6295
5672	5228
4962	4824
4764	4743
4742	4760
4800	4880
5016	5214
5468	5734
5948	6043
5977	5759
5441	5098
4799	4590
4505	4566
4809	5264
5964	6913
8082	9385
10703	11892
12805	13321
13380	13015
12373	11667
11108	10827
10824	11007
11244	11433
11512	11462
11281	10994
10668	10391
10241	10240
10342	10483
10627	10784
10969	11178
11370	11504
11565	11575
11604	11754
12114	12716
13496	14323
15049	15591
15931	16117
16200	16235
16247	16250
16252	16253
16253	16254
16254	16254
16254	16254
16254	16254
16254	16254
16254	16254
16254	16254
16254	16254
16254	16254
16254	16254
16254	16254
16254	0
16254	16254
16254	16254
16254	16254
16254	16254
16254	16254
16254	16254
16254	16254
16254	16254
16254	16254
16254	16254
16254	16254
16254	16254
16254	16249
16237	16201
16107	15901
15512	14867
13950	12821
11621	10523
9650	9034
8625	8338
8092	7845
7586	7340
7133	6967
6829	6702
6586	6522
6544	6653
6810	6953
7040	7045
6978	6863
6756	6736
6882	7237
7772	8408
9037	9558
9920	10095
10081	9876
9496	8976
8397	7866
7475	7280
7265	7376
7538	7688
7788	7831
7806	7742
7672	7643
7705	7892
8207	8611
9036	9401
9630	9671
9495	9116
8579	7975
7426	7067
6991	7208
7637	8141
8586	8890
9023	8994
8851	8649
8453	8314
8254	8274
8345	8439
8526	8564
8498	8274
7863	7285
6611	5951
5403	5015
4783	4665
4617	4604
4618	4659
4741	4889
5122	5442
5836	6237
6556	6695
6608	6302
5848	5345
4885	4528
4303	4222
4308	4580
5076	5819
6808	7988
9269	10501
11520	12169
12377	12170
11700	11193
10842	10737
10852	11085
11319	11474
11508	11412
11185	10876
10553	10313
10217	10262
10387	10534
10678	10843
11040	11246
11424	11528
11560	11554
11592	11778
12195	12851
13663	14484
15180	15678
15982	16143
16214	16240
16249	16252
16252	16253
16253	16254
16254	16254
16254	16254
16254	16254
16254	16254
16254	16254
16254	16254
16254	16254
16254	16254
16254	16254
16254	16254
16254	0
16254	16254
16254	16254
16254	16254
16254	16254
16254	16254
16254	16254
16254	16254
16254	16254
16254	16254
16254	16254
16254	16254
16254	16254
16254	16250
16239	16210
16132	15956
15616	15033
14174	13079
11876	10733
9799	9129
8687	8389
8147	7907
7656	7403
7181	6999
6855	6720
6596	6510
6504	6590
6743	6900
7015	7054
7014	6914
6788	6713
6764	7008
7451	8045
8684	9266
9710	9979
10062	9951
9659	9203
8642	8069
7589	7275
7150	7184
7317	7477
7613	7695
7717	7680
7605	7537
7516	7594
7796	8116
8514	8926
9277	9498
9535	9365
9000	8489
7951	7523
7327	7412
7728	8147
8532	8777
8835	8708
8433	8084
7747	7490
7342	7300
7330	7399
7469	7504
7455	7284
6964	6508
5977	5456
5023	4720
4543	4459
4434	4447
4495	4585
4742	4992
5356	5828
6375	6910
7327	7512
7408	7024
6440	5778
5147	4629
4258	4050
4000	4124
4437	4975
5743	6731
7872	9048
10091	10844
11212	11215
10994	10747
10631	10702
10919	11181
11396	11506
11491	11339
11076	10745
10437	10240
10194	10278
10420	10568
10723	10899
11102	11308
11464	11541
11545	11526
11578	11803
12281	12989
13826	14638
15298	15753
16025	16161
16222	16244
16251	16252
16253	16253
16254	16254
16254	16254
16254	16254
16254	16254
16254	16254
16254	16254
16254	16254
16254	16254
16254	16254
16254	16254
16254	16254
16254	0
16254	16254
16254	16254
16254	16254
16254	16254
16254	16254
16254	16254
16254	16254
16254	16254
16254	16254
16254	16254
16254	16254
16254	16254
16254	16252
16241	16216
16153	16005
15707	15185
14389	13335
12136	10958
9963	9235
8759	8445
8209	7982
7738	7483
7247	7048
6883	6739
6605	6501
6466	6527
6667	6832
6971	7046
7042	6960
6838	6725
6695	6828
7167	7684
8306	8926
9449	9814
9998	9991
9797	9429
8925	8352
7806	7385
7135	7068
7136	7276
7429	7547
7608	7607
7555	7475
7407	7397
7484	7687
7999	8378
8771	9101
9308	9331
9148	8775
8295	7845
7571	7553
7775	8117
8439	8621
8597	8356
7937	7429
6937	6552
6308	6200
6187	6227
6279	6310
6286	6171
5950	5631
5256	4893
4595	4388
4279	4243
4260	4323
4435	4616
4888	5275
5783	6405
7084	7725
8204	8417
8299	7856
7174	6372
5577	4892
4370	4028
3860	3860
4026	4373
4923	5681
6619	7655
8653	9466
9999	10250
10326	10371
10499	10731
11020	11283
11465	11526
11456	11254
10952	10612
10327	10175
10175	10288
10443	10597
10760	10950
11160	11357
11488	11537
11515	11491
11565	11845
12382	13144
13995	14787
15406	15821
16059	16177
16228	16246
16252	16253
16254	16254
16254	16254
16254	16254
16254	16254
16254	16254
16254	16254
16254	16254
16254	16254
16254	16254
16254	16254
16254	16254
16254	16254
16254	0
16254	16254
16254	16254
16254	16254
16254	16254
16254	16254
16254	16254
16254	16254
16254	16254
16254	16254
16254	16254
16254	16254
16254	16254
16254	16252
16244	16223
16170	16046
15790	15326
14594	13594
12409	11208
10157	9368
8844	8511
8276	8063
7828	7576
7325	7106
6921	6766
6619	6502
6441	6470
6586	6755
6914	7022
7050	7003
6890	6758
6669	6705
6926	7346
7919	8549
9130	9586
9871	9976
9891	9629
9209	8677
8112	7608
7240	7046
7020	7106
7251	7387
7487	7527
7510	7451
7372	7309
7304	7390
7577	7865
8213	8570
8868	9036
9011	8781
8394	7976
7678	7606
7763	8050
8321	8448
8348	8002
7450	6799
6168	5667
5337	5169
5116	5128
5162	5190
5184	5124
4994	4804
4578	4360
4189	4083
4049	4078
4164	4308
4525	4831
5244	5778
6427	7161
7918	8597
9093	9306
9174	8703
7963	7057
6124	5276
4596	4116
3840	3734
3784	3984
4345	4883
5602	6458
7367	8210
8897	9405
9783	10114
10456	10809
11135	11382
11515	11522
11395	11148
10816	10479
10226	10120
10164	10296
10455	10618
10797	11001
11215	11396
11502	11519
11479	11459
11569	11909
12512	13314
14172	14934
15510	15882
16088	16189
16231	16248
16253	16254
16254	16254
16254	16254
16254	16254
16254	16254
16254	16254
16254	16254
16254	16254
16254	16254
16254	16254
16254	16254
16254	16254
16254	16254
16254	0
16254	16254
16254	16254
16254	16254
16254	16254
16254	16254
16254	16254
16254	16254
16254	16254
16254	16254
16254	16254
16254	16254
16254	16254
16254	16252
16246	16228
16185	16080
15860	15455
14794	13858
12712	11497
10400	9543
8960	8595
8352	8143
7921	7676
7418	7180
6974	6800
6645	6513
6426	6422
6511	6667
6840	6976
7042	7028
6939	6807
6679	6634
6746	7052
7543	8146
8759	9289
9675	9887
9923	9776
9465	9012
8470	7924
7459	7138
6991	6993
7092	7228
7354	7439
7468	7448
7387	7312
7255	7245
7315	7474
7724	8027
8330	8557
8634	8522
8241	7897
7628	7558
7694	7956
8199	8286
8127	7699
7047	6282
5543	4952
4554	4339
4257	4251
4272	4299
4311	4292
4235	4146
4041	3948
3888	3882
3930	4044
4227	4487
4837	5291
5853	6515
7262	8042
8800	9445
9894	10067
9923	9446
8686	7721
6685	5699
4874	4266
3888	3697
3663	3754
3972	4336
4866	5561
6378	7240
8063	8802
9446	10009
10506	10930
11253	11458
11539	11485
11304	11014
10666	10347
10138	10083
10157	10303
10467	10639
10837	11054
11266	11428
11502	11490
11441	11440
11600	12013
12681	13514
14362	15082
15608	15936
16115	16199
16235	16249
16253	16254
16254	16254
16254	16254
16254	16254
16254	16254
16254	16254
16254	16254
16254	16254
16254	16254
16254	16254
16254	16254
16254	16254
16254	16254
16254	0
16254	16254
16254	16254
16254	16254
16254	16254
16254	16254
16254	16254
16254	16254
16254	16254
16254	16254
16254	16254
16254	16254
16254	16254
16254	16252
16247	16231
16195	16108
15922	15574
14993	14139
13049	11850
10712	9785
9127	8708
8436	8228
8016	7772
7514	7260
7037	6847
6681	6539
6430	6392
6449	6586
6762	6920
7020	7040
6980	6864
6725	6626
6641	6829
7210	7744
8349	8927
9400	9722
9875	9856
9667	9319
8845	8306
7781	7351
7071	6958
6982	7087
7217	7337
7417	7447
7431	7374
7302	7240
7218	7264
7388	7583
7818	8021
8129	8086
7897	7644
7454	7431
7596	7861
8093	8158
7962	7480
6761	5923
5116	4463
4021	3777
3676	3656
3673	3701
3728	3744
3744	3733
3724	3735
3774	3863
4007	4225
4526	4925
5422	6015
6694	7435
8204	8955
9630	10174
10529	10634
10461	9984
9220	8235
7135	6052
5120	4415
3955	3703
3612	3639
3770	4021
4431	5020
5780	6669
7608	8521
9351	10062
10638	11071
11360	11512
11529	11417
11181	10858
10510	10227
10070	10063
10161	10315
10482	10671
10886	11115
11316	11453
11493	11463
11414	11447
11678	12165
12890	13740
14561	15231
15699	15985
16136	16208
16238	16249
16253	16254
16254	16254
16254	16254
16254	16254
16254	16254
16254	16254
16254	16254
16254	16254
16254	16254
16254	16254
16254	16254
16254	16254
16254	16253
16253	0
16253	16254
16254	16254
16254	16254
16254	16254
16254	16254
16254	16254
16254	16254
16254	16254
16254	16254
16254	16254
16254	16254
16254	16254
16254	16252
16247	16234
16201	16130
15976	15685
15185	14429
13422	12264
11106	10108
9360	8863
8543	8315
8101	7869
7609	7349
7108	6902
6726	6575
6451	6384
6405	6514
6681	6853
6980	7038
7016	6923
6793	6664
6610	6688
6945	7379
7930	8514
9049	9468
9742	9852
9798	9577
9203	8717
8181	7675
7276	7033
6945	6982
7093	7225
7345	7429
7465	7454
7400	7329
7267	7229
7249	7325
7445	7568
7638	7611
7486	7322
7228	7282
7496	7787
8023	8080
7864	7355
6602	5727
4883	4199
3735	3472
3361	3336
3355	3390
3435	3481
3530	3587
3664	3763
3902	4088
4342	4676
5106	5636
6256	6951
7688	8431
9146	9789
10331	10725
10952	10966
10742	10247
9485	8492
7367	6242
5260	4503
4001	3720
3607	3605
3702	3916
4278	4838
5600	6530
7553	8571
9489	10249
10826	11219
11447	11533
11485	11313
11034	10694
10366	10129
10031	10063
10181	10337
10514	10720
10953	11182
11367	11473
11490	11446
11419	11508
11816	12381
13152	13999
14775	15378
15788	16029
16158	16215
16240	16250
16253	16254
16254	16254
16254	16254
16254	16254
16254	16254
16254	16254
16254	16254
16254	16254
16254	16254
16254	16254
16254	16254
16253	16253
16252	16252
16252	0
16252	16253
16254	16253
16254	16254
16254	16254
16254	16254
16254	16254
16254	16254
16254	16254
16254	16254
16254	16254
16254	16254
16254	16254
16254	16252
16247	16235
16208	16147
16023	15786
15371	14720
13819	12728
11576	10518
9673	9076
8680	8410
8185	7954
7701	7439
7186	6966
6779	6623
6491	6404
6388	6462
6607	6781
6929	7020
7035	6979
6871	6740
6640	6634
6768	7076
7533	8078
8635	9133
9517	9760
9846	9762
9514	9119
8619	8086
7604	7236
7022	6957
7004	7117
7256	7378
7465	7508
7500	7456
7387	7321
7272	7258
7273	7297
7299	7247
7149	7055
7045	7181
7448	7765
8008	8058
7836	7318
6560	5681
4830	4139
3668	3404
3293	3272
3297	3351
3419	3501
3603	3727
3882	4073
4311	4604
4966	5415
5952	6577
7271	7992
8711	9381
9974	10465
10836	11071
11151	11052
10749	10206
9420	8425
7306	6201
5234	4494
4004	3732
3620	3627
3736	3973
4371	4976
5791	6776
7845	8886
9800	10524
11036	11355
11506	11520
11408	11184
10872	10532
10241	10068
10025	10093
10220	10379
10568	10790
11031	11256
11414	11492
11487	11451
11467	11632
12030	12665
13458	14277
14988	15521
15867	16069
16173	16221
16243	16251
16253	16254
16254	16254
16254	16254
16254	16254
16254	16254
16254	16254
16254	16254
16254	16254
16254	16254
16254	16254
16254	16253
16253	16252
16252	16251
16251	0
16249	16253
16254	16253
16254	16254
16254	16254
16254	16254
16254	16254
16254	16254
16254	16254
16254	16254
16254	16254
16254	16254
16254	16254
16254	16252
16246	16236
16211	16162
16062	15874
15541	15003
14220	13219
12096	10997
10055	9345
8855	8524
8272	8039
7795	7533
7273	7040
6840	6679
6546	6444
6398	6432
6543	6705
6867	6984
7040	7025
6951	6840
6726	6652
6679	6851
7180	7643
8181	8726
9210	9581
9809	9866
9753	9476
9060	8554
8034	7574
7235	7041
6986	7039
7154	7292
7421	7512
7560	7562
7526	7468
7406	7347
7295	7243
7177	7088
6997	6947
7000	7188
7486	7811
8046	8089
7868	7361
6624	5771
4944	4275
3816	3563
3461	3454
3501	3577
3679	3805
3963	4161
4401	4686
5022	5410
5863	6387
6988	7648
8335	9011
9635	10175
10613	10936
11134	11202
11128	10900
10484	9862
9034	8039
6965	5933
5050	4386
3954	3720
3642	3686
3851	4163
4658	5362
6261	7295
8367	9365
10199	10824
11233	11457
11529	11475
11301	11033
10707	10389
10154	10047
10058	10149
10282	10445
10647	10882
11126	11330
11460	11508
11497	11488
11567	11827
12316	13010
13804	14568
15200	15655
15941	16102
16187	16225
16244	16251
16253	16254
16254	16254
16254	16254
16254	16254
16254	16254
16254	16254
16254	16254
16254	16254
16254	16254
16254	16254
16253	16252
16250	16247
16243	16239
16235	0
16227	16253
16249	16253
16254	16254
16254	16254
16254	16254
16254	16254
16254	16254
16254	16254
16254	16254
16254	16254
16254	16254
16254	16254
16254	16252
16248	16237
16217	16176
16097	15952
15693	15262
14604	13710
12640	11521
10495	9667
9069	8659
8371	8128
7887	7631
7366	7122
6910	6744
6606	6498
6428	6422
6494	6630
6792	6934
7023	7051
7017	6934
6824	6716
6659	6706
6895	7245
7724	8278
8838	9328
9692	9892
9917	9766
9458	9028
8525	8022
7584	7262
7080	7027
7078	7190
7327	7456
7553	7609
7624	7607
7567	7511
7443	7361
7263	7156
7066	7040
7121	7326
7621	7924
8137	8166
7956	7486
6799	6008
5242	4620
4198	3970
3889	3906
3979	4088
4232	4407
4627	4892
5209	5573
5983	6436
6937	7486
8083	8703
9317	9883
10369	10755
11028	11185
11219	11127
10896	10515
9966	9249
8377	7402
6412	5500
4753	4210
3869	3701
3675	3777
4024	4447
5076	5906
6896	7960
8992	9895
10605	11098
11394	11521
11517	11395
11168	10869
10548	10274
10111	10067
10117	10224
10358	10530
10745	10990
11222	11400
11498	11524
11519	11558
11723	12087
12665	13395
14163	14857
15397	15770
16002	16132
16199	16231
16245	16251
16254	16254
16254	16254
16254	16254
16254	16254
16254	16254
16254	16254
16254	16254
16254	16254
16254	16254
16254	16254
16252	16251
16243	16231
16216	16187
16183	0
16133	16250
16225	16249
16251	16252
16254	16254
16254	16254
16254	16254
16254	16254
16254	16254
16254	16254
16254	16254
16254	16254
16254	16254
16254	16252
16248	16239
16223	16188
16127	16017
15822	15485
14941	14160
13162	12047
10956	10021
9308	8815
8478	8222
7981	7734
7470	7214
6992	6810
6670	6558
6471	6432
6461	6564
6715	6869
6992	7055
7062	7013
6919	6801
6689	6632
6692	6911
7301	7837
8446	9037
9525	9855
10008	9983
9792	9461
9025	8532
8045	7620
7302	7116
7053	7094
7202	7339
7473	7586
7660	7701
7708	7691
7644	7571
7481	7384
7310	7302
7388	7577
7833	8091
8265	8284
8094	7681
7084	6388
5721	5180
4819	4631
4583	4628
4733	4880
5061	5285
5553	5870
6239	6650
7091	7561
8053	8566
9094	9619
10111	10537
10874	11110
11230	11235
11114	10858
10463	9922
9241	8436
7546	6626
5755	4999
4414	4010
3770	3676
3708	3883
4227	4778
5550	6507
7573	8638
9602	10384
10953	11315
11504	11545
11467	11284
11013	10696
10400	10189
10097	10112
10191	10305
10447	10630
10858	11100
11315	11459
11525	11537
11553	11655
11921	12391
13044	13789
14513	15121
15569	15866
16049	16149
16205	16233
16246	16251
16254	16254
16254	16254
16254	16254
16254	16254
16254	16254
16254	16254
16254	16254
16254	16254
16254	16254
16254	16253
16251	16243
16223	16186
16137	16033
16032	0
15820	16242
16151	16241
16243	16251
16254	16254
16254	16254
16254	16254
16254	16254
16254	16254
16254	16254
16254	16254
16254	16254
16254	16254
16254	16252
16249	16239
16227	16198
16153	16070
15925	15665
15224	14546
13629	12537
11405	10378
9562	8983
8588	8313
8076	7836
7578	7316
7077	6881
6729	6613
6516	6453
6443	6507
6637	6798
6942	7041
7081	7066
6995	6878
6734	6605
6553	6655
6953	7451
8084	8752
9343	9784
10042	10123
10041	9821
9477	9042
8559	8077
7650	7319
7114	7036
7071	7184
7335	7491
7627	7728
7797	7829
7828	7792
7733	7669
7624	7627
7711	7869
8074	8275
8410	8420
8266	7933
7450	6890
6352	5918
5638	5507
5497	5572
5706	5881
6093	6340
6633	6971
7348	7760
8189	8623
9059	9490
9915	10317
10674	10964
11165	11267
11256	11123
10852	10437
9874	9182
8385	7528
6659	5838
5113	4529
4102	3825
3682	3653
3745	3988
4428	5101
6001	7064
8182	9228
10109	10770
11215	11465
11563	11531
11391	11152
10845	10527
10270	10128
10105	10166
10265	10383
10534	10734
10970	11210
11396	11506
11541	11548
11598	11774
12138	12706
13417	14159
14824	15345
15710	15943
16084	16165
16209	16233
16246	16252
16254	16254
16254	16254
16254	16254
16254	16254
16254	16254
16254	16254
16254	16254
16254	16254
16254	16254
16254	16253
16247	16227
16181	16085
15966	15660
15699	0
15001	16225
15950	16224
16221	16247
16253	16254
16254	16254
16254	16254
16254	16254
16254	16254
16254	16254
16254	16254
16254	16254
16254	16254
16254	16252
16251	16241
16231	16210
16174	16112
16004	15801
15440	14854
14013	12956
11805	10706
9798	9139
8692	8396
8161	7932
7683	7421
7166	6950
6785	6662
6560	6478
6436	6464
6568	6725
6888	7014
7084	7092
7043	6933
6773	6600
6474	6481
6700	7154
7798	8515
9185	9710
10048	10208
10218	10094
9850	9498
9058	8564
8062	7606
7250	7031
6959	7018
7165	7354
7543	7704
7830	7915
7959	7969
7950	7927
7912	7936
8011	8137
8294	8444
8544	8556
8446	8203
7847	7434
7038	6728
6534	6461
6491	6594
6747	6941
7161	7415
7700	8026
8380	8751
9125	9492
9842	10177
10492	10778
11019	11199
11293	11288
11165	10907
10494	9925
9211	8392
7518	6652
5845	5144
4573	4149
3859	3688
3615	3636
3775	4076
4598	5369
6369	7507
8652	9669
10472	11038
11383	11553
11582	11496
11300	11016
10684	10377
10166	10092
10124	10217
10323	10450
10615	10833
11077	11302
11461	11536
11550	11558
11642	11891
12348	12996
13745	14473
15077	15524
15815	15998
16108	16174
16213	16236
16246	16251
16254	16254
16254	16254
16254	16254
16254	16254
16254	16254
16254	16254
16254	16254
16254	16254
16254	16254
16254	16249
16237	16200
16111	15909
15674	14955
15126	0
13341	16198
15547	16197
16184	16243
16252	16254
16254	16254
16254	16254
16254	16254
16254	16254
16254	16254
16254	16254
16254	16254
16254	16254
16254	16253
16251	16244
16234	16218
16189	16141
16057	15895
15591	15076
14299	13279
12117	10972
9995	9267
8782	8464
8231	8012
7775	7514
7248	7013
6829	6697
6591	6499
6435	6433
6512	6661
6835	6979
7071	7100
7062	6960
6797	6598
6428	6376
6539	6961
7603	8356
9074	9650
10041	10257
10327	10276
10117	9847
9468	8993
8453	7909
7423	7072
6889	6877
7003	7210
7442	7656
7829	7957
8036	8082
8099	8107
8121	8161
8232	8337
8458	8571
8649	8669
8602	8444
8204	7926
7660	7457
7344	7324
7384	7507
7671	7866
8084	8323
8589	8875
9183	9499
9808	10100
10367	10616
10842	11042
11200	11300
11320	11237
11026	10662
10131	9430
8598	7689
6775	5929
5203	4619
4184	3884
3698	3597
3573	3629
3800	4140
4717	5555
6621	7803
8959	9949
10699	11196
11477	11595
11579	11450
11216	10895
10548	10256
10092	10072
10145	10255
10367	10499
10682	10916
11164	11376
11507	11557
11551	11564
11683	11992
12522	13229
14001	14708
15262	15647
15886	16030
16122	16178
16215	16235
16246	16251
16254	16254
16254	16254
16254	16254
16254	16254
16254	16254
16254	16254
16254	16254
16254	16254
16254	16254
16253	16247
16227	16167
16020	15679
15296	13955
14385	0
10846	16170
14943	16168
16131	16236
16251	16254
16254	16254
16254	16254
16254	16254
16254	16254
16254	16254
16254	16254
16254	16254
16254	16254
16254	16253
16251	16244
16235	16220
16196	16157
16088	15950
15683	15214
14480	13489
12328	11154
10130	9358
8842	8508
8275	8067
7840	7579
7309	7059
6861	6719
6611	6511
6433	6411
6475	6617
6796	6953
7058	7098
7068	6971
6806	6596
6403	6319
6451	6853
7497	8265
9010	9616
10037	10282
10386	10383
10282	10075
9750	9298
8750	8149
7576	7120
6849	6779
6883	7097
7357	7607
7817	7972
8076	8140
8181	8210
8246	8295
8369	8459
8559	8650
8721	8745
8713	8615
8461	8278
8108	7984
7928	7943
8026	8160
8330	8523
8732	8951
9189	9440
9703	9968
10223	10457
10667	10858
11027	11171
11281	11333
11307	11174
10904	10466
9847	9057
8143	7180
6255	5440
4781	4288
3947	3731
3607	3549
3551	3624
3812	4178
4788	5660
6760	7966
9121	10096
10811	11273
11520	11609
11568	11414
11154	10811
10456	10178
10045	10060
10160	10279
10394	10530
10726	10972
11223	11424
11536	11567
11551	11569
11710	12061
12639	13384
14166	14857
15377	15721
15927	16051
16129	16180
16215	16235
16247	16251
16254	16254
16254	16254
16254	16254
16254	16254
16254	16254
16254	16254
16254	16254
16254	16254
16254	16254
16253	16246
16217	16136
15935	15458
14940	12931
13684	0
