16208	16208
16208	16208
16208	16208
16208	16208
16208	16208
16208	16208
16208	16208
16208	16208
16208	16208
16208	16208
16208	16208
16208	16208
16208	16208
16208	16208
16208	16208
16208	16208
16208	16208
16208	16208
16208	16208
16208	16208
16208	16207
16205	16202
16198	16190
16177	16156
16119	16065
15991	15889
15760	15616
15479	15381
15335	15338
15390	15485
15611	15744
15862	15956
16027	16085
16129	16160
16180	16192
16197	16201
16204	16206
16208	16208
16208	16208
16208	16208
16208	16208
16208	16208
16208	16208
16208	16208
16208	16208
16208	16208
16208	16208
16208	16208
16208	16208
16208	16208
16208	16208
16208	16208
16208	16208
16208	16208
16208	16208
16208	16208
16208	16208
16208	16208
16208	16208
16208	16208
16208	16208
16208	16208
16208	16208
16208	16208
16208	16208
16208	16208
16208	16208
16208	16208
16208	16208
16208	16208
16208	16208
16208	16208
16208	16208
16208	16208
16208	16208
16208	16208
16208	16204
16201	16195
16183	16158
16115	16049
15957	15836
15685	15497
15266	15012
14781	14622
14554	14560
14631	14762
14948	15158
15364	15551
15712	15852
15970	16060
16123	16160
16182	16193
16200	16204
16206	16208
16208	16208
16208	16208
16208	16208
16208	16208
16208	16208
16208	16208
16208	16208
16208	16208
16208	16208
16208	16208
16208	16208
16208	16208
16208	16208
16208	16208
16208	16208
16208	16208
16208	16208
16208	16208
16208	16208
16208	16208
16208	16208
16208	16208
16208	16208
16208	16208
16208	16208
16208	16208
16208	16208
16208	16208
16208	16208
16208	16208
16208	16208
16208	16208
16208	16208
16208	16208
16208	16208
16208	16208
16208	16208
16208	16208
16204	16201
16192	16176
16143	16078
15960	15786
15557	15287
14984	14639
14246	13830
13463	13212
13103	13106
13199	13376
13641	13965
14314	14663
14995	15307
15588	15816
15977	16081
16139	16171
16187	16198
16203	16207
16208	16208
16208	16208
16208	16208
16208	16208
16208	16208
16208	16208
16208	16208
16208	16208
16208	16208
16208	16208
16208	16208
16208	16208
16208	16208
16208	16208
16208	16208
16208	16208
16208	16208
16208	16208
16208	16208
16208	16208
16208	16208
16208	16208
16208	16208
16208	16208
16208	16208
16208	16208
16208	16208
16208	16208
16208	16208
16208	16208
16208	16208
16208	16208
16208	16208
16208	16208
16208	16208
16208	16208
16208	16208
16208	16206
16203	16196
16178	16141
16062	15907
15640	15251
14765	14232
13694	13144
12572	11996
11496	11155
11001	10987
11086	11296
11628	12068
12577	13128
13701	14282
14835	15312
15667	15902
16043	16122
16164	16188
16200	16205
16208	16208
16208	16208
16208	16208
16208	16208
16208	16208
16208	16208
16208	16208
16208	16208
16208	16208
16208	16208
16208	16208
16208	16208
16208	16208
16208	16208
16208	16208
16208	16208
16208	16208
16208	16208
16208	16208
16208	16208
16208	16208
16208	16208
16208	16208
16208	16208
16208	16208
16208	16208
16208	16208
16208	16208
16208	16208
16208	16208
16208	16208
16208	16208
16208	16208
16208	16208
16208	16208
16208	16208
16208	16208
16208	16205
16199	16185
16150	16070
15906	15590
15070	14341
13475	12586
11765	11024
10330	9673
9110	8722
8526	8488
8570	8780
9132	9632
10252	10979
11798	12691
13595	14419
15075	15540
15838	16019
16118	16169
16194	16204
16206	16208
16208	16208
16208	16208
16208	16208
16208	16208
16208	16208
16208	16208
16208	16208
16208	16208
16208	16208
16208	16208
16208	16208
16208	16208
16208	16208
16208	16208
16208	16208
16208	16208
16208	16208
16208	16208
16208	16208
16208	16208
16208	16208
16208	16208
16208	16208
16208	16208
16208	16208
16208	16208
16208	16208
16208	16208
16208	16208
16208	16208
16208	16208
16208	16208
16208	16208
16208	16208
16208	16208
16208	16208
16207	16205
16194	16166
16098	15944
15632	15072
14195	13033
11724	10469
9407	8555
7846	7228
6706	6330
6123	6058
6111	6284
6602	7077
7711	8509
9486	10625
11860	13058
14084	14882
15444	15809
16022	16134
16182	16200
16206	16208
16208	16208
16208	16208
16208	16208
16208	16208
16208	16208
16208	16208
16208	16208
16208	16208
16208	16208
16208	16208
16208	16208
16208	16208
16208	16208
16208	16208
16208	16208
16208	16208
16208	16208
16208	16208
16208	16208
16208	16208
16208	16208
16208	16208
16208	16208
16208	16208
16208	16208
16208	16208
16208	16208
16208	16208
16208	16208
16208	16208
16208	16208
16208	16208
16208	16208
16208	16208
16208	16208
16208	16208
16206	16200
16183	16129
15997	15714
15179	14288
13002	11403
9716	8202
7026	6182
5568	5073
4664	4352
4161	4082
4105	4232
4480	4867
5417	6157
7129	8352
9766	11245
12640	13835
14773	15433
15844	16059
16156	16192
16206	16207
16208	16208
16208	16208
16208	16208
16208	16208
16208	16208
16208	16208
16208	16208
16208	16208
16208	16208
16208	16208
16208	16208
16208	16208
16208	16208
16208	16208
16208	16208
16208	16208
16208	16208
16208	16208
16208	16208
16208	16208
16208	16208
16208	16208
16208	16208
16208	16208
16208	16208
16208	16208
16208	16208
16208	16208
16208	16208
16208	16208
16208	16208
16208	16208
16208	16208
16208	16208
16208	16208
16208	16208
16206	16194
16161	16060
15822	15338
14495	13216
11530	9606
7718	6141
5005	4276
3805	3464
3179	2955
2801	2730
2734	2822
2993	3274
3686	4274
5097	6206
7588	9166
10815	12402
13783	14843
15544	15932
16113	16180
16202	16206
16208	16208
16208	16208
16208	16208
16208	16208
16208	16208
16208	16208
16208	16208
16208	16208
16208	16208
16208	16208
16208	16208
16208	16208
16208	16208
16208	16208
16208	16208
16208	16208
16208	16208
16208	16208
16208	16208
16208	16208
16208	16208
16208	16208
16208	16208
16208	16208
16208	16208
16208	16208
16208	16208
16208	16208
16208	16208
16208	16208
16208	16208
16208	16208
16208	16208
16208	16208
16208	16208
16208	16207
16203	16186
16121	15947
15547	14788
13569	11892
9894	7818
5951	4503
3538	2973
2649	2434
2259	2112
2011	1961
1966	2027
2142	2326
2601	3006
3604	4461
5624	7096
8835	10713
12526	14035
15103	15729
16033	16154
16194	16206
16208	16208
16208	16208
16208	16208
16208	16208
16208	16208
16208	16208
16208	16208
16208	16208
16208	16208
16208	16208
16208	16208
16208	16208
16208	16208
16208	16208
16208	16208
16208	16208
16208	16208
16208	16208
16208	16208
16208	16208
16208	16208
16208	16208
16208	16208
16208	16208
16208	16208
16208	16208
16208	16208
16208	16208
16208	16208
16208	16208
16208	16208
16208	16208
16208	16208
16208	16208
16208	16208
16208	16206
16199	16167
16061	15781
15171	14080
12458	10427
8243	6203
4534	3345
2616	2228
2032	1912
1817	1742
1694	1678
1692	1737
1815	1925
2089	2326
2694	3263
4115	5339
6986	8991
11125	13056
14520	15440
15913	16112
16181	16202
16207	16208
16208	16208
16208	16208
16208	16208
16208	16208
16208	16208
16208	16208
16208	16208
16208	16208
16208	16208
16208	16208
16208	16208
16208	16208
16208	16208
16208	16208
16208	16208
16208	16208
16208	16208
16208	16208
16208	16208
16208	16208
16208	16208
16208	16208
16208	16208
16208	16208
16208	16208
16208	16208
16208	16208
16208	16208
16208	16208
16208	16208
16208	16208
16208	16208
16208	16208
16208	16208
16208	16206
16192	16140
15978	15566
14709	13266
11268	8974
6746	4878
3512	2638
2159	1944
1863	1831
1809	1797
1799	1816
1848	1887
1934	1989
2061	2163
2335	2634
3166	4073
5491	7444
9738	11995
13836	15073
15747	16048
16159	16196
16204	16208
16208	16208
16208	16208
16208	16208
16208	16208
16208	16208
16208	16208
16208	16208
16208	16208
16208	16208
16208	16208
16208	16208
16208	16208
16208	16208
16208	16208
16208	16208
16208	16208
16208	16208
16208	16208
16208	16208
16208	16208
16208	16208
16208	16208
16208	16208
16208	16208
16208	16208
16208	16208
16208	16208
16208	16208
16208	16208
16208	16208
16208	16208
16208	16208
16208	16208
16208	16208
16207	16202
16180	16104
15871	15308
14192	12418
10118	7676
5521	3918
2895	2341
2113	2073
2118	2178
2234	2283
2332	2381
2426	2462
2482	2488
2482	2466
2468	2535
2767	3336
4444	6203
8496	10955
13111	14653
15547	15967
16130	16186
16201	16206
16208	16208
16208	16208
16208	16208
16208	16208
16208	16208
16208	16208
16208	16208
16208	16208
16208	16208
16208	16208
16208	16208
16208	16208
16208	16208
16208	16208
16208	16208
16208	16208
16208	16208
16208	16208
16208	16208
16208	16208
16208	16208
16208	16208
16208	16208
16208	16208
16208	16208
16208	16208
16208	16208
16208	16208
16208	16208
16208	16208
16208	16208
16208	16208
16208	16208
16208	16208
16206	16197
16165	16058
15747	15024
13664	11607
9095	6616
4627	3335
2665	2432
2455	2601
2778	2942
3080	3189
3280	3353
3410	3442
3440	3402
3323	3206
3054	2904
2853	3086
3839	5313
7487	10028
12415	14224
15332	15877
16098	16174
16199	16205
16208	16208
16208	16208
16208	16208
16208	16208
16208	16208
16208	16208
16208	16208
16208	16208
16208	16208
16208	16208
16208	16208
16208	16208
16208	16208
16208	16208
16208	16208
16208	16208
16208	16208
16208	16208
16208	16208
16208	16208
16208	16208
16208	16208
16208	16208
16208	16208
16208	16208
16208	16208
16208	16208
16208	16208
16208	16208
16208	16208
16208	16208
16208	16208
16208	16208
16208	16207
16203	16191
16144	16000
15606	14731
13157	10879
8249	5826
4063	3098
2777	2855
3121	3444
3752	4014
4220	4379
4505	4600
4665	4693
4677	4605
4474	4269
3986	3645
3330	3233
3626	4776
6748	9269
11800	13822
15116	15783
16065	16164
16195	16205
16208	16208
16208	16208
16208	16208
16208	16208
16208	16208
16208	16208
16208	16208
16208	16208
16208	16208
16208	16208
16208	16208
16208	16208
16208	16208
16208	16208
16208	16208
16208	16208
16208	16208
16208	16208
16208	16208
16208	16208
16208	16208
16208	16208
16208	16208
16208	16208
16208	16208
16208	16208
16208	16208
16208	16208
16208	16208
16208	16208
16208	16208
16208	16208
16208	16208
16208	16206
16200	16182
16120	15937
15463	14448
12692	10264
7593	5285
3780	3139
3143	3494
3964	4425
4825	5149
5402	5597
5745	5857
5930	5957
5930	5842
5679	5430
5061	4581
4057	3672
3728	4549
6275	8704
11294	13469
14918	15694
16031	16152
16192	16205
16207	16208
16208	16208
16208	16208
16208	16208
16208	16208
16208	16208
16208	16208
16208	16208
16208	16208
16208	16208
16208	16208
16208	16208
16208	16208
16208	16208
16208	16208
16208	16208
16208	16208
16208	16208
16208	16208
16208	16208
16208	16208
16208	16208
16208	16208
16208	16208
16208	16208
16208	16208
16208	16208
16208	16208
16208	16208
16208	16208
16208	16208
16208	16208
16208	16208
16208	16205
16198	16172
16094	15872
15320	14184
12287	9763
7111	4960
3708	3359
3629	4181
4780	5312
5747	6091
6362	6575
6743	6860
6937	6960
6931	6837
6678	6420
6036	5497
4858	4274
4056	4573
6039	8331
10922	13191
14758	15621
16005	16145
16191	16204
16207	16208
16208	16208
16208	16208
16208	16208
16208	16208
16208	16208
16208	16208
16208	16208
16208	16208
16208	16208
16208	16208
16208	16208
16208	16208
16208	16208
16208	16208
16208	16207
16208	16208
16208	16208
16208	16208
16208	16208
16208	16208
16208	16208
16208	16208
16208	16208
16208	16208
16208	16208
16208	16208
16208	16208
16208	16208
16208	16208
16208	16208
16208	16208
16208	16208
16208	16205
16194	16165
16071	15814
15195	13958
11957	9387
6795	4816
3797	3678
4125	4780
5417	5944
6365	6701
6975	7197
7376	7506
7582	7602
7563	7471
7319	7087
6743	6241
5594	4922
4525	4794
6023	8150
10692	13005
14645	15568
15984	16140
16189	16204
16207	16208
16208	16208
16208	16208
16208	16208
16208	16208
16208	16208
16208	16208
16208	16208
16208	16208
16208	16208
16208	16208
16208	16208
16208	16208
16208	16208
16208	16205
16202	16202
16205	16206
16206	16208
16208	16208
16208	16208
16208	16208
16208	16208
16208	16208
16208	16208
16208	16208
16208	16208
16208	16208
16208	16208
16208	16208
16208	16208
16208	16208
16208	16208
16208	16208
16207	16205
16193	16159
16055	15772
15101	13793
11731	9154
6649	4839
4016	4052
4577	5238
5830	6307
6693	7015
7295	7535
7731	7871
7947	7954
7902	7794
7642	7440
7160	6757
6197	5553
5076	5175
6199	8162
10621	12923
14588	15541
15974	16137
16188	16203
16207	16208
16208	16208
16208	16208
16208	16208
16208	16208
16208	16208
16208	16208
16208	16208
16208	16208
16208	16208
16208	16208
16208	16208
16208	16208
16208	16206
16202	16194
16178	16177
16196	16198
16202	16206
16208	16208
16208	16208
16208	16208
16208	16208
16208	16208
16208	16208
16208	16208
16208	16208
16208	16208
16208	16208
16208	16208
16208	16208
16208	16208
16208	16208
16208	16208
16207	16205
16193	16157
16050	15754
15058	13716
11637	9093
6691	5032
4352	4469
4986	5571
6069	6474
6826	7159
7469	7747
7970	8126
8193	8177
8081	7932
7752	7562
7349	7070
6658	6124
5666	5675
6542	8347
10696	12943
14590	15540
15975	16137
16188	16204
16207	16208
16208	16208
16208	16208
16208	16208
16208	16208
16208	16208
16208	16208
16208	16208
16208	16208
16208	16208
16208	16208
16208	16208
16208	16208
16207	16203
16188	16156
16093	16095
16171	16179
16190	16200
16206	16208
16208	16208
16208	16208
16208	16208
16208	16208
16208	16208
16208	16208
16208	16208
16208	16208
16208	16208
16208	16208
16208	16208
16208	16208
16208	16208
16208	16208
16208	16205
16194	16160
16054	15759
15064	13732
11678	9200
6904	5370
4783	4914
5355	5817
6194	6526
6866	7233
7601	7944
8213	8387
8438	8366
8194	7964
7723	7519
7363	7214
6979	6610
6244	6236
7000	8667
10892	13049
14644	15563
15985	16140
16190	16205
16207	16208
16208	16208
16208	16208
16208	16208
16208	16208
16208	16208
16208	16208
16208	16208
16208	16208
16208	16208
16208	16208
16208	16208
16208	16208
16206	16193
16154	16066
15886	15899
16129	16145
16168	16189
16202	16207
16208	16208
16208	16208
16208	16208
16208	16208
16208	16208
16208	16208
16208	16208
16208	16208
16208	16208
16208	16208
16208	16208
16208	16208
16208	16208
16208	16208
16208	16205
16195	16163
16062	15779
15107	13808
11812	9411
7212	5765
5226	5328
5670	5988
6245	6512
6852	7267
7714	8131
8460	8649
8668	8522
8247	7910
7593	7365
7254	7221
7159	6968
6729	6754
7467	9028
11141	13198
14722	15599
15998	16146
16192	16205
16208	16208
16208	16208
16208	16208
16208	16208
16208	16208
16208	16208
16208	16208
16208	16208
16208	16208
16208	16208
16208	16208
16208	16208
16208	16207
16202	16179
16099	15922
15548	15586
16086	16110
16146	16180
16199	16206
16208	16208
16208	16208
16208	16208
16208	16208
16208	16208
16208	16208
16208	16208
16208	16208
16208	16208
16208	16208
16208	16208
16208	16208
16208	16208
16208	16208
16208	16205
16195	16167
16070	15799
15151	13893
11951	9611
7475	6082
5560	5628
5879	6090
6253	6470
6815	7276
7787	8270
8643	8844
8833	8618
8248	7819
7436	7188
7110	7163
7229	7179
7049	7124
7818	9317
11347	13325
14790	15629
16011	16150
16193	16205
16208	16208
16208	16208
16208	16208
16208	16208
16208	16208
16208	16208
16208	16208
16208	16208
16208	16208
16208	16208
16208	16208
16208	16208
16208	16207
16199	16165
16044	15488
15199	9859
