16208	16208
16208	16208
16208	16208
16208	16208
16208	16208
16208	16208
16208	16208
16208	16208
16208	16208
16208	16208
16208	16207
16204	16185
16124	15944
15538	14797
13726	12448
11138	9907
8792	7853
7190	6848
6775	6877
7106	7468
7919	8354
8646	8739
8667	8537
8460	8476
8539	8565
8503	8371
8220	8098
8029	8017
8041	8080
8129	8188
8253	8286
8247	8152
8099	8194
8472	8854
9196	9364
9309	9096
8851	8657
8531	8502
8680	9172
9963	10912
11891	12870
13843	14741
15437	15874
16090	16174
16200	16207
16208	16208
16208	16208
16208	16208
16208	16208
16208	16208
16208	16208
16208	16208
16208	16208
16208	16208
16208	16208
16208	16208
16208	16208
16208	16208
16208	16208
16208	16208
16208	16208
16208	16208
16208	16208
16208	16208
16208	16208
16208	16208
16208	16207
16203	16184
16122	15937
15526	14789
13738	12496
11237	10049
8970	8052
7408	7083
7015	7088
7254	7524
7883	8247
8514	8638
8651	8620
8607	8635
8676	8684
8643	8555
8444	8332
8250	8221
8247	8300
8349	8376
8385	8369
8316	8234
8179	8225
8409	8695
8985	9164
9186	9095
8989	8907
8845	8825
8978	9433
10187	11092
12018	12939
13865	14732
15422	15862
16083	16172
16200	16207
16208	16208
16208	16208
16208	16208
16208	16208
16208	16208
16208	16208
16208	16208
16208	16208
16208	16208
16208	16208
16208	16208
16208	16208
16208	16208
16208	16208
16208	16208
16208	16208
16208	16208
16208	16208
16208	16208
16208	16208
16208	16208
16208	16207
16203	16182
16117	15930
15519	14796
13780	12606
11425	10308
9267	8368
7734	7412
7330	7371
7477	7661
7929	8211
8438	8585
8676	8748
8808	8853
8872	8864
8838	8786
8702	8590
8486	8437
8462	8531
8587	8597
8562	8504
8436	8362
8298	8280
8358	8543
8784	8994
9113	9160
9193	9223
9225	9226
9366	9795
10516	11374
12233	13073
13921	14742
15413	15853
16079	16171
16200	16207
16208	16208
16208	16208
16208	16208
16208	16208
16208	16208
16208	16208
16208	16208
16208	16208
16208	16208
16208	16208
16208	16208
16208	16208
16208	16208
16208	16208
16208	16208
16208	16208
16208	16208
16208	16208
16208	16208
16208	16208
16208	16208
16208	16207
16203	16183
16118	15936
15537	14848
13897	12812
11731	10691
9700	8816
8161	7801
7676	7674
7744	7889
8093	8307
8476	8601
8721	8850
8970	9047
9077	9071
9049	9002
8908	8773
8637	8569
8592	8684
8767	8794
8753	8679
8596	8505
8405	8327
8325	8446
8671	8931
9144	9300
9423	9520
9573	9612
9778	10212
10912	11725
12518	13275
14044	14798
15431	15856
16078	16170
16200	16207
16208	16208
16208	16208
16208	16208
16208	16208
16208	16208
16208	16208
16208	16208
16208	16208
16208	16208
16208	16208
16208	16208
16208	16208
16208	16208
16208	16208
16208	16208
16208	16208
16208	16208
16208	16208
16208	16208
16208	16208
16208	16208
16208	16207
16203	16186
16125	15959
15596	14975
14123	13154
12181	11232
10300	9432
8742	8299
8077	8002
8036	8160
8328	8474
8566	8626
8713	8852
9019	9163
9255	9293
9282	9215
9086	8901
8726	8631
8662	8783
8916	8988
8981	8908
8793	8646
8472	8320
8262	8362
8612	8935
9230	9462
9634	9774
9881	10002
10238	10703
11383	12146
12873	13559
14250	14930
15500	15885
16088	16172
16200	16207
16208	16208
16208	16208
16208	16208
16208	16208
16208	16208
16208	16208
16208	16208
16208	16208
16208	16208
16208	16208
16208	16208
16208	16208
16208	16208
16208	16208
16208	16208
16208	16208
16208	16208
16208	16208
16208	16208
16208	16208
16208	16208
16208	16208
16204	16191
16139	16003
15704	15190
14473	13652
12812	11980
11136	10302
9563	8991
8608	8405
8366	8449
8569	8638
8632	8594
8619	8757
8993	9247
9454	9572
9595	9517
9351	9124
8912	8799
8834	8985
9166	9292
9318	9245
9077	8829
8539	8286
8167	8261
8547	8937
9310	9607
9831	10029
10229	10478
10836	11354
12008	12698
13347	13957
14563	15143
15622	15942
16110	16179
16202	16207
16208	16208
16208	16208
16208	16208
16208	16208
16208	16208
16208	16208
16208	16208
16208	16208
16208	16208
16208	16208
16208	16208
16208	16208
16208	16208
16208	16208
16208	16208
16208	16208
16208	16208
16208	16208
16208	16208
16208	16208
16208	16208
16208	16208
16206	16194
16159	16057
15839	15457
14917	14281
13615	12934
12207	11426
10631	9893
9299	8916
8758	8767
8824	8812
8709	8582
8555	8713
9035	9422
9759	9970
10034	9968
9796	9567
9357	9245
9280	9435
9625	9766
9807	9719
9495	9143
8726	8353
8158	8224
8533	8971
9401	9751
10037	10319
10662	11084
11602	12193
12816	13417
13963	14471
14960	15413
15776	16013
16135	16187
16203	16207
16208	16208
16208	16208
16208	16208
16208	16208
16208	16208
16208	16208
16208	16208
16208	16208
16208	16208
16208	16208
16208	16208
16208	16208
16208	16208
16208	16208
16208	16208
16208	16208
16208	16208
16208	16208
16208	16208
16208	16208
16208	16208
16208	16208
16206	16199
16176	16110
15970	15723
15366	14935
14466	13964
13378	12666
11819	10914
10097	9518
9234	9170
9171	9105
8943	8770
8726	8913
9307	9781
10200	10464
10560	10517
10384	10208
10047	9964
9990	10108
10256	10367
10393	10294
10038	9630
9129	8675
8411	8435
8725	9159
9597	9968
10292	10659
11147	11768
12459	13134
13734	14236
14656	15030
15380	15689
15929	16083
16162	16195
16206	16208
16208	16208
16208	16208
16208	16208
16208	16208
16208	16208
16208	16208
16208	16208
16208	16208
16208	16208
16208	16208
16208	16208
16208	16208
16208	16208
16208	16208
16208	16208
16208	16208
16208	16208
16208	16208
16208	16208
16208	16208
16208	16208
16208	16208
16207	16203
16189	16155
16077	15939
15735	15483
15199	14866
14425	13792
12929	11900
10908	10170
9786	9673
9662	9594
9438	9279
9253	9450
9845	10311
10713	10965
11061	11041
10967	10870
10786	10740
10754	10814
10890	10946
10950	10855
10622	10234
9751	9295
9010	8992
9222	9593
9975	10308
10626	11043
11645	12428
13265	14010
14582	14987
15285	15523
15733	15914
16050	16136
16181	16200
16206	16208
16208	16208
16208	16208
16208	16208
16208	16208
16208	16208
16208	16208
16208	16208
16208	16208
16208	16208
16208	16208
16208	16208
16208	16208
16208	16208
16208	16208
16208	16208
16208	16208
16208	16208
16208	16208
16208	16208
16208	16208
16208	16208
16208	16208
16208	16206
16199	16181
16143	16076
15978	15854
15704	15502
15183	14641
13810	12745
11666	10832
10385	10253
10254	10226
10129	10025
10023	10196
10512	10878
11184	11368
11438	11431
11401	11375
11356	11344
11343	11356
11370	11382
11372	11301
11127	10832
10451	10084
9840	9799
9950	10213
10495	10749
11028	11456
12128	13007
13921	14685
15213	15537
15734	15866
15973	16063
16129	16172
16194	16204
16207	16208
16208	16208
16208	16208
16208	16208
16208	16208
16208	16208
16208	16208
16208	16208
16208	16208
16208	16208
16208	16208
16208	16208
16208	16208
16208	16208
16208	16208
16208	16208
16208	16208
16208	16208
16208	16208
16208	16208
16208	16208
16208	16208
16208	16208
16208	16207
16203	16196
16179	16153
16109	16056
15980	15859
15623	15170
14417	13402
12325	11462
10974	10818
10826	10848
10818	10776
10789	10904
11107	11335
11523	11632
11669	11670
11663	11671
11681	11684
11679	11669
11654	11647
11634	11592
11486	11301
11058	10819
10654	10612
10694	10853
11027	11200
11438	11866
12564	13466
14380	15115
15587	15849
15983	16056
16107	16145
16173	16191
16202	16206
16208	16208
16208	16208
16208	16208
16208	16208
16208	16208
16208	16208
16208	16208
16208	16208
16208	16208
16208	16208
16208	16208
16208	16208
16208	16208
16208	16208
16208	16208
16208	16208
16208	16208
16208	16208
16208	16208
16208	16208
16208	16208
16208	16208
16208	16208
16208	16208
16206	16202
16197	16185
16166	16137
16090	15997
15802	15413
14753	13836
12833	11992
11477	11282
11273	11312
11328	11328
11345	11408
11514	11630
11726	11785
11805	11812
11818	11830
11844	11851
11845	11831
11816	11805
11793	11767
11709	11609
11480	11349
11256	11227
11266	11346
11443	11564
11780	12205
12894	13768
14627	15303
15733	15963
16077	16133
16164	16181
16194	16200
16204	16208
16208	16208
16208	16208
16208	16208
16208	16208
16208	16208
16208	16208
16208	16208
16208	16208
16208	16208
16208	16208
16208	16208
16208	16208
16208	16208
16208	16208
16208	16208
16208	16208
16208	16208
16208	16208
16208	16208
16208	16208
16208	16208
16208	16208
16208	16208
16208	16208
16208	16205
16201	16194
16178	16146
16085	15970
15762	15393
14802	13997
13106	12327
11818	11593
11554	11593
11629	11648
11665	11699
11745	11802
11854	11897
11923	11941
11955	11968
11975	11979
11975	11968
11954	11943
11927	11902
11860	11801
11732	11668
11618	11601
11617	11651
11703	11793
11994	12402
13045	13841
14624	15248
15666	15916
16055	16130
16168	16189
16199	16203
16207	16208
16208	16208
16208	16208
16208	16208
16208	16208
16208	16208
16208	16208
16208	16208
16208	16208
16208	16208
16208	16208
16208	16208
16208	16208
16208	16208
16208	16208
16208	16208
16208	16208
16208	16208
16208	16208
16208	16208
16208	16208
16208	16208
16208	16208
16208	16208
16208	16208
16208	16205
16198	16184
16150	16088
15974	15790
15507	15100
14536	13830
13074	12416
11967	11755
11710	11740
11782	11811
11834	11863
11902	11951
12009	12063
12115	12159
12192	12211
12221	12222
12221	12213
12198	12174
12136	12091
12035	11975
11914	11862
11822	11801
11797	11808
11834	11897
12067	12414
12964	13648
14342	14934
15384	15700
15914	16051
16131	16172
16192	16202
16205	16208
16208	16208
16208	16208
16208	16208
16208	16208
16208	16208
16208	16208
16208	16208
16208	16208
16208	16208
16208	16208
16208	16208
16208	16208
16208	16208
16208	16208
16208	16208
16208	16208
16208	16208
16208	16208
16208	16208
16208	16208
16208	16208
16208	16208
16208	16208
16208	16208
16205	16198
16179	16142
16066	15938
15726	15424
15029	14549
13989	13384
12790	12292
11965	11815
11791	11830
11880	11927
11977	12039
12117	12213
12316	12421
12518	12599
12659	12698
12716	12722
12718	12703
12673	12625
12555	12470
12370	12264
12160	12070
11996	11946
11915	11901
11899	11930
12044	12293
12706	13242
13824	14384
14881	15297
15629	15865
16022	16114
16163	16190
16202	16206
16208	16208
16208	16208
16208	16208
16208	16208
16208	16208
16208	16208
16208	16208
16208	16208
16208	16208
16208	16208
16208	16208
16208	16208
16208	16208
16208	16208
16208	16208
16208	16208
16208	16208
16208	16208
16208	16208
16208	16208
16208	16208
16208	16208
16208	16208
16208	16205
16198	16176
16130	16041
15888	15648
15305	14865
14356	13817
13294	12808
12391	12077
11895	11833
11861	11932
12020	12121
12240	12378
12542	12716
12891	13056
13201	13320
13408	13464
13495	13505
13501	13476
13432	13358
13258	13126
12974	12805
12629	12459
12306	12179
12083	12012
11961	11944
11988	12133
12393	12762
13210	13703
14216	14714
15166	15533
15804	15986
16097	16156
16188	16201
16206	16208
16208	16208
16208	16208
16208	16208
16208	16208
16208	16208
16208	16208
16208	16208
16208	16208
16208	16208
16208	16208
16208	16207
16208	16208
16208	16208
16208	16208
16208	16208
16208	16208
16208	16208
16208	16208
16208	16208
16208	16208
16208	16208
16208	16208
16205	16198
16175	16126
16022	15839
15560	15176
14692	14143
13575	13053
12612	12267
12016	11864
11813	11857
11973	12133
12316	12518
12741	12984
13235	13485
13717	13917
14086	14216
14309	14372
14406	14418
14411	14386
14336	14256
14145	13997
13814	13602
13360	13112
12867	12635
12428	12248
12101	11995
11952	11993
12126	12349
12653	13037
13499	14017
14544	15033
15442	15750
15961	16088
16158	16190
16203	16206
16208	16208
16208	16208
16208	16208
16208	16208
16208	16208
16208	16208
16208	16208
16208	16208
16208	16208
16208	16205
16202	16202
16205	16206
16206	16208
16208	16208
16208	16208
16208	16208
16208	16208
16208	16208
16208	16208
16208	16208
16208	16208
16208	16206
16199	16179
16128	16016
15815	15493
15056	14521
13938	13351
12824	12389
12067	11847
11721	11684
11750	11926
12190	12505
12838	13169
13494	13809
14108	14378
14610	14800
14948	15059
15137	15187
15215	15225
15220	15197
15158	15094
14999	14870
14702	14493
14245	13966
13659	13341
13011	12685
12376	12120
11949	11887
11926	12050
12242	12511
12868	13320
13845	14398
14928	15381
15725	15959
16094	16162
16192	16203
16206	16208
16208	16208
16208	16208
16208	16208
16208	16208
16208	16208
16208	16208
16208	16208
16208	16206
16202	16194
16178	16177
16196	16198
16202	16206
16208	16208
16208	16208
16208	16208
16208	16208
16208	16208
16208	16208
16208	16208
16208	16208
16206	16200
16184	16138
16033	15828
15482	14991
14392	13753
13143	12617
12195	11883
11668	11533
11478	11519
11699	12039
12504	13021
13519	13961
14338	14662
14938	15166
15347	15489
15590	15664
15713	15742
15757	15764
15760	15750
15726	15685
15625	15538
15418	15257
15055	14809
14514	14161
13744	13270
12768	12307
11965	11789
11759	11833
11965	12151
12401	12743
13188	13727
14311	14886
15379	15747
15982	16110
16170	16195
16204	16207
16208	16208
16208	16208
16208	16208
16208	16208
16208	16208
16208	16208
16208	16208
16207	16203
16188	16156
16093	16095
16171	16179
16190	16200
16206	16208
16208	16208
16208	16208
16208	16208
16208	16208
16208	16208
16208	16208
16208	16207
16205	16193
16160	16076
15893	15556
15043	14382
13662	12989
12441	12027
11735	11526
11379	11285
11260	11349
11629	12132
12807	13530
14177	14686
15067	15344
15551	15704
15820	15903
15960	15997
16023	16038
16045	16048
16046	16040
16030	16010
15978	15931
15861	15763
15632	15454
15214	14882
14421	13827
13140	12470
11953	11665
11589	11648
11769	11920
12104	12343
12672	13120
13688	14323
14944	15457
15817	16029
16134	16181
16199	16206
16208	16208
16208	16208
16208	16208
16208	16208
16208	16208
16208	16208
16208	16208
16206	16193
16154	16066
15886	15899
16129	16145
16168	16189
16202	16207
16208	16208
16208	16208
16208	16208
16208	16208
16208	16208
16208	16208
16208	16206
16201	16184
16129	15998
15726	15256
14581	13786
13005	12367
11918	11628
11434	11287
11165	11082
11062	11175
11519	12147
12991	13882
14640	15190
15545	15766
15905	15995
16056	16099
16125	16144
16153	16159
16161	16163
16162	16159
16154	16148
16135	16114
16076	16026
15948	15836
15656	15359
14881	14198
13360	12524
11875	11519
11425	11489
11620	11770
11931	12109
12335	12670
13163	13803
14504	15144
15627	15930
16092	16164
16194	16204
16207	16208
16208	16208
16208	16208
16208	16208
16208	16208
16208	16208
16208	16207
16202	16179
16099	15922
15548	15586
16086	16110
16146	16180
16199	16206
16208	16208
16208	16208
16208	16208
16208	16208
16208	16208
16208	16208
16208	16206
16198	16174
16103	15932
15587	15011
14225	13348
12555	11970
11613	11409
11267	11139
11025	10940
10919	11034
11401	12094
13044	14042
14873	15447
15783	15968
16064	16117
16151	16170
16184	16190
16194	16196
16197	16198
16197	16197
16195	16193
16189	16179
16161	16133
16087	16011
15866	15588
15102	14359
13424	12487
11767	11387
11297	11375
11515	11680
11841	11993
12158	12406
12820	13434
14173	14896
15472	15849
16053	16149
16188	16203
16206	16208
16208	16208
16208	16208
16208	16208
16208	16208
16208	16208
16208	16207
16199	16165
16044	15488
15199	9859
