16189	16189
16189	16189
16189	16189
16189	16189
16189	16189
16189	16189
16189	16189
16189	16189
16189	16189
16189	16189
16189	16189
16189	16189
16189	16189
16189	16189
16189	16189
16189	16189
16189	16189
16189	16188
16188	16188
16186	16186
16181	16175
16164	16149
16128	16101
16060	16004
15917	15773
15547	15212
14777	14309
13917	13725
13792	14100
14549	15015
15402	15682
15863	15973
16040	16083
16117	16138
16158	16169
16178	16182
16186	16188
16188	16188
16189	16189
16189	16189
16189	16189
16189	16189
16189	16189
16189	16189
16189	16189
16189	16189
16189	16189
16189	16189
16189	16189
16189	16189
16189	16189
16189	16189
16189	16189
16189	16189
16189	16189
16189	16189
16189	16189
16189	16189
16189	16189
16189	16189
16189	16189
16189	16189
16189	16189
16189	16189
16189	16189
16189	16189
16189	16189
16189	16189
16189	16189
16189	16189
16189	16189
16189	16189
16189	16188
16188	16186
16186	16185
16181	16178
16169	16157
16136	16103
16062	16007
15937	15851
15737	15573
15334	15001
14582	14141
13775	13595
13661	13955
14380	14825
15205	15489
15685	15818
15910	15983
16039	16086
16123	16148
16165	16175
16179	16184
16186	16186
16187	16188
16189	16189
16189	16189
16189	16189
16189	16189
16189	16189
16189	16189
16189	16189
16189	16189
16189	16189
16189	16189
16189	16189
16189	16189
16189	16189
16189	16189
16189	16189
16189	16189
16189	16189
16189	16189
16189	16189
16189	16189
16189	16189
16189	16189
16189	16189
16189	16189
16189	16189
16189	16189
16189	16189
16189	16189
16189	16189
16189	16189
16189	16189
16189	16189
16189	16189
16188	16186
16186	16183
16181	16176
16171	16162
16146	16119
16073	16012
15929	15829
15711	15577
15420	15225
14976	14651
14263	13864
13540	13385
13446	13712
14096	14506
14868	15155
15369	15535
15671	15791
15893	15981
16048	16100
16135	16155
16167	16174
16177	16183
16184	16186
16186	16189
16189	16189
16189	16189
16189	16189
16189	16189
16189	16189
16189	16189
16189	16189
16189	16189
16189	16189
16189	16189
16189	16189
16189	16189
16189	16189
16189	16189
16189	16189
16189	16189
16189	16189
16189	16189
16189	16189
16189	16189
16189	16189
16189	16189
16189	16189
16189	16189
16189	16189
16189	16189
16189	16189
16189	16189
16189	16189
16189	16189
16189	16189
16189	16186
16186	16182
16178	16171
16165	16156
16144	16123
16090	16037
15954	15844
15703	15538
15351	15157
14952	14727
14466	14163
13823	13483
13215	13091
13150	13379
13710	14067
14396	14678
14908	15114
15302	15481
15648	15795
15916	16006
16069	16110
16137	16152
16163	16170
16177	16181
16186	16186
16188	16189
16189	16189
16189	16189
16189	16189
16189	16189
16189	16189
16189	16189
16189	16189
16189	16189
16189	16189
16189	16189
16189	16189
16189	16189
16189	16189
16189	16189
16189	16189
16189	16189
16189	16189
16189	16189
16189	16189
16189	16189
16189	16189
16189	16189
16189	16189
16189	16189
16189	16189
16189	16189
16189	16189
16189	16189
16189	16189
16189	16188
16186	16185
16178	16173
16161	16150
16130	16111
16080	16040
15976	15883
15750	15573
15354	15113
14859	14608
14363	14121
13872	13605
13323	13054
12849	12757
12813	12996
13262	13558
13842	14097
14336	14567
14804	15045
15283	15504
15691	15837
15943	16013
16064	16096
16122	16141
16158	16168
16178	16181
16186	16186
16188	16189
16189	16189
16189	16189
16189	16189
16189	16189
16189	16189
16189	16189
16189	16189
16189	16189
16189	16189
16189	16189
16189	16189
16189	16189
16189	16189
16189	16189
16189	16189
16189	16189
16189	16189
16189	16189
16189	16189
16189	16189
16189	16189
16189	16189
16189	16189
16189	16189
16189	16189
16189	16189
16189	16189
16189	16189
16187	16186
16182	16176
16165	16149
16126	16096
16057	16009
15953	15879
15775	15628
15428	15175
14882	14569
14266	13982
13729	13504
13291	13076
12858	12657
12508	12446
12494	12637
12845	13077
13304	13519
13736	13965
14223	14507
14807	15097
15357	15567
15726	15838
15923	15986
16039	16082
16118	16144
16162	16173
16180	16186
16186	16187
16188	16189
16189	16189
16189	16189
16189	16189
16189	16189
16189	16189
16189	16189
16189	16189
16189	16189
16189	16189
16189	16189
16189	16189
16189	16189
16189	16189
16189	16189
16189	16189
16189	16189
16189	16189
16189	16189
16189	16189
16189	16189
16189	16189
16189	16189
16189	16189
16189	16189
16189	16189
16189	16189
16189	16188
16185	16182
16173	16159
16134	16100
16048	15985
15908	15822
15725	15603
15449	15243
14977	14659
14310	13960
13644	13375
13163	12992
12840	12687
12525	12374
12260	12216
12258	12379
12544	12727
12896	13055
13217	13408
13643	13929
14253	14586
14901	15170
15384	15549
15678	15785
15880	15961
16030	16086
16123	16151
16166	16177
16181	16186
16186	16188
16189	16189
16189	16189
16189	16189
16189	16189
16189	16189
16189	16189
16189	16189
16189	16189
16189	16189
16189	16189
16189	16189
16189	16189
16189	16189
16189	16189
16189	16189
16189	16189
16189	16189
16189	16189
16189	16189
16189	16189
16189	16189
16189	16189
16189	16189
16189	16189
16189	16189
16189	16189
16188	16184
16180	16170
16151	16119
16068	15998
15903	15789
15658	15514
15358	15183
14976	14720
14409	14054
13690	13356
13082	12886
12759	12676
12601	12508
12386	12251
12144	12101
12146	12261
12417	12569
12693	12788
12873	12985
13149	13382
13681	14011
14345	14650
14905	15117
15298	15464
15615	15754
15873	15973
16050	16102
16138	16160
16173	16180
16183	16186
16187	16189
16189	16189
16189	16189
16189	16189
16189	16189
16189	16189
16189	16189
16189	16189
16189	16189
16189	16189
16189	16189
16189	16189
16189	16189
16189	16189
16189	16189
16189	16189
16189	16189
16189	16189
16189	16189
16189	16189
16189	16189
16189	16189
16189	16189
16189	16189
16189	16189
16189	16189
16184	16180
16169	16147
16106	16042
15947	15820
15661	15476
15275	15065
14848	14623
14376	14092
13771	13427
13101	12834
12653	12564
12548	12562
12565	12514
12404	12260
12137	12085
12133	12267
12439	12589
12687	12722
12727	12735
12795	12929
13146	13426
13733	14033
14306	14552
14781	15003
15220	15428
15618	15779
15912	16011
16080	16125
16153	16169
16177	16181
16186	16188
16189	16189
16189	16189
16189	16189
16189	16189
16189	16189
16189	16189
16189	16189
16189	16189
16189	16189
16189	16189
16189	16189
16189	16189
16189	16189
16189	16189
16189	16189
16189	16189
16189	16189
16189	16189
16189	16189
16189	16189
16189	16189
16189	16189
16189	16189
16189	16189
16189	16186
16181	16170
16147	16102
16027	15908
15745	15538
15294	15027
14754	14480
14217	13960
13700	13422
13131	12844
12597	12429
12360	12384
12471	12572
12626	12599
12483	12312
12159	12094
12149	12307
12508	12678
12767	12763
12694	12606
12555	12576
12684	12877
13119	13383
13642	13898
14155	14421
14697	14974
15240	15483
15691	15856
15979	16064
16117	16149
16167	16177
16182	16186
16189	16189
16189	16189
16189	16189
16189	16189
16189	16189
16189	16189
16189	16189
16189	16189
16189	16189
16189	16189
16189	16189
16189	16189
16189	16189
16189	16189
16189	16189
16189	16189
16189	16189
16189	16189
16189	16189
16189	16189
16189	16189
16189	16189
16189	16189
16189	16189
16186	16183
16173	16152
16108	16026
15895	15701
15443	15137
14798	14453
14120	13810
13531	13274
13033	12792
12556	12346
12189	12120
12143	12247
12397	12535
12608	12581
12453	12264
12096	12020
12081	12257
12477	12661
12752	12731
12623	12473
12342	12270
12285	12387
12555	12761
12989	13232
13491	13775
14085	14412
14748	15075
15373	15623
15822	15962
16057	16115
16150	16169
16177	16184
16187	16189
16189	16189
16189	16189
16189	16189
16189	16189
16189	16189
16189	16189
16189	16189
16189	16189
16189	16189
16189	16189
16189	16189
16189	16189
16189	16189
16189	16189
16189	16189
16189	16189
16189	16189
16189	16189
16189	16189
16189	16189
16189	16189
16189	16189
16189	16189
16184	16176
16157	16118
16041	15906
15696	15404
15038	14623
14198	13796
13437	13131
12869	12645
12442	12253
12079	11933
11842	11825
11887	12011
12155	12277
12336	12299
12172	11994
11839	11773
11834	12002
12214	12390
12475	12452
12342	12182
12025	11915
11885	11938
12059	12227
12418	12631
12867	13143
13451	13800
14179	14576
14961	15309
15594	15816
15966	16066
16122	16156
16172	16182
16186	16189
16189	16189
16189	16189
16189	16189
16189	16189
16189	16189
16189	16189
16189	16189
16189	16189
16189	16189
16189	16189
16189	16189
16189	16189
16189	16189
16189	16189
16189	16189
16189	16189
16189	16189
16189	16189
16189	16189
16189	16189
16189	16189
16189	16189
16189	16185
16180	16165
16133	16064
15939	15733
15426	15019
14538	14028
13540	13114
12770	12500
12292	12122
11970	11827
11686	11566
11485	11455
11481	11552
11636	11704
11725	11688
11589	11464
11359	11326
11380	11506
11661	11792
11854	11840
11753	11630
11509	11433
11426	11493
11620	11780
11957	12145
12351	12588
12869	13200
13590	14026
14481	14921
15307	15619
15845	15995
16086	16137
16165	16178
16184	16188
16189	16189
16189	16189
16189	16189
16189	16189
16189	16189
16189	16189
16189	16189
16189	16189
16189	16189
16189	16189
16189	16189
16189	16189
16189	16189
16189	16189
16189	16189
16189	16189
16189	16189
16189	16189
16189	16189
16189	16189
16189	16189
16189	16189
16187	16183
16173	16149
16095	15988
15799	15501
15078	14557
13969	13387
12870	12460
12164	11963
11821	11710
11599	11476
11337	11189
11053	10950
10884	10854
10841	10834
10824	10801
10771	10740
10727	10739
10781	10840
10901	10947
10963	10939
10890	10832
10790	10800
10876	11022
11209	11410
11600	11778
11951	12142
12371	12659
13024	13471
13970	14484
14965	15372
15683	15902
16036	16114
16154	16175
16183	16187
16189	16189
16189	16189
16189	16189
16189	16189
16189	16189
16189	16189
16189	16189
16189	16189
16189	16189
16189	16188
16188	16188
16188	16189
16189	16189
16189	16189
16189	16189
16189	16189
16189	16189
16189	16189
16189	16189
16189	16189
16189	16189
16189	16189
16185	16179
16161	16124
16039	15880
15612	15210
14669	14032
13358	12733
12217	11847
11613	11484
11415	11359
11285	11166
10998	10779
10552	10329
10145	9996
9892	9829
9806	9827
9889	9979
10075	10143
10167	10146
10094	10034
9978	9936
9912	9916
9969	10088
10282	10541
10823	11091
11312	11484
11628	11769
11940	12175
12501	12931
13449	14022
14588	15091
15495	15785
15973	16083
16141	16168
16181	16186
16189	16189
16189	16189
16189	16189
16189	16189
16189	16189
16189	16189
16189	16189
16189	16189
16189	16189
16186	16186
16185	16186
16188	16188
16188	16189
16189	16189
16189	16189
16189	16189
16189	16189
16189	16189
16189	16189
16189	16189
16189	16189
16189	16187
16183	16173
16149	16088
15967	15745
15384	14868
14210	13469
12728	12074
11575	11245
11073	11009
11003	11006
10970	10860
10659	10368
10031	9691
9389	9147
8977	8884
8878	8963
9128	9343
9545	9672
9681	9583
9417	9247
9115	9035
9019	9071
9199	9423
9735	10109
10489	10815
11054	11208
11309	11400
11517	11704
11995	12407
12939	13553
14190	14785
15282	15651
15900	16046
16126	16162
16179	16185
16189	16189
16189	16189
16189	16189
16189	16189
16189	16189
16189	16189
16189	16189
16189	16189
16189	16186
16184	16181
16178	16179
16184	16184
16186	16186
16189	16189
16189	16189
16189	16189
16189	16189
16189	16189
16189	16189
16189	16189
16189	16189
16189	16187
16181	16166
16128	16044
15878	15587
15125	14495
13722	12890
12090	11416
10919	10618
10482	10468
10525	10600
10630	10561
10357	10020
9598	9161
8772	8467
8264	8170
8199	8346
8611	8931
9226	9403
9403	9239
8981	8717
8509	8394
8371	8449
8634	8936
9341	9807
10248	10600
10817	10917
10946	10968
11037	11191
11466	11881
12432	13088
13792	14470
15055	15506
15816	16003
16105	16154
16176	16185
16189	16189
16189	16189
16189	16189
16189	16189
16189	16189
16189	16189
16189	16189
16189	16189
16185	16182
16174	16167
16153	16160
16178	16181
16182	16185
16186	16189
16189	16189
16189	16189
16189	16189
16189	16189
16189	16189
16189	16189
16189	16189
16189	16185
16178	16157
16107	15996
15781	15411
14853	14110
13235	12317
11462	10756
10245	9938
9816	9839
9966	10136
10271	10293
10136	9798
9337	8841
8397	8058
7841	7759
7816	8017
8350	8749
9114	9326
9323	9115
8790	8459
8202	8052
8025	8115
8338	8697
9170	9689
10152	10474
10620	10614
10532	10463
10475	10611
10898	11342
11932	12641
13407	14160
14825	15355
15726	15957
16083	16146
16173	16184
16187	16189
16189	16189
16189	16189
16189	16189
16189	16189
16189	16189
16189	16189
16189	16186
16182	16170
16152	16129
16088	16110
16165	16170
16175	16179
16184	16187
16189	16189
16189	16189
16189	16189
16189	16189
16189	16189
16189	16189
16189	16189
16189	16185
16174	16148
16083	15943
15677	15233
14584	13740
12771	11778
10866	10114
9564	9233
9106	9163
9368	9658
9939	10089
10034	9742
9280	8758
8281	7920
7700	7626
7696	7922
8286	8728
9123	9356
9349	9122
8767	8406
8125	7968
7940	8046
8299	8702
9219	9764
10214	10462
10487	10332
10108	9925
9876	9998
10310	10801
11453	12219
13050	13872
14611	15208
15639	15909
16062	16137
16171	16183
16187	16189
16189	16189
16189	16189
16189	16189
16189	16189
16189	16189
16189	16189
16188	16185
16174	16149
16101	16044
15920	15981
16145	16157
16161	16172
16180	16184
16188	16189
16189	16189
16189	16189
16189	16189
16189	16189
16189	16189
16189	16189
16188	16184
16171	16139
16061	15892
15582	15071
14337	13410
12365	11307
10341	9534
8937	8568
8431	8523
8813	9232
9667	9974
10037	9820
9385	8857
8365	7991
7765	7684
7749	7967
8322	8759
9159	9393
9389	9162
8810	8455
8186	8042
8029	8154
8438	8877
9429	9982
10393	10555
10439	10123
9740	9437
9316	9424
9763	10308
11023	11850
12741	13621
14421	15077
15559	15867
16042	16129
16166	16182
16187	16189
16189	16189
16189	16189
16189	16189
16189	16189
16189	16189
16189	16189
16187	16181
16161	16114
16010	15881
15558	15719
16122	16140
16148	16164
16175	16182
16187	16189
16189	16189
16189	16189
16189	16189
16189	16189
16189	16189
16189	16189
16188	16182
16168	16131
16041	15852
15502	14939
14141	13148
12045	10938
9924	9073
8433	8031
7890	8014
8380	8918
9493	9935
10113	9967
9568	9043
8541	8161
7925	7832
7874	8059
8383	8787
9168	9392
9391	9176
8846	8520
8285	8172
8185	8333
8642	9111
9689	10244
10619	10700
10459	9997
9482	9069
8880	8964
9320	9911
10675	11559
12496	13425
14272	14973
15492	15831
16024	16121
16164	16181
16187	16189
16189	16189
16189	16189
16189	16189
16189	16189
16189	16189
16189	16189
16186	16174
16145	16066
15877	15639
14972	15303
16102	16124
16136	16157
16171	16180
16185	16189
16189	16189
16189	16189
16189	16189
16189	16189
16189	16189
16189	16189
16187	16182
16168	16127
16027	15822
15448	14848
14010	12973
11831	10691
9646	8763
8093	7671
7530	7680
8106	8723
9393	9935
10194	10107
9733	9215
8708	8323
8080	7972
7987	8139
8420	8793
9145	9363
9360	9164
8859	8568
8369	8289
8325	8493
8820	9311
9905	10462
10814	10832
10507	9945
9329	8838
8601	8665
9030	9645
10445	11364
12334	13293
14171	14901
15449	15805
16012	16116
16163	16181
16187	16189
16189	16189
16189	16189
16189	16189
16189	16189
16189	16189
16189	16189
16185	16171
16129	15998
15736	14582
14307	8874
