16222	16222
16222	16222
16222	16222
16222	16222
16222	16222
16222	16222
16222	16222
16222	16222
16222	16222
16222	16222
16222	16222
16222	16222
16222	16222
16220	16217
16213	16205
16188	16162
16114	16023
15864	15599
15198	14624
13889	13020
12089	11164
10338	9649
9108	8696
8376	8102
7854	7608
7372	7142
6938	6756
6607	6487
6402	6361
6353	6374
6406	6437
6469	6512
6599	6766
7032	7404
7860	8359
8856	9307
9683	9977
10190	10341
10447	10518
10567	10594
10591	10541
10433	10250
9979	9634
9230	8803
8391	8032
7757	7574
7481	7465
7507	7585
7689	7807
7933	8066
8202	8341
8478	8610
8730	8837
8927	9007
9074	9140
9204	9280
9359	9450
9542	9634
9715	9788
9843	9888
9918	9931
9930	9908
9861	9782
9659	9479
9234	8918
8522	8052
7517	6936
6336	5751
5203	4726
4327	4016
3788	3634
3538	3485
3460	3454
3456	3470
3492	3540
3625	3768
4000	4351
4833	5459
6201	7011
7823	8562
9167	9595
9850	9959
9972	9957
9956	10000
10091	10224
10380	10562
10757	10956
11137	11285
11381	11436
11480	11553
11712	12001
12433	12990
13618	14244
14808	15264
15603	15833
15983	16072
16129	16164
16188	16202
16212	16218
16220	16222
16222	16222
16222	16222
16222	16222
16222	16222
16222	16222
16222	16222
16222	16222
16222	16222
16222	16222
16222	16222
16222	16222
16222	16222
16222	0
16222	16222
16222	16222
16222	16222
16222	16222
16222	16222
16222	16222
16222	16222
16222	16222
16222	16222
16222	16222
16222	16222
16222	16222
16222	16222
16220	16217
16214	16206
16192	16169
16125	16042
15895	15652
15273	14734
14032	13191
12273	11356
10514	9803
9231	8795
8450	8169
7910	7666
7426	7199
6992	6807
6650	6528
6432	6376
6354	6365
6395	6438
6491	6572
6704	6911
7206	7595
8046	8527
8993	9409
9753	10020
10214	10354
10452	10518
10568	10598
10599	10565
10476	10324
10093	9795
9436	9051
8671	8330
8051	7847
7719	7659
7650	7683
7742	7819
7913	8022
8145	8281
8423	8564
8693	8804
8895	8967
9025	9082
9138	9208
9283	9368
9457	9539
9612	9669
9706	9725
9723	9702
9662	9600
9513	9393
9233	9022
8752	8417
8020	7557
7046	6509
5966	5440
4956	4539
4193	3927
3733	3603
3521	3476
3456	3451
3455	3467
3486	3529
3601	3729
3935	4246
4681	5255
5944	6711
7491	8223
8842	9308
9612	9781
9856	9896
9937	10011
10121	10265
10429	10616
10810	11003
11173	11309
11397	11454
11502	11596
11783	12100
12556	13123
13747	14360
14902	15335
15651	15866
16001	16086
16139	16170
16192	16205
16214	16219
16221	16222
16222	16222
16222	16222
16222	16222
16222	16222
16222	16222
16222	16222
16222	16222
16222	16222
16222	16222
16222	16222
16222	16222
16222	16222
16222	0
16222	16222
16222	16222
16222	16222
16222	16222
16222	16222
16222	16222
16222	16222
16222	16222
16222	16222
16222	16222
16222	16222
16222	16222
16222	16222
16221	16217
16216	16209
16196	16178
16138	16067
15937	15718
15378	14882
14227	13427
12538	11630
10773	10032
9422	8945
8572	8265
7999	7749
7509	7280
7070	6884
6720	6584
6481	6408
6377	6377
6409	6467
6555	6683
6869	7124
7459	7862
8301	8749
9173	9540
9844	10072
10243	10365
10453	10519
10569	10600
10613	10594
10534	10416
10237	9995
9701	9374
9042	8727
8452	8231
8067	7956
7886	7857
7850	7870
7915	7987
8086	8211
8353	8500
8637	8752
8840	8903
8949	8992
9034	9095
9167	9248
9332	9406
9466	9501
9509	9489
9441	9369
9271	9150
9005	8833
8626	8377
8082	7735
7340	6906
6439	5962
5489	5045
4648	4306
4028	3815
3664	3562
3497	3463
3450	3446
3451	3460
3481	3514
3574	3675
3847	4111
4488	4987
5608	6312
7054	7772
8409	8923
9296	9546
9703	9815
9915	10031
10170	10327
10504	10693
10882	11066
11221	11340
11422	11478
11545	11672
11898	12252
12737	13314
13932	14519
15027	15428
15717	15908
16027	16102
16147	16177
16194	16207
16215	16219
16220	16222
16222	16222
16222	16222
16222	16222
16222	16222
16222	16222
16222	16222
16222	16222
16222	16222
16222	16222
16222	16222
16222	16222
16222	16222
16222	0
16222	16222
16222	16222
16222	16222
16222	16222
16222	16222
16222	16222
16222	16222
16222	16222
16222	16222
16222	16222
16222	16222
16222	16222
16222	16222
16221	16219
16216	16211
16202	16184
16152	16093
15985	15797
15500	15059
14466	13724
12875	11984
11119	10339
9684	9156
8740	8401
8116	7861
7617	7386
7172	6978
6806	6663
6547	6465
6421	6417
6455	6541
6674	6859
7105	7414
7779	8187
8603	9010
9378	9692
9944	10132
10275	10378
10458	10519
10566	10603
10624	10625
10592	10520
10393	10217
9993	9736
9462	9189
8932	8707
8514	8355
8228	8127
8048	7994
7970	7983
8041	8143
8278	8425
8568	8683
8765	8814
8845	8866
8901	8952
9022	9104
9186	9256
9300	9310
9281	9208
9096	8953
8779	8581
8366	8130
7871	7592
7275	6928
6554	6156
5750	5352
4968	4617
4313	4055
3851	3697
3589	3516
3474	3452
3443	3444
3449	3457
3472	3497
3544	3623
3757	3966
4277	4696
5233	5867
6558	7257
7913	8479
8935	9276
9533	9728
9896	10057
10228	10406
10593	10782
10970	11136
11278	11381
11456	11521
11618	11786
12061	12461
12977	13563
14163	14720
15186	15543
15795	15960
16063	16125
16161	16183
16200	16211
16216	16220
16222	16222
16222	16222
16222	16222
16222	16222
16222	16222
16222	16222
16222	16222
16222	16222
16222	16222
16222	16222
16222	16222
16222	16222
16222	16222
16222	0
16222	16222
16222	16222
16222	16222
16222	16222
16222	16222
16222	16222
16222	16222
16222	16222
16222	16222
16222	16222
16222	16222
16222	16222
16222	16222
16221	16220
16217	16215
16207	16192
16169	16122
16033	15879
15630	15251
14725	14053
13264	12401
11536	10726
10020	9433
8961	8580
8269	7995
7748	7514
7296	7094
6915	6761
6638	6546
6501	6502
6560	6682
6863	7109
7411	7761
8148	8545
8931	9283
9590	9843
10041	10192
10305	10392
10460	10515
10564	10603
10635	10651
10645	10610
10538	10426
10275	10092
9884	9662
9442	9226
9026	8837
8661	8496
8345	8207
8101	8038
8038	8102
8212	8355
8495	8607
8679	8711
8718	8727
8748	8801
8877	8970
9062	9131
9162	9145
9072	8935
8745	8508
8241	7952
7656	7356
7050	6740
6421	6090
5752	5410
5079	4765
4472	4219
4000	3826
3690	3590
3520	3477
3452	3440
3438	3442
3446	3454
3464	3485
3517	3573
3676	3836
4078	4424
4880	5439
6080	6758
7432	8053
8590	9029
9380	9658
9891	10101
10300	10496
10695	10883
11061	11213
11335	11425
11501	11588
11724	11948
12281	12729
13268	13853
14426	14940
15354	15665
15877	16012
16096	16146
16174	16192
16204	16212
16216	16220
16222	16222
16222	16222
16222	16222
16222	16222
16222	16222
16222	16222
16222	16222
16222	16222
16222	16222
16222	16222
16222	16222
16222	16222
16222	16222
16222	0
16222	16222
16222	16222
16222	16222
16222	16222
16222	16222
16222	16222
16222	16222
16222	16222
16222	16222
16222	16222
16222	16222
16222	16222
16222	16222
16221	16221
16219	16216
16209	16200
16184	16147
16079	15957
15753	15438
14989	14395
13673	12858
12007	11178
10423	9774
9239	8805
8453	8156
7896	7656
7434	7223
7038	6877
6747	6657
6616	6636
6724	6886
7121	7418
7765	8146
8530	8903
9244	9540
9787	9981
10133	10248
10334	10404
10463	10515
10563	10606
10645	10674
10690	10687
10659	10603
10514	10400
10260	10100
9927	9745
9555	9359
9155	8943
8724	8505
8310	8161
8087	8093
8172	8294
8424	8527
8582	8599
8592	8590
8614	8679
8779	8897
9010	9091
9119	9079
8954	8752
8470	8131
7755	7364
6975	6606
6256	5926
5611	5311
5021	4746
4490	4261
4060	3890
3750	3642
3558	3503
3464	3444
3433	3430
3432	3436
3442	3449
3461	3475
3497	3537
3611	3730
3924	4205
4593	5091
5687	6349
7038	7707
8316	8842
9272	9624
9912	10161
10386	10597
10799	10985
11148	11285
11393	11480
11565	11685
11874	12158
12550	13042
13597	14168
14704	15164
15524	15784
15958	16064
16129	16167
16186	16201
16210	16216
16218	16220
16222	16222
16222	16222
16222	16222
16222	16222
16222	16222
16222	16222
16222	16222
16222	16222
16222	16222
16222	16222
16222	16222
16222	16222
16222	16222
16222	0
16222	16222
16222	16222
16222	16222
16222	16222
16222	16222
16222	16222
16222	16222
16222	16222
16222	16222
16222	16222
16222	16222
16222	16222
16222	16222
16222	16221
16220	16219
16216	16209
16195	16169
16118	16026
15866	15611
15236	14728
14084	13332
12512	11682
10887	10180
9575	9080
8675	8344
8063	7813
7583	7372
7179	7011
6878	6792
6763	6809
6935	7139
7420	7759
8136	8523
8895	9234
9524	9763
9953	10097
10209	10290
10357	10414
10465	10513
10560	10607
10648	10689
10722	10743
10746	10735
10699	10641
10562	10465
10344	10206
10047	9864
9657	9418
9148	8860
8580	8343
8184	8125
8161	8256
8367	8454
8497	8500
8483	8487
8532	8630
8776	8943
9095	9202
9235	9174
9011	8736
8365	7917
7425	6920
6433	5988
5590	5238
4930	4660
4423	4213
4029	3874
3746	3643
3564	3505
3463	3437
3424	3418
3419	3419
3425	3431
3440	3447
3456	3466
3486	3516
3572	3671
3829	4071
4416	4873
5443	6097
6802	7506
8169	8752
9242	9643
9969	10243
10486	10706
10904	11082
11231	11350
11446	11540
11650	11821
12067	12419
12869	13389
13945	14488
14975	15374
15677	15890
16025	16110
16158	16184
16199	16207
16214	16217
16219	16221
16222	16222
16222	16222
16222	16222
16222	16222
16222	16222
16222	16222
16222	16222
16222	16222
16222	16222
16222	16222
16222	16222
16222	16222
16222	16222
16222	0
16222	16222
16222	16222
16222	16222
16222	16222
16222	16222
16222	16222
16222	16222
16222	16222
16222	16222
16222	16222
16222	16222
16222	16222
16222	16222
16222	16222
16221	16220
16218	16214
16204	16186
16150	16077
15958	15757
15455	15029
14474	13795
13028	12210
11399	10640
9970	9403
8940	8562
8251	7985
7746	7527
7329	7159
7025	6946
6930	7000
7158	7406
7721	8092
8479	8862
9206	9508
9752	9943
10086	10190
10268	10330
10378	10426
10471	10512
10559	10606
10653	10698
10741	10779
10807	10825
10828	10816
10789	10742
10673	10584
10465	10314
10117	9870
9568	9227
8873	8555
8317	8192
8173	8234
8324	8395
8427	8424
8415	8442
8528	8687
8900	9131
9342	9490
9542	9478
9280	8947
8492	7942
7336	6716
6125	5592
5133	4753
4439	4188
3987	3830
3704	3606
3535	3479
3441	3414
3399	3393
3390	3395
3402	3410
3419	3428
3436	3446
3454	3467
3484	3516
3567	3660
3809	4037
4372	4817
5379	6039
6756	7484
8172	8782
9299	9724
10068	10352
10602	10819
11010	11173
11303	11408
11506	11614
11768	11994
12312	12723
13217	13755
14295	14798
15227	15565
15813	15979
16084	16146
16180	16197
16207	16215
16217	16219
16221	16222
16222	16222
16222	16222
16222	16222
16222	16222
16222	16222
16222	16222
16222	16222
16222	16222
16222	16222
16222	16222
16222	16222
16222	16222
16222	16222
16222	0
16222	16222
16222	16222
16222	16222
16222	16222
16222	16222
16222	16222
16222	16222
16222	16222
16222	16222
16222	16222
16222	16222
16222	16222
16222	16222
16222	16222
16222	16221
16219	16217
16213	16198
16171	16121
16030	15878
15639	15295
14827	14234
13530	12749
11940	11145
10416	9780
9245	8812
8461	8169
7919	7693
7493	7317
7181	7103
7100	7185
7365	7634
7978	8360
8751	9119
9445	9713
9920	10075
10184	10260
10318	10364
10403	10438
10477	10518
10561	10608
10656	10704
10751	10799
10840	10878
10908	10928
10938	10931
10909	10864
10787	10669
10494	10256
9941	9560
9153	8767
8461	8272
8204	8229
8294	8351
8379	8383
8395	8462
8612	8849
9150	9465
9745	9944
10028	9973
9761	9391
8874	8241
7533	6803
6105	5477
4940	4503
4166	3911
3727	3594
3504	3443
3402	3379
3365	3357
3357	3362
3369	3379
3392	3402
3412	3423
3435	3445
3458	3474
3498	3538
3603	3708
3874	4121
4471	4936
5512	6182
6904	7634
8322	8931
9447	9869
10211	10493
10732	10936
11112	11253
11368	11467
11573	11712
11920	12211
12594	13061
13584	14120
14632	15082
15449	15725
15924	16051
16128	16173
16195	16208
16214	16217
16220	16220
16221	16222
16222	16222
16222	16222
16222	16222
16222	16222
16222	16222
16222	16222
16222	16222
16222	16222
16222	16222
16222	16222
16222	16222
16222	16222
16222	16222
16222	0
16222	16222
16222	16222
16222	16222
16222	16222
16222	16222
16222	16222
16222	16222
16222	16222
16222	16222
16222	16222
16222	16222
16222	16222
16222	16222
16222	16222
16222	16222
16221	16219
16216	16207
16189	16150
16085	15971
15791	15517
15134	14631
14004	13280
12491	11683
10911	10209
9605	9105
8703	8376
8106	7871
7662	7482
7342	7260
7255	7344
7528	7808
8153	8537
8921	9280
9585	9834
10023	10157
10250	10313
10357	10391
10421	10453
10487	10523
10565	10611
10658	10706
10757	10808
10860	10909
10953	10995
11029	11054
11064	11054
11014	10929
10780	10553
10235	9834
9389	8954
8589	8350
8237	8229
8274	8324
8352	8370
8417	8538
8766	9094
9491	9894
10253	10511
10635	10602
10396	10017
9470	8784
8003	7186
6385	5653
5023	4511
4113	3822
3620	3487
3405	3356
3330	3322
3321	3323
3329	3339
3351	3363
3378	3391
3404	3418
3433	3450
3468	3496
3533	3594
3683	3824
4031	4322
4718	5221
5822	6505
7220	7933
8594	9176
9664	10059
10382	10648
10870	11054
11202	11323
11424	11527
11656	11842
12108	12469
12915	13421
13953	14470
14938	15326
15633	15857
16007	16101
16159	16189
16207	16215
16218	16220
16221	16222
16222	16222
16222	16222
16222	16222
16222	16222
16222	16222
16222	16222
16222	16222
16222	16222
16222	16222
16222	16222
16222	16222
16222	16222
16222	16222
16222	16222
16222	0
16222	16222
16222	16222
16222	16222
16222	16222
16222	16222
16222	16222
16222	16222
16222	16222
16222	16222
16222	16222
16222	16222
16222	16222
16222	16222
16222	16222
16222	16222
16222	16220
16218	16213
16199	16174
16125	16042
15908	15697
15394	14975
14437	13783
13039	12243
11444	10691
10020	9449
8984	8611
8307	8056
7838	7652
7506	7411
7395	7465
7635	7897
8228	8598
8973	9320
9624	9870
10055	10189
10281	10344
10387	10416
10443	10470
10498	10533
10573	10616
10661	10708
10760	10815
10867	10924
10977	11029
11080	11122
11157	11169
11154	11095
10970	10759
10444	10035
9566	9095
8693	8408
8259	8224
8253	8295
8330	8373
8462	8648
8955	9374
9866	10359
10788	11105
11275	11276
11097	10738
10195	9505
8689	7815
6936	6107
5373	4757
4273	3910
3656	3486
3383	3327
3303	3294
3296	3302
3313	3325
3338	3351
3368	3383
3399	3418
3437	3459
3492	3537
3603	3694
3830	4024
4290	4645
5100	5648
6279	6962
7663	8337
8947	9479
9920	10281
10570	10809
11002	11160
11283	11385
11481	11601
11766	12012
12343	12766
13257	13785
14310	14794
15205	15538
15782	15957
16069	16139
16181	16203
16213	16218
16220	16222
16222	16222
16222	16222
16222	16222
16222	16222
16222	16222
16222	16222
16222	16222
16222	16222
16222	16222
16222	16222
16222	16222
16222	16222
16222	16222
16222	16222
16222	16222
16222	0
16222	16222
16222	16222
16222	16222
16222	16222
16222	16222
16222	16222
16222	16222
16222	16222
16222	16222
16222	16222
16222	16222
16222	16222
16222	16222
16222	16222
16222	16222
16222	16222
16220	16215
16207	16188
16151	16093
15993	15839
15601	15263
14814	14242
13561	12800
12002	11216
10485	9846
9311	8881
8535	8254
8020	7824
7662	7556
7514	7553
7690	7914
8209	8555
8913	9255
9563	9820
10021	10172
10276	10351
10399	10436
10463	10487
10517	10547
10584	10623
10667	10713
10766	10816
10871	10929
10985	11043
11102	11155
11203	11231
11234	11195
11087	10887
10580	10167
9685	9193
8759	8444
8267	8208
8221	8258
8303	8373
8505	8756
9139	9643
10214	10782
11274	11644
11856	11900
11769	11454
10959	10302
9503	8613
7689	6784
5949	5224
4628	4164
3826	3591
3443	3354
3308	3291
3285	3291
3299	3312
3326	3343
3361	3380
3398	3422
3450	3489
3542	3617
3718	3862
4059	4321
4663	5092
5605	6195
6840	7510
8169	8787
9337	9805
10194	10507
10762	10965
11128	11252
11353	11446
11551	11701
11919	12227
12623	13100
13620	14148
14646	15081
15435	15704
15900	16032
16116	16166
16194	16209
16218	16220
16222	16222
16222	16222
16222	16222
16222	16222
16222	16222
16222	16222
16222	16222
16222	16222
16222	16222
16222	16222
16222	16222
16222	16222
16222	16222
16222	16222
16222	16222
16222	16222
16222	0
16222	16222
16222	16222
16222	16222
16222	16222
16222	16222
16222	16222
16222	16222
16222	16222
16222	16222
16222	16222
16222	16222
16222	16222
16222	16222
16222	16222
16222	16222
16222	16222
16221	16218
16212	16198
16175	16131
16060	15944
15767	15504
15137	14654
14047	13343
12570	11774
11005	10302
9699	9198
8796	8479
8216	8005
7831	7698
7628	7629
7714	7884
8131	8429
8762	9096
9410	9689
9916	10098
10233	10329
10396	10442
10475	10506
10535	10564
10599	10635
10676	10720
10772	10819
10874	10930
10988	11050
11110	11169
11221	11259
11273	11243
11149	10959
10659	10248
9760	9253
8802	8462
8260	8178
8179	8214
8274	8369
8546	8851
9302	9872
10509	11131
11671	12079
12331	12418
12340	12092
11672	11087
10349	9495
8568	7622
6709	5879
5165	4579
4127	3798
3574	3431
3348	3305
3288	3287
3293	3305
3320	3339
3357	3379
3406	3440
3488	3547
3634	3749
3905	4116
4384	4729
5147	5643
6203	6816
7457	8090
8694	9241
9721	10126
10457	10725
10939	11104
11232	11331
11419	11512
11644	11839
12120	12491
12946	13456
13987	14494
14949	15326
15620	15835
15986	16084
16145	16181
16201	16213
16218	16221
16222	16222
16222	16222
16222	16222
16222	16222
16222	16222
16222	16222
16222	16222
16222	16222
16222	16222
16222	16222
16222	16222
16222	16222
16222	16222
16222	16222
16222	16222
16222	16222
16222	0
16222	16222
16222	16222
16222	16222
16222	16222
16222	16222
16222	16222
16222	16222
16222	16222
16222	16222
16222	16222
16222	16222
16222	16222
16222	16222
16222	16222
16222	16222
16222	16222
16221	16219
16213	16205
16188	16156
16107	16024
15891	15693
15403	15005
14487	13856
13135	12355
11567	10818
10147	9576
9109	8737
8438	8199
8002	7851
7747	7705
7734	7841
8022	8271
8563	8878
9193	9489
9750	9967
10138	10269
10362	10429
10478	10517
10551	10583
10617	10652
10690	10734
10781	10829
10882	10935
10991	11050
11112	11171
11226	11269
11290	11267
11183	11004
10711	10307
9820	9308
8839	8480
8256	8157
8140	8174
8244	8365
8585	8937
9437	10059
10736	11393
11959	12390
12675	12802
12781	12609
12282	11797
11157	10380
9495	8549
7598	6683
5857	5147
4567	4119
3797	3575
3433	3351
3312	3294
3294	3304
3319	3340
3365	3394
3435	3485
3559	3655
3787	3960
4188	4475
4832	5251
5741	6282
6871	7478
8086	8664
9198	9671
10078	10418
10695	10919
11088	11221
11322	11408
11492	11607
11781	12033
12376	12808
13304	13831
14347	14819
15217	15531
15768	15937
16048	16121
16166	16192
16208	16215
16220	16222
16222	16222
16222	16222
16222	16222
16222	16222
16222	16222
16222	16222
16222	16222
16222	16222
16222	16222
16222	16222
16222	16222
16222	16222
16222	16222
16222	16222
16222	16222
16222	16222
16222	0
16222	16222
16222	16222
16222	16222
16222	16222
16222	16222
16222	16222
16222	16222
16222	16222
16222	16222
16222	16222
16222	16222
16222	16222
16222	16222
16222	16222
16222	16222
16222	16222
16222	16220
16217	16210
16199	16176
16140	16081
15987	15837
15616	15300
14873	14327
13672	12936
12157	11384
10657	10019
9479	9047
8697	8421
8195	8017
7881	7798
7771	7815
7925	8109
8351	8633
8935	9238
9525	9776
9989	10158
10290	10385
10460	10514
10559	10597
10634	10672
10710	10751
10795	10841
10890	10943
10997	11054
11111	11170
11226	11271
11294	11281
11202	11035
10757	10363
9883	9372
8902	8531
8286	8168
8140	8167
8250	8397
8648	9035
9573	10219
10918	11585
12158	12600
12900	13058
13088	12991
12757	12385
11862	11196
10400	9503
8551	7595
6684	5855
5147	4568
4122	3800
3579	3439
3362	3322
3307	3312
3327	3353
3385	3432
3492	3574
3687	3834
4026	4277
4584	4958
5391	5880
6415	6985
7566	8140
8690	9200
9657	10054
10394	10675
10905	11084
11221	11325
11407	11491
11594	11747
11971	12285
12691	13167
13685	14205
14688	15107
15444	15700
15884	16009
16094	16145
16179	16199
16210	16218
16220	16222
16222	16222
16222	16222
16222	16222
16222	16222
16222	16222
16222	16222
16222	16222
16222	16222
16222	16222
16222	16222
16222	16222
16222	16222
16222	16222
16222	16222
16222	16222
16222	16222
16222	0
16222	16222
16222	16222
16222	16222
16222	16222
16222	16222
16222	16222
16222	16222
16222	16222
16222	16222
16222	16222
16222	16222
16222	16222
16222	16222
16222	16222
16222	16222
16222	16222
16222	16220
16218	16212
16204	16187
16164	16122
16054	15946
15783	15540
15197	14744
14172	13500
12757	11982
11230	10530
9926	9419
9007	8682
8418	8209
8039	7918
7843	7825
7872	7984
8162	8395
8667	8960
9254	9531
9782	9990
10163	10301
10406	10488
10549	10602
10647	10687
10730	10770
10815	10861
10907	10957
11008	11064
11118	11176
11228	11275
11302	11292
11225	11071
10810	10440
9982	9488
9026	8650
8395	8259
8218	8246
8338	8504
8780	9191
9741	10394
11086	11740
12302	12738
13039	13218
13287	13251
13108	12845
12447	11908
11228	10422
9519	8564
7604	6687
5859	5148
4570	4127
3806	3589
3454	3377
3343	3338
3351	3385
3435	3505
3597	3725
3892	4106
4379	4710
5105	5553
6055	6590
7146	7706
8252	8770
9249	9680
10061	10386
10665	10892
11073	11219
11328	11416
11502	11600
11742	11948
12233	12607
13059	13560
14075	14566
14999	15356
15629	15830
15968	16062
16121	16161
16185	16201
16212	16217
16220	16222
16222	16222
16222	16222
16222	16222
16222	16222
16222	16222
16222	16222
16222	16222
16222	16222
16222	16222
16222	16222
16222	16222
16222	16222
16222	16222
16222	16222
16222	16222
16222	16222
16222	0
16222	16222
16222	16222
16222	16222
16222	16222
16222	16222
16222	16222
16222	16222
16222	16222
16222	16222
16222	16222
16222	16222
16222	16222
16222	16222
16222	16222
16222	16222
16222	16222
16222	16220
16219	16215
16207	16195
16179	16151
16102	16028
15910	15728
15463	15098
14615	14027
13341	12599
11839	11107
10441	9866
9385	8997
8684	8429
8228	8068
7951	7883
7868	7916
8025	8195
8420	8681
8963	9245
9516	9762
9976	10156
10300	10414
10509	10584
10644	10695
10744	10790
10837	10881
10927	10974
11025	11074
11127	11183
11234	11280
11309	11309
11253	11118
10885	10549
10128	9669
9230	8867
8612	8469
8422	8451
8548	8729
9021	9440
9982	10614
11272	11891
12417	12830
13123	13310
13405	13418
13347	13182
12903	12494
11945	11258
10446	9536
8575	7610
6689	5860
5148	4572
4132	3819
3607	3479
3413	3392
3410	3455
3530	3635
3780	3965
4204	4498
4852	5267
5734	6247
6786	7339
7884	8407
8894	9342
9742	10097
10406	10671
10891	11072
11215	11330
11423	11514
11618	11759
11954	12223
12570	12993
13471	13973
14462	14903
15274	15563
15778	15928
16030	16098
16140	16170
16189	16203
16212	16219
16220	16222
16222	16222
16222	16222
16222	16222
16222	16222
16222	16222
16222	16222
16222	16222
16222	16222
16222	16222
16222	16222
16222	16222
16222	16222
16222	16222
16222	16222
16222	16222
16222	16222
16222	0
16222	16222
16222	16222
16222	16222
16222	16222
16222	16222
16222	16222
16222	16222
16222	16222
16222	16222
16222	16222
16222	16222
16222	16222
16222	16222
16222	16222
16222	16222
16222	16222
16222	16221
16220	16216
16211	16202
16190	16170
16138	16086
16002	15871
15674	15391
15001	14500
13897	13209
12474	11731
11028	10389
9838	9374
8999	8692
8447	8251
8097	7985
7922	7907
7952	8056
8216	8427
8672	8941
9216	9484
9729	9948
10137	10295
10424	10530
10615	10686
10746	10800
10852	10900
10951	10997
11046	11093
11144	11194
11245	11290
11324	11327
11292	11181
10985	10694
10327	9922
9529	9197
8958	8820
8775	8807
8910	9100
9388	9795
10306	10891
11492	12055
12533	12906
13176	13357
13469	13515
13500	13414
13236	12947
12533	11979
11284	10466
9550	8582
7613	6688
5861	5153
4583	4154
3848	3654
3542	3504
3521	3584
3696	3848
4054	4316
4634	5013
5448	5931
6455	6996
7546	8082
8585	9050
9468	9838
10167	10451
10697	10907
11080	11217
11329	11424
11519	11629
11777	11974
12236	12568
12971	13426
13907	14385
14824	15204
15507	15734
15895	16005
16074	16122
16154	16176
16192	16204
16211	16217
16220	16222
16222	16222
16222	16222
16222	16222
16222	16222
16222	16222
16222	16222
16222	16222
16222	16222
16222	16222
16222	16222
16222	16222
16222	16222
16222	16222
16222	16222
16222	16222
16222	16222
16222	0
16222	16222
16222	16222
16222	16222
16222	16222
16222	16222
16222	16222
16222	16222
16222	16222
16222	16222
16222	16222
16222	16222
16222	16222
16222	16222
16222	16222
16222	16222
16222	16222
16222	16221
16220	16217
16213	16205
16196	16183
16160	16124
16068	15975
15835	15622
15317	14911
14399	13787
13106	12386
11665	10986
10370	9831
9378	9007
8708	8467
8277	8131
8025	7961
7945	7982
8075	8221
8415	8646
8903	9168
9432	9680
9908	10108
10279	10425
10544	10638
10724	10795
10856	10913
10969	11018
11068	11114
11165	11213
11262	11308
11345	11361
11337	11257
11105	10873
10573	10238
9908	9627
9422	9304
9268	9306
9411	9598
9872	10244
10705	11221
11746	12233
12648	12974
13218	13388
13499	13566
13590	13561
13466	13284
12990	12568
12009	11306
10479	9556
8587	7613
6695	5867
5171	4615
4204	3921
3760	3693
3711	3802
3957	4176
4455	4796
5193	5645
6140	6669
7213	7756
8280	8771
9214	9610
9958	10258
10519	10745
10938	11095
11227	11333
11425	11516
11629	11784
11989	12253
12586	12978
13420	13882
14345	14773
15154	15463
15701	15871
15987	16062
16110	16143
16166	16183
16196	16207
16213	16219
16220	16222
16222	16222
16222	16222
16222	16222
16222	16222
16222	16222
16222	16222
16222	16222
16222	16222
16222	16222
16222	16222
16222	16222
16222	16222
16222	16222
16222	16222
16222	16222
16222	16222
16222	0
16222	16222
16222	16222
16222	16222
16222	16222
16222	16222
16222	16222
16222	16222
16222	16222
16222	16222
16222	16222
16222	16222
16222	16222
16222	16222
16222	16222
16222	16222
16222	16222
16222	16222
16220	16217
16215	16210
16201	16193
16177	16154
16115	16052
15954	15801
15574	15256
14839	14320
13712	13039
12338	11635
10968	10362
9830	9385
9023	8730
8496	8313
8172	8068
8004	7982
8009	8084
8213	8389
8607	8848
9106	9369
9621	9855
10066	10253
10411	10546
10657	10755
10838	10909
10972	11031
11084	11134
11183	11233
11283	11331
11370	11395
11389	11341
11235	11065
10843	10590
10336	10120
9962	9873
9855	9900
10005	10180
10427	10755
11147	11583
12019	12422
12766	13042
13248	13403
13511	13591
13638	13649
13613	13514
13326	13026
12600	12033
11323	10490
9564	8589
7621	6710
5896	5221
4694	4321
4096	4002
4018	4140
4344	4629
4981	5398
5860	6364
6892	7434
7964	8473
8946	9374
9750	10080
10359	10601
10808	10984
11127	11248
11343	11427
11515	11624
11777	11983
12260	12599
12993	13427
13881	14331
14752	15123
15434	15677
15854	15976
16057	16108
16138	16160
16177	16190
16199	16209
16215	16218
16220	16222
16222	16222
16222	16222
16222	16222
16222	16222
16222	16222
16222	16222
16222	16222
16222	16222
16222	16222
16222	16222
16222	16222
16222	16222
16222	16222
16222	16222
16222	16222
16222	16222
16222	0
16222	16222
16222	16222
16222	16222
16222	16222
16222	16222
16222	16222
16222	16222
16222	16222
16222	16222
16222	16222
16222	16222
16222	16222
16222	16222
16222	16222
16222	16222
16222	16222
16222	16222
16221	16219
16216	16214
16207	16201
16191	16174
16151	16108
16041	15931
15769	15530
15205	14782
14268	13666
13006	12312
11622	10961
10363	9838
9401	9047
8764	8539
8360	8220
8113	8044
8010	8024
8086	8196
8355	8555
8785	9034
9293	9549
9792	10015
10211	10387
10536	10665
10772	10869
10950	11021
11087	11144
11199	11253
11304	11352
11398	11430
11444	11421
11362	11255
11107	10934
10762	10614
10509	10457
10459	10510
10613	10770
10985	11258
11580	11929
12281	12602
12879	13101
13277	13412
13516	13595
13658	13694
13702	13659
13557	13361
13060	12627
12053	11339
10500	9574
8604	7644
6751	5969
5339	4873
4579	4451
4471	4619
4875	5218
5631	6100
6606	7129
7653	8165
8656	9108
9519	9880
10192	10459
10684	10875
11037	11169
11275	11362
11437	11517
11617	11764
11969	12247
12591	12992
13432	13885
14332	14747
15114	15421
15661	15843
15971	16057
16108	16140
16163	16176
16187	16196
16206	16212
16216	16220
16222	16222
16222	16222
16222	16222
16222	16222
16222	16222
16222	16222
16222	16222
16222	16222
16222	16222
16222	16222
16222	16222
16222	16222
16222	16222
16222	16222
16222	16222
16222	16222
16222	16222
16222	0
16222	16222
16222	16222
16222	16222
16222	16222
16222	16222
16222	16222
16222	16222
16222	16222
16222	16222
16222	16222
16222	16222
16222	16222
16222	16222
16222	16222
16222	16222
16222	16222
16222	16222
16221	16220
16217	16214
16210	16206
16200	16191
16175	16148
16102	16027
15911	15741
15498	15170
14748	14237
13644	12988
12302	11617
10965	10376
9866	9439
9095	8818
8598	8418
8273	8161
8083	8038
8041	8085
8179	8318
8502	8717
8956	9211
9465	9712
9945	10155
10343	10509
10652	10778
10885	10979
11059	11133
11197	11258
11316	11371
11421	11465
11491	11498
11475	11422
11342	11242
11143	11060
11005	10988
11012	11071
11169	11307
11488	11710
11963	12237
12506	12755
12973	13154
13304	13418
13516	13596
13663	13716
13747	13750
13706	13596
13399	13088
12649	12070
11352	10512
9590	8631
7696	6844
6127	5580
5224	5059
5076	5241
5533	5920
6371	6863
7374	7879
8369	8831
9258	9646
9988	10286
10540	10757
10936	11086
11208	11307
11386	11456
11529	11623
11759	11957
12227	12570
12973	13418
13878	14328
14741	15106
15411	15653
15836	15966
16054	16111
16147	16167
16180	16191
16196	16204
16208	16214
16216	16220
16221	16222
16222	16222
16222	16222
16222	16222
16222	16222
16222	16222
16222	16222
16222	16222
16222	16222
16222	16222
16222	16222
16222	16222
16222	16222
16222	16222
16222	16222
16222	16222
16222	16222
16222	0
16222	16222
16222	16222
16222	16222
16222	16222
16222	16222
16222	16222
16222	16222
16222	16222
16222	16222
16222	16222
16222	16222
16222	16222
16222	16222
16222	16222
16222	16222
16222	16222
16222	16222
16221	16221
16220	16218
16214	16212
16208	16201
16191	16173
16143	16093
16016	15895
15720	15475
15147	14727
14224	13631
12984	12303
11629	10990
10417	9924
9510	9171
8894	8668
8481	8329
8212	8123
8071	8058
8090	8164
8285	8447
8648	8877
9119	9371
9621	9858
10078	10278
10459	10617
10755	10878
10982	11077
11160	11236
11308	11372
11432	11482
11526	11555
11564	11555
11528	11487
11450	11418
11408	11419
11459	11526
11618	11742
11894	12068
12269	12477
12686	12876
13051	13196
13321	13424
13515	13592
13661	13720
13767	13794
13794	13741
13630	13423
13108	12662
12079	11354
10517	9607
8679	7798
7026	6420
6013	5814
5816	5986
6295	6695
7150	7630
8111	8572
9002	9398
9757	10077
10357	10601
10810	10983
11124	11239
11332	11409
11477	11548
11640	11770
11957	12219
12554	12950
13395	13858
14310	14728
15095	15400
15641	15826
15958	16051
16113	16150
16171	16186
16195	16199
16205	16209
16214	16216
16219	16221
16222	16222
16222	16222
16222	16222
16222	16222
16222	16222
16222	16222
16222	16222
16222	16222
16222	16222
16222	16222
16222	16222
16222	16222
16222	16222
16222	16222
16222	16222
16222	16222
16222	16222
16222	0
16222	16222
16222	16222
16222	16222
16222	16222
16222	16222
16222	16222
16222	16222
16222	16222
16222	16222
16222	16222
16222	16222
16222	16222
16222	16222
16222	16222
16222	16222
16222	16222
16222	16222
16222	16221
16220	16219
16219	16215
16212	16210
16203	16191
16170	16137
16084	16002
15880	15707
15463	15137
14721	14219
13634	12996
12329	11677
11057	10504
10021	9611
9265	8980
8743	8550
8390	8261
8168	8108
8082	8097
8158	8256
8398	8580
8793	9022
9267	9511
9750	9971
10180	10373
10545	10698
10837	10960
11071	11169
11261	11339
11414	11478
11536	11583
11619	11643
11655	11660
11664	11675
11695	11733
11785	11855
11946	12055
12181	12329
12483	12648
12811	12963
13101	13224
13332	13427
13509	13586
13653	13715
13768	13808
13828	13820
13763	13641
13428	13103
12647	12051
11326	10500
9623	8756
7971	7335
6891	6666
6646	6806
7099	7483
7910	8348
8773	9170
9532	9861
10155	10418
10647	10848
11016	11154
11265	11355
11428	11497
11572	11667
11800	11988
12237	12559
12948	13380
13841	14291
14710	15080
15385	15627
15813	15947
16042	16108
16149	16175
16193	16199
16206	16209
16211	16213
16218	16219
16220	16222
16222	16222
16222	16222
16222	16222
16222	16222
16222	16222
16222	16222
16222	16222
16222	16222
16222	16222
16222	16222
16222	16222
16222	16222
16222	16222
16222	16222
16222	16222
16222	16222
16222	16222
16222	0
16222	16222
16222	16222
16222	16222
16222	16222
16222	16222
16222	16222
16222	16222
16222	16222
16222	16222
16222	16222
16222	16222
16222	16222
16222	16222
16222	16222
16222	16222
16222	16222
16222	16222
16222	16222
16221	16220
16220	16219
16217	16213
16209	16201
16187	16164
16130	16075
15993	15872
15699	15458
15134	14722
14226	13656
13036	12394
11764	11169
10628	10146
9728	9372
9072	8820
8618	8455
8324	8226
8158	8123
8122	8161
8241	8359
8519	8710
8922	9152
9383	9615
9839	10051
10253	10438
10610	10766
10905	11036
11152	11256
11350	11435
11508	11573
11630	11678
11721	11756
11789	11831
11873	11928
11991	12066
12153	12253
12365	12486
12618	12751
12885	13011
13129	13238
13332	13419
13498	13568
13633	13692
13742	13786
13821	13829
13811	13743
13607	13378
13036	12561
11957	11238
10441	9627
8871	8237
7783	7536
7492	7626
7886	8227
8604	8982
9340	9668
9963	10230
10467	10681
10871	11034
11170	11281
11368	11444
11514	11596
11698	11840
12029	12281
12595	12973
13391	13838
14280	14695
15061	15367
15610	15797
15932	16028
16097	16143
16170	16191
16203	16210
16212	16215
16216	16219
16219	16220
16221	16222
16222	16222
16222	16222
16222	16222
16222	16222
16222	16222
16222	16222
16222	16222
16222	16222
16222	16222
16222	16222
16222	16222
16222	16222
16222	16222
16222	16222
16222	16222
16222	16222
16222	16222
16222	0
16222	16222
16222	16222
16222	16222
16222	16222
16222	16222
16222	16222
16222	16222
16222	16222
16222	16222
16222	16222
16222	16222
16222	16222
16222	16222
16222	16222
16222	16222
16222	16222
16222	16222
16222	16222
16222	16221
16221	16220
16219	16217
16216	16208
16199	16182
16159	16123
16070	15990
15869	15699
15461	15143
14740	14258
13709	13119
12507	11901
11319	10776
10284	9851
9478	9167
8910	8702
8536	8401
8301	8222
8174	8160
8180	8236
8335	8467
8628	8818
9024	9237
9456	9675
9890	10098
10294	10482
10654	10815
10959	11094
11212	11320
11416	11503
11580	11651
11717	11775
11833	11892
11952	12016
12088	12167
12256	12352
12456	12568
12681	12798
12912	13026
13127	13225
13313	13393
13465	13529
13588	13639
13684	13723
13757	13771
13768	13728
13642	13477
13221	12849
12356	11749
11055	10328
9633	9036
8596	8346
8282	8381
8597	8884
9197	9510
9801	10064
10302	10517
10712	10888
11042	11174
11286	11376
11455	11529
11619	11731
11882	12087
12343	12659
13028	13435
13866	14292
14695	15053
15356	15596
15781	15918
16016	16084
16132	16164
16187	16200
16209	16213
16217	16219
16220	16220
16220	16222
16222	16222
16222	16222
16222	16222
16222	16222
16222	16222
16222	16222
16222	16222
16222	16222
16222	16222
16222	16222
16222	16222
16222	16222
16222	16222
16222	16222
16222	16222
16222	16222
16222	16222
16222	16222
16222	0
16222	16222
16222	16222
16222	16222
16222	16222
16222	16222
16222	16222
16222	16222
16222	16222
16222	16222
16222	16222
16222	16222
16222	16222
16222	16222
16222	16222
16222	16222
16222	16222
16222	16222
16222	16222
16222	16222
16222	16221
16221	16219
16217	16213
16206	16194
16179	16155
16119	16067
15989	15874
15707	15472
15166	14775
14317	13797
13237	12650
12058	11476
10927	10420
9977	9592
9272	9015
8803	8633
8498	8389
8302	8242
8210	8213
8248	8320
8423	8558
8713	8890
9083	9284
9491	9702
9909	10118
10317	10504
10681	10842
10989	11125
11248	11357
11456	11547
11632	11711
11789	11864
11938	12013
12093	12177
12270	12363
12465	12569
12676	12785
12888	12989
13084	13172
13253	13328
13391	13448
13497	13535
13570	13596
13615	13625
13620	13589
13523	13397
13199	12905
12507	12002
11419	10793
10186	9657
9260	9024
8955	9022
9195	9427
9680	9932
10166	10377
10567	10740
10898	11040
11167	11279
11375	11462
11546	11643
11765	11929
12143	12414
12738	13108
13508	13924
14336	14723
15068	15361
15595	15776
15910	16005
16072	16121
16155	16180
16194	16207
16214	16217
16219	16221
16221	16221
16222	16222
16222	16222
16222	16222
16222	16222
16222	16222
16222	16222
16222	16222
16222	16222
16222	16222
16222	16222
16222	16222
16222	16222
16222	16222
16222	16222
16222	16222
16222	16222
16222	16222
16222	16222
16222	16222
16222	0
16222	16222
16222	16222
16222	16222
16222	16222
16222	16222
16222	16222
16222	16222
16222	16222
16222	16222
16222	16222
16222	16222
16222	16222
16222	16222
16222	16222
16222	16222
16222	16222
16222	16222
16222	16222
16222	16222
16222	16222
16222	16221
16219	16216
16211	16203
16191	16176
16154	16120
16071	15996
15881	15719
15493	15199
14835	14405
13915	13378
12807	12221
11638	11083
10568	10116
9728	9408
9146	8931
8754	8611
8490	8395
8322	8277
8258	8272
8315	8388
8489	8612
8758	8922
9104	9295
9497	9703
9908	10114
10311	10497
10674	10833
10979	11114
11239	11350
11454	11554
11647	11739
11828	11915
12002	12095
12189	12289
12389	12493
12598	12697
12795	12890
12976	13059
13132	13195
13250	13296
13332	13355
13372	13382
13382	13374
13353	13314
13245	13136
12967	12729
12404	11994
11519	11010
10507	10070
9739	9539
9476	9530
9669	9857
10062	10261
10448	10617
10767	10906
11035	11152
11262	11362
11459	11559
11670	11809
11989	12215
12497	12829
13201	13601
14010	14406
14774	15101
15382	15608
15782	15911
16003	16068
16115	16149
16173	16189
16202	16211
16216	16219
16220	16221
16222	16222
16222	16222
16222	16222
16222	16222
16222	16222
16222	16222
16222	16222
16222	16222
16222	16222
16222	16222
16222	16222
16222	16222
16222	16222
16222	16222
16222	16222
16222	16222
16222	16222
16222	16222
16222	16222
16222	16222
16222	0
16222	16222
16222	16222
16222	16222
16222	16222
16222	16222
16222	16222
16222	16222
16222	16222
16222	16222
16222	16222
16222	16222
16222	16222
16222	16222
16222	16222
16222	16222
16222	16222
16222	16222
16222	16222
16222	16222
16222	16222
16222	16221
16219	16216
16214	16207
16200	16190
16177	16155
16126	16078
16003	15892
15735	15522
15248	14910
14506	14041
13521	12961
12381	11801
11250	10738
10289	9900
9575	9303
9077	8892
8736	8606
8501	8415
8356	8321
8310	8329
8369	8438
8530	8643
8778	8934
9105	9289
9484	9685
9888	10086
10277	10456
10623	10774
10914	11050
11173	11288
11400	11506
11608	11710
11810	11909
12012	12113
12217	12323
12422	12522
12615	12700
12781	12854
12920	12973
13017	13048
13064	13071
13068	13055
13035	13005
12962	12907
12829	12722
12569	12368
12100	11777
11406	11008
10623	10291
10040	9900
9860	9915
10034	10188
10353	10513
10663	10794
10916	11026
11134	11238
11342	11450
11567	11701
11860	12056
12297	12589
12927	13304
13701	14103
14487	14841
15153	15418
15632	15799
15921	16009
16072	16115
16145	16169
16184	16196
16206	16213
16217	16219
16221	16222
16222	16222
16222	16222
16222	16222
16222	16222
16222	16222
16222	16222
16222	16222
16222	16222
16222	16222
16222	16222
16222	16222
16222	16222
16222	16222
16222	16222
16222	16222
16222	16222
16222	16222
16222	16222
16222	16222
16222	16222
16222	0
16222	16222
16222	16222
16222	16222
16222	16222
16222	16222
16222	16222
16222	16222
16222	16222
16222	16222
16222	16222
16222	16222
16222	16222
16222	16222
16222	16222
16222	16222
16222	16222
16222	16222
16222	16222
16222	16222
16222	16222
16222	16222
16220	16219
16216	16213
16206	16200
16191	16180
16161	16132
16081	16011
15903	15756
15559	15306
14990	14613
14168	13667
13124	12557
11991	11450
10948	10501
10111	9776
9490	9248
9045	8874
8732	8615
8520	8447
8399	8369
8362	8375
8413	8471
8553	8659
8785	8933
9095	9270
9459	9648
9835	10022
10196	10363
10516	10660
10795	10924
11051	11172
11286	11397
11508	11615
11723	11828
11932	12035
12132	12228
12316	12398
12472	12539
12593	12636
12666	12682
12684	12672
12649	12616
12574	12524
12466	12392
12303	12194
12053	11884
11674	11425
11153	10871
10603	10378
10218	10139
10135	10200
10305	10439
10575	10705
10822	10929
11024	11119
11217	11323
11441	11575
11732	11920
12139	12400
12700	13043
13418	13810
14202	14577
14919	15214
15465	15667
15823	15936
16022	16080
16120	16149
16169	16184
16196	16203
16211	16216
16218	16219
16222	16222
16222	16222
16222	16222
16222	16222
16222	16222
16222	16222
16222	16222
16222	16222
16222	16222
16222	16222
16222	16222
16222	16222
16222	16222
16222	16222
16222	16222
16222	16222
16222	16222
16222	16222
16222	16222
16222	16222
16222	16222
16222	0
16222	16222
16222	16222
16222	16222
16222	16222
16222	16222
16222	16222
16222	16222
16222	16222
16222	16222
16222	16222
16222	16222
16222	16222
16222	16222
16222	16222
16222	16222
16222	16222
16222	16222
16222	16222
16222	16222
16222	16222
16222	16222
16221	16220
16218	16215
16212	16208
16203	16196
16185	16165
16131	16088
16016	15916
15779	15600
15366	15073
14714	14296
13818	13299
12756	12215
11693	11201
10757	10354
10003	9696
9432	9212
9026	8872
8743	8639
8555	8489
8442	8416
8405	8420
8451	8503
8578	8674
8792	8929
9082	9247
9416	9584
9751	9914
10065	10210
10352	10485
10616	10743
10867	10983
11101	11212
11323	11429
11532	11631
11729	11816
11900	11976
12046	12104
12151	12184
12202	12205
12195	12169
12131	12085
12030	11969
11900	11821
11728	11625
11505	11368
11213	11043
10860	10684
10522	10400
10324	10304
10335	10412
10511	10626
10740	10846
10938	11026
11113	11204
11311	11435
11587	11770
11983	12231
12514	12830
13179	13549
13933	14310
14669	14995
15277	15513
15699	15845
15956	16034
16091	16128
16155	16174
16187	16198
16203	16210
16215	16217
16219	16221
16222	16222
16222	16222
16222	16222
16222	16222
16222	16222
16222	16222
16222	16222
16222	16222
16222	16222
16222	16222
16222	16222
16222	16222
16222	16222
16222	16222
16222	16222
16222	16222
16222	16222
16222	16222
16222	16222
16222	16222
16222	16222
16222	0
16222	16222
16222	16222
16222	16222
16222	16222
16222	16222
16222	16222
16222	16222
16222	16222
16222	16222
16222	16222
16222	16222
16222	16222
16222	16222
16222	16222
16222	16222
16222	16222
16222	16222
16222	16222
16222	16222
16222	16222
16222	16222
16222	16220
16220	16219
16218	16212
16211	16206
16198	16185
16165	16132
16085	16019
15927	15806
15642	15429
15157	14827
14432	13985
13499	12992
12478	11972
11488	11038
10623	10248
9919	9636
9396	9194
9030	8890
8774	8677
8601	8539
8496	8470
8461	8470
8496	8543
8609	8699
8806	8930
9065	9207
9348	9489
9627	9760
9891	10017
10147	10269
10391	10510
10624	10736
10842	10945
11042	11134
11227	11311
11391	11461
11525	11579
11622	11647
11660	11654
11636	11608
11568	11516
11463	11400
11334	11260
11182	11097
11006	10914
10811	10713
10613	10526
10456	10413
10405	10430
10490	10571
10668	10767
10861	10949
11034	11120
11211	11317
11449	11616
11815	12057
12333	12641
12972	13331
13699	14069
14429	14771
15078	15341
15560	15735
15869	15970
16044	16098
16136	16163
16180	16193
16201	16207
16212	16215
16218	16220
16221	16222
16222	16222
16222	16222
16222	16222
16222	16222
16222	16222
16222	16222
16222	16222
16222	16222
16222	16222
16222	16222
16222	16222
16222	16222
16222	16222
16222	16222
16222	16222
16222	16222
16222	16222
16222	16222
16222	16222
16222	16222
16222	16222
16222	0
16222	16222
16222	16222
16222	16222
16222	16222
16222	16222
16222	16222
16222	16222
16222	16222
16222	16222
16222	16222
16222	16222
16222	16222
16222	16222
16222	16222
16222	16222
16222	16222
16222	16222
16222	16222
16222	16222
16222	16222
16222	16222
16222	16222
16220	16220
16219	16219
16215	16212
16208	16198
16186	16161
16132	16088
16028	15949
15838	15691
15498	15248
14945	14587
14179	13731
13256	12771
12279	11800
11339	10910
10515	10172
9869	9612
9395	9210
9055	8924
8816	8729
8656	8603
8564	8539
8529	8533
8555	8598
8658	8738
8831	8933
9041	9148
9258	9368
9479	9586
9695	9807
9917	10026
10131	10234
10329	10423
10512	10600
10681	10762
10835	10905
10965	11018
11058	11083
11097	11095
11078	11054
11021	10980
10938	10888
10837	10783
10729	10674
10621	10572
10525	10486
10455	10435
10432	10448
10482	10541
10615	10701
10787	10876
10962	11049
11136	11235
11351	11495
11672	11891
12155	12451
12779	13131
13495	13861
14223	14564
14881	15167
15411	15612
15771	15893
15984	16054
16100	16138
16164	16182
16194	16203
16209	16213
16216	16218
16220	16221
16222	16222
16222	16222
16222	16222
16222	16222
16222	16222
16222	16222
16222	16222
16222	16222
16222	16222
16222	16222
16222	16222
16222	16222
16222	16222
16222	16222
16222	16222
16222	16222
16222	16222
16222	16222
16222	16222
16222	16222
16222	16222
16222	16222
16222	0
16222	16222
16222	16222
16222	16222
16222	16222
16222	16222
16222	16222
16222	16222
16222	16222
16222	16222
16222	16222
16222	16222
16222	16222
16222	16222
16222	16222
16222	16222
16222	16222
16222	16222
16222	16222
16222	16222
16222	16222
16222	16222
16222	16222
16222	16221
16220	16220
16219	16217
16212	16206
16194	16180
16159	16129
16091	16040
15972	15873
15744	15570
15350	15078
14757	14389
13985	13542
13077	12600
12123	11658
11221	10818
10458	10137
9862	9619
9415	9239
9095	8975
8879	8801
8739	8688
8650	8625
8612	8616
8637	8674
8725	8788
8857	8932
9007	9084
9164	9247
9334	9422
9513	9601
9690	9776
9860	9940
10019	10093
10170	10242
10311	10380
10440	10494
10540	10568
10587	10593
10587	10577
10560	10539
10518	10491
10465	10439
10417	10397
10381	10370
10370	10380
10396	10420
10459	10510
10570	10642
10723	10807
10896	10985
11078	11178
11288	11419
11575	11769
12004	12278
12593	12934
13299	13668
14030	14382
14706	15003
15262	15483
15666	15807
15919	16001
16059	16103
16139	16166
16182	16196
16205	16211
16215	16218
16220	16220
16222	16222
16222	16222
16222	16222
16222	16222
16222	16222
16222	16222
16222	16222
16222	16222
16222	16222
16222	16222
16222	16222
16222	16222
16222	16222
16222	16222
16222	16222
16222	16222
16222	16222
16222	16222
16222	16222
16222	16222
16222	16222
16222	16222
16222	16222
16222	0
16222	16222
16222	16222
16222	16222
16222	16222
16222	16222
16222	16222
16222	16222
16222	16222
16222	16222
16222	16222
16222	16222
16222	16222
16222	16222
16222	16222
16222	16222
16222	16222
16222	16222
16222	16222
16222	16222
16222	16222
16222	16222
16222	16222
16222	16222
16221	16221
16220	16219
16216	16211
16203	16191
16175	16158
16132	16102
16058	15997
15913	15801
15650	15458
15223	14943
14615	14241
13830	13390
12926	12460
12002	11564
11155	10778
10441	10138
9872	9643
9449	9291
9160	9058
8971	8902
8843	8792
8754	8733
8722	8727
8744	8771
8803	8842
8884	8929
8979	9033
9092	9154
9219	9285
9352	9419
9486	9553
9618	9682
9750	9817
9885	9951
10012	10069
10117	10157
10185	10206
10218	10226
10230	10233
10235	10237
10239	10243
10250	10263
10278	10305
10335	10373
10417	10470
10529	10595
10667	10747
10831	10924
11021	11128
11244	11373
11525	11703
11913	12163
12450	12771
13123	13488
13856	14213
14549	14858
15131	15368
15564	15726
15851	15948
16020	16071
16108	16138
16163	16179
16193	16203
16211	16216
16218	16220
16221	16222
16222	16222
16222	16222
16222	16222
16222	16222
16222	16222
16222	16222
16222	16222
16222	16222
16222	16222
16222	16222
16222	16222
16222	16222
16222	16222
16222	16222
16222	16222
16222	16222
16222	16222
16222	16222
16222	16222
16222	16222
16222	16222
16222	16222
16222	16222
16222	0
16222	16222
16222	16222
16222	16222
16222	16222
16222	16222
16222	16222
16222	16222
16222	16222
16222	16222
16222	16222
16222	16222
16222	16222
16222	16222
16222	16222
16222	16222
16222	16222
16222	16222
16222	16222
16222	16222
16222	16222
16222	16222
16222	16222
16222	16222
16222	16222
16221	16219
16217	16216
16207	16200
16190	16177
16160	16142
16115	16082
16031	15961
15864	15737
15574	15372
15123	14831
14494	14113
13698	13262
12813	12367
11934	11523
11133	10774
10445	10157
9908	9699
9527	9387
9273	9177
9094	9026
8968	8920
8887	8868
8858	8856
8862	8871
8884	8901
8920	8946
8977	9014
9054	9099
9146	9194
9243	9293
9347	9405
9466	9529
9593	9660
9722	9785
9837	9885
9926	9960
9992	10017
10043	10068
10094	10120
10148	10176
10210	10245
10288	10333
10383	10436
10494	10561
10628	10702
10785	10872
10974	11084
11210	11345
11502	11676
11878	12107
12368	12665
12989	13336
13699	14057
14402	14726
15012	15262
15474	15650
15791	15901
15984	16044
16089	16120
16144	16163
16179	16193
16201	16211
16215	16218
16220	16222
16222	16222
16222	16222
16222	16222
16222	16222
16222	16222
16222	16222
16222	16222
16222	16222
16222	16222
16222	16222
16222	16222
16222	16222
16222	16222
16222	16222
16222	16222
16222	16222
16222	16222
16222	16222
16222	16222
16222	16222
16222	16222
16222	16222
16222	16221
16219	16219
16218	0
16215	16222
16221	16222
16222	16222
16222	16222
16222	16222
16222	16222
16222	16222
16222	16222
16222	16222
16222	16222
16222	16222
16222	16222
16222	16222
16222	16222
16222	16222
16222	16222
16222	16222
16222	16222
16222	16222
16222	16222
16222	16222
16222	16222
16222	16222
16222	16222
16222	16221
16219	16216
16212	16206
16199	16191
16182	16170
16153	16134
16105	16065
16004	15926
15822	15687
15511	15297
15036	14732
14383	14004
13597	13179
12751	12329
11912	11515
11139	10792
10486	10223
10002	9819
9664	9536
9423	9329
9246	9179
9124	9079
9046	9022
9000	8984
8973	8962
8960	8960
8968	8981
8997	9021
9050	9081
9118	9158
9204	9253
9311	9369
9434	9499
9560	9623
9682	9736
9786	9834
9878	9923
9967	10014
10058	10105
10152	10203
10258	10311
10368	10430
10490	10555
10623	10692
10768	10852
10950	11056
11183	11326
11488	11668
11873	12098
12350	12625
12923	13243
13582	13926
14270	14594
14897	15162
15390	15581
15736	15860
15951	16021
16071	16108
16134	16153
16167	16181
16190	16200
16207	16213
16216	16219
16221	16222
16222	16222
16222	16222
16222	16222
16222	16222
16222	16222
16222	16222
16222	16222
16222	16222
16222	16222
16222	16222
16222	16222
16222	16222
16222	16222
16222	16222
16222	16222
16222	16222
16222	16222
16222	16222
16222	16222
16222	16222
16222	16222
16222	16220
16218	16215
16212	16204
16207	0
16195	16221
16212	16221
16220	16222
16222	16222
16222	16222
16222	16222
16222	16222
16222	16222
16222	16222
16222	16222
16222	16222
16222	16222
16222	16222
16222	16222
16222	16222
16222	16222
16222	16222
16222	16222
16222	16222
16222	16222
16222	16222
16222	16222
16222	16222
16222	16222
16222	16221
16219	16217
16215	16210
16204	16201
16194	16189
16179	16170
16153	16131
16099	16052
15989	15904
15788	15639
15450	15222
14950	14644
14302	13934
13545	13143
12731	12320
11918	11540
11187	10878
10605	10373
10173	9999
9852	9721
9611	9516
9432	9363
9300	9251
9203	9162
9126	9091
9065	9043
9027	9016
9012	9014
9022	9038
9063	9097
9137	9185
9239	9299
9361	9421
9484	9544
9604	9662
9717	9774
9833	9893
9956	10019
10082	10147
10214	10284
10355	10426
10502	10576
10654	10727
10805	10887
10977	11080
11197	11336
11496	11680
11889	12118
12368	12636
12917	13218
13530	13849
14171	14487
14788	15064
15308	15515
15685	15819
15924	16002
16060	16101
16132	16152
16166	16177
16186	16194
16201	16206
16213	16216
16219	16220
16222	16222
16222	16222
16222	16222
16222	16222
16222	16222
16222	16222
16222	16222
16222	16222
16222	16222
16222	16222
16222	16222
16222	16222
16222	16222
16222	16222
16222	16222
16222	16222
16222	16222
16222	16222
16222	16222
16222	16222
16222	16222
16222	16221
16219	16216
16210	16200
16193	16173
16179	0
16141	16217
16194	16217
16215	16221
16221	16222
16222	16222
16222	16222
16222	16222
16222	16222
16222	16222
16222	16222
16222	16222
16222	16222
16222	16222
16222	16222
16222	16222
16222	16222
16222	16222
16222	16222
16222	16222
16222	16222
16222	16222
16222	16222
16222	16222
16222	16222
16222	16222
16221	16220
16216	16214
16211	16207
16205	16202
16197	16193
16183	16173
16154	16128
16092	16044
15970	15875
15747	15585
15386	15153
14886	14588
14258	13903
13527	13136
12741	12351
11981	11639
11332	11054
10809	10593
10404	10235
10084	9953
9837	9731
9637	9551
9469	9396
9328	9264
9210	9161
9116	9076
9043	9019
9003	9004
9018	9045
9083	9133
9189	9244
9303	9364
9420	9477
9533	9590
9654	9723
9795	9874
9959	10044
10130	10219
10310	10400
10497	10595
10688	10786
10883	10976
11073	11176
11289	11415
11565	11738
11938	12162
12410	12674
12953	13242
13537	13834
14132	14425
14708	14975
15220	15438
15621	15770
15891	15979
16048	16094
16130	16152
16169	16179
16188	16192
16199	16203
16208	16211
16215	16218
16220	16221
16222	16222
16222	16222
16222	16222
16222	16222
16222	16222
16222	16222
16222	16222
16222	16222
16222	16222
16222	16222
16222	16222
16222	16222
16222	16222
16222	16222
16222	16222
16222	16222
16222	16222
16222	16222
16222	16222
16222	16222
16222	16222
16222	16219
16213	16206
16191	16167
16150	16091
16114	0
16000	16206
16141	16207
16202	16215
16219	16222
16222	16222
16222	16222
16222	16222
16222	16222
16222	16222
16222	16222
16222	16222
16222	16222
16222	16222
16222	16222
16222	16222
16222	16222
16222	16222
16222	16222
16222	16222
16222	16222
16222	16222
16222	16222
16222	16222
16222	16222
16222	16222
16222	16220
16220	16219
16218	16215
16212	16210
16210	16208
16204	16197
16190	16176
16154	16126
16085	16023
15942	15835
15698	15533
15335	15109
14849	14561
14242	13901
13541	13176
12815	12471
12145	11843
11567	11315
11085	10873
10684	10512
10352	10205
10067	9936
9810	9694
9583	9484
9390	9297
9212	9132
9059	8998
8952	8926
8923	8944
8981	9031
9086	9144
9200	9256
9306	9356
9406	9468
9536	9618
9715	9823
9938	10057
10180	10302
10427	10555
10683	10817
10944	11076
11200	11328
11451	11580
11722	11880
12061	12267
12498	12750
13019	13302
13585	13871
14150	14421
14682	14928
15157	15365
15554	15714
15846	15952
16027	16085
16126	16152
16173	16184
16195	16201
16203	16207
16209	16212
16212	16218
16219	16220
16221	16222
16222	16222
16222	16222
16222	16222
16222	16222
16222	16222
16222	16222
16222	16222
16222	16222
16222	16222
16222	16222
16222	16222
16222	16222
16222	16222
16222	16222
16222	16222
16222	16222
16222	16222
16222	16222
16222	16222
16222	16222
16222	16222
16220	16216
16205	16185
16154	16098
16066	15921
15987	0
15693	16186
16028	16188
16175	16208
16215	16221
16222	16222
16222	16222
16222	16222
16222	16222
16222	16222
16222	16222
16222	16222
16222	16222
16222	16222
16222	16222
16222	16222
16222	16222
16222	16222
16222	16222
16222	16222
16222	16222
16222	16222
16222	16222
16222	16222
16222	16222
16222	16222
16222	16221
16220	16220
16219	16218
16216	16216
16216	16215
16212	16211
16207	16200
16190	16175
16150	16112
16063	15994
15904	15791
15655	15493
15304	15087
14837	14560
14260	13944
13621	13299
12987	12684
12394	12120
11865	11622
11398	11185
10984	10789
10601	10417
10237	10066
9903	9745
9596	9452
9310	9170
9039	8923
8832	8773
8746	8754
8788	8837
8892	8951
9005	9053
9097	9140
9187	9249
9330	9437
9569	9719
9885	10057
10229	10401
10578	10753
10929	11109
11285	11455
11624	11783
11942	12104
12275	12460
12666	12889
13136	13398
13664	13937
14204	14457
14700	14926
15135	15326
15500	15656
15790	15902
15994	16063
16112	16147
16174	16188
16198	16206
16210	16211
16213	16216
16216	16216
16219	16219
16220	16221
16222	16222
16222	16222
16222	16222
16222	16222
16222	16222
16222	16222
16222	16222
16222	16222
16222	16222
16222	16222
16222	16222
16222	16222
16222	16222
16222	16222
16222	16222
16222	16222
16222	16222
16222	16222
16222	16222
16222	16222
16222	16222
16222	16221
16217	16206
16188	16151
16092	15977
15921	15602
15775	0
15093	16152
15809	16154
16122	16194
16208	16217
16221	16222
16222	16222
16222	16222
16222	16222
16222	16222
16222	16222
16222	16222
16222	16222
16222	16222
16222	16222
16222	16222
16222	16222
16222	16222
16222	16222
16222	16222
16222	16222
16222	16222
16222	16222
16222	16222
16222	16222
16222	16222
16222	16222
16222	16221
16220	16220
16220	16220
16219	16219
16219	16217
16216	16212
16207	16198
16186	16165
16132	16089
16032	15959
15867	15761
15630	15476
15294	15087
14855	14606
14336	14061
13778	13496
13217	12943
12681	12424
12174	11931
11691	11455
11214	10973
10737	10502
10277	10054
9840	9625
9409	9194
8987	8799
8648	8539
8487	8477
8503	8550
8610	8664
8714	8755
8790	8824
8870	8939
9041	9183
9365	9575
9807	10047
10288	10526
10763	11001
11236	11473
11700	11919
12127	12329
12522	12713
12906	13109
13324	13555
13793	14038
14285	14524
14749	14963
15157	15329
15484	15624
15745	15854
15945	16023
16084	16128
16162	16186
16197	16205
16212	16213
16216	16217
16217	16219
16219	16220
16220	16221
16222	16222
16222	16222
16222	16222
16222	16222
16222	16222
16222	16222
16222	16222
16222	16222
16222	16222
16222	16222
16222	16222
16222	16222
16222	16222
16222	16222
16222	16222
16222	16222
16222	16222
16222	16222
16222	16222
16222	16222
16222	16222
16222	16222
16222	16221
16214	16198
16164	16099
16004	15790
15711	15078
15466	0
14055	16103
15430	16108
16038	16175
16196	16214
16220	16222
16222	16222
16222	16222
16222	16222
16222	16222
16222	16222
16222	16222
16222	16222
16222	16222
16222	16222
16222	16222
16222	16222
16222	16222
16222	16222
16222	16222
16222	16222
16222	16222
16222	16222
16222	16222
16222	16222
16222	16222
16222	16222
16222	16222
16221	16221
16221	16221
16221	16221
16221	16220
16220	16219
16217	16210
16202	16189
16170	16142
16103	16055
16000	15925
15842	15741
15617	15472
15304	15116
14911	14689
14455	14213
13963	13707
13451	13193
12934	12674
12408	12133
11848	11558
11264	10968
10676	10386
10100	9807
9511	9210
8916	8646
8426	8266
8175	8145
8163	8207
8261	8315
8361	8395
8420	8454
8498	8578
8705	8888
9126	9408
9716	10036
10354	10667
10978	11281
11580	11870
12152	12418
12667	12904
13124	13334
13540	13746
13959	14173
14393	14606
14817	15013
15194	15354
15498	15621
15730	15823
15907	15979
16041	16093
16134	16167
16188	16200
16209	16216
16217	16220
16220	16220
16220	16221
16221	16221
16221	16222
16222	16222
16222	16222
16222	16222
16222	16222
16222	16222
16222	16222
16222	16222
16222	16222
16222	16222
16222	16222
16222	16222
16222	16222
16222	16222
16222	16222
16222	16222
16222	16222
16222	16222
16222	16222
16222	16222
16222	16222
16222	16222
16222	16222
16221	16217
16210	16186
16136	16034
15892	15545
15450	14337
15085	0
12516	16050
14873	16056
15921	16156
16180	16211
16219	16222
16222	16222
16222	16222
16222	16222
16222	16222
16222	16222
16222	16222
16222	16222
16222	16222
16222	16222
16222	16222
16222	16222
16222	16222
16222	16222
16222	16222
16222	16222
16222	16222
16222	16222
16222	16222
16222	16222
16222	16222
16222	16222
16222	16222
16222	16222
16221	16221
16222	16222
16222	16222
16221	16221
16219	16217
16212	16201
16188	16170
16145	16112
16074	16029
15973	15906
15825	15728
15613	15481
15330	15161
14976	14773
14559	14331
14097	13846
13591	13322
13039	12740
12426	12095
11754	11402
11054	10701
10347	9982
9609	9224
8846	8499
8209	7995
7867	7815
7823	7862
7918	7970
8011	8038
8061	8083
8132	8223
8375	8599
8898	9248
9634	10034
10430	10815
11191	11552
11909	12252
12578	12883
13165	13425
13665	13883
14094	14297
14493	14687
14877	15058
15226	15378
15512	15631
15732	15815
15888	15949
16004	16053
16097	16135
16163	16186
16201	16212
16216	16219
16221	16221
16221	16221
16221	16221
16222	16222
16222	16222
16222	16222
16222	16222
16222	16222
16222	16222
16222	16222
16222	16222
16222	16222
16222	16222
16222	16222
16222	16222
16222	16222
16222	16222
16222	16222
16222	16222
16222	16222
16222	16222
16222	16222
16222	16222
16222	16222
16222	16222
16222	16222
16222	16222
16221	16216
16205	16173
16103	15968
15775	15271
15175	13456
14686	0
10617	15999
14195	16004
15790	16133
16166	16206
16219	16222
16222	16222
16222	16222
16222	16222
16222	16222
16222	16222
16222	16222
16222	16222
16222	16222
16222	16222
16222	16222
16222	16222
16222	16222
16222	16222
16222	16222
16222	16222
16222	16222
16222	16222
16222	16222
16222	16222
16222	16222
16222	16222
16222	16222
16222	16222
16222	16222
16222	16222
16222	16222
16222	16222
16221	16218
16216	16209
16197	16185
16166	16141
16116	16080
16046	16002
15948	15882
15804	15708
15599	15473
15325	15162
14980	14778
14559	14328
14080	13815
13524	13213
12874	12518
12140	11751
11355	10956
10547	10126
9687	9237
8791	8379
8034	7774
7617	7546
7543	7583
7635	7687
7722	7747
7760	7783
7835	7936
8111	8373
8715	9128
9576	10040
10496	10938
11366	11780
12179	12563
12920	13254
13558	13832
14079	14304
14510	14702
14885	15058
15220	15368
15501	15618
15721	15803
15874	15932
15982	16023
16060	16094
16126	16155
16178	16195
16207	16214
16218	16220
16222	16222
16222	16222
16222	16222
16222	16222
16222	16222
16222	16222
16222	16222
16222	16222
16222	16222
16222	16222
16222	16222
16222	16222
16222	16222
16222	16222
16222	16222
16222	16222
16222	16222
16222	16222
16222	16222
16222	16222
16222	16222
16222	16222
16222	16222
16222	16222
16222	16222
16222	16222
16222	16222
16221	16215
16200	16159
16079	15909
15674	15019
14939	12596
14341	0
