16121	16121
16121	16121
16121	16121
16121	16121
16121	16121
16121	16120
16119	16112
16089	16029
15881	15577
15042	14220
13136	11897
10672	9615
8829	8332
8089	8040
8113	8267
8501	8836
9332	10028
10938	12004
13114	14127
14935	15489
15822	15994
16074	16104
16116	16120
16120	16121
16121	16121
16121	16121
16121	16121
16121	16121
16121	16121
16121	16121
16121	16121
16121	16121
16121	16121
16121	16120
16120	16113
16090	16033
15892	15602
15082	14293
13244	12043
10847	9808
9019	8507
8244	8169
8232	8391
8637	8989
9494	10191
11087	12129
13208	14194
14973	15509
15831	16000
16075	16105
16116	16120
16120	16121
16121	16121
16121	16121
16121	16121
16121	16121
16121	16121
16121	16121
16121	16121
16121	16121
16121	16121
16121	16120
16120	16113
16093	16039
15909	15639
15156	14414
13421	12273
11115	10087
9284	8741
8434	8326
8373	8535
8804	9185
9716	10422
11311	12326
13368	14306
15045	15551
15852	16009
16079	16106
16116	16120
16120	16121
16121	16121
16121	16121
16121	16121
16121	16121
16121	16121
16121	16121
16121	16121
16121	16121
16121	16121
16121	16121
16120	16113
16098	16050
15933	15694
15259	14581
13664	12581
11460	10431
9595	8994
8626	8471
8492	8657
8952	9379
9954	10699
11597	12596
13593	14473
15153	15611
15883	16022
16083	16109
16116	16120
16121	16121
16121	16121
16121	16120
16120	16120
16118	16120
16121	16121
16121	16121
16121	16121
16121	16121
16121	16121
16121	16121
16120	16116
16101	16062
15964	15760
15384	14787
13955	12942
11849	10804
9910	9229
8784	8566
8556	8721
9049	9533
10179	10982
11917	12909
13866	14678
15289	15690
15922	16038
16090	16111
16119	16120
16121	16121
16121	16121
16120	16118
16116	16113
16110	16113
16121	16121
16121	16121
16121	16121
16121	16121
16121	16121
16121	16121
16120	16116
16106	16074
15998	15830
15516	15003
14259	13311
12240	11164
10196	9424
8892	8611
8561	8730
9092	9642
10368	11252
12237	13239
14152	14898
15434	15772
15964	16058
16098	16114
16120	16120
16121	16121
16120	16120
16117	16111
16101	16090
16075	16087
16117	16120
16119	16121
16121	16121
16121	16121
16121	16121
16121	16121
16120	16119
16110	16087
16028	15897
15641	15200
14534	13642
12587	11472
10432	9570
8954	8608
8528	8693
9090	9706
10517	11485
12525	13538
14421	15102
15570	15853
16004	16076
16105	16116
16120	16121
16121	16121
16120	16117
16111	16094
16061	16028
15972	16014
16116	16117
16119	16119
16120	16121
16121	16121
16121	16121
16121	16121
16121	16120
16114	16097
16052	15949
15737	15355
14749	13902
12854	11707
10603	9666
8980	8580
8468	8634
9060	9734
10621	11663
12756	13782
14636	15268
15679	15916
16036	16090
16110	16119
16120	16121
16121	16120
16120	16113
16093	16052
15970	15882
15712	15830
16111	16114
16115	16118
16119	16120
16121	16121
16121	16121
16121	16121
16121	16120
16116	16103
16068	15983
15802	15459
14896	14075
13028	11856
10707	9713
8973	8535
8401	8567
9019	9737
10684	11781
12915	13952
14787	15383
15756	15958
16056	16098
16115	16120
16120	16121
16121	16120
16117	16104
16067	15980
15804	15606
15176	15452
16106	16111
16112	16117
16118	16120
16121	16121
16121	16121
16121	16121
16121	16120
16116	16106
16076	16003
15839	15520
14978	14169
13122	11932
10751	9724
8951	8483
8333	8500
8969	9722
10709	11846
13005	14049
14877	15450
15800	15982
16069	16104
16116	16120
16121	16121
16121	16120
16113	16094
16033	15887
15574	15211
14358	14878
16102	16110
16112	16115
16118	16120
16120	16121
16121	16121
16121	16121
16121	16120
16117	16109
16081	16013
15858	15548
15014	14211
13162	11963
10766	9715
8923	8439
8279	8446
8929	9701
10714	11874
13049	14100
14922	15486
15820	15995
16074	16106
16116	16120
16121	16121
16120	16119
16110	16083
16001	15775
15335	14002
13460	8280
