16222	16222
16222	16222
16222	16222
16222	16222
16222	16222
16222	16220
16205	16151
16003	15705
15272	14811
14456	14289
14331	14544
14827	15040
15136	15155
15165	15195
15232	15247
15226	15170
15059	14802
14233	13275
12126	11186
10680	10521
10518	10531
10571	10825
11504	12580
13706	14493
14863	14977
15000	15027
15077	15128
15145	15126
15092	15070
15070	15072
15064	15052
15041	15046
15060	15074
15085	15098
15116	15137
15158	15172
15176	15163
15146	15132
15123	15119
15115	15124
15150	15174
15190	15207
15228	15227
15192	15131
15009	14775
14423	14080
13884	13853
13919	14092
14439	14947
15474	15864
16078	16168
16201	16212
16216	16220
16222	16222
16222	16222
16222	16222
16222	16222
16222	16222
16222	16222
16222	16222
16222	16222
16222	16218
16202	16147
16006	15735
15353	14949
14639	14485
14520	14700
14924	15080
15139	15148
15159	15197
15228	15225
15196	15142
15050	14830
14321	13423
12289	11289
10682	10443
10406	10440
10562	10932
11706	12804
13868	14576
14886	14973
14991	15018
15071	15125
15148	15135
15102	15079
15073	15069
15059	15045
15037	15044
15058	15074
15080	15086
15099	15120
15148	15174
15185	15180
15156	15134
15118	15111
15120	15140
15172	15194
15198	15218
15248	15259
15232	15176
15085	14909
14618	14288
14053	13966
13992	14116
14403	14864
15389	15809
16054	16162
16199	16211
16217	16221
16222	16222
16222	16222
16222	16222
16222	16222
16222	16222
16222	16222
16222	16222
16222	16222
16219	16215
16193	16138
16002	15767
15451	15131
14883	14759
14779	14899
15035	15114
15134	15131
15150	15189
15213	15194
15151	15109
15044	14877
14466	13688
12623	11584
10844	10465
10352	10424
10693	11251
12147	13214
14135	14698
14924	14974
14985	15013
15066	15122
15150	15138
15109	15083
15072	15065
15054	15043
15037	15045
15060	15075
15081	15078
15079	15096
15125	15154
15171	15167
15148	15128
15106	15099
15111	15147
15194	15217
15219	15234
15270	15292
15268	15224
15163	15049
14833	14537
14263	14107
14074	14143
14361	14767
15283	15735
16020	16146
16194	16210
16214	16219
16222	16222
16222	16222
16222	16222
16222	16222
16222	16222
16222	16222
16222	16222
16222	16221
16216	16202
16175	16112
15980	15773
15522	15288
15116	15032
15032	15085
15132	15141
15123	15110
15130	15170
15188	15155
15112	15088
15056	14950
14657	14061
13162	12165
11330	10792
10571	10670
11099	11852
12814	13753
14453	14827
14962	14985
14982	15005
15062	15116
15141	15133
15103	15075
15061	15056
15051	15045
15043	15052
15072	15091
15094	15083
15069	15067
15077	15082
15075	15063
15060	15069
15076	15080
15096	15137
15196	15232
15239	15249
15284	15316
15306	15268
15230	15160
15010	14757
14464	14245
14150	14166
14323	14675
15175	15653
15972	16125
16184	16203
16212	16218
16221	16222
16222	16222
16222	16222
16222	16222
16222	16222
16222	16222
16222	16222
16222	16220
16211	16190
16153	16075
15936	15744
15538	15374
15271	15226
15223	15223
15204	15164
15120	15097
15109	15149
15161	15127
15091	15088
15086	15032
14853	14458
13805	12977
12153	11492
11123	11172
11699	12574
13515	14268
14725	14934
14996	14992
14984	15004
15053	15107
15129	15118
15085	15059
15046	15045
15049	15054
15055	15065
15088	15109
15116	15098
15068	15027
14977	14904
14818	14768
14789	14871
14967	15032
15070	15116
15180	15233
15255	15264
15297	15331
15332	15308
15280	15238
15130	14918
14628	14363
14213	14186
14300	14610
15089	15580
15929	16104
16173	16197
16208	16216
16221	16222
16222	16222
16222	16222
16222	16222
16222	16222
16222	16222
16222	16222
16222	16217
16206	16181
16127	16028
15872	15675
15496	15380
15331	15324
15324	15302
15250	15181
15119	15087
15095	15129
15137	15108
15092	15106
15121	15101
15004	14774
14351	13740
12998	12229
11644	11529
12048	12996
13942	14575
14884	14998
15017	15001
14985	15000
15048	15098
15118	15104
15070	15045
15032	15037
15047	15055
15064	15075
15095	15124
15140	15123
15067	14966
14806	14588
14371	14247
14286	14476
14728	14933
15042	15095
15150	15213
15254	15272
15303	15339
15348	15333
15312	15281
15200	15022
14747	14458
14271	14221
14321	14607
15061	15550
15908	16095
16171	16195
16208	16216
16221	16222
16222	16222
16222	16222
16222	16222
16222	16222
16222	16222
16222	16222
16222	16216
16202	16170
16103	15981
15796	15583
15417	15329
15321	15345
15357	15335
15273	15192
15120	15079
15085	15117
15122	15105
15102	15127
15152	15146
15085	14934
14628	14114
13357	12427
11567	11219
11687	12768
13874	14593
14913	15014
15026	15008
14992	15000
15048	15098
15118	15102
15070	15041
15030	15033
15044	15055
15061	15073
15096	15127
15150	15135
15053	14869
14564	14172
13807	13614
13664	13954
14385	14773
15000	15086
15122	15172
15226	15264
15301	15334
15344	15333
15319	15296
15234	15084
14827	14544
14356	14314
14425	14708
15130	15581
15919	16098
16172	16195
16209	16216
16221	16222
16222	16222
16222	16222
16222	16222
16222	16222
16222	16222
16222	16222
16221	16216
16199	16162
16085	15939
15727	15501
15329	15251
15256	15301
15338	15330
15277	15197
15118	15077
15084	15114
15124	15117
15122	15153
15175	15162
15091	14912
14546	13909
12959	11799
10727	10226
10679	11931
13337	14335
14823	14991
15025	15013
15000	15010
15053	15103
15125	15113
15078	15048
15034	15035
15040	15049
15055	15064
15082	15112
15133	15109
14984	14701
14251	13732
13298	13089
13156	13496
14032	14575
14936	15082
15113	15131
15179	15236
15285	15316
15325	15316
15310	15297
15248	15118
14893	14640
14485	14491
14640	14922
15296	15675
15962	16116
16179	16203
16212	16217
16221	16222
16222	16222
16222	16222
16222	16222
16222	16222
16222	16222
16222	16222
16220	16216
16197	16154
16060	15895
15661	15411
15217	15127
15125	15179
15248	15286
15263	15197
15121	15081
15090	15122
15139	15140
15155	15184
15197	15156
15024	14714
14128	13204
11983	10674
9604	9143
9604	10926
12573	13896
14645	14943
15018	15021
15010	15020
15061	15114
15138	15125
15088	15053
15035	15032
15035	15040
15043	15051
15061	15082
15089	15036
14839	14432
13852	13265
12871	12751
12867	13204
13745	14361
14837	15071
15117	15110
15132	15195
15257	15294
15298	15291
15293	15289
15251	15144
14963	14771
14681	14747
14932	15195
15502	15792
16008	16132
16187	16206
16213	16219
16222	16222
16222	16222
16222	16222
16222	16222
16222	16222
16222	16222
16222	16221
16219	16216
16194	16142
16029	15829
15549	15246
15007	14880
14871	14946
15072	15184
15225	15190
15129	15093
15105	15140
15164	15172
15193	15219
15219	15146
14919	14413
13553	12374
11036	9808
8968	8688
9109	10292
11940	13461
14441	14881
15011	15026
15020	15032
15071	15120
15148	15133
15091	15049
15030	15025
15028	15030
15033	15037
15043	15052
15038	14933
14633	14074
13357	12723
12406	12422
12645	12998
13503	14127
14689	15032
15138	15124
15114	15161
15231	15274
15280	15275
15282	15281
15258	15186
15067	14952
14934	15043
15230	15447
15668	15879
16040	16143
16191	16209
16215	16219
16222	16222
16222	16222
16222	16222
16222	16222
16222	16222
16222	16222
16220	16220
16218	16210
16186	16122
15977	15723
15365	14969
14643	14471
14455	14585
14812	15035
15158	15174
15135	15107
15120	15157
15188	15204
15233	15258
15249	15143
14833	14190
13192	11995
10830	9906
9380	9274
9594	10462
11833	13284
14331	14847
15010	15033
15030	15040
15075	15124
15152	15133
15083	15038
15017	15018
15024	15028
15032	15035
15037	15032
14993	14835
14434	13739
12894	12177
11844	11933
12278	12725
13256	13888
14525	14976
15162	15164
15128	15150
15213	15265
15277	15275
15281	15285
15272	15242
15192	15157
15191	15306
15459	15611
15763	15913
16046	16141
16190	16209
16217	16221
16222	16222
16222	16222
16222	16222
16222	16222
16222	16222
16222	16221
16219	16216
16211	16203
16172	16091
15911	15600
15154	14650
14220	13976
13962	14176
14533	14877
15084	15144
15127	15106
15117	15155
15193	15224
15264	15296
15285	15174
14869	14252
13369	12428
11642	11098
10837	10814
10999	11513
12438	13541
14416	14875
15023	15046
15040	15050
15084	15129
15156	15135
15076	15027
15005	15014
15027	15039
15042	15045
15045	15032
14975	14780
14330	13588
12684	11878
11419	11418
11791	12351
12986	13691
14399	14937
15199	15226
15174	15158
15206	15259
15283	15287
15290	15293
15294	15297
15310	15333
15392	15487
15592	15688
15792	15914
16036	16130
16185	16208
16217	16221
16222	16222
16222	16222
16222	16222
16222	16222
16222	16222
16222	16219
16214	16211
16207	16195
16155	16053
15843	15490
14996	14425
13904	13596
13606	13923
14394	14796
15024	15107
15105	15082
15085	15122
15169	15218
15275	15321
15323	15240
15009	14581
13998	13432
13021	12775
12668	12670
12747	12982
13470	14114
14658	14954
15051	15061
15053	15059
15091	15137
15163	15143
15079	15022
15003	15016
15036	15050
15056	15060
15058	15043
14982	14788
14364	13679
12849	12042
11445	11217
11423	11977
12725	13553
14345	14946
15252	15303
15236	15181
15201	15254
15290	15297
15300	15303
15316	15345
15391	15447
15508	15577
15645	15708
15787	15899
16022	16118
16178	16205
16217	16221
16222	16222
16222	16222
16222	16222
16222	16222
16222	16222
16222	16218
16213	16207
16202	16184
16134	16009
15775	15417
14934	14356
13798	13473
13553	13967
14464	14819
15000	15067
15070	15041
15025	15044
15093	15163
15248	15324
15354	15309
15174	14942
14648	14383
14211	14123
14088	14092
14112	14193
14388	14667
14910	15043
15082	15081
15072	15076
15098	15141
15172	15150
15088	15028
15005	15022
15047	15063
15071	15073
15072	15057
15001	14843
14503	13959
13296	12606
11967	11510
11418	11805
12582	13524
14387	15005
15315	15373
15295	15208
15193	15241
15283	15303
15312	15322
15343	15384
15440	15498
15553	15608
15653	15704
15778	15889
16012	16111
16174	16203
16217	16221
16222	16222
16222	16222
16222	16222
16222	16222
16222	16222
16222	16218
16213	16206
16200	16178
16116	15964
15702	15353
14925	14403
13882	13609
13769	14222
14654	14888
14976	15019
15030	14994
14945	14930
14964	15044
15169	15294
15367	15361
15291	15172
15034	14918
14840	14805
14797	14800
14809	14831
14893	14980
15056	15097
15105	15100
15089	15083
15094	15128
15165	15158
15098	15035
15009	15027
15053	15070
15078	15080
15079	15071
15031	14922
14688	14306
13827	13298
12733	12183
11868	12055
12762	13704
14549	15112
15383	15424
15335	15222
15177	15212
15256	15292
15317	15339
15370	15414
15466	15518
15567	15609
15650	15697
15768	15880
16006	16106
16173	16203
16217	16222
16222	16222
16222	16222
16222	16222
16222	16222
16222	16222
16222	16218
16213	16207
16200	16174
16100	15921
15632	15285
14916	14494
14079	13895
14087	14489
14802	14908
14922	14952
14978	14945
14876	14810
14806	14879
15040	15228
15362	15398
15353	15259
15146	15048
14978	14947
14954	14985
15012	15034
15057	15081
15100	15110
15114	15113
15092	15049
15013	15030
15091	15131
15103	15043
15011	15024
15048	15067
15075	15078
15077	15069
15050	14994
14865	14629
14304	13924
13485	13014
12684	12766
13331	14125
14817	15254
15439	15444
15334	15209
15146	15160
15206	15258
15307	15348
15389	15433
15479	15521
15562	15603
15643	15688
15759	15873
16001	16106
16172	16203
16217	16222
16222	16222
16222	16222
16222	16222
16222	16222
16222	16222
16222	16219
16214	16211
16203	16173
16083	15883
15571	15217
14890	14574
14290	14181
14328	14606
14794	14839
14834	14871
14920	14908
14825	14719
14657	14705
14884	15134
15337	15413
15360	15210
15009	14816
14698	14676
14742	14853
14953	15013
15043	15054
15061	15067
15073	15068
15015	14894
14760	14735
14856	15003
15052	15017
14984	14990
15012	15031
15038	15032
15020	15003
15001	15005
14972	14863
14670	14418
14130	13826
13625	13698
14097	14643
15109	15382
15475	15424
15287	15147
15075	15082
15133	15205
15278	15341
15396	15439
15478	15514
15549	15589
15627	15669
15742	15860
15993	16102
16170	16203
16218	16222
16222	16222
16222	16222
16222	16222
16222	16222
16222	16222
16222	16221
16218	16212
16204	16172
16073	15861
15538	15183
14884	14647
14459	14375
14422	14545
14646	14688
14720	14783
14851	14854
14772	14637
14529	14535
14727	15036
15305	15407
15300	14997
14564	14166
13960	13990
14195	14459
14677	14794
14834	14842
14839	14842
14843	14823
14727	14504
14237	14161
14376	14683
14844	14859
14838	14841
14862	14884
14894	14871
14801	14744
14761	14844
14918	14918
14843	14721
14583	14451
14385	14479
14741	15065
15326	15464
15473	15366
15188	15031
14960	14979
15051	15146
15241	15321
15383	15430
15464	15492
15527	15566
15608	15651
15727	15848
15988	16101
16170	16203
16218	16222
16222	16222
16222	16222
16221	16219
16221	16221
16222	16222
16222	16221
16218	16212
16203	16170
16070	15862
15551	15203
14923	14727
14590	14495
14448	14450
14491	14551
14624	14712
14784	14788
14701	14546
14392	14363
14562	14938
15273	15385
15191	14653
13885	13203
12917	13067
13459	13870
14138	14242
14242	14210
14189	14190
14185	14158
14059	13798
13454	13353
13646	14072
14322	14385
14399	14416
14430	14451
14469	14407
14236	14084
14126	14332
14532	14627
14642	14645
14653	14656
14703	14840
15057	15274
15426	15489
15446	15286
15055	14874
14816	14866
14977	15102
15211	15298
15361	15407
15437	15463
15496	15541
15585	15630
15712	15843
15986	16102
16171	16203
16218	16222
16222	16222
16221	16216
16200	16173
16206	16207
16215	16222
16222	16221
16218	16212
16203	16170
16076	15888
15601	15283
15015	14832
14718	14625
14537	14478
14472	14512
14583	14670
14732	14720
14616	14426
14216	14145
14367	14816
15224	15362
15092	14342
13253	12314
11999	12315
12874	13279
13375	13262
13111	12994
12929	12930
12946	12948
12922	12768
12493	12420
12728	13139
13370	13471
13552	13608
13600	13592
13611	13514
13212	12945
13021	13373
13691	13830
13888	13986
14129	14266
14434	14695
15018	15285
15436	15476
15397	15187
14905	14700
14663	14767
14926	15078
15193	15275
15332	15375
15404	15433
15474	15518
15566	15618
15710	15848
15993	16104
16173	16203
16218	16222
16222	16222
16216	16185
16098	15921
16152	16154
16194	16217
16222	16221
16218	16212
16201	16171
16088	15923
15676	15393
15139	14954
14840	14762
14694	14624
14571	14554
14583	14651
14700	14673
14544	14305
14024	13897
14133	14663
15166	15351
15065	14211
12930	11819
11494	11956
12607	12848
12554	12045
11663	11434
11313	11318
11386	11449
11540	11577
11479	11478
11738	12015
12155	12291
12490	12609
12547	12446
12432	12318
11931	11597
11726	12181
12524	12629
12669	12815
13064	13341
13682	14171
14730	15170
15399	15449
15340	15077
14746	14529
14532	14699
14908	15075
15188	15255
15303	15338
15369	15409
15457	15506
15556	15618
15722	15863
16007	16111
16173	16203
16218	16222
16222	16221
16198	16099
15790	15078
16050	16056
16156	16211
16222	16221
16217	16212
16202	16173
16098	15957
15744	15494
15255	15062
14940	14875
14826	14762
14675	14598
14586	14639
14686	14649
14499	14217
13864	13679
13924	14524
15106	15348
15093	14233
12883	11664
11307	11837
12526	12594
11915	11034
10451	10143
9975	9985
10114	10237
10407	10590
10651	10719
10920	11066
11125	11315
11643	11825
11693	11459
11379	11265
10872	10542
10721	11196
11478	11494
11484	11628
11939	12334
12860	13594
14406	15033
15349	15415
15284	14974
14602	14388
14437	14662
14909	15082
15184	15242
15278	15311
15344	15390
15447	15501
15552	15621
15732	15879
16016	16118
16175	16204
16218	16222
16222	16216
16173	15968
15271	13456
