16276	16276
16276	16276
16276	16276
16276	16276
16276	16276
16276	16276
16276	16276
16276	16276
16276	16276
16276	16276
16276	16276
16276	16276
16276	16276
16276	16276
16276	16276
16276	16276
16276	16276
16276	16276
16276	16276
16276	16276
16276	16276
16276	16276
16276	16276
16276	16276
16276	16276
16274	16271
16255	16210
16089	15815
15271	14391
13254	12123
11265	10746
10401	10009
9460	8736
7908	7099
6461	6069
5904	5889
5946	6022
6075	6109
6181	6388
6804	7425
8127	8763
9253	9616
9879	10044
10091	10013
9791	9393
8827	8187
7646	7380
7478	7888
8466	9004
9350	9446
9284	8899
8365	7806
7353	7095
7052	7190
7422	7632
7758	7835
7909	7945
7854	7603
7293	7071
7049	7258
7670	8190
8709	9100
9267	9155
8760	8163
7559	7161
7120	7447
8042	8742
9405	9960
10402	10736
10943	11016
10964	10781
10401	9785
9015	8299
7817	7604
7559	7542
7482	7382
7296	7307
7507	7972
8701	9591
10483	11247
11797	12107
12274	12539
13112	13969
14865	15556
15967	16163
16240	16267
16274	16276
16276	16276
16276	16276
16276	16276
16276	16276
16276	16276
16276	16276
16276	16276
16276	16276
16276	16276
16276	16276
16276	16276
16276	16276
16276	16276
16276	16276
16276	16276
16276	16276
16276	16276
16276	16276
16276	16276
16276	16276
16276	16276
16276	16276
16276	16276
16276	16276
16276	16276
16276	0
16276	16276
16276	16276
16276	16276
16276	16276
16276	16276
16276	16276
16276	16276
16276	16276
16276	16276
16276	16276
16276	16276
16276	16276
16276	16276
16276	16276
16276	16276
16276	16276
16276	16276
16276	16276
16276	16276
16276	16276
16276	16276
16276	16276
16276	16276
16276	16276
16276	16276
16274	16270
16255	16209
16094	15829
15312	14456
13335	12180
11261	10670
10282	9894
9378	8689
7882	7085
6458	6092
5967	6013
6136	6257
6322	6320
6311	6402
6691	7191
7806	8398
8881	9249
9515	9682
9740	9685
9495	9143
8639	8086
7647	7466
7593	7961
8421	8808
9031	9075
8964	8723
8385	8014
7697	7497
7439	7489
7587	7643
7649	7658
7740	7849
7889	7792
7613	7459
7429	7559
7824	8163
8499	8761
8892	8843
8574	8125
7616	7237
7135	7363
7850	8465
9066	9579
9991	10310
10520	10600
10547	10353
9981	9419
8768	8215
7912	7854
7914	7948
7867	7692
7503	7422
7562	8003
8724	9607
10472	11182
11670	11944
12122	12430
13048	13935
14844	15543
15960	16160
16237	16267
16274	16276
16276	16276
16276	16276
16276	16276
16276	16276
16276	16276
16276	16276
16276	16276
16276	16276
16276	16276
16276	16276
16276	16276
16276	16276
16276	16276
16276	16276
16276	16276
16276	16276
16276	16276
16276	16276
16276	16276
16276	16276
16276	16276
16276	16276
16276	16276
16276	16276
16276	16276
16276	0
16276	16276
16276	16276
16276	16276
16276	16276
16276	16276
16276	16276
16276	16276
16276	16276
16276	16276
16276	16276
16276	16276
16276	16276
16276	16276
16276	16276
16276	16276
16276	16276
16276	16276
16276	16276
16276	16276
16276	16276
16276	16276
16276	16276
16276	16276
16276	16276
16276	16276
16274	16270
16254	16208
16094	15838
15334	14498
13383	12203
11225	10566
10142	9769
9296	8657
7883	7105
6496	6162
6105	6250
6479	6679
6760	6705
6577	6500
6591	6901
7372	7884
8349	8725
9006	9173
9239	9210
9089	8838
8474	8078
7790	7711
7850	8120
8393	8566
8620	8596
8548	8487
8405	8289
8167	8065
7992	7933
7854	7731
7598	7544
7622	7810
7994	8091
8081	8026
7985	7997
8052	8135
8226	8320
8397	8425
8334	8093
7749	7431
7283	7384
7710	8167
8641	9059
9417	9719
9935	10015
9943	9732
9379	8924
8469	8180
8140	8309
8524	8615
8499	8209
7864	7639
7685	8083
8796	9666
10492	11132
11540	11769
11951	12302
12967	13885
14809	15519
15944	16151
16235	16266
16274	16276
16276	16276
16276	16276
16276	16276
16276	16276
16276	16276
16276	16276
16276	16276
16276	16276
16276	16276
16276	16276
16276	16276
16276	16276
16276	16276
16276	16276
16276	16276
16276	16276
16276	16276
16276	16276
16276	16276
16276	16276
16276	16276
16276	16276
16276	16276
16276	16276
16276	16276
16276	0
16276	16276
16276	16276
16276	16276
16276	16276
16276	16276
16276	16276
16276	16276
16276	16276
16276	16276
16276	16276
16276	16276
16276	16276
16276	16276
16276	16276
16276	16276
16276	16276
16276	16276
16276	16276
16276	16276
16276	16276
16276	16276
16276	16276
16276	16276
16276	16276
16276	16276
16274	16270
16254	16207
16087	15821
15303	14454
13332	12152
11168	10501
10077	9725
9296	8702
7965	7209
6614	6308
6324	6585
6942	7230
7339	7236
6992	6735
6610	6696
6980	7381
7812	8200
8487	8638
8681	8673
8639	8557
8414	8247
8143	8158
8271	8399
8455	8414
8317	8240
8244	8334
8469	8592
8662	8665
8595	8447
8226	7966
7746	7649
7725	7943
8224	8464
8607	8641
8593	8483
8335	8175
8040	7974
7995	8075
8143	8119
7975	7771
7615	7593
7724	7962
8231	8502
8788	9083
9320	9409
9317	9088
8780	8467
8261	8274
8534	8940
9304	9448
9282	8854
8332	7946
7891	8251
8956	9813
10601	11179
11525	11702
11872	12227
12900	13820
14753	15477
15921	16141
16232	16264
16274	16276
16276	16276
16276	16276
16276	16276
16276	16276
16276	16276
16276	16276
16276	16276
16276	16276
16276	16276
16276	16276
16276	16276
16276	16276
16276	16276
16276	16276
16276	16276
16276	16276
16276	16276
16276	16276
16276	16276
16276	16276
16276	16276
16276	16276
16276	16276
16276	16276
16276	16276
16276	0
16276	16276
16276	16276
16276	16276
16276	16276
16276	16276
16276	16276
16276	16276
16276	16276
16276	16276
16276	16276
16276	16276
16276	16276
16276	16276
16276	16276
16276	16276
16276	16276
16276	16276
16276	16276
16276	16276
16276	16276
16276	16276
16276	16276
16276	16276
16276	16276
16276	16276
16274	16270
16252	16202
16068	15775
15213	14323
13191	12050
11144	10560
10193	9873
9460	8883
8165	7417
6815	6517
6578	6929
7391	7761
7900	7779
7468	7091
6792	6684
6796	7084
7467	7840
8099	8200
8188	8177
8234	8344
8455	8548
8640	8739
8809	8798
8680	8492
8314	8220
8255	8418
8661	8911
9100	9178
9121	8933
8655	8360
8131	8034
8094	8296
8580	8873
9087	9173
9115	8933
8660	8354
8084	7916
7883	7978
8134	8264
8289	8206
8068	7946
7881	7871
7910	8016
8230	8529
8814	8944
8867	8652
8403	8238
8263	8541
9041	9623
10080	10242
10017	9465
8794	8282
8168	8519
9230	10079
10847	11400
11714	11853
11964	12251
12856	13728
14657	15404
15881	16124
16227	16262
16274	16276
16276	16276
16276	16276
16276	16276
16276	16276
16276	16276
16276	16276
16276	16276
16276	16276
16276	16276
16276	16276
16276	16276
16276	16276
16276	16276
16276	16276
16276	16276
16276	16276
16276	16276
16276	16276
16276	16276
16276	16276
16276	16276
16276	16276
16276	16276
16276	16276
16276	16276
16276	0
16276	16276
16276	16276
16276	16276
16276	16276
16276	16276
16276	16276
16276	16276
16276	16276
16276	16276
16276	16276
16276	16276
16276	16276
16276	16276
16276	16276
16276	16276
16276	16276
16276	16276
16276	16276
16276	16276
16276	16276
16276	16276
16276	16276
16276	16276
16276	16276
16276	16276
16274	16270
16249	16192
16041	15709
15087	14145
13018	11973
11227	10807
10548	10259
9822	9216
8473	7704
7067	6737
6796	7187
7705	8122
8292	8185
7873	7468
7102	6894
6903	7110
7443	7762
7952	7968
7887	7862
7982	8244
8567	8883
9142	9313
9360	9270
9067	8828
8640	8556
8596	8749
8981	9229
9428	9518
9474	9302
9050	8800
8622	8553
8597	8743
8969	9217
9420	9508
9454	9261
8973	8647
8359	8164
8102	8171
8340	8525
8643	8643
8529	8330
8104	7886
7733	7703
7854	8166
8516	8731
8734	8575
8398	8340
8507	8925
9530	10161
10637	10775
10503	9876
9126	8567
8459	8846
9590	10454
11240	11824
12156	12261
12269	12398
12841	13613
14515	15298
15821	16101
16219	16261
16274	16276
16276	16276
16276	16276
16276	16276
16276	16276
16276	16276
16276	16276
16276	16276
16276	16276
16276	16276
16276	16276
16276	16276
16276	16276
16276	16276
16276	16276
16276	16276
16276	16276
16276	16276
16276	16276
16276	16276
16276	16276
16276	16276
16276	16276
16276	16276
16276	16276
16276	16276
16276	0
16276	16276
16276	16276
16276	16276
16276	16276
16276	16276
16276	16276
16276	16276
16276	16276
16276	16276
16276	16276
16276	16276
16276	16276
16276	16276
16276	16276
16276	16276
16276	16276
16276	16276
16276	16276
16276	16276
16276	16276
16276	16276
16276	16276
16276	16276
16276	16276
16276	16276
16274	16270
16248	16183
16012	15639
14960	13980
12882	11964
11425	11212
11085	10818
10326	9635
8827	8002
7309	6916
6930	7300
7819	8237
8411	8328
8068	7730
7427	7253
7266	7454
7736	7979
8074	8004
7882	7854
8016	8348
8779	9206
9550	9757
9799	9688
9482	9264
9100	9028
9042	9134
9280	9446
9578	9636
9592	9461
9277	9104
8988	8946
8976	9069
9217	9387
9530	9594
9547	9392
9163	8907
8684	8529
8469	8514
8644	8811
8943	8977
8875	8650
8340	8021
7766	7656
7758	8068
8470	8788
8909	8852
8742	8723
8898	9288
9829	10392
10810	10926
10646	10014
9265	8741
8695	9156
9955	10865
11712	12376
12762	12841
12713	12632
12862	13490
14353	15171
15752	16071
16211	16258
16274	16276
16276	16276
16276	16276
16276	16276
16276	16276
16276	16276
16276	16276
16276	16276
16276	16276
16276	16276
16276	16276
16276	16276
16276	16276
16276	16276
16276	16276
16276	16276
16276	16276
16276	16276
16276	16276
16276	16276
16276	16276
16276	16276
16276	16276
16276	16276
16276	16276
16276	16276
16276	0
16276	16276
16276	16276
16276	16276
16276	16276
16276	16276
16276	16276
16276	16276
16276	16276
16276	16276
16276	16276
16276	16276
16276	16276
16276	16276
16276	16276
16276	16276
16276	16276
16276	16276
16276	16276
16276	16276
16276	16276
16276	16276
16276	16276
16276	16276
16276	16276
16276	16276
16274	16270
16246	16175
15987	15582
14866	13869
12812	12021
11667	11633
11614	11363
10807	10019
9119	8230
7480	7030
6987	7307
7773	8140
8270	8187
7996	7790
7650	7629
7747	7977
8230	8400
8415	8305
8185	8184
8353	8681
9085	9484
9799	9979
10002	9900
9723	9544
9404	9324
9298	9319
9377	9449
9504	9517
9470	9372
9246	9127
9047	9017
9035	9097
9193	9302
9393	9434
9401	9298
9148	8986
8844	8748
8716	8749
8843	8969
9076	9114
9038	8842
8557	8249
7995	7874
7950	8236
8654	9050
9286	9328
9265	9213
9276	9492
9840	10245
10587	10707
10480	9918
9244	8797
8833	9363
10213	11178
12104	12864
13318	13382
13142	12871
12902	13396
14218	15067
15693	16047
16202	16257
16272	16276
16276	16276
16276	16276
16276	16276
16276	16276
16276	16276
16276	16276
16276	16276
16276	16276
16276	16276
16276	16276
16276	16276
16276	16276
16276	16276
16276	16276
16276	16276
16276	16276
16276	16276
16276	16276
16276	16276
16276	16276
16276	16276
16276	16276
16276	16276
16276	16276
16276	16276
16276	0
16276	16276
16276	16276
16276	16276
16276	16276
16276	16276
16276	16276
16276	16276
16276	16276
16276	16276
16276	16276
16276	16276
16276	16276
16276	16276
16276	16276
16276	16276
16276	16276
16276	16276
16276	16276
16276	16276
16276	16276
16276	16276
16276	16276
16276	16276
16276	16276
16276	16276
16274	16270
16246	16173
15981	15568
14844	13851
12830	12106
11843	11897
11933	11688
11091	10237
9279	8352
7581	7112
7038	7301
7677	7934
7972	7857
7727	7677
7743	7925
8197	8502
8754	8877
8853	8747
8667	8690
8839	9080
9367	9637
9836	9933
9920	9821
9677	9529
9401	9308
9247	9224
9233	9257
9270	9255
9201	9108
8995	8883
8799	8762
8775	8833
8919	9017
9097	9141
9129	9067
8973	8869
8781	8729
8722	8757
8827	8911
8985	9018
8980	8856
8666	8454
8286	8216
8299	8562
8966	9380
9681	9799
9760	9641
9537	9515
9617	9842
10108	10266
10154	9731
9178	8817
8896	9443
10304	11295
12269	13090
13586	13653
13366	13014
12952	13380
14177	15029
15672	16039
16200	16256
16272	16276
16276	16276
16276	16276
16276	16276
16276	16276
16276	16276
16276	16276
16276	16276
16276	16276
16276	16276
16276	16276
16276	16276
16276	16276
16276	16276
16276	16276
16276	16276
16276	16276
16276	16276
16276	16276
16276	16276
16276	16276
16276	16276
16276	16276
16276	16276
16276	16276
16276	16276
16276	0
16276	16276
16276	16276
16276	16276
16276	16276
16276	16276
16276	16276
16276	16276
16276	16276
16276	16276
16276	16276
16276	16276
16276	16276
16276	16276
16276	16276
16276	16276
16276	16276
16276	16276
16276	16276
16276	16276
16276	16276
16276	16276
16276	16276
16276	16276
16276	16276
16276	16276
16274	16270
16247	16178
15997	15604
14916	13960
12956	12220
11920	11933
11951	11703
11111	10267
9322	8419
7685	7253
7184	7390
7651	7768
7696	7545
7471	7555
7797	8148
8541	8901
9155	9253
9224	9141
9083	9098
9177	9298
9437	9558
9634	9653
9614	9537
9434	9321
9211	9114
9049	9022
9028	9051
9058	9027
8948	8827
8672	8518
8394	8332
8344	8423
8546	8683
8806	8889
8917	8886
8813	8727
8653	8609
8607	8633
8677	8720
8751	8760
8738	8674
8582	8485
8428	8447
8576	8838
9211	9613
9936	10100
10088	9933
9709	9500
9403	9460
9653	9845
9864	9614
9208	8914
8986	9476
10275	11216
12160	12964
13459	13551
13316	13031
13029	13483
14271	15093
15705	16053
16205	16259
16273	16276
16276	16276
16276	16276
16276	16276
16276	16276
16276	16276
16276	16276
16276	16276
16276	16276
16276	16276
16276	16276
16276	16276
16276	16276
16276	16276
16276	16276
16276	16276
16276	16276
16276	16276
16276	16276
16276	16276
16276	16276
16276	16276
16276	16276
16276	16276
16276	16276
16276	16276
16276	0
16276	16276
16276	16276
16276	16276
16276	16276
16276	16276
16276	16276
16276	16276
16276	16276
16276	16276
16276	16276
16276	16276
16276	16276
16276	16276
16276	16276
16276	16276
16276	16276
16276	16276
16276	16276
16276	16276
16276	16276
16276	16276
16276	16276
16276	16276
16276	16276
16276	16276
16274	16270
16250	16191
16033	15694
15079	14200
13220	12420
11986	11857
11783	11523
10984	10231
9388	8581
7937	7571
7516	7657
7796	7777
7622	7463
7444	7616
7946	8357
8777	9121
9339	9409
9372	9292
9228	9187
9172	9173
9197	9230
9259	9270
9265	9246
9209	9156
9089	9029
8990	8982
9001	9034
9036	8974
8837	8633
8395	8163
7984	7892
7906	8016
8197	8415
8624	8792
8884	8896
8843	8764
8684	8626
8601	8599
8602	8586
8550	8495
8435	8373
8317	8285
8310	8408
8595	8875
9233	9613
9944	10157
10212	10106
9886	9629
9435	9384
9492	9680
9790	9700
9438	9210
9239	9620
10287	11096
11914	12609
13058	13195
13103	13014
13190	13729
14501	15250
15787	16085
16215	16261
16274	16276
16276	16276
16276	16276
16276	16276
16276	16276
16276	16276
16276	16276
16276	16276
16276	16276
16276	16276
16276	16276
16276	16276
16276	16276
16276	16276
16276	16276
16276	16276
16276	16276
16276	16276
16276	16276
16276	16276
16276	16276
16276	16276
16276	16276
16276	16276
16276	16276
16276	16276
16276	0
16276	16276
16276	16276
16276	16276
16276	16276
16276	16276
16276	16276
16276	16276
16276	16276
16276	16276
16276	16276
16276	16276
16276	16276
16276	16276
16276	16276
16276	16276
16276	16276
16276	16276
16276	16276
16276	16276
16276	16276
16276	16276
16276	16276
16276	16276
16276	16276
16276	16276
16274	16271
16254	16207
16082	15811
15307	14551
13642	12806
12226	11920
11725	11445
10990	10379
9689	9017
8474	8157
8082	8132
8145	8028
7833	7695
7712	7900
8206	8559
8891	9146
9289	9316
9259	9161
9055	8946
8840	8758
8732	8763
8834	8923
9022	9115
9186	9221
9234	9240
9245	9249
9263	9269
9233	9106
8869	8549
8202	7887
7656	7541
7556	7699
7938	8242
8563	8838
9023	9104
9104	9057
8989	8911
8842	8789
8731	8639
8504	8346
8193	8063
7972	7935
7982	8122
8353	8652
9004	9369
9713	9981
10141	10166
10075	9913
9758	9678
9720	9864
10006	10023
9892	9736
9745	10021
10533	11159
11789	12322
12697	12888
12980	13135
13513	14123
14839	15467
15894	16126
16227	16263
16274	16276
16276	16276
16276	16276
16276	16276
16276	16276
16276	16276
16276	16276
16276	16276
16276	16276
16276	16276
16276	16276
16276	16276
16276	16276
16276	16276
16276	16276
16276	16276
16276	16276
16276	16276
16276	16276
16276	16276
16276	16276
16276	16276
16276	16276
16276	16276
16276	16276
16276	16276
16276	0
16276	16276
16276	16276
16276	16276
16276	16276
16276	16276
16276	16276
16276	16276
16276	16276
16276	16276
16276	16276
16276	16276
16276	16276
16276	16276
16276	16276
16276	16276
16276	16276
16276	16276
16276	16276
16276	16276
16276	16276
16276	16276
16276	16276
16276	16276
16276	16276
16276	16276
16274	16272
16258	16220
16128	15930
15552	14962
14199	13416
12778	12351
12060	11774
11406	10936
10395	9843
9362	9032
8862	8774
8655	8467
8259	8132
8139	8265
8459	8675
8870	9011
9080	9071
8997	8874
8714	8529
8341	8204
8167	8243
8411	8639
8892	9139
9345	9498
9611	9700
9747	9748
9712	9659
9555	9344
9006	8583
8145	7767
7501	7372
7392	7550
7833	8208
8614	8984
9258	9422
9503	9522
9485	9399
9281	9165
9029	8840
8585	8294
8013	7775
7602	7523
7561	7723
7989	8311
8663	9016
9356	9664
9911	10080
10165	10181
10159	10143
10184	10299
10439	10521
10503	10455
10505	10737
11129	11590
12035	12413
12712	12949
13189	13529
14021	14620
15216	15693
16002	16166
16238	16265
16274	16276
16276	16276
16276	16276
16276	16276
16276	16276
16276	16276
16276	16276
16276	16276
16276	16276
16276	16276
16276	16276
16276	16276
16276	16276
16276	16276
16276	16276
16276	16276
16276	16276
16276	16276
16276	16276
16276	16276
16276	16276
16276	16276
16276	16276
16276	16276
16276	16276
16276	16276
16276	0
16276	16276
16276	16276
16276	16276
16276	16276
16276	16276
16276	16276
16276	16276
16276	16276
16276	16276
16276	16276
16276	16276
16276	16276
16276	16276
16276	16276
16276	16276
16276	16276
16276	16276
16276	16276
16276	16276
16276	16276
16276	16276
16276	16276
16276	16276
16276	16276
16276	16276
16275	16272
16260	16231
16162	16026
15772	15362
14797	14171
13597	13165
12851	12588
12293	11934
11503	11027
10552	10134
9793	9507
9228	8952
8712	8553
8491	8515
8581	8673
8766	8841
8880	8863
8776	8611
8377	8094
7813	7615
7570	7697
7972	8346
8776	9203
9564	9841
10054	10211
10288	10266
10173	10062
9906	9653
9276	8814
8344	7947
7665	7534
7551	7718
8019	8420
8859	9261
9572	9781
9919	9998
10001	9914
9765	9589
9374	9078
8688	8246
7817	7453
7194	7068
7106	7307
7631	8011
8392	8748
9073	9368
9635	9872
10077	10243
10371	10475
10589	10734
10902	11053
11166	11272
11442	11708
12053	12406
12723	12991
13232	13478
13775	14163
14634	15126
15558	15881
16084	16194
16245	16267
16274	16276
16276	16276
16276	16276
16276	16276
16276	16276
16276	16276
16276	16276
16276	16276
16276	16276
16276	16276
16276	16276
16276	16276
16276	16276
16276	16276
16276	16276
16276	16276
16276	16276
16276	16276
16276	16276
16276	16276
16276	16276
16276	16276
16276	16276
16276	16276
16276	16276
16276	16276
16276	0
16276	16276
16276	16276
16276	16276
16276	16276
16276	16276
16276	16276
16276	16276
16276	16276
16276	16276
16276	16276
16276	16276
16276	16276
16276	16276
16276	16276
16276	16276
16276	16276
16276	16276
16276	16276
16276	16276
16276	16276
16276	16276
16276	16276
16276	16276
16276	16276
16276	16276
16275	16272
16261	16237
16187	16097
15939	15687
15327	14901
14484	14146
13885	13673
13446	13172
12821	12390
11893	11352
10800	10264
9775	9350
9016	8784
8647	8588
8591	8638
8716	8798
8851	8836
8714	8467
8114	7700
7311	7053
6998	7177
7557	8084
8688	9279
9777	10154
10432	10624
10705	10662
10544	10417
10274	10070
9757	9362
8944	8574
8302	8169
8185	8351
8645	9017
9408	9748
10001	10172
10301	10392
10417	10343
10189	9982
9707	9320
8804	8213
7631	7134
6780	6609
6653	6906
7314	7793
8263	8668
8994	9256
9478	9687
9898	10109
10315	10519
10728	10961
11219	11497
11789	12099
12439	12798
13140	13437
13680	13883
14075	14291
14552	14869
15215	15544
15814	16008
16134	16207
16249	16267
16274	16276
16276	16276
16276	16276
16276	16276
16276	16276
16276	16276
16276	16276
16276	16276
16276	16276
16276	16276
16276	16276
16276	16276
16276	16276
16276	16276
16276	16276
16276	16276
16276	16276
16276	16276
16276	16276
16276	16276
16276	16276
16276	16276
16276	16276
16276	16276
16276	16276
16276	16276
16276	0
16276	16276
16276	16276
16276	16276
16276	16276
16276	16276
16276	16276
16276	16276
16276	16276
16276	16276
16276	16276
16276	16276
16276	16276
16276	16276
16276	16276
16276	16276
16276	16276
16276	16276
16276	16276
16276	16276
16276	16276
16276	16276
16276	16276
16276	16276
16276	16276
16276	16276
16276	16272
16263	16242
16206	16143
16051	15908
15709	15464
15215	14999
14833	14685
14530	14326
14054	13684
13187	12555
11809	11017
10262	9622
9143	8834
8665	8609
8640	8735
8865	8991
9056	9013
8811	8444
7947	7409
6942	6658
6633	6885
7378	8045
8786	9485
10059	10477
10772	10956
11022	10965
10858	10761
10694	10612
10460	10228
9938	9647
9413	9287
9298	9448
9696	9985
10251	10446
10560	10618
10675	10734
10761	10710
10579	10377
10082	9645
9055	8357
7648	7022
6559	6317
6337	6611
7085	7662
8245	8745
9122	9374
9548	9683
9816	9967
10147	10362
10624	10947
11347	11817
12342	12883
13396	13832
14177	14432
14624	14780
14925	15081
15256	15451
15647	15827
15970	16081
16160	16216
16250	16267
16274	16276
16276	16276
16276	16276
16276	16276
16276	16276
16276	16276
16276	16276
16276	16276
16276	16276
16276	16276
16276	16276
16276	16276
16276	16276
16276	16276
16276	16276
16276	16276
16276	16276
16276	16276
16276	16276
16276	16276
16276	16276
16276	16276
16276	16276
16276	16276
16276	16276
16276	16276
16276	0
16276	16276
16276	16276
16276	16276
16276	16276
16276	16276
16276	16276
16276	16276
16276	16276
16276	16276
16276	16276
16276	16276
16276	16276
16276	16276
16276	16276
16276	16276
16276	16276
16276	16276
16276	16276
16276	16276
16276	16276
16276	16276
16276	16276
16276	16276
16276	16276
16276	16276
16276	16272
16265	16249
16220	16178
16120	16044
15941	15819
15691	15582
15490	15408
15311	15183
14994	14707
14266	13621
12762	11755
10730	9845
9213	8858
8726	8753
8877	9057
9238	9378
9423	9319
9024	8551
7968	7379
6915	6678
6732	7087
7689	8447
9242	9956
10513	10907
11171	11331
11369	11306
11201	11141
11153	11208
11240	11203
11084	10909
10741	10638
10645	10757
10927	11095
11198	11216
11169	11111
11093	11124
11154	11132
11029	10846
10562	10139
9553	8835
8069	7355
6791	6455
6403	6634
7100	7706
8351	8927
9371	9659
9827	9920
9973	10021
10100	10246
10490	10867
11406	12093
12855	13597
14221	14685
14994	15198
15336	15449
15552	15649
15739	15828
15914	15990
16060	16123
16178	16222
16252	16268
16274	16276
16276	16276
16276	16276
16276	16276
16276	16276
16276	16276
16276	16276
16276	16276
16276	16276
16276	16276
16276	16276
16276	16276
16276	16276
16276	16276
16276	16276
16276	16276
16276	16276
16276	16276
16276	16276
16276	16276
16276	16276
16276	16276
16276	16276
16276	16276
16276	16276
16276	16276
16276	0
16276	16276
16276	16276
16276	16276
16276	16276
16276	16276
16276	16276
16276	16276
16276	16276
16276	16276
16276	16276
16276	16276
16276	16276
16276	16276
16276	16276
16276	16276
16276	16276
16276	16276
16276	16276
16276	16276
16276	16276
16276	16276
16276	16276
16276	16276
16276	16276
16276	16276
16276	16274
16269	16257
16238	16206
16169	16122
16070	16009
15955	15905
15864	15824
15776	15707
15597	15402
15054	14467
13589	12451
11214	10119
9365	9000
8950	9094
9326	9564
9750	9850
9843	9691
9368	8890
8335	7814
7440	7305
7461	7894
8546	9306
10048	10669
11127	11444
11665	11789
11799	11704
11572	11503
11544	11680
11844	11959
11987	11930
11841	11776
11776	11837
11922	11965
11928	11812
11662	11546
11510	11551
11613	11628
11553	11391
11144	10782
10278	9638
8916	8205
7598	7192
7048	7181
7548	8076
8666	9230
9688	10018
10226	10328
10343	10307
10280	10325
10508	10901
11554	12422
13369	14221
14876	15301
15549	15688
15779	15853
15915	15968
16006	16033
16057	16085
16116	16157
16197	16232
16255	16270
16274	16276
16276	16276
16276	16276
16276	16276
16276	16276
16276	16276
16276	16276
16276	16276
16276	16276
16276	16276
16276	16276
16276	16276
16276	16276
16276	16276
16276	16276
16276	16276
16276	16276
16276	16276
16276	16276
16276	16276
16276	16276
16276	16276
16276	16276
16276	16276
16276	16276
16276	16276
16276	0
16276	16276
16276	16276
16276	16276
16276	16276
16276	16276
16276	16276
16276	16276
16276	16276
16276	16276
16276	16276
16276	16276
16276	16276
16276	16276
16276	16276
16276	16276
16276	16276
16276	16276
16276	16276
16276	16276
16276	16276
16276	16276
16276	16276
16276	16276
16276	16276
16276	16276
16276	16275
16272	16264
16251	16231
16206	16177
16147	16118
16093	16074
16057	16041
16020	15992
15934	15817
15562	15074
14243	13067
11706	10471
9631	9277
9303	9546
9855	10115
10261	10303
10258	10121
9870	9515
9113	8751
8523	8500
8715	9154
9745	10388
10973	11421
11724	11936
12092	12181
12152	12009
11822	11697
11706	11843
12044	12226
12337	12366
12343	12314
12309	12332
12345	12305
12190	12020
11851	11748
11755	11852
11973	12038
11997	11867
11675	11412
11045	10558
9985	9386
8840	8432
8230	8251
8470	8829
9256	9688
10077	10400
10642	10782
10797	10712
10602	10560
10684	11084
11822	12817
13864	14742
15351	15706
15882	15969
16023	16065
16101	16127
16137	16139
16140	16148
16164	16189
16218	16244
16261	16272
16274	16276
16276	16276
16276	16276
16276	16276
16276	16276
16276	16276
16276	16276
16276	16276
16276	16276
16276	16276
16276	16276
16276	16276
16276	16276
16276	16276
16276	16276
16276	16276
16276	16276
16276	16276
16276	16276
16276	16276
16276	16276
16276	16276
16276	16276
16276	16276
16276	16276
16276	16276
16276	0
16276	16276
16276	16276
16276	16276
16276	16276
16276	16276
16276	16276
16276	16276
16276	16276
16276	16276
16276	16276
16276	16276
16276	16276
16276	16276
16276	16276
16276	16276
16276	16276
16276	16276
16276	16276
16276	16276
16276	16276
16276	16276
16276	16276
16276	16276
16276	16276
16276	16276
16276	16276
16274	16269
16261	16249
16232	16215
16198	16185
16175	16168
16162	16156
16149	16139
16113	16045
15866	15467
14713	13558
12152	10832
9928	9565
9633	9939
10291	10554
10674	10689
10662	10611
10510	10346
10147	9973
9882	9930
10133	10473
10895	11325
11681	11920
12061	12159
12248	12292
12231	12052
11823	11650
11608	11697
11863	12037
12166	12232
12251	12251
12246	12239
12210	12135
12007	11851
11720	11669
11730	11881
12052	12158
12157	12072
11952	11803
11598	11307
10940	10536
10146	9829
9633	9584
9661	9827
10045	10284
10530	10779
11008	11159
11170	11049
10876	10770
10862	11290
12107	13191
14279	15134
15673	15949
16072	16124
16151	16173
16192	16201
16204	16200
16197	16198
16209	16222
16240	16256
16267	16273
16276	16276
16276	16276
16276	16276
16276	16276
16276	16276
16276	16276
16276	16276
16276	16276
16276	16276
16276	16276
16276	16276
16276	16276
16276	16276
16276	16276
16276	16276
16276	16276
16276	16276
16276	16276
16276	16276
16276	16276
16276	16276
16276	16276
16276	16276
16276	16276
16276	16276
16276	16276
16276	0
16276	16276
16276	16276
16276	16276
16276	16276
16276	16276
16276	16276
16276	16276
16276	16276
16276	16276
16276	16276
16276	16276
16276	16276
16276	16276
16276	16276
16276	16276
16276	16276
16276	16276
16276	16276
16276	16276
16276	16276
16276	16276
16276	16276
16276	16276
16276	16276
16276	16276
16276	16276
16275	16273
16268	16262
16251	16244
16236	16228
16226	16223
16222	16218
16218	16215
16205	16160
16030	15701
15027	13927
12521	11149
10173	9766
9836	10172
10548	10821
10956	11013
11063	11129
11180	11185
11148	11100
11078	11121
11242	11423
11631	11822
11956	12015
12023	12041
12082	12102
12038	11874
11662	11492
11426	11467
11579	11709
11816	11887
11922	11936
11931	11913
11870	11794
11688	11573
11488	11476
11561	11717
11886	11994
12006	11957
11901	11850
11785	11667
11500	11305
11111	10944
10834	10781
10780	10810
10856	10920
11012	11145
11302	11406
11386	11227
11006	10850
10929	11401
12306	13465
14572	15390
15865	16087
16174	16204
16218	16228
16237	16243
16241	16238
16235	16236
16239	16248
16257	16265
16270	16275
16276	16276
16276	16276
16276	16276
16276	16276
16276	16276
16276	16276
16276	16276
16276	16276
16276	16276
16276	16276
16276	16276
16276	16276
16276	16276
16276	16276
16276	16276
16276	16276
16276	16276
16276	16276
16276	16276
16276	16276
16276	16276
16276	16276
16276	16276
16276	16276
16276	16276
16276	16276
16276	0
16276	16276
16276	16276
16276	16276
16276	16276
16276	16276
16276	16276
16276	16276
16276	16276
16276	16276
16276	16276
16276	16276
16276	16276
16276	16276
16276	16276
16276	16276
16276	16276
16276	16276
16276	16276
16276	16276
16276	16276
16276	16276
16276	16276
16276	16276
16276	16276
16276	16276
16276	16276
16276	16275
16273	16271
16267	16262
16259	16256
16254	16254
16253	16253
16253	16251
16245	16216
16116	15840
15246	14227
12861	11464
10419	9945
9988	10318
10703	11001
11187	11322
11467	11621
11748	11818
11831	11807
11771	11753
11764	11796
11835	11860
11858	11821
11780	11772
11805	11832
11802	11701
11566	11454
11406	11427
11493	11576
11651	11707
11742	11757
11754	11734
11692	11632
11557	11480
11428	11426
11489	11600
11712	11772
11766	11722
11690	11689
11696	11678
11632	11579
11537	11518
11515	11524
11528	11520
11498	11473
11467	11499
11558	11583
11507	11312
11053	10872
10960	11492
12471	13677
14774	15549
15973	16161
16228	16247
16252	16257
16260	16262
16262	16261
16259	16260
16260	16264
16267	16272
16274	16276
16276	16276
16276	16276
16276	16276
16276	16276
16276	16276
16276	16276
16276	16276
16276	16276
16276	16276
16276	16276
16276	16276
16276	16276
16276	16276
16276	16276
16276	16276
16276	16276
16276	16276
16276	16276
16276	16276
16276	16276
16276	16276
16276	16276
16276	16276
16276	16276
16276	16276
16276	16276
16276	0
16276	16276
16276	16276
16276	16276
16276	16276
16276	16276
16276	16276
16276	16276
16276	16276
16276	16276
16276	16276
16276	16276
16276	16276
16276	16276
16276	16276
16276	16276
16276	16276
16276	16276
16276	16276
16276	16276
16276	16276
16276	16276
16276	16276
16276	16276
16276	16276
16276	16276
16276	16276
16276	16276
16276	16274
16273	16271
16271	16270
16270	16270
16269	16266
16266	16265
16262	16238
16161	15935
15429	14523
13263	11906
10834	10297
10284	10573
10930	11222
11441	11631
11818	11976
12077	12100
12067	11994
11913	11837
11783	11746
11718	11695
11667	11631
11608	11625
11674	11724
11738	11711
11663	11623
11607	11621
11662	11708
11755	11791
11815	11825
11823	11805
11776	11735
11689	11644
11610	11602
11628	11676
11718	11721
11678	11621
11582	11579
11590	11586
11567	11556
11575	11621
11686	11753
11801	11829
11837	11831
11821	11820
11816	11781
11668	11457
11202	11034
11160	11742
12749	13931
14964	15666
16037	16195
16246	16261
16266	16269
16271	16271
16271	16271
16271	16272
16271	16273
16273	16276
16276	16276
16276	16276
16276	16276
16276	16276
16276	16276
16276	16276
16276	16276
16276	16276
16276	16276
16276	16276
16276	16276
16276	16276
16276	16276
16276	16276
16276	16276
16276	16276
16276	16276
16276	16276
16276	16276
16276	16276
16276	16276
16276	16276
16276	16276
16276	16276
16276	16276
16276	16276
16276	16276
16276	0
16276	16276
16276	16276
16276	16276
16276	16276
16276	16276
16276	16276
16276	16276
16276	16276
16276	16276
16276	16276
16276	16276
16276	16276
16276	16276
16276	16276
16276	16276
16276	16276
16276	16276
16276	16276
16276	16276
16276	16276
16276	16276
16276	16276
16276	16276
16276	16276
16276	16276
16276	16276
16276	16276
16276	16276
16276	16276
16276	16276
16274	16273
16270	16269
16266	16264
16259	16243
16181	16006
15601	14856
13777	12562
11539	10962
10855	11035
11294	11514
11690	11851
11994	12085
12100	12044
11947	11842
11748	11677
11632	11613
11610	11619
11630	11635
11655	11698
11760	11820
11857	11875
11883	11892
11902	11919
11936	11959
11977	11992
12000	12001
11999	11990
11975	11957
11936	11915
11893	11881
11881	11889
11886	11856
11798	11733
11684	11659
11643	11613
11574	11543
11537	11561
11613	11676
11744	11808
11873	11935
11987	12024
12032	11995
11896	11730
11545	11463
11665	12278
13239	14300
15193	15778
16081	16206
16248	16259
16264	16268
16272	16274
16276	16276
16276	16276
16276	16276
16276	16276
16276	16276
16276	16276
16276	16276
16276	16276
16276	16276
16276	16276
16276	16276
16276	16276
16276	16276
16276	16276
16276	16276
16276	16276
16276	16276
16276	16276
16276	16276
16276	16276
16276	16276
16276	16276
16276	16276
16276	16276
16276	16276
16276	16276
16276	16276
16276	16276
16276	16276
16276	16276
16276	16276
16276	0
16276	16276
16276	16276
16276	16276
16276	16276
16276	16276
16276	16276
16276	16276
16276	16276
16276	16276
16276	16276
16276	16276
16276	16276
16276	16276
16276	16276
16276	16276
16276	16276
16276	16276
16276	16276
16276	16276
16276	16276
16276	16276
16276	16276
16276	16276
16276	16276
16276	16276
16276	16276
16276	16276
16276	16276
16276	16276
16276	16276
16274	16271
16265	16261
16254	16251
16245	16229
16181	16050
15749	15187
14344	13343
12432	11829
11586	11580
11656	11725
11790	11864
11931	11951
11910	11822
11729	11653
11610	11595
11605	11635
11680	11728
11772	11807
11843	11892
11947	11994
12027	12052
12079	12107
12130	12143
12150	12150
12147	12141
12134	12127
12123	12122
12126	12129
12132	12126
12117	12104
12095	12089
12077	12048
12000	11945
11897	11863
11833	11792
11741	11684
11635	11601
11587	11593
11620	11672
11749	11851
11950	12034
12083	12095
12066	12011
11971	12051
12373	13001
13853	14727
15432	15876
16103	16196
16229	16242
16250	16258
16264	16270
16274	16276
16276	16276
16276	16276
16276	16276
16276	16276
16276	16276
16276	16276
16276	16276
16276	16276
16276	16276
16276	16276
16276	16276
16276	16276
16276	16276
16276	16276
16276	16276
16276	16276
16276	16276
16276	16276
16276	16276
16276	16276
16276	16276
16276	16276
16276	16276
16276	16276
16276	16276
16276	16276
16276	16276
16276	16276
16276	16276
16276	16276
16276	0
16276	16276
16276	16276
16276	16276
16276	16276
16276	16276
16276	16276
16276	16276
16276	16276
16276	16276
16276	16276
16276	16276
16276	16276
16276	16276
16276	16276
16276	16276
16276	16276
16276	16276
16276	16276
16276	16276
16276	16276
16276	16276
16276	16276
16276	16276
16276	16276
16276	16276
16276	16276
16276	16276
16276	16276
16276	16276
16276	16275
16272	16266
16256	16243
16232	16223
16214	16196
16153	16049
15827	15419
14792	14001
13206	12569
12162	11934
11800	11713
11679	11693
11727	11740
11719	11679
11648	11643
11667	11707
11759	11814
11876	11931
11975	12001
12026	12059
12094	12122
12136	12149
12166	12189
12212	12223
12217	12201
12178	12154
12135	12121
12120	12128
12146	12167
12186	12198
12199	12190
12185	12184
12182	12170
12145	12109
12073	12048
12026	12003
11969	11919
11852	11782
11717	11663
11637	11636
11675	11744
11827	11901
11957	11996
12034	12103
12239	12506
12960	13603
14344	15043
15575	15910
16081	16157
16188	16206
16220	16237
16254	16266
16272	16275
16276	16276
16276	16276
16276	16276
16276	16276
16276	16276
16276	16276
16276	16276
16276	16276
16276	16276
16276	16276
16276	16276
16276	16276
16276	16276
16276	16276
16276	16276
16276	16276
16276	16276
16276	16276
16276	16276
16276	16276
16276	16276
16276	16276
16276	16276
16276	16276
16276	16276
16276	16276
16276	16276
16276	16276
16276	16276
16276	16276
16276	0
16276	16276
16276	16276
16276	16276
16276	16276
16276	16276
16276	16276
16276	16276
16276	16276
16276	16276
16276	16276
16276	16276
16276	16276
16276	16276
16276	16276
16276	16276
16276	16276
16276	16276
16276	16276
16276	16276
16276	16276
16276	16276
16276	16276
16276	16276
16276	16276
16276	16276
16276	16276
16276	16276
16276	16276
16276	16276
16276	16274
16269	16259
16243	16219
16199	16179
16163	16131
16076	15966
15772	15438
14932	14265
13533	12852
12312	11926
11669	11519
11472	11504
11577	11645
11692	11725
11764	11813
11869	11924
11975	12022
12065	12100
12115	12117
12116	12121
12133	12137
12132	12124
12127	12136
12147	12147
12132	12103
12064	12028
11998	11980
11980	11994
12025	12061
12094	12119
12129	12132
12132	12143
12158	12169
12167	12153
12137	12129
12130	12134
12132	12109
12061	11992
11918	11849
11798	11763
11750	11758
11776	11785
11786	11787
11829	11949
12191	12578
13124	13780
14459	15058
15514	15810
15982	16068
16115	16146
16176	16206
16235	16255
16268	16274
16276	16276
16276	16276
16276	16276
16276	16276
16276	16276
16276	16276
16276	16276
16276	16276
16276	16276
16276	16276
16276	16276
16276	16276
16276	16276
16276	16276
16276	16276
16276	16276
16276	16276
16276	16276
16276	16276
16276	16276
16276	16276
16276	16276
16276	16276
16276	16276
16276	16276
16276	16276
16276	16276
16276	16276
16276	16276
16276	16276
16276	0
16276	16276
16276	16276
16276	16276
16276	16276
16276	16276
16276	16276
16276	16276
16276	16276
16276	16276
16276	16276
16276	16276
16276	16276
16276	16276
16276	16276
16276	16276
16276	16276
16276	16276
16276	16276
16276	16276
16276	16276
16276	16276
16276	16276
16276	16276
16276	16276
16276	16276
16276	16276
16276	16276
16276	16276
16276	16276
16276	16274
16265	16252
16224	16190
16152	16116
16071	16012
15910	15751
15508	15151
14650	14016
13303	12623
12064	11672
11440	11351
11376	11481
11613	11736
11833	11910
11974	12032
12079	12114
12139	12156
12163	12160
12143	12110
12078	12053
12037	12021
11998	11978
11960	11954
11952	11943
11919	11882
11840	11798
11766	11747
11747	11763
11799	11842
11881	11912
11931	11939
11950	11972
12001	12030
12053	12066
12075	12089
12115	12149
12177	12187
12167	12122
12072	12028
11989	11955
11926	11899
11862	11809
11737	11666
11637	11703
11911	12287
12821	13450
14098	14684
15164	15516
15752	15901
15994	16058
16115	16167
16212	16244
16263	16272
16276	16276
16276	16276
16276	16276
16276	16276
16276	16276
16276	16276
16276	16276
16276	16276
16276	16276
16276	16276
16276	16276
16276	16276
16276	16276
16276	16276
16276	16276
16276	16276
16276	16276
16276	16276
16276	16276
16276	16276
16276	16276
16276	16276
16276	16276
16276	16276
16276	16276
16276	16276
16276	16276
16276	16276
16276	16276
16276	16276
16276	0
16276	16276
16276	16276
16276	16276
16276	16276
16276	16276
16276	16276
16276	16276
16276	16276
16276	16276
16276	16276
16276	16276
16276	16276
16276	16276
16276	16276
16276	16276
16276	16276
16276	16276
16276	16276
16276	16276
16276	16276
16276	16276
16276	16276
16276	16276
16276	16276
16276	16276
16276	16276
16276	16276
16276	16276
16276	16276
16276	16272
16263	16242
16205	16150
16084	16009
15915	15785
15594	15330
14982	14540
13992	13366
12714	12132
11695	11440
11345	11378
11491	11644
11799	11929
12028	12098
12147	12178
12198	12197
12185	12159
12128	12083
12030	11968
11911	11863
11830	11799
11776	11752
11739	11729
11724	11713
11694	11664
11633	11601
11575	11561
11562	11576
11604	11637
11667	11691
11704	11712
11721	11736
11763	11796
11827	11861
11892	11927
11975	12031
12089	12130
12145	12140
12127	12116
12111	12106
12092	12066
12023	11948
11843	11721
11614	11574
11652	11887
12285	12804
13390	13980
14526	14985
15343	15602
15784	15918
16025	16115
16185	16232
16258	16271
16274	16276
16276	16276
16276	16276
16276	16276
16276	16276
16276	16276
16276	16276
16276	16276
16276	16276
16276	16276
16276	16276
16276	16276
16276	16276
16276	16276
16276	16276
16276	16276
16276	16276
16276	16276
16276	16276
16276	16276
16276	16276
16276	16276
16276	16276
16276	16276
16276	16276
16276	16276
16276	16276
16276	16276
16276	16276
16276	16276
16276	0
16276	16276
16276	16276
16276	16276
16276	16276
16276	16276
16276	16276
16276	16276
16276	16276
16276	16276
16276	16276
16276	16276
16276	16276
16276	16276
16276	16276
16276	16276
16276	16276
16276	16276
16276	16276
16276	16276
16276	16276
16276	16276
16276	16276
16276	16276
16276	16276
16276	16276
16276	16276
16276	16276
16276	16276
16276	16276
16274	16271
16257	16227
16172	16086
15969	15821
15630	15379
15054	14659
14202	13695
13151	12603
12102	11716
11485	11411
11463	11582
11731	11879
12007	12099
12162	12194
12209	12202
12180	12141
12087	12019
11945	11868
11794	11724
11664	11624
11601	11593
11601	11615
11633	11655
11669	11679
11682	11678
11669	11659
11653	11648
11652	11657
11669	11675
11681	11678
11669	11656
11639	11622
11609	11606
11615	11632
11658	11689
11735	11798
11870	11941
11995	12035
12066	12098
12130	12158
12177	12179
12158	12104
12015	11894
11756	11639
11585	11642
11839	12173
12615	13139
13695	14237
14712	15106
15421	15670
15869	16024
16137	16209
16249	16266
16273	16276
16276	16276
16276	16276
16276	16276
16276	16276
16276	16276
16276	16276
16276	16276
16276	16276
16276	16276
16276	16276
16276	16276
16276	16276
16276	16276
16276	16276
16276	16276
16276	16276
16276	16276
16276	16276
16276	16276
16276	16276
16276	16276
16276	16276
16276	16276
16276	16276
16276	16276
16276	16276
16276	16276
16276	16276
16276	16276
16276	0
16276	16276
16276	16276
16276	16276
16276	16276
16276	16276
16276	16276
16276	16276
16276	16276
16276	16276
16276	16276
16276	16276
16276	16276
16276	16276
16276	16276
16276	16276
16276	16276
16276	16276
16276	16276
16276	16276
16276	16276
16276	16276
16276	16276
16276	16276
16276	16276
16276	16276
16276	16276
16276	16276
16276	16276
16274	16273
16271	16263
16245	16197
16112	15967
15762	15489
15151	14743
14281	13786
13292	12818
12381	12005
11721	11553
11512	11574
11696	11836
11962	12065
12136	12174
12184	12169
12134	12085
12021	11942
11849	11754
11665	11596
11549	11525
11522	11539
11578	11639
11716	11806
11889	11962
12022	12071
12109	12141
12163	12180
12193	12198
12202	12199
12189	12169
12136	12098
12054	12005
11940	11864
11783	11708
11647	11604
11568	11543
11535	11551
11600	11668
11746	11821
11896	11966
12037	12101
12156	12194
12208	12194
12145	12064
11952	11826
11713	11653
11677	11807
12049	12409
12867	13378
13896	14390
14842	15242
15580	15842
16034	16155
16223	16253
16266	16270
16271	16272
16273	16275
16276	16276
16276	16276
16276	16276
16276	16276
16276	16276
16276	16276
16276	16276
16276	16276
16276	16276
16276	16276
16276	16276
16276	16276
16276	16276
16276	16276
16276	16276
16276	16276
16276	16276
16276	16276
16276	16276
16276	16276
16276	16276
16276	16276
16276	16276
16276	16276
16276	16276
16276	16276
16276	16276
16276	0
16276	16276
16276	16276
16276	16276
16276	16276
16276	16276
16276	16276
16276	16276
16276	16276
16276	16276
16276	16276
16276	16276
16276	16276
16276	16276
16276	16276
16276	16276
16276	16276
16276	16276
16276	16276
16276	16276
16276	16276
16276	16276
16276	16276
16276	16276
16276	16276
16276	16276
16276	16276
16276	16276
16274	16273
16268	16264
16255	16241
16206	16128
15980	15741
15394	14952
14441	13896
13355	12863
12448	12122
11876	11712
11624	11619
11682	11792
11916	12025
12105	12146
12154	12129
12082	12015
11936	11846
11749	11649
11558	11489
11460	11475
11532	11621
11728	11852
11993	12147
12311	12472
12618	12743
12843	12926
12996	13050
13092	13124
13145	13159
13163	13153
13132	13094
13043	12980
12906	12822
12716	12587
12438	12285
12140	12003
11869	11734
11613	11523
11476	11473
11507	11565
11647	11739
11835	11930
12019	12094
12151	12182
12183	12154
12096	12012
11917	11827
11767	11752
11811	11968
12237	12601
13036	13526
14055	14585
15076	15493
15809	16023
16150	16213
16243	16255
16259	16262
16267	16272
16274	16276
16276	16276
16276	16276
16276	16276
16276	16276
16276	16276
16276	16276
16276	16276
16276	16276
16276	16276
16276	16276
16276	16276
16276	16276
16276	16276
16276	16276
16276	16276
16276	16276
16276	16276
16276	16276
16276	16276
16276	16276
16276	16276
16276	16276
16276	16276
16276	16276
16276	16276
16276	16276
16276	0
16276	16276
16276	16276
16276	16276
16276	16276
16276	16276
16276	16276
16276	16276
16276	16276
16276	16276
16276	16276
16276	16276
16276	16276
16276	16276
16276	16276
16276	16276
16276	16276
16276	16276
16276	16276
16276	16276
16276	16276
16276	16276
16276	16276
16276	16276
16276	16276
16276	16276
16276	16276
16276	16274
16270	16264
16256	16241
16218	16180
16105	15965
15719	15339
14822	14211
13568	12967
12467	12093
11856	11728
11678	11678
11711	11773
11860	11958
12045	12103
12124	12106
12052	11973
11874	11768
11663	11567
11491	11442
11432	11478
11585	11753
11965	12196
12430	12655
12878	13098
13308	13501
13667	13805
13921	14014
14091	14150
14195	14225
14241	14251
14252	14244
14223	14187
14134	14070
13994	13902
13785	13639
13467	13276
13076	12872
12653	12417
12172	11946
11753	11606
11511	11468
11472	11512
11583	11673
11780	11888
11988	12066
12119	12146
12150	12128
12086	12029
11959	11889
11837	11836
11905	12064
12323	12697
13184	13756
14355	14921
15397	15752
15981	16112
16180	16213
16231	16241
16253	16264
16270	16274
16276	16276
16276	16276
16276	16276
16276	16276
16276	16276
16276	16276
16276	16276
16276	16276
16276	16276
16276	16276
16276	16276
16276	16276
16276	16276
16276	16276
16276	16276
16276	16276
16276	16276
16276	16276
16276	16276
16276	16276
16276	16276
16276	16276
16276	16276
16276	16276
16276	16276
16276	16276
16276	0
16276	16276
16276	16276
16276	16276
16276	16276
16276	16276
16276	16276
16276	16276
16276	16276
16276	16276
16276	16276
16276	16276
16276	16276
16276	16276
16276	16276
16276	16276
16276	16276
16276	16276
16276	16276
16276	16276
16276	16276
16276	16276
16276	16276
16276	16276
16276	16276
16276	16276
16276	16276
16275	16270
16263	16248
16225	16191
16135	16042
15891	15642
15255	14721
14060	13350
12688	12163
11810	11626
11575	11612
11685	11765
11837	11901
11964	12018
12056	12057
12017	11943
11844	11731
11623	11530
11468	11450
11482	11573
11726	11940
12213	12531
12864	13191
13490	13757
13999	14218
14411	14574
14711	14823
14917	14993
15057	15104
15136	15152
15160	15161
15159	15154
15142	15121
15087	15040
14981	14907
14810	14690
14546	14375
14188	13978
13740	13464
13160	12843
12527	12231
11973	11765
11613	11517
11472	11478
11536	11633
11744	11853
11949	12030
12097	12141
12160	12152
12117	12054
11975	11898
11844	11838
11907	12094
12427	12907
13502	14148
14764	15279
15653	15898
16045	16124
16171	16198
16225	16247
16264	16272
16275	16276
16276	16276
16276	16276
16276	16276
16276	16276
16276	16276
16276	16276
16276	16276
16276	16276
16276	16276
16276	16276
16276	16276
16276	16276
16276	16276
16276	16276
16276	16276
16276	16276
16276	16276
16276	16276
16276	16276
16276	16276
16276	16276
16276	16276
16276	16276
16276	16276
16276	16276
16276	0
16276	16276
16276	16276
16276	16276
16276	16276
16276	16276
16276	16276
16276	16276
16276	16276
16276	16276
16276	16276
16276	16276
16276	16276
16276	16276
16276	16276
16276	16276
16276	16276
16276	16276
16276	16276
16276	16276
16276	16276
16276	16276
16276	16276
16276	16276
16276	16276
16276	16276
16276	16275
16272	16264
16249	16219
16169	16090
15965	15774
15492	15093
14563	13914
13205	12533
11992	11642
11483	11467
11539	11652
11761	11848
11905	11937
11958	11960
11939	11884
11800	11702
11607	11532
11491	11506
11581	11724
11931	12200
12517	12871
13245	13625
13983	14307
14583	14812
15006	15168
15302	15406
15489	15557
15613	15663
15704	15735
15749	15756
15754	15749
15746	15744
15742	15734
15718	15695
15661	15614
15556	15480
15387	15274
15140	14983
14792	14560
14285	13970
13624	13262
12896	12551
12235	11962
11738	11580
11502	11493
11538	11615
11711	11821
11934	12038
12118	12165
12176	12154
12100	12022
11933	11847
11791	11812
11947	12239
12697	13292
13954	14585
15114	15514
15785	15956
16060	16126
16182	16223
16252	16266
16274	16276
16276	16276
16276	16276
16276	16276
16276	16276
16276	16276
16276	16276
16276	16276
16276	16276
16276	16276
16276	16276
16276	16276
16276	16276
16276	16276
16276	16276
16276	16276
16276	16276
16276	16276
16276	16276
16276	16276
16276	16276
16276	16276
16276	16276
16276	16276
16276	16276
16276	16276
16276	0
16276	16276
16276	16276
16276	16276
16276	16276
16276	16276
16276	16276
16276	16276
16276	16276
16276	16276
16276	16276
16276	16276
16276	16276
16276	16276
16276	16276
16276	16276
16276	16276
16276	16276
16276	16276
16276	16276
16276	16276
16276	16276
16276	16276
16276	16276
16276	16276
16276	16276
16276	16274
16269	16254
16222	16164
16064	15901
15657	15312
14867	14316
13691	13033
12416	11915
11587	11438
11432	11510
11620	11726
11812	11861
11874	11862
11828	11776
11708	11628
11556	11513
11517	11575
11698	11887
12148	12467
12827	13217
13611	13998
14362	14691
14979	15223
15418	15570
15691	15786
15858	15907
15943	15973
16000	16027
16048	16062
16071	16069
16066	16061
16057	16055
16058	16057
16053	16043
16028	16004
15976	15941
15894	15838
15765	15671
15553	15402
15212	14977
14699	14376
14017	13635
13240	12848
12472	12143
11883	11697
11582	11528
11533	11597
11704	11833
11955	12054
12123	12155
12152	12118
12052	11963
11868	11795
11781	11871
12115	12536
13105	13747
14377	14929
15367	15677
15883	16021
16120	16191
16238	16263
16272	16276
16276	16276
16276	16276
16276	16276
16276	16276
16276	16276
16276	16276
16276	16276
16276	16276
16276	16276
16276	16276
16276	16276
16276	16276
16276	16276
16276	16276
16276	16276
16276	16276
16276	16276
16276	16276
16276	16276
16276	16276
16276	16276
16276	16276
16276	16276
16276	16276
16276	16276
16276	0
16276	16276
16276	16276
16276	16276
16276	16276
16276	16276
16276	16276
16276	16276
16276	16276
16276	16276
16276	16276
16276	16276
16276	16276
16276	16276
16276	16276
16276	16276
16276	16276
16276	16276
16276	16276
16276	16276
16276	16276
16276	16276
16276	16276
16276	16276
16276	16276
16276	16276
16276	16272
16261	16234
16175	16063
15872	15578
15161	14635
14032	13401
12795	12262
11848	11580
11460	11458
11527	11621
11707	11765
11790	11780
11737	11670
11589	11504
11439	11418
11460	11582
11775	12035
12345	12703
13095	13509
13918	14310
14668	14984
15250	15470
15651	15794
15907	15991
16051	16097
16126	16143
16156	16166
16175	16185
16195	16202
16206	16205
16203	16199
16197	16197
16197	16199
16198	16195
16190	16182
16170	16157
16137	16114
16081	16037
15976	15895
15788	15653
15479	15263
14997	14686
14332	13938
13516	13098
12702	12347
12037	11784
11608	11521
11525	11596
11710	11839
11957	12052
12115	12138
12126	12080
12009	11922
11839	11792
11838	12030
12398	12918
13539	14184
14777	15258
15611	15858
16031	16148
16218	16255
16268	16274
16276	16276
16276	16276
16276	16276
16276	16276
16276	16276
16276	16276
16276	16276
16276	16276
16276	16276
16276	16276
16276	16276
16276	16276
16276	16276
16276	16276
16276	16276
16276	16276
16276	16276
16276	16276
16276	16276
16276	16276
16276	16276
16276	16276
16276	16276
16276	16276
16276	16276
16276	0
16276	16276
16276	16276
16276	16276
16276	16276
16276	16276
16276	16276
16276	16276
16276	16276
16276	16276
16276	16276
16276	16276
16276	16276
16276	16276
16276	16276
16276	16276
16276	16276
16276	16276
16276	16276
16276	16276
16276	16276
16276	16276
16276	16276
16276	16276
16276	16276
16276	16276
16274	16268
16246	16194
16082	15877
15545	15069
14460	13777
13101	12509
12049	11728
11548	11480
11496	11557
11634	11700
11735	11730
11681	11598
11497	11392
11301	11253
11285	11426
11683	12034
12444	12876
13312	13741
14151	14535
14883	15182
15434	15638
15792	15911
16001	16072
16128	16172
16200	16222
16230	16237
16238	16241
16244	16246
16250	16251
16253	16253
16252	16252
16250	16250
16250	16251
16251	16250
16248	16247
16243	16239
16234	16224
16211	16190
16158	16115
16062	15995
15912	15802
15652	15456
15211	14910
14559	14169
13751	13316
12876	12447
12061	11753
11547	11454
11469	11562
11699	11842
11972	12068
12126	12138
12118	12066
11987	11889
11812	11813
11953	12268
12759	13382
14056	14687
15210	15610
15894	16077
16184	16239
16262	16271
16274	16276
16276	16276
16276	16276
16276	16276
16276	16276
16276	16276
16276	16276
16276	16276
16276	16276
16276	16276
16276	16276
16276	16276
16276	16276
16276	16276
16276	16276
16276	16276
16276	16276
16276	16276
16276	16276
16276	16276
16276	16276
16276	16276
16276	16276
16276	16276
16276	16276
16276	0
16276	16276
16276	16276
16276	16276
16276	16276
16276	16276
16276	16276
16276	16276
16276	16276
16276	16276
16276	16276
16276	16276
16276	16276
16276	16276
16276	16276
16276	16276
16276	16276
16276	16276
16276	16276
16276	16276
16276	16276
16276	16276
16276	16276
16276	16276
16276	16276
16274	16272
16266	16250
16207	16105
15903	15556
15041	14369
13605	12861
12242	11806
11561	11462
11460	11505
11570	11633
11680	11699
11676	11601
11481	11337
11201	11106
11078	11152
11368	11741
12239	12803
13360	13869
14314	14696
15026	15303
15531	15718
15866	15974
16053	16106
16144	16176
16206	16231
16248	16260
16264	16267
16267	16267
16267	16269
16270	16272
16271	16272
16271	16271
16270	16270
16270	16270
16270	16270
16269	16268
16267	16267
16265	16262
16256	16243
16222	16193
16160	16129
16096	16052
15991	15897
15763	15581
15348	15059
14717	14314
13857	13348
12811	12284
11836	11510
11343	11322
11410	11559
11731	11895
12027	12113
12156	12157
12119	12035
11925	11822
11794	11899
12184	12666
13298	13993
14660	15226
15659	15949
16120	16206
16245	16261
16268	16273
16273	16276
16276	16276
16276	16276
16276	16276
16276	16276
16276	16276
16276	16276
16276	16276
16276	16276
16276	16276
16276	16276
16276	16276
16276	16276
16276	16276
16276	16276
16276	16276
16276	16276
16276	16276
16276	16276
16276	16276
16276	16276
16276	16276
16276	16276
16276	16276
16276	0
16276	16276
16276	16276
16276	16276
16276	16276
16276	16276
16276	16276
16276	16276
16276	16276
16276	16276
16276	16276
16276	16276
16276	16276
16276	16276
16276	16276
16276	16276
16276	16276
16276	16276
16276	16276
16276	16276
16276	16276
16276	16276
16276	16276
16276	16276
16274	16273
16267	16262
16245	16207
16116	15928
15588	15059
14354	13535
12728	12055
11603	11384
11339	11388
11471	11546
11600	11630
11633	11598
11514	11377
11208	11047
10940	10915
10999	11230
11635	12213
12902	13600
14215	14708
15088	15370
15587	15753
15885	15983
16061	16119
16156	16177
16188	16204
16222	16244
16261	16270
16274	16276
16276	16276
16276	16276
16276	16276
16276	16276
16276	16276
16276	16276
16276	16276
16276	16276
16276	16276
16276	16276
16276	16272
16268	16257
16241	16216
16192	16170
16157	16145
16131	16098
16040	15946
15811	15629
15391	15080
14677	14168
13553	12880
12232	11707
11366	11212
11202	11295
11455	11650
11840	11999
12108	12168
12180	12144
12058	11945
11836	11792
11877	12149
12621	13263
13985	14688
15280	15711
15984	16132
16204	16240
16253	16263
16267	16273
16274	16276
16276	16276
16276	16276
16276	16276
16276	16276
16276	16276
16276	16276
16276	16276
16276	16276
16276	16276
16276	16276
16276	16276
16276	16276
16276	16276
16276	16276
16276	16276
16276	16276
16276	16276
16276	16276
16276	16276
16276	16276
16276	16276
16274	16274
16271	0
16275	16276
16276	16276
16276	16276
16276	16276
16276	16276
16276	16276
16276	16276
16276	16276
16276	16276
16276	16276
16276	16276
16276	16276
16276	16276
16276	16276
16276	16276
16276	16276
16276	16276
16276	16276
16276	16276
16276	16276
16276	16276
16276	16276
16276	16274
16270	16264
16254	16234
16194	16109
15932	15612
15096	14383
13539	12691
11976	11489
11255	11216
11294	11401
11492	11547
11563	11547
11493	11398
11262	11097
10938	10829
10796	10856
11024	11329
11822	12507
13303	14081
14729	15202
15520	15730
15868	15965
16038	16098
16144	16177
16196	16202
16203	16212
16226	16247
16261	16271
16274	16276
16276	16276
16276	16276
16276	16276
16276	16276
16276	16276
16276	16276
16276	16276
16276	16276
16276	16276
16276	16276
16276	16275
16271	16263
16249	16230
16208	16190
16177	16175
16176	16173
16149	16101
16021	15907
15737	15491
15129	14617
13945	13171
12422	11816
11418	11211
11137	11155
11249	11406
11603	11802
11968	12087
12157	12178
12151	12074
11966	11857
11806	11878
12132	12604
13260	14009
14730	15321
15734	15986
16122	16189
16223	16242
16256	16265
16270	16275
16276	16276
16276	16276
16276	16276
16276	16276
16276	16276
16276	16276
16276	16276
16276	16276
16276	16276
16276	16276
16276	16276
16276	16276
16276	16276
16276	16276
16276	16276
16276	16276
16276	16276
16276	16276
16276	16276
16276	16276
16274	16268
16260	16251
16241	0
16248	16276
16273	16276
16276	16276
16276	16276
16276	16276
16276	16276
16276	16276
16276	16276
16276	16276
16276	16276
16276	16276
16276	16276
16276	16276
16276	16276
16276	16276
16276	16276
16276	16276
16276	16276
16276	16276
16276	16276
16276	16276
16276	16276
16275	16270
16264	16250
16226	16181
16096	15926
15622	15127
14428	13582
12714	11970
11457	11196
11141	11213
11325	11426
11483	11499
11468	11392
11276	11128
10974	10846
10770	10761
10803	10870
10981	11205
11637	12320
13182	14056
14794	15323
15657	15857
15974	16050
16107	16151
16185	16208
16219	16219
16217	16221
16233	16249
16264	16272
16274	16276
16276	16276
16276	16276
16276	16276
16276	16276
16276	16276
16276	16276
16276	16276
16276	16276
16276	16276
16276	16276
16276	16276
16273	16268
16258	16245
16225	16209
16196	16192
16195	16193
16180	16143
16080	15985
15831	15580
15176	14581
13798	12935
12152	11592
11290	11182
11165	11174
11198	11265
11393	11564
11749	11915
12049	12140
12181	12164
12098	11992
11883	11819
11879	12129
12611	13291
14060	14779
15351	15742
15976	16102
16168	16207
16235	16253
16267	16272
16276	16276
16276	16276
16276	16276
16276	16276
16276	16276
16276	16276
16276	16276
16276	16276
16276	16276
16276	16276
16276	16276
16276	16276
16276	16276
16276	16276
16276	16276
16276	16276
16276	16276
16276	16276
16276	16276
16276	16274
16268	16245
16202	16135
16084	0
16017	16276
16246	16276
16276	16276
16276	16276
16276	16276
16276	16276
16276	16276
16276	16276
16276	16276
16276	16276
16276	16276
16276	16276
16276	16276
16276	16276
16276	16276
16276	16276
16276	16276
16276	16276
16276	16276
16276	16276
16276	16276
16276	16276
16273	16267
16254	16229
16186	16103
15947	15665
15196	14517
13669	12775
12000	11459
11183	11115
11166	11269
11365	11428
11448	11418
11332	11190
11014	10842
10727	10701
10758	10841
10874	10826
10742	10755
11028	11652
12564	13582
14488	15165
15599	15849
15990	16076
16134	16181
16212	16232
16238	16237
16235	16236
16245	16256
16267	16272
16276	16276
16276	16276
16276	16276
16276	16276
16276	16276
16276	16276
16276	16276
16276	16276
16276	16276
16276	16276
16276	16276
16276	16276
16275	16272
16267	16258
16243	16230
16215	16211
16207	16202
16180	16136
16066	15955
15767	15440
14910	14144
13200	12237
11460	11010
10894	10995
11160	11272
11297	11273
11273	11350
11497	11685
11876	12042
12158	12206
12190	12124
12018	11900
11825	11875
12141	12659
13374	14159
14870	15414
15772	15980
16093	16161
16206	16241
16261	16272
16274	16276
16276	16276
16276	16276
16276	16276
16276	16276
16276	16276
16276	16276
16276	16276
16276	16276
16276	16276
16276	16276
16276	16276
16276	16276
16276	16276
16276	16276
16276	16276
16276	16276
16276	16276
16276	16276
16275	16272
16248	16177
16012	15680
15482	0
14878	16276
16101	16276
16274	16276
16276	16276
16276	16276
16276	16276
16276	16276
16276	16276
16276	16276
16276	16276
16276	16276
16276	16276
16276	16276
16276	16276
16276	16276
16276	16276
16276	16276
16276	16276
16276	16276
16276	16276
16276	16276
16276	16274
16271	16261
16242	16206
16140	16015
15781	15375
14744	13905
12966	12104
11487	11167
11087	11138
11233	11325
11387	11418
11399	11329
11189	10987
10769	10608
10574	10683
10864	10983
10927	10678
10348	10134
10243	10804
11764	12928
14029	14890
15458	15790
15970	16076
16148	16198
16229	16246
16252	16252
16251	16252
16257	16263
16270	16275
16276	16276
16276	16276
16276	16276
16276	16276
16276	16276
16276	16276
16276	16276
16276	16276
16276	16276
16276	16276
16276	16276
16276	16276
16276	16275
16270	16265
16256	16246
16236	16229
16222	16208
16176	16118
16029	15889
15641	15207
14515	13559
12453	11409
10655	10313
10364	10675
11061	11351
11454	11386
11262	11203
11273	11456
11693	11926
12106	12212
12245	12219
12142	12018
11880	11798
11876	12208
12807	13589
14390	15069
15552	15850
16015	16114
16179	16227
16254	16270
16274	16276
16276	16276
16276	16276
16276	16276
16276	16276
16276	16276
16276	16276
16276	16276
16276	16276
16276	16276
16276	16276
16276	16276
16276	16276
16276	16276
16276	16276
16276	16276
16276	16276
16276	16276
16276	16276
16274	16265
16214	16039
15606	14593
14070	0
11861	16276
15706	16276
16268	16276
16276	16276
16276	16276
16276	16276
16276	16276
16276	16276
16276	16276
16276	16276
16276	16276
16276	16276
16276	16276
16276	16276
16276	16276
16276	16276
16276	16276
16276	16276
16276	16276
16276	16276
16276	16276
16276	16274
16270	16258
16235	16189
16105	15947
15652	15151
14401	13460
12482	11679
11195	11034
11073	11183
11283	11351
11392	11400
11361	11258
11078	10836
10600	10467
10515	10732
10984	11095
10930	10508
9994	9624
9630	10144
11135	12400
13648	14653
15332	15730
15947	16069
16151	16205
16239	16255
16261	16262
16262	16263
16267	16271
16274	16275
16276	16276
16276	16276
16276	16276
16276	16276
16276	16276
16276	16276
16276	16276
16276	16276
16276	16276
16276	16276
16276	16276
16276	16276
16276	16276
16275	16270
16265	16257
16249	16242
16232	16211
16169	16100
15995	15827
15528	15006
14185	13086
11873	10791
10062	9786
9932	10376
10925	11376
11572	11507
11301	11136
11128	11291
11552	11830
12057	12201
12268	12269
12219	12108
11954	11804
11764	11959
12452	13197
14044	14812
15386	15748
15955	16078
16160	16216
16251	16267
16274	16276
16276	16276
16276	16276
16276	16276
16276	16276
16276	16276
16276	16276
16276	16276
16276	16276
16276	16276
16276	16276
16276	16276
16276	16276
16276	16276
16276	16276
16276	16276
16276	16276
16276	16276
16276	16276
16274	16257
16177	15873
15100	13157
12222	0
