16158	16158
16158	16158
16158	16158
16158	16158
16158	16156
16149	16132
16096	16023
15887	15654
15286	14755
14055	13203
12247	11256
10293	9417
8675	8076
7627	7334
7189	7194
7341	7612
7980	8408
8855	9279
9643	9924
10109	10191
10178	10074
9895	9664
9407	9148
8912	8721
8586	8508
8496	8537
8623	8741
8869	8989
9075	9098
9033	8858
8573	8180
7697	7152
6572	5983
5419	4909
4470	4128
3885	3746
3719	3808
4025	4388
4901	5550
6306	7109
7907	8644
9294	9851
10328	10759
11169	11598
12069	12595
13167	13764
14342	14864
15294	15620
15846	15990
16072	16118
16141	16153
16157	16158
16158	16158
16158	16158
16158	16158
16158	16158
16158	16158
16158	16158
16158	16158
16158	16158
16158	16156
16149	16136
16103	16037
15914	15699
15359	14865
14207	13395
12471	11501
10545	9662
8894	8272
7803	7490
7335	7336
7479	7746
8109	8526
8959	9363
9708	9974
10153	10240
10244	10165
10018	9817
9587	9344
9109	8901
8737	8624
8574	8587
8657	8767
8903	9035
9132	9157
9079	8877
8549	8106
7573	6988
6380	5787
5236	4751
4348	4039
3828	3718
3711	3811
4039	4401
4911	5558
6309	7112
7917	8664
9329	9904
10400	10846
11277	11724
12211	12746
13318	13903
14464	14960
15364	15669
15874	16005
16084	16122
16144	16153
16157	16158
16158	16158
16158	16158
16158	16158
16158	16158
16158	16158
16158	16158
16158	16158
16158	16158
16158	16157
16151	16140
16111	16055
15948	15760
15459	15016
14412	13659
12786	11846
10901	10010
9220	8566
8059	7718
7542	7527
7661	7919
8269	8671
9078	9460
9783	10035
10206	10303
10326	10280
10173	10014
9818	9596
9363	9141
8939	8786
8691	8669
8715	8825
8975	9129
9249	9286
9201	8970
8592	8085
7489	6843
6197	5588
5044	4581
4216	3947
3776	3702
3722	3846
4089	4464
4975	5619
6368	7171
7976	8736
9412	10006
10522	10991
11445	11916
12417	12962
13530	14098
14631	15091
15460	15731
15914	16028
16093	16128
16145	16153
16158	16158
16158	16158
16158	16158
16158	16158
16158	16158
16158	16158
16158	16158
16158	16158
16158	16158
16158	16157
16153	16142
16120	16074
15986	15830
15573	15192
14661	13979
13174	12280
11355	10462
9646	8952
8402	8020
7808	7762
7875	8110
8437	8814
9194	9549
9851	10086
10258	10365
10408	10401
10338	10226
10070	9877
9653	9415
9183	8982
8845	8785
8817	8931
9100	9293
9448	9511
9434	9181
8761	8188
7520	6807
6108	5465
4912	4461
4120	3886
3757	3722
3779	3938
4209	4604
5127	5778
6523	7324
8123	8881
9563	10166
10699	11193
11671	12165
12685	13237
13797	14340
14831	15245
15570	15802
15959	16052
16108	16134
16148	16153
16158	16158
16158	16158
16158	16158
16158	16158
16158	16158
16158	16158
16158	16158
16158	16158
16158	16158
16158	16158
16154	16148
16131	16097
16025	15901
15694	15377
14922	14329
13600	12771
11884	10998
10161	9426
8826	8388
8124	8031
8100	8295
8588	8930
9280	9607
9888	10115
10288	10408
10481	10506
10490	10426
10313	10149
9942	9695
9441	9207
9030	8946
8968	9093
9298	9532
9735	9838
9782	9536
9083	8467
7735	6957
6193	5501
4914	4451
4116	3905
3806	3812
3915	4121
4432	4860
5408	6069
6809	7596
8382	9122
9800	10402
10944	11455
11955	12471
13010	13558
14098	14604
15049	15410
15686	15879
16005	16080
16121	16142
16153	16156
16158	16158
16158	16158
16158	16158
16158	16158
16158	16158
16158	16158
16158	16158
16158	16158
16158	16158
16158	16158
16157	16151
16140	16113
16062	15968
15806	15551
15180	14676
14040	13287
12453	11591
10747	9977
9324	8821
8486	8324
8328	8464
8701	8996
9311	9614
9878	10102
10282	10419
10518	10581
10607	10586
10519	10389
10203	9963
9703	9451
9259	9160
9180	9323
9563	9844
10102	10258
10243	10015
9571	8934
8162	7326
6501	5747
5107	4604
4252	4041
3963	4005
4158	4416
4784	5256
5834	6500
7235	7998
8749	9464
10115	10706
11255	11774
12296	12825
13368	13900
14413	14875
15261	15567
15793	15948
16043	16101
16131	16146
16153	16158
16158	16158
16158	16158
16158	16158
16158	16158
16158	16158
16158	16158
16158	16158
16158	16158
16158	16158
16158	16158
16158	16153
16145	16128
16090	16020
15902	15705
15413	14999
14461	13796
13035	12214
11382	10591
9888	9315
8899	8649
8566	8624
8786	9021
9290	9563
9815	10039
10228	10388
10517	10613
10677	10700
10672	10579
10424	10207
9956	9714
9519	9424
9459	9620
9891	10215
10521	10727
10762	10581
10168	9547
8772	7908
7034	6217
5511	4952
4560	4330
4260	4335
4536	4854
5276	5796
6399	7071
7784	8511
9220	9888
10507	11082
11623	12150
12677	13213
13743	14254
14721	15129
15458	15709
15888	16006
16077	16119
16139	16153
16155	16158
16158	16158
16158	16158
16158	16158
16158	16158
16158	16158
16158	16158
16158	16158
16158	16158
16158	16158
16158	16158
16158	16156
16151	16139
16113	16067
15980	15835
15610	15284
14840	14278
13602	12843
12042	11247
10511	9874
9375	9029
8838	8791
8862	9020
9229	9464
9698	9922
10124	10305
10460	10590
10689	10751
10763	10712
10596	10418
10202	9985
9818	9742
9793	9974
10266	10617
10954	11202
11288	11163
10811	10241
9498	8643
7748	6881
6115	5493
5049	4792
4721	4818
5061	5430
5901	6458
7078	7739
8420	9098
9753	10374
10954	11508
12039	12567
13095	13619
14126	14599
15014	15360
15631	15829
15964	16051
16102	16132
16147	16153
16158	16158
16158	16158
16158	16158
16158	16158
16158	16158
16158	16158
16158	16158
16158	16158
16158	16158
16158	16158
16158	16158
16158	16158
16153	16145
16130	16098
16037	15935
15769	15521
15171	14706
14128	13451
12706	11933
11184	10498
9921	9473
9169	9006
8968	9031
9165	9350
9553	9765
9974	10173
10352	10509
10643	10741
10794	10790
10722	10598
10432	10264
10137	10095
10165	10362
10659	11015
11365	11636
11762	11700
11420	10928
10256	9445
8567	7684
6878	6205
5714	5423
5342	5451
5726	6130
6636	7208
7826	8462
9100	9722
10323	10893
11439	11971
12496	13017
13533	14035
14499	14920
15277	15560
15775	15927
16025	16085
16124	16141
16153	16156
16158	16158
16158	16158
16158	16158
16158	16158
16158	16158
16158	16158
16158	16158
16158	16158
16158	16158
16158	16158
16158	16158
16158	16158
16156	16153
16141	16120
16082	16011
15893	15712
15445	15074
14597	14015
13349	12623
11888	11181
10543	10004
9593	9308
9150	9102
9143	9252
9411	9597
9795	9996
10191	10373
10533	10667
10759	10804
10791	10730
10629	10526
10452	10450
10546	10746
11037	11375
11714	11986
12141	12128
11927	11529
10947	10219
9396	8537
7728	7028
6508	6196
6104	6216
6501	6922
7436	8001
8597	9195
9781	10348
10896	11426
11947	12461
12972	13480
13971	14431
14849	15209
15499	15726
15888	15998
16069	16112
16136	16149
16153	16158
16158	16158
16158	16158
16158	16158
16158	16158
16158	16158
16158	16158
16158	16158
16158	16158
16158	16158
16158	16158
16158	16158
16158	16158
16158	16153
16149	16134
16110	16063
15985	15857
15660	15379
14998	14521
13944	13297
12602	11899
11229	10628
10117	9722
9440	9273
9206	9224
9309	9446
9612	9796
9993	10183
10365	10523
10654	10744
10789	10793
10762	10727
10714	10757
10874	11077
11345	11657
11966	12225
12384	12413
12282	11977
11503	10879
10141	9350
8577	7896
7374	7053
6957	7064
7344	7760
8256	8797
9353	9903
10441	10960
11470	11969
12468	12965
13460	13938
14390	14803
15162	15455
15686	15854
15976	16051
16103	16128
16145	16153
16157	16158
16158	16158
16158	16158
16158	16158
16158	16158
16158	16158
16158	16158
16158	16158
16158	16158
16158	16158
16158	16158
16158	16158
16158	16158
16158	16158
16153	16145
16129	16099
16050	15962
15824	15618
15332	14954
14480	13921
13295	12631
11962	11326
10750	10260
9868	9581
9398	9308
9298	9357
9468	9616
9786	9967
10150	10323
10482	10610
10706	10768
10806	10837
10881	10965
11099	11297
11543	11816
12087	12318
12474	12529
12450	12234
11863	11356
10733	10041
9345	8720
8229	7926
7831	7936
8201	8591
9054	9556
10067	10575
11067	11552
12032	12512
12993	13469
13934	14375
14779	15130
15425	15658
15832	15955
16038	16090
16122	16139
16150	16153
16158	16158
16158	16158
16158	16158
16158	16158
16158	16158
16158	16158
16158	16158
16158	16158
16158	16158
16158	16158
16158	16158
16158	16158
16158	16158
16158	16158
16155	16152
16140	16124
16091	16036
15942	15798
15591	15306
14932	14473
13934	13340
12709	12076
11466	10912
10432	10041
9742	9536
9423	9385
9414	9493
9617	9762
9927	10095
10261	10410
10542	10648
10738	10823
10914	11030
11180	11367
11588	11824
12054	12255
12398	12462
12427	12281
12010	11618
11120	10551
9969	9431
9009	8747
8671	8771
9020	9376
9805	10264
10736	11204
11670	12131
12592	13054
13512	13961
14386	14776
15119	15409
15640	15815
15940	16029
16083	16117
16137	16148
16153	16157
16158	16158
16158	16158
16158	16158
16158	16158
16158	16158
16158	16157
16157	16157
16158	16158
16158	16158
16158	16158
16158	16158
16158	16158
16158	16158
16158	16158
16158	16153
16150	16139
16120	16085
16025	15931
15789	15579
15301	14942
14502	13994
13432	12834
12235	11653
11118	10644
10250	9937
9708	9563
9494	9486
9532	9621
9743	9882
10031	10179
10321	10451
10571	10687
10806	10939
11094	11272
11469	11670
11865	12034
12160	12231
12227	12136
11954	11669
11297	10863
10410	9993
9664	9469
9426	9534
9772	10106
10498	10924
11365	11809
12255	12701
13147	13586
14014	14421
14797	15125
15408	15634
15807	15931
16021	16077
16114	16134
16147	16153
16156	16158
16158	16158
16158	16158
16158	16158
16158	16158
16158	16156
16156	16153
16152	16153
16156	16157
16157	16158
16158	16158
16158	16158
16158	16158
16158	16158
16158	16158
16158	16157
16153	16148
16137	16118
16080	16020
15925	15783
15583	15317
14978	14565
14087	13563
13004	12435
11882	11365
10902	10499
10174	9922
9745	9637
9593	9599
9652	9734
9844	9965
10088	10214
10335	10457
10581	10716
10865	11026
11196	11368
11535	11681
11795	11869
11891	11849
11740	11557
11305	11010
10693	10406
10187	10074
10084	10218
10456	10774
11148	11554
11974	12405
12838	13265
13688	14098
14486	14839
15154	15419
15638	15806
15931	16017
16076	16110
16132	16145
16153	16156
16158	16158
16158	16158
16158	16158
16158	16158
16158	16157
16155	16152
16149	16146
16142	16146
16156	16156
16156	16157
16157	16158
16158	16158
16158	16158
16158	16158
16158	16158
16158	16158
16157	16153
16148	16134
16115	16076
16018	15926
15791	15601
15352	15038
14657	14216
13733	13214
12682	12160
11662	11203
10800	10458
10182	9973
9829	9743
9709	9714
9757	9822
9901	9990
10085	10186
10292	10406
10531	10669
10814	10961
11103	11231
11341	11422
11470	11476
11435	11347
11212	11045
10869	10714
10616	10593
10669	10838
11090	11409
11775	12169
12580	12996
13410	13816
14204	14569
14903	15198
15449	15653
15812	15933
16016	16073
16109	16131
16144	16152
16156	16158
16158	16158
16158	16158
16158	16158
16158	16158
16158	16153
16149	16143
16132	16127
16112	16126
16150	16153
16153	16155
16156	16157
16158	16158
16158	16158
16158	16158
16158	16158
16158	16158
16158	16157
16153	16147
16134	16114
16077	16020
15934	15808
15635	15409
15121	14778
14378	13935
13458	12967
12471	11996
11546	11142
10787	10489
10250	10067
9938	9858
9816	9806
9817	9843
9879	9928
9988	10063
10151	10257
10372	10497
10623	10746
10855	10953
11031	11089
11119	11123
11097	11055
11007	10980
10992	11064
11208	11424
11700	12031
12396	12783
13179	13577
13963	14333
14676	14987
15258	15490
15678	15825
15939	16019
16071	16107
16130	16144
16151	16156
16158	16158
16158	16158
16158	16158
16158	16158
16158	16158
16153	16150
16139	16123
16097	16084
16042	16079
16144	16148
16149	16152
16155	16156
16157	16158
16158	16158
16158	16158
16158	16158
16158	16158
16158	16158
16156	16153
16145	16134
16113	16081
16026	15946
15834	15678
15476	15222
14916	14559
14161	13726
13273	12811
12354	11919
11514	11150
10833	10567
10348	10175
10041	9936
9859	9803
9761	9739
9732	9747
9785	9848
9931	10031
10142	10265
10386	10512
10633	10748
10854	10946
11024	11096
11166	11253
11370	11531
11741	12002
12305	12647
13011	13386
13761	14130
14479	14799
15084	15333
15544	15717
15850	15953
16024	16075
16108	16132
16144	16151
16156	16158
16158	16158
16158	16158
16158	16158
16158	16158
16158	16156
16151	16140
16118	16086
16028	15999
15889	15981
16134	16141
16142	16146
16151	16154
16156	16158
16158	16158
16158	16158
16158	16158
16158	16158
16158	16158
16158	16156
16153	16146
16136	16116
16086	16038
15966	15867
15733	15556
15334	15066
14750	14396
14001	13583
13149	12715
12290	11890
11519	11184
10887	10627
10400	10205
10031	9880
9743	9632
9547	9489
9467	9481
9531	9611
9713	9835
9977	10136
10307	10487
10668	10851
11030	11205
11379	11564
11772	12007
12272	12572
12898	13245
13601	13958
14303	14629
14925	15192
15417	15608
15759	15880
15970	16036
16081	16110
16133	16144
16151	16156
16158	16158
16158	16158
16158	16158
16158	16158
16158	16158
16157	16154
16146	16125
16084	16021
15906	15846
15596	15803
16122	16132
16135	16140
16147	16150
16155	16156
16158	16158
16158	16158
16158	16158
16158	16158
16158	16158
16158	16158
16156	16153
16146	16137
16119	16093
16051	15991
15907	15791
15639	15444
15211	14929
14608	14250
13858	13450
13034	12617
12216	11833
11476	11144
10838	10552
10288	10040
9811	9606
9436	9304
9220	9185
9198	9255
9352	9482
9646	9839
10063	10309
10569	10838
11107	11372
11638	11903
12181	12473
12785	13110
13450	13794
14131	14460
14767	15043
15288	15496
15669	15805
15912	15991
16048	16087
16114	16133
16144	16151
16156	16158
16158	16158
16158	16158
16158	16158
16158	16158
16158	16158
16157	16150
16138	16105
16038	15930
15717	15613
15109	15518
16111	16124
16126	16136
16143	16148
16154	16156
16158	16158
16158	16158
16158	16158
16158	16158
16158	16158
16158	16158
16158	16156
16153	16148
16140	16124
16100	16067
16013	15942
15839	15709
15535	15320
15064	14764
14423	14051
13655	13245
12831	12421
12021	11637
11264	10908
10563	10232
9919	9635
9386	9186
9043	8965
8945	8984
9075	9216
9400	9630
9902	10207
10536	10876
11218	11559
11891	12223
12552	12889
13229	13572
13913	14246
14565	14861
15129	15361
15557	15715
15843	15940
16010	16061
16097	16119
16137	16145
16151	16156
16158	16158
16158	16158
16158	16158
16158	16158
16158	16158
16158	16158
16156	16148
16128	16081
15982	15823
15476	15320
14460	15147
16101	16117
16118	16131
16139	16147
16152	16156
16158	16158
16158	16158
16158	16158
16158	16158
16158	16158
16158	16158
16158	16158
16156	16153
16147	16142
16127	16106
16075	16029
15962	15868
15743	15576
15371	15117
14821	14483
14111	13714
13297	12874
12452	12027
11614	11202
10799	10404
10027	9679
9371	9119
8931	8817
8776	8800
8884	9032
9236	9494
9803	10156
10538	10931
11332	11724
12108	12482
12846	13208
13565	13917
14257	14579
14874	15143
15376	15574
15733	15859
15952	16022
16067	16100
16121	16137
16146	16151
16156	16158
16158	16158
16158	16158
16158	16158
16158	16158
16158	16158
16158	16158
16156	16144
16121	16060
15928	15565
15230	13466
13767	8366
