16158	16158
16158	16158
16157	16150
16138	16107
16043	15921
15706	15359
14859	14193
13388	12495
11591	10747
10021	9441
9016	8732
8571	8515
8550	8661
8840	9070
9323	9558
9719	9766
9678	9466
9142	8739
8258	7713
7115	6493
5889	5357
4923	4606
4401	4293
4256	4276
4344	4443
4574	4719
4879	5035
5183	5325
5475	5659
5919	6307
6865	7617
8554	9634
10779	11915
12954	13847
14564	15107
15492	15752
15911	15993
16008	15956
15815	15576
15217	14748
14191	13596
13022	12518
12105	11791
11565	11414
11339	11341
11434	11626
11919	12311
12793	13343
13924	14492
14993	15400
15701	15904
16028	16098
16133	16148
16155	16158
16158	16158
16158	16158
16158	16158
16158	16158
16157	16149
16137	16104
16041	15913
15694	15344
14836	14158
13344	12447
11537	10694
9970	9392
8969	8690
8533	8480
8517	8632
8810	9043
9299	9532
9691	9738
9650	9437
9114	8711
8234	7693
7099	6486
5889	5358
4928	4611
4406	4300
4267	4298
4380	4501
4659	4831
5011	5188
5349	5495
5636	5797
6017	6340
6814	7468
8304	9291
10374	11474
12514	13440
14212	14821
15274	15596
15804	15925
15968	15932
15807	15574
15224	14754
14200	13606
13029	12523
12109	11791
11561	11409
11331	11330
11422	11612
11900	12292
12776	13329
13911	14481
14987	15397
15698	15903
16026	16098
16133	16148
16155	16158
16158	16158
16158	16158
16158	16158
16158	16158
16156	16149
16137	16103
16037	15907
15682	15323
14804	14117
13292	12383
11471	10622
9897	9322
8903	8627
8476	8428
8469	8582
8767	9001
9257	9495
9655	9700
9612	9403
9080	8680
8208	7676
7094	6493
5908	5386
4957	4639
4431	4322
4295	4341
4445	4597
4790	5000
5215	5418
5593	5743
5872	5998
6160	6400
6757	7280
7976	8839
9822	10862
11893	12852
13692	14387
14936	15344
15628	15809
15896	15894
15788	15568
15226	14763
14209	13616
13037	12527
12111	11789
11555	11399
11316	11314
11401	11586
11874	12266
12750	13308
13895	14468
14976	15391
15695	15901
16026	16097
16133	16148
16155	16158
16158	16158
16158	16158
16158	16158
16158	16158
16156	16149
16135	16102
16031	15904
15672	15307
14777	14079
13238	12322
11395	10540
9810	9238
8822	8552
8402	8359
8400	8521
8705	8945
9206	9443
9606	9654
9570	9359
9044	8648
8189	7675
7110	6530
5963	5450
5026	4704
4487	4373
4349	4405
4537	4729
4966	5223
5477	5709
5899	6050
6161	6249
6341	6480
6709	7072
7604	8307
9161	10117
11119	12101
13008	13802
14460	14981
15363	15626
15775	15819
15744	15549
15217	14762
14215	13619
13037	12526
12102	11778
11540	11378
11291	11285
11367	11548
11837	12229
12721	13278
13876	14453
14965	15384
15692	15897
16025	16095
16132	16148
16155	16158
16158	16158
16158	16158
16158	16158
16158	16158
16156	16149
16135	16101
16032	15898
15666	15295
14759	14052
13200	12266
11326	10460
9724	9146
8729	8456
8310	8269
8317	8439
8629	8873
9137	9377
9548	9600
9520	9318
9009	8627
8187	7695
7161	6611
6071	5574
5152	4823
4593	4464
4437	4503
4662	4894
5176	5481
5774	6029
6233	6375
6462	6505
6528	6562
6658	6865
7220	7752
8457	9306
10249	11228
12185	13068
13842	14484
14986	15354
15589	15695
15667	15502
15193	14747
14204	13611
13032	12514
12089	11760
11515	11350
11257	11245
11328	11508
11798	12193
12689	13254
13855	14441
14959	15379
15690	15898
16026	16096
16132	16148
16155	16158
16158	16158
16158	16158
16158	16158
16158	16158
16156	16149
16136	16101
16034	15900
15667	15295
14754	14040
13181	12231
11277	10395
9641	9052
8624	8349
8203	8164
8212	8338
8534	8780
9051	9299
9478	9540
9471	9278
8985	8620
8205	7748
7259	6749
6244	5769
5353	5014
4765	4612
4571	4639
4814	5080
5403	5747
6069	6340
6540	6667
6721	6716
6670	6618
6597	6658
6852	7218
7766	8486
9345	10292
11268	12218
13092	13855
14485	14975
15313	15505
15538	15415
15132	14707
14171	13583
13004	12486
12057	11724
11476	11307
11211	11197
11280	11460
11755	12158
12659	13233
13841	14433
14954	15378
15690	15897
16026	16095
16132	16148
16155	16158
16158	16158
16158	16158
16158	16158
16158	16158
16157	16149
16136	16104
16036	15907
15677	15308
14772	14056
13190	12229
11259	10353
9579	8966
8524	8237
8083	8040
8091	8218
8418	8671
8947	9206
9395	9473
9420	9242
8970	8630
8246	7830
7389	6935
6476	6031
5629	5280
5007	4829
4760	4818
4996	5279
5627	5994
6334	6602
6786	6885
6901	6849
6750	6625
6511	6460
6520	6738
7135	7719
8467	9348
10302	11282
12229	13099
13853	14466
14927	15219
15335	15272
15028	14626
14108	13529
12952	12437
12009	11675
11425	11251
11155	11143
11226	11417
11719	12129
12640	13221
13838	14435
14959	15383
15695	15902
16027	16097
16133	16148
16155	16158
16158	16158
16158	16158
16158	16158
16158	16158
16157	16150
16138	16107
16042	15918
15696	15337
14807	14098
13231	12262
11273	10344
9542	8900
8432	8128
7960	7908
7954	8084
8283	8539
8821	9091
9297	9395
9364	9212
8962	8650
8305	7934
7549	7154
6752	6352
5970	5622
5326	5114
5013	5043
5206	5488
5843	6213
6547	6799
6953	7012
6986	6894
6749	6575
6400	6270
6229	6326
6591	7040
7668	8450
9346	10310
11290	12233
13093	13830
14413	14819
15031	15045
14858	14496
14001	13435
12873	12364
11939	11607
11356	11185
11092	11086
11180	11380
11694	12117
12640	13232
13853	14452
14976	15396
15702	15907
16030	16099
16133	16148
16155	16158
16158	16158
16158	16158
16158	16158
16158	16158
16157	16152
16141	16111
16053	15935
15723	15376
14860	14161
13300	12328
11325	10367
9532	8858
8361	8027
7838	7770
7808	7930
8127	8383
8675	8955
9180	9303
9300	9174
8953	8674
8364	8043
7716	7388
7049	6700
6354	6016
5711	5469
5330	5321
5453	5710
6047	6399
6711	6933
7052	7072
7006	6879
6701	6496
6286	6104
5997	6002
6158	6485
6982	7647
8451	9357
10321	11293
12224	13057
13757	14284
14608	14714
14600	14287
13835	13298
12756	12262
11850	11525
11280	11115
11032	11036
11143	11361
11693	12129
12666	13268
13893	14489
15008	15421
15722	15919
16037	16102
16135	16148
16156	16158
16158	16158
16158	16158
16158	16158
16158	16158
16157	16152
16142	16117
16062	15951
15752	15422
14926	14246
13395	12426
11406	10426
9558	8846
8310	7941
7726	7639
7656	7767
7957	8209
8502	8793
9037	9189
9219	9131
8941	8694
8418	8141
7870	7600
7332	7047
6746	6436
6135	5876
5702	5650
5738	5955
6253	6575
6852	7040
7119	7099
7003	6846
6648	6424
6191	5979
5823	5764
5833	6053
6434	6975
7661	8473
9376	10324
11273	12173
12966	13603
14040	14251
14225	13987
13588	13102
12594	12132
11738	11429
11196	11044
10975	11000
11126	11363
11711	12166
12717	13325
13951	14542
15053	15455
15744	15933
16046	16106
16138	16149
16156	16158
16158	16158
16158	16158
16158	16158
16158	16158
16158	16155
16145	16123
16071	15973
15785	15475
15004	14345
13513	12549
11525	10524
9622	8869
8291	7883
7634	7514
7511	7603
7778	8016
8307	8607
8869	9049
9118	9065
8914	8697
8454	8213
7988	7778
7572	7353
7109	6844
6567	6307
6110	6020
6060	6223
6477	6752
6988	7138
7183	7134
7012	6837
6626	6385
6136	5902
5716	5611
5619	5755
6035	6459
7024	7712
8508	9380
10299	11204
12054	12776
13319	13642
13721	13580
13264	12844
12394	11972
11611	11326
11115	10981
10933	10977
11127	11385
11756	12229
12789	13407
14032	14615
15111	15500
15772	15950
16056	16110
16139	16150
16157	16158
16158	16158
16158	16158
16158	16158
16158	16158
16158	16155
16147	16128
16080	15993
15819	15532
15086	14458
13649	12697
11672	10653
9720	8929
8304	7858
7566	7416
7383	7445
7598	7819
8101	8400
8680	8887
8993	8983
8869	8684
8468	8256
8067	7901
7749	7592
7413	7203
6967	6729
6529	6413
6408	6517
6713	6937
7127	7241
7259	7184
7043	6856
6628	6378
6117	5870
5663	5531
5499	5584
5788	6116
6561	7117
7779	8528
9353	10215
11062	11833
12459	12887
13085	13058
12849	12520
12148	11786
11472	11221
11035	10926
10901	10972
11146	11429
11819	12314
12887	13510
14129	14701
15181	15547
15806	15971
16066	16116
16141	16153
16157	16158
16158	16158
16158	16158
16158	16158
16158	16158
16158	16156
16149	16132
16093	16012
15856	15592
15174	14577
13800	12867
11846	10818
9857	9028
8362	7867
7533	7342
7272	7304
7425	7625
7887	8181
8467	8703
8844	8878
8803	8651
8463	8270
8102	7966
7855	7751
7631	7483
7302	7102
6921	6795
6758	6818
6954	7119
7260	7332
7321	7223
7068	6868
6631	6374
6109	5857
5649	5513
5472	5533
5698	5956
6297	6720
7224	7815
8491	9244
10037	10809
11488	12011
12327	12430
12349	12139
11865	11580
11322	11111
10962	10881
10889	10985
11185	11494
11906	12416
13003	13625
14241	14795
15255	15602
15841	15992
16077	16121
16144	16153
16157	16158
16158	16157
16157	16157
16158	16158
16158	16158
16158	16156
16149	16136
16100	16028
15891	15649
15264	14704
13960	13055
12047	11012
10028	9163
8455	7915
7535	7303
7191	7187
7276	7446
7679	7959
8244	8501
8676	8750
8719	8605
8441	8265
8111	7987
7897	7828
7759	7665
7545	7398
7246	7128
7074	7094
7178	7282
7367	7387
7336	7214
7038	6825
6588	6333
6076	5843
5655	5544
5525	5600
5759	5974
6237	6531
6872	7277
7771	8367
9045	9769
10464	11058
11489	11730
11794	11719
11561	11364
11171	11007
10898	10851
10887	11013
11241	11573
12008	12535
13130	13754
14359	14896
15332	15657
15877	16011
16088	16127
16146	16153
16158	16156
16156	16153
16152	16153
16156	16157
16157	16158
16158	16157
16151	16140
16110	16048
15926	15708
15357	14836
14130	13257
12267	11235
10233	9334
8582	7997
7572	7294
7140	7098
7149	7285
7489	7747
8024	8288
8491	8611
8624	8551
8414	8253
8101	7982
7898	7845
7804	7757
7688	7592
7487	7390
7329	7319
7353	7401
7421	7385
7284	7123
6926	6702
6468	6235
6011	5821
5689	5636
5673	5792
5967	6169
6365	6546
6721	6925
7213	7616
8147	8780
9460	10102
10633	11013
11223	11289
11252	11148
11028	10915
10845	10832
10898	11055
11309	11668
12123	12667
13269	13892
14484	15000
15413	15712
15913	16032
16100	16133
16149	16155
16155	16152
16149	16146
16142	16146
16156	16156
16156	16157
16157	16157
16153	16144
16119	16065
15956	15766
15444	14965
14306	13473
12507	11481
10465	9540
8746	8114
7641	7313
7121	7037
7053	7149
7318	7547
7811	8073
8299	8458
8523	8494
8394	8249
8101	7971
7880	7826
7794	7775
7744	7695
7629	7563
7510	7481
7476	7467
7422	7323
7165	6963
6735	6510
6293	6098
5934	5820
5771	5804
5920	6106
6316	6507
6649	6719
6735	6747
6823	7024
7387	7913
8547	9214
9831	10332
10683	10887
10963	10950
10894	10832
10796	10822
10922	11108
11391	11774
12251	12810
13420	14036
14611	15104
15490	15765
15945	16053
16109	16138
16149	16151
16149	16143
16132	16127
16112	16126
16150	16153
16153	16155
16156	16157
16155	16146
16126	16080
15988	15819
15535	15097
14484	13696
12763	11751
10728	9774
8940	8263
7740	7368
7129	7006
6981	7043
7176	7373
7614	7870
8111	8301
8415	8439
8382	8266
8124	7983
7873	7800
7759	7743
7732	7718
7688	7649
7613	7578
7543	7487
7385	7227
7013	6770
6524	6302
6115	5979
5894	5878
5937	6074
6279	6528
6769	6951
7031	6994
6859	6689
6571	6586
6794	7209
7793	8474
9155	9761
10230	10545
10716	10783
10782	10765
10769	10823
10955	11173
11484	11891
12394	12964
13576	14183
14741	15207
15565	15815
15976	16068
16117	16141
16148	16149
16139	16123
16097	16084
16042	16079
16144	16148
16149	16152
16155	16156
16155	16149
16133	16093
16016	15867
15616	15222
14659	13919
13022	12028
11004	10029
9156	8430
7858	7441
7160	7000
6936	6962
7059	7224
7435	7680
7929	8149
8309	8390
8384	8305
8174	8026
7891	7788
7726	7697
7694	7694
7690	7679
7658	7628
7577	7488
7344	7139
6885	6613
6358	6149
6008	5942
5954	6046
6216	6456
6742	7039
7290	7440
7446	7299
7024	6698
6414	6279
6360	6690
7230	7919
8650	9329
9889	10288
10533	10654
10696	10712
10746	10837
10999	11248
11587	12020
12541	13126
13739	14335
14868	15307
15636	15862
16003	16084
16125	16144
16147	16140
16118	16086
16028	15999
15889	15981
16134	16141
16142	16146
16151	16154
16155	16149
16137	16105
16040	15914
15693	15341
14824	14133
13277	12304
11282	10287
9381	8607
7992	7529
7207	7010
6914	6906
6973	7103
7288	7514
7763	8005
8210	8348
8397	8360
8249	8098
7940	7805
7710	7660
7647	7655
7667	7677
7671	7651
7596	7491
7324	7094
6819	6534
6286	6107
6017	6031
6137	6335
6603	6928
7271	7590
7824	7915
7833	7571
7171	6715
6312	6070
6069	6340
6862	7557
8325	9058
9675	10126
10415	10567
10638	10678
10742	10858
11049	11327
11697	12155
12695	13291
13899	14484
14993	15401
15702	15902
16027	16097
16132	16144
16143	16125
16084	16021
15906	15846
15596	15803
16122	16132
16135	16140
16147	16150
16154	16151
16141	16115
16060	15950
15758	15443
14971	14325
13508	12558
11542	10529
9592	8782
8122	7618
7258	7026
6902	6868
6908	7008
7168	7373
7618	7879
8122	8311
8418	8422
8339	8190
8014	7846
7716	7639
7612	7617
7640	7665
7679	7669
7620	7516
7343	7103
6827	6550
6322	6183
6150	6235
6426	6711
7057	7438
7813	8121
8307	8327
8142	7772
7262	6713
6230	5925
5882	6132
6652	7364
8157	8922
9568	10045
10350	10519
10602	10661
10743	10884
11102	11406
11802	12283
12840	13442
14050	14617
15101	15482
15757	15938
16048	16105
16137	16141
16136	16105
16038	15930
15717	15613
15109	15518
16111	16124
16126	16136
16143	16148
16153	16152
16145	16122
16075	15980
15811	15524
15090	14481
13696	12769
11756	10734
9772	8928
8235	7697
7309	7053
6903	6845
6864	6944
7080	7270
7507	7780
8052	8284
8438	8487
8427	8282
8089	7899
7740	7639
7595	7597
7623	7660
7687	7692
7652	7554
7385	7157
6892	6633
6435	6333
6351	6499
6752	7098
7498	7912
8288	8570
8700	8632
8358	7892
7300	6681
6153	5821
5773	6025
6558	7286
8097	8880
9536	10017
10325	10494
10582	10651
10751	10910
11148	11477
11892	12393
12965	13574
14174	14727
15192	15551
15802	15967
16062	16114
16139	16141
16127	16081
15982	15823
15476	15320
14460	15147
16101	16117
16118	16131
16139	16147
16152	16153
16146	16128
16085	16002
15845	15582
15174	14593
13833	12923
11915	10884
9905	9039
8320	7759
7347	7073
6908	6835
6839	6900
7021	7197
7429	7708
8002	8266
8456	8535
8497	8357
8157	7946
7766	7646
7589	7586
7616	7659
7702	7713
7686	7596
7440	7225
6972	6737
6565	6497
6557	6742
7043	7427
7857	8284
8649	8901
8977	8843
8490	7953
7303	6642
6090	5753
5709	5979
6528	7272
8098	8887
9543	10020
10322	10487
10578	10652
10763	10933
11188	11529
11962	12475
13055	13667
14266	14808
15257	15599
15834	15985
16071	16120
16139	16140
16120	16060
15928	15565
15230	13466
13767	8366
