16222	16222
16222	16222
16222	16222
16222	16222
16222	16222
16222	16222
16222	16222
16222	16222
16222	16222
16222	16222
16222	16222
16222	16222
16222	16222
16222	16222
16222	16222
16222	16222
16222	16222
16222	16221
16219	16217
16214	16206
16193	16168
16124	16041
15903	15692
15382	14965
14446	13847
13216	12603
12067	11645
11350	11173
11082	11039
11012	10973
10918	10837
10744	10644
10557	10486
10438	10412
10398	10379
10346	10308
10269	10240
10245	10278
10332	10405
10488	10601
10769	11031
11409	11912
12513	13167
13822	14428
14944	15362
15669	15881
16021	16109
16158	16184
16196	16203
16204	16205
16203	16202
16202	16200
16196	16197
16195	16194
16192	16192
16191	16191
16192	16191
16194	16194
16194	16196
16197	16199
16200	16201
16202	16203
16204	16203
16197	16187
16166	16130
16062	15954
15778	15525
15172	14719
14164	13551
12920	12324
11825	11450
11210	11075
11006	10957
10909	10851
10804	10777
10793	10845
10919	10994
11059	11108
11154	11209
11283	11386
11509	11639
11760	11864
11941	11991
12026	12069
12147	12288
12524	12857
13286	13773
14280	14765
15187	15528
15784	15959
16074	16140
16179	16198
16211	16216
16219	16220
16222	16222
16222	16222
16222	16222
16222	16222
16222	16222
16222	16222
16222	16222
16222	16222
16222	16222
16222	16222
16222	16222
16222	16222
16222	16222
16222	16222
16222	16222
16222	16222
16222	16222
16222	16222
16222	0
16222	16222
16222	16222
16222	16222
16222	16222
16222	16222
16222	16222
16222	16222
16222	16222
16222	16222
16222	16222
16222	16222
16222	16222
16222	16222
16222	16222
16222	16222
16222	16222
16222	16222
16221	16219
16217	16215
16206	16195
16178	16143
16080	15978
15813	15568
15226	14782
14245	13645
13028	12446
11944	11558
11295	11134
11049	11002
10965	10918
10853	10769
10672	10575
10492	10426
10383	10360
10347	10336
10319	10303
10294	10301
10331	10386
10456	10528
10601	10692
10823	11033
11352	11788
12327	12938
13569	14173
14712	15159
15507	15762
15935	16047
16113	16151
16173	16181
16187	16187
16184	16181
16176	16173
16168	16164
16163	16161
16158	16156
16153	16151
16152	16153
16155	16158
16160	16163
16163	16168
16172	16175
16177	16182
16182	16182
16174	16158
16126	16072
15986	15845
15637	15344
14957	14480
13924	13327
12737	12199
11765	11453
11264	11170
11126	11096
11053	10994
10931	10886
10874	10894
10936	10984
11034	11074
11118	11169
11239	11336
11453	11579
11702	11811
11897	11960
12006	12049
12117	12242
12446	12744
13138	13601
14098	14584
15025	15392
15678	15880
16020	16105
16157	16185
16201	16211
16216	16219
16221	16222
16222	16222
16222	16222
16222	16222
16222	16222
16222	16222
16222	16222
16222	16222
16222	16222
16222	16222
16222	16222
16222	16222
16222	16222
16222	16222
16222	16222
16222	16222
16222	16222
16222	16222
16222	0
16222	16222
16222	16222
16222	16222
16222	16222
16222	16222
16222	16222
16222	16222
16222	16222
16222	16222
16222	16222
16222	16222
16222	16222
16222	16222
16222	16222
16222	16222
16222	16222
16222	16221
16219	16217
16215	16206
16196	16180
16150	16098
16012	15877
15673	15384
14997	14518
13961	13364
12773	12232
11785	11447
11216	11080
10999	10947
10900	10838
10762	10672
10576	10485
10407	10348
10310	10292
10285	10287
10297	10310
10336	10384
10449	10528
10609	10683
10747	10811
10900	11047
11287	11638
12094	12637
13228	13824
14379	14867
15266	15573
15791	15943
16038	16097
16128	16143
16150	16151
16143	16135
16129	16121
16110	16105
16096	16089
16083	16077
16073	16069
16067	16071
16073	16078
16084	16089
16096	16103
16109	16118
16127	16134
16137	16135
16125	16102
16055	15975
15854	15671
15415	15073
14647	14146
13598	13035
12502	12045
11696	11463
11340	11292
11281	11270
11236	11175
11102	11035
10987	10969
10970	10989
11009	11038
11070	11116
11180	11269
11376	11498
11621	11738
11837	11915
11971	12018
12078	12180
12344	12601
12946	13372
13847	14334
14794	15194
15517	15762
15932	16047
16119	16160
16186	16201
16211	16216
16219	16221
16222	16222
16222	16222
16222	16222
16222	16222
16222	16222
16222	16222
16222	16222
16222	16222
16222	16222
16222	16222
16222	16222
16222	16222
16222	16222
16222	16222
16222	16222
16222	16222
16222	16222
16222	0
16222	16222
16222	16222
16222	16222
16222	16222
16222	16222
16222	16222
16222	16222
16222	16222
16222	16222
16222	16222
16222	16222
16222	16222
16222	16222
16222	16222
16222	16222
16222	16222
16222	16220
16218	16216
16209	16197
16180	16152
16105	16031
15914	15733
15478	15133
14694	14180
13609	13024
12471	11986
11597	11314
11126	11009
10932	10873
10809	10734
10648	10554
10459	10375
10305	10254
10223	10214
10221	10247
10283	10336
10404	10487
10582	10680
10772	10846
10899	10938
10986	11071
11229	11482
11839	12298
12829	13395
13959	14482
14933	15299
15579	15781
15918	16004
16051	16076
16083	16081
16073	16059
16041	16023
16006	15991
15973	15959
15946	15935
15926	15917
15917	15917
15922	15931
15941	15952
15965	15980
15995	16012
16029	16043
16055	16052
16040	16003
15932	15820
15654	15418
15104	14712
14251	13739
13209	12699
12246	11891
11636	11492
11434	11433
11448	11454
11430	11375
11296	11213
11133	11076
11032	11011
11004	11008
11025	11060
11115	11192
11290	11405
11527	11648
11756	11849
11920	11977
12032	12113
12241	12443
12734	13112
13554	14030
14500	14937
15302	15594
15811	15960
16060	16125
16164	16187
16203	16212
16216	16220
16222	16222
16222	16222
16222	16222
16222	16222
16222	16222
16222	16222
16222	16222
16222	16222
16222	16222
16222	16222
16222	16222
16222	16222
16222	16222
16222	16222
16222	16222
16222	16222
16222	16222
16222	0
16222	16222
16222	16222
16222	16222
16222	16222
16222	16222
16222	16222
16222	16222
16222	16222
16222	16222
16222	16222
16222	16222
16222	16222
16222	16222
16222	16222
16222	16222
16222	16222
16222	16220
16217	16212
16202	16183
16158	16114
16047	15938
15777	15543
15227	14817
14331	13783
13212	12654
12151	11731
11409	11179
11026	10923
10847	10778
10701	10614
10521	10426
10338	10261
10199	10160
10140	10145
10174	10223
10294	10383
10485	10599
10711	10817
10911	10983
11024	11052
11068	11104
11189	11348
11604	11963
12415	12935
13484	14025
14521	14947
15290	15551
15737	15856
15925	15960
15972	15963
15942	15916
15887	15856
15823	15790
15763	15737
15711	15691
15673	15663
15657	15658
15666	15681
15697	15721
15746	15770
15800	15831
15861	15888
15906	15909
15891	15840
15744	15592
15372	15079
14709	14276
13793	13287
12803	12367
12014	11760
11603	11536
11535	11567
11605	11620
11608	11560
11486	11393
11297	11208
11129	11066
11023	10998
10994	11011
11051	11115
11201	11306
11423	11544
11663	11766
11856	11922
11982	12046
12144	12297
12531	12850
13248	13699
14170	14625
15038	15379
15644	15842
15980	16073
16131	16168
16192	16207
16214	16218
16220	16222
16222	16222
16222	16222
16222	16222
16222	16222
16222	16222
16222	16222
16222	16222
16222	16222
16222	16222
16222	16222
16222	16222
16222	16222
16222	16222
16222	16222
16222	16222
16222	16222
16222	0
16222	16222
16222	16222
16222	16222
16222	16222
16222	16222
16222	16222
16222	16222
16222	16222
16222	16222
16222	16222
16222	16222
16222	16222
16222	16222
16222	16222
16222	16222
16222	16222
16221	16218
16215	16207
16191	16169
16130	16065
15967	15819
15601	15305
14922	14454
13921	13359
12798	12283
11840	11487
11228	11042
10917	10825
10745	10664
10576	10482
10389	10297
10218	10151
10105	10072
10073	10097
10152	10231
10333	10449
10570	10693
10808	10909
10997	11059
11098	11117
11122	11129
11164	11252
11417	11678
12037	12482
12989	13523
14041	14512
14916	15235
15471	15631
15728	15776
15786	15768
15735	15689
15641	15587
15536	15486
15438	15397
15358	15323
15294	15277
15267	15268
15279	15300
15328	15361
15399	15444
15489	15540
15589	15633
15666	15678
15658	15592
15466	15273
15005	14660
14247	13785
13308	12843
12425	12083
11828	11674
11600	11593
11624	11673
11714	11738
11733	11702
11639	11557
11461	11357
11256	11160
11081	11024
10992	10985
11002	11050
11117	11211
11318	11435
11555	11672
11771	11854
11920	11983
12058	12173
12352	12611
12953	13365
13819	14287
14729	15119
15440	15690
15875	16002
16088	16143
16176	16198
16211	16217
16220	16221
16222	16222
16222	16222
16222	16222
16222	16222
16222	16222
16222	16222
16222	16222
16222	16222
16222	16222
16222	16222
16222	16222
16222	16222
16222	16222
16222	16222
16222	16222
16222	16222
16222	0
16222	16222
16222	16222
16222	16222
16222	16222
16222	16222
16222	16222
16222	16222
16222	16222
16222	16222
16222	16222
16222	16222
16222	16222
16222	16222
16222	16222
16222	16222
16222	16222
16220	16218
16212	16202
16180	16148
16091	16002
15864	15663
15387	15021
14570	14052
13490	12927
12396	11934
11555	11271
11061	10912
10805	10715
10626	10536
10443	10348
10257	10176
10109	10054
10020	10013
10034	10083
10164	10268
10387	10515
10642	10748
10844	10925
10990	11042
11083	11109
11126	11134
11149	11192
11287	11461
11727	12085
12524	13014
13526	14017
14458	14828
15112	15312
15436	15491
15499	15468
15418	15348
15274	15193
15119	15048
14981	14918
14863	14813
14777	14749
14737	14734
14750	14777
14815	14863
14917	14979
15046	15119
15190	15258
15308	15331
15311	15233
15084	14857
14547	14166
13734	13281
12837	12436
12110	11864
11709	11631
11619	11641
11686	11729
11765	11785
11789	11774
11737	11680
11598	11503
11393	11282
11177	11089
11023	10985
10978	10998
11052	11124
11219	11325
11444	11562
11678	11774
11855	11921
11990	12080
12213	12412
12692	13051
13473	13932
14392	14822
15198	15504
15740	15910
16030	16108
16158	16187
16206	16213
16218	16221
16222	16222
16222	16222
16222	16222
16222	16222
16222	16222
16222	16222
16222	16222
16222	16222
16222	16222
16222	16222
16222	16222
16222	16222
16222	16222
16222	16222
16222	16222
16222	16222
16222	0
16222	16222
16222	16222
16222	16222
16222	16222
16222	16222
16222	16222
16222	16222
16222	16222
16222	16222
16222	16222
16222	16222
16222	16222
16222	16222
16222	16222
16222	16222
16222	16222
16219	16216
16209	16192
16165	16118
16040	15920
15735	15478
15132	14698
14189	13630
13056	12509
12021	11621
11308	11077
10911	10787
10685	10588
10494	10398
10300	10212
10130	10064
10010	9974
9963	9977
10023	10100
10202	10321
10446	10563
10665	10739
10791	10834
10868	10908
10955	11003
11048	11084
11117	11153
11212	11318
11497	11762
12114	12536
13005	13483
13937	14336
14655	14884
15027	15093
15095	15047
14973	14878
14776	14673
14574	14483
14395	14318
14249	14187
14139	14105
14089	14088
14107	14140
14188	14246
14315	14391
14479	14570
14665	14753
14823	14860
14842	14760
14593	14343
14012	13625
13208	12795
12417	12102
11870	11721
11646	11626
11638	11666
11695	11719
11741	11754
11765	11772
11769	11746
11697	11624
11528	11416
11299	11187
11091	11023
10981	10976
10999	11051
11128	11222
11334	11453
11570	11681
11778	11860
11932	12007
12106	12256
12476	12771
13145	13581
14040	14496
14922	15285
15578	15797
15958	16062
16133	16172
16197	16210
16217	16219
16221	16222
16222	16222
16222	16222
16222	16222
16222	16222
16222	16222
16222	16222
16222	16222
16222	16222
16222	16222
16222	16222
16222	16222
16222	16222
16222	16222
16222	16222
16222	16222
16222	0
16222	16222
16222	16222
16222	16222
16222	16222
16222	16222
16222	16222
16222	16222
16222	16222
16222	16222
16222	16222
16222	16222
16222	16222
16222	16222
16222	16222
16222	16222
16222	16219
16218	16213
16201	16180
16144	16078
15973	15813
15577	15254
14841	14345
13784	13205
12636	12125
11695	11355
11099	10914
10773	10660
10554	10454
10350	10252
10162	10082
10015	9963
9928	9918
9930	9975
10045	10143
10259	10382
10489	10575
10626	10643
10634	10617
10614	10637
10692	10772
10868	10962
11042	11104
11162	11237
11352	11531
11786	12120
12517	12948
13381	13774
14103	14352
14503	14570
14564	14503
14409	14292
14171	14052
13934	13826
13730	13644
13567	13500
13445	13411
13392	13394
13413	13447
13500	13563
13638	13721
13820	13923
14034	14136
14224	14269
14259	14173
14007	13756
13436	13072
12704	12360
12072	11855
11716	11646
11622	11628
11645	11658
11658	11657
11652	11658
11677	11706
11733	11750
11743	11708
11640	11547
11435	11311
11195	11093
11025	10982
10974	10999
11055	11130
11228	11338
11459	11580
11693	11790
11872	11946
12028	12139
12302	12539
12855	13247
13692	14163
14616	15032
15380	15657
15861	16003
16097	16152
16186	16205
16213	16218
16220	16221
16222	16222
16222	16222
16222	16222
16222	16222
16222	16222
16222	16222
16222	16222
16222	16222
16222	16222
16222	16222
16222	16222
16222	16222
16222	16222
16222	16222
16222	16222
16222	0
16222	16222
16222	16222
16222	16222
16222	16222
16222	16222
16222	16222
16222	16222
16222	16222
16222	16222
16222	16222
16222	16222
16222	16222
16222	16222
16222	16222
16222	16220
16220	16219
16216	16207
16193	16165
16115	16029
15891	15679
15388	14997
14519	13967
13378	12793
12251	11787
11414	11133
10926	10769
10644	10530
10418	10310
10204	10110
10025	9960
9908	9876
9865	9879
9921	9994
10087	10199
10316	10419
10491	10520
10500	10439
10354	10270
10217	10220
10286	10406
10567	10737
10890	11015
11108	11182
11266	11379
11547	11785
12089	12442
12815	13174
13487	13726
13878	13942
13930	13862
13756	13632
13502	13377
13259	13153
13059	12974
12899	12835
12782	12750
12733	12734
12755	12789
12833	12897
12966	13048
13142	13250
13359	13466
13553	13604
13601	13522
13365	13138
12856	12552
12259	12009
11821	11697
11639	11620
11625	11632
11629	11610
11581	11547
11526	11526
11548	11594
11649	11703
11738	11746
11717	11654
11559	11443
11316	11196
11092	11017
10975	10968
10997	11054
11135	11235
11350	11476
11598	11711
11810	11893
11968	12055
12175	12354
12609	12948
13361	13821
14297	14752
15154	15487
15739	15924
16046	16125
16170	16193
16206	16214
16218	16220
16220	16221
16222	16222
16222	16222
16222	16222
16222	16222
16222	16222
16222	16222
16222	16222
16222	16222
16222	16222
16222	16222
16222	16222
16222	16222
16222	16222
16222	16222
16222	0
16222	16222
16222	16222
16222	16222
16222	16222
16222	16222
16222	16222
16222	16222
16222	16222
16222	16222
16222	16222
16222	16222
16222	16222
16222	16222
16222	16222
16221	16220
16218	16216
16209	16198
16180	16140
16073	15958
15779	15516
15159	14706
14167	13574
12974	12400
11901	11492
11181	10949
10776	10638
10515	10397
10279	10164
10060	9971
9896	9844
9813	9804
9820	9866
9938	10035
10145	10259
10353	10417
10432	10387
10278	10123
9953	9792
9687	9666
9744	9911
10142	10399
10647	10858
11013	11127
11211	11290
11394	11541
11747	12002
12296	12590
12861	13073
13210	13268
13260	13192
13092	12974
12854	12741
12639	12547
12467	12397
12332	12279
12238	12213
12201	12204
12222	12249
12288	12335
12392	12460
12538	12628
12726	12819
12896	12942
12935	12867
12736	12547
12330	12107
11910	11760
11664	11621
11612	11619
11624	11617
11589	11543
11486	11436
11406	11401
11427	11479
11550	11628
11693	11738
11751	11726
11662	11566
11446	11314
11190	11083
11009	10968
10963	10995
11057	11144
11249	11371
11502	11628
11741	11836
11918	11988
12079	12209
12410	12689
13057	13493
13973	14454
14901	15287
15595	15822
15981	16084
16143	16180
16196	16208
16214	16218
16220	16220
16222	16222
16222	16222
16222	16222
16222	16222
16222	16222
16222	16222
16222	16222
16222	16222
16222	16222
16222	16222
16222	16222
16222	16222
16222	16222
16222	16222
16222	0
16222	16222
16222	16222
16222	16222
16222	16222
16222	16222
16222	16222
16222	16222
16222	16222
16222	16222
16222	16222
16222	16222
16222	16222
16222	16222
16222	16221
16220	16219
16216	16212
16203	16189
16158	16107
16015	15867
15643	15321
14900	14383
13796	13181
12583	12042
11594	11242
10982	10793
10643	10512
10390	10263
10138	10024
9923	9840
9780	9744
9733	9750
9793	9871
9970	10083
10196	10290
10349	10352
10289	10153
9950	9697
9435	9202
9047	9004
9092	9302
9603	9954
10301	10611
10858	11036
11153	11235
11301	11389
11504	11670
11867	12084
12289	12462
12578	12630
12624	12575
12492	12400
12307	12225
12150	12087
12030	11980
11936	11900
11872	11854
11847	11853
11868	11888
11915	11944
11984	12026
12080	12141
12212	12277
12333	12362
12351	12293
12192	12059
11914	11780
11678	11616
11595	11601
11615	11621
11612	11578
11529	11472
11414	11371
11344	11344
11366	11412
11479	11554
11630	11699
11744	11757
11730	11666
11564	11438
11303	11175
11069	10994
10957	10958
10998	11066
11159	11278
11407	11541
11666	11774
11866	11940
12013	12110
12257	12477
12789	13187
13650	14142
14626	15058
15419	15700
15897	16028
16112	16159
16184	16199
16207	16214
16216	16219
16221	16222
16222	16222
16222	16222
16222	16222
16222	16222
16222	16222
16222	16222
16222	16222
16222	16222
16222	16222
16222	16222
16222	16222
16222	16222
16222	16222
16222	0
16222	16222
16222	16222
16222	16222
16222	16222
16222	16222
16222	16222
16222	16222
16222	16222
16222	16222
16222	16222
16222	16222
16222	16222
16222	16222
16222	16221
16219	16216
16213	16205
16191	16172
16133	16063
15943	15755
15475	15092
14608	14036
13417	12794
12218	11723
11327	11032
10816	10651
10516	10388
10258	10128
10002	9890
9794	9722
9678	9658
9670	9716
9790	9892
10012	10127
10225	10283
10286	10214
10062	9828
9526	9182
8836	8539
8342	8280
8377	8621
8987	9418
9862	10275
10622	10887
11070	11182
11254	11306
11366	11448
11561	11696
11839	11961
12053	12102
12109	12082
12034	11977
11919	11869
11827	11795
11767	11741
11718	11699
11686	11680
11681	11687
11700	11712
11725	11738
11754	11771
11798	11831
11869	11904
11930	11939
11919	11871
11799	11719
11644	11589
11564	11571
11593	11619
11629	11615
11578	11526
11471	11424
11396	11382
11386	11397
11415	11438
11474	11521
11580	11645
11704	11747
11757	11730
11662	11557
11424	11286
11157	11052
10981	10951
10963	11011
11090	11194
11318	11454
11589	11710
11814	11895
11965	12038
12142	12315
12566	12912
13345	13831
14332	14805
15217	15546
15790	15957
16065	16128
16169	16188
16202	16211
16216	16218
16220	16222
16222	16222
16222	16222
16222	16222
16222	16222
16222	16222
16222	16222
16222	16222
16222	16222
16222	16222
16222	16222
16222	16222
16222	16222
16222	16222
16222	0
16222	16222
16222	16222
16222	16222
16222	16222
16222	16222
16222	16222
16222	16222
16222	16222
16222	16222
16222	16222
16222	16222
16222	16222
16222	16222
16221	16219
16217	16214
16207	16198
16181	16151
16098	16004
15850	15614
15278	14833
14290	13677
13039	12427
11885	11440
11102	10854
10671	10526
10397	10265
10129	9997
9874	9768
9680	9619
9590	9590
9629	9700
9801	9923
10046	10151
10215	10218
10148	9990
9745	9414
9019	8598
8191	7846
7618	7549
7648	7917
8324	8818
9347	9857
10307	10670
10938	11117
11223	11276
11311	11346
11397	11465
11549	11631
11701	11746
11767	11766
11749	11726
11705	11686
11675	11669
11663	11655
11649	11643
11641	11643
11651	11658
11668	11676
11679	11678
11676	11676
11680	11689
11699	11708
11709	11697
11670	11632
11589	11551
11530	11535
11559	11600
11634	11649
11633	11586
11524	11463
11424	11420
11452	11499
11552	11589
11598	11590
11570	11557
11570	11604
11656	11712
11751	11760
11727	11653
11541	11406
11264	11134
11035	10972
10948	10971
11031	11121
11237	11370
11507	11639
11755	11848
11921	11984
12066	12190
12389	12679
13067	13529
14030	14530
14987	15365
15661	15868
16006	16093
16143	16176
16194	16204
16212	16216
16220	16221
16222	16222
16222	16222
16222	16222
16222	16222
16222	16222
16222	16222
16222	16222
16222	16222
16222	16222
16222	16222
16222	16222
16222	16222
16222	16222
16222	0
16222	16222
16222	16222
16222	16222
16222	16222
16222	16222
16222	16222
16222	16222
16222	16222
16222	16222
16222	16222
16222	16222
16222	16222
16222	16222
16221	16219
16216	16211
16202	16188
16163	16124
16051	15929
15737	15449
15055	14549
13956	13314
12673	12086
11588	11197
10912	10699
10541	10406
10272	10137
10003	9872
9755	9654
9579	9533
9521	9544
9609	9705
9829	9955
10070	10143
10156	10090
9937	9685
9344	8928
8462	7982
7539	7172
6933	6859
6963	7242
7669	8204
8793	9383
9929	10393
10760	11021
11189	11278
11322	11340
11357	11386
11426	11477
11530	11576
11608	11626
11633	11637
11635	11636
11640	11646
11654	11661
11663	11669
11673	11679
11687	11697
11707	11709
11704	11696
11687	11680
11675	11673
11668	11663
11650	11627
11596	11567
11542	11533
11546	11580
11627	11672
11693	11679
11623	11542
11456	11400
11398	11461
11576	11713
11833	11906
11913	11864
11779	11691
11625	11603
11619	11666
11717	11756
11762	11723
11642	11525
11383	11240
11110	11016
10962	10953
10992	11064
11168	11291
11427	11563
11689	11793
11879	11944
12011	12101
12253	12486
12819	13247
13735	14246
14738	15164
15506	15761
15935	16049
16119	16158
16185	16199
16211	16216
16219	16221
16222	16222
16222	16222
16222	16222
16222	16222
16222	16222
16222	16222
16222	16222
16222	16222
16222	16222
16222	16222
16222	16222
16222	16222
16222	16222
16222	0
16222	16222
16222	16222
16222	16222
16222	16222
16222	16222
16222	16222
16222	16222
16222	16222
16222	16222
16222	16222
16222	16222
16222	16222
16222	16222
16220	16217
16214	16206
16195	16174
16144	16086
15992	15837
15599	15257
14803	14243
13613	12955
12330	11777
11330	10991
10747	10566
10418	10286
10152	10013
9881	9753
9642	9555
9493	9465
9471	9520
9609	9726
9854	9978
10065	10091
10037	9894
9647	9304
8879	8391
7875	7371
6916	6557
6329	6258
6361	6638
7067	7619
8240	8891
9517	10077
10543	10895
11141	11289
11367	11399
11410	11422
11444	11478
11518	11561
11597	11622
11640	11648
11652	11656
11660	11666
11675	11684
11692	11700
11708	11717
11728	11735
11741	11737
11731	11722
11713	11707
11706	11709
11714	11707
11698	11675
11652	11631
11620	11627
11651	11694
11738	11763
11754	11699
11600	11484
11387	11347
11391	11532
11741	11975
12177	12298
12318	12237
12087	11916
11763	11661
11616	11627
11673	11727
11764	11763
11719	11629
11503	11357
11210	11086
10999	10958
10965	11017
11105	11217
11347	11482
11616	11734
11832	11903
11968	12040
12151	12336
12615	12994
13456	13968
14476	14944
15335	15635
15849	15991
16082	16137
16170	16191
16205	16212
16217	16220
16222	16222
16222	16222
16222	16222
16222	16222
16222	16222
16222	16222
16222	16222
16222	16222
16222	16222
16222	16222
16222	16222
16222	16222
16222	16222
16222	0
16222	16222
16222	16222
16222	16222
16222	16222
16222	16222
16222	16222
16222	16222
16222	16222
16222	16222
16222	16222
16222	16222
16222	16222
16222	16222
16220	16216
16211	16201
16186	16159
16118	16043
15922	15726
15440	15039
14531	13925
13271	12616
12015	11507
11111	10816
10606	10443
10304	10169
10032	9895
9764	9645
9544	9467
9422	9410
9443	9516
9626	9752
9879	9977
10020	9985
9857	9622
9286	8861
8364	7832
7295	6792
6360	6028
5826	5770
5875	6141
6558	7103
7740	8429
9117	9758
10310	10758
11080	11294
11418	11484
11511	11527
11548	11574
11608	11644
11675	11694
11702	11698
11687	11674
11667	11662
11665	11672
11681	11693
11705	11712
11722	11726
11724	11718
11706	11695
11690	11697
11714	11738
11762	11782
11787	11781
11771	11759
11758	11768
11793	11828
11853	11851
11806	11711
11574	11431
11325	11302
11392	11605
11903	12230
12516	12696
12741	12654
12463	12221
11981	11787
11667	11623
11635	11686
11743	11777
11770	11715
11614	11477
11322	11177
11057	10980
10958	10983
11051	11151
11272	11403
11536	11661
11773	11861
11928	11991
12078	12220
12447	12774
13201	13693
14214	14709
15144	15490
15749	15925
16040	16115
16156	16183
16201	16212
16216	16220
16222	16222
16222	16222
16222	16222
16222	16222
16222	16222
16222	16222
16222	16222
16222	16222
16222	16222
16222	16222
16222	16222
16222	16222
16222	16222
16222	0
16222	16222
16222	16222
16222	16222
16222	16222
16222	16222
16222	16222
16222	16222
16222	16222
16222	16222
16222	16222
16222	16222
16222	16222
16222	16220
16219	16216
16207	16195
16174	16142
16082	15989
15831	15594
15254	14799
14236	13601
12933	12295
11729	11271
10922	10665
10476	10324
10185	10047
9909	9776
9650	9544
9456	9396
9368	9382
9437	9531
9652	9779
9885	9944
9930	9824
9609	9289
8870	8375
7830	7277
6748	6274
5885	5602
5438	5402
5515	5771
6170	6705
7342	8052
8782	9485
10108	10626
11020	11293
11466	11565
11619	11650
11677	11705
11735	11762
11781	11784
11766	11733
11691	11647
11613	11593
11592	11602
11619	11638
11657	11669
11674	11669
11653	11629
11605	11588
11590	11611
11656	11715
11777	11828
11867	11885
11891	11894
11897	11908
11926	11943
11947	11919
11843	11718
11556	11395
11283	11271
11393	11656
12022	12421
12779	13026
13116	13053
12854	12574
12265	11990
11782	11661
11623	11646
11704	11762
11790	11775
11705	11587
11440	11279
11136	11026
10970	10965
11011	11091
11199	11323
11454	11586
11704	11804
11882	11951
12025	12135
12316	12593
12975	13440
13956	14469
14938	15331
15633	15844
15992	16082
16139	16172
16196	16207
16216	16219
16221	16222
16222	16222
16222	16222
16222	16222
16222	16222
16222	16222
16222	16222
16222	16222
16222	16222
16222	16222
16222	16222
16222	16222
16222	16222
16222	0
16222	16222
16222	16222
16222	16222
16222	16222
16222	16222
16222	16222
16222	16222
16222	16222
16222	16222
16222	16222
16222	16222
16222	16222
16222	16220
16218	16213
16204	16187
16161	16118
16042	15920
15726	15439
15042	14532
13930	13269
12607	11996
11476	11064
10756	10531
10358	10209
10066	9928
9790	9662
9548	9451
9380	9338
9333	9369
9448	9557
9681	9794
9867	9873
9789	9600
9302	8898
8414	7865
7301	6753
6254	5833
5503	5277
5160	5161
5284	5538
5930	6453
7089	7806
8560	9298
9964	10528
10970	11285
11494	11623
11701	11750
11786	11821
11848	11867
11870	11846
11793	11722
11635	11557
11497	11464
11462	11486
11522	11560
11594	11613
11614	11593
11555	11504
11457	11423
11420	11457
11531	11629
11735	11833
11907	11957
11981	11996
12002	12010
12016	12022
12006	11960
11869	11728
11556	11388
11271	11261
11393	11671
12062	12503
12914	13223
13384	13371
13205	12927
12589	12252
11965	11761
11652	11631
11667	11730
11786	11805
11770	11682
11548	11389
11228	11093
11004	10967
10981	11043
11131	11245
11368	11497
11623	11737
11831	11908
11978	12071
12216	12447
12779	13208
13707	14227
14722	15154
15497	15752
15929	16044
16115	16159
16185	16203
16213	16219
16220	16222
16222	16222
16222	16222
16222	16222
16222	16222
16222	16222
16222	16222
16222	16222
16222	16222
16222	16222
16222	16222
16222	16222
16222	16222
16222	0
16222	16222
16222	16222
16222	16222
16222	16222
16222	16222
16222	16222
16222	16222
16222	16222
16222	16222
16222	16222
16222	16222
16222	16222
16222	16220
16216	16211
16200	16177
16145	16087
15992	15836
15597	15259
14805	14244
13607	12938
12295	11721
11247	10881
10611	10407
10241	10090
9946	9804
9672	9551
9449	9369
9317	9294
9315	9375
9472	9589
9703	9787
9812	9753
9593	9319
8938	8467
7927	7359
6795	6279
5832	5474
5212	5049
4987	5027
5176	5447
5844	6368
7005	7726
8483	9225
9906	10484
10939	11271
11499	11647
11740	11802
11850	11891
11919	11930
11913	11865
11777	11661
11534	11415
11333	11297
11308	11358
11429	11502
11560	11591
11585	11544
11468	11377
11289	11226
11212	11259
11357	11497
11649	11792
11905	11983
12027	12050
12056	12061
12058	12053
12028	11976
11885	11746
11581	11415
11294	11276
11390	11648
12024	12468
12904	13264
13498	13567
13476	13245
12919	12552
12206	11922
11737	11650
11644	11695
11758	11806
11809	11757
11646	11497
11334	11177
11057	10989
10972	11006
11076	11174
11286	11410
11537	11661
11768	11859
11936	12020
12139	12328
12613	13000
13470	13986
14496	14960
15349	15643
15855	15995
16088	16145
16178	16200
16211	16218
16220	16222
16222	16222
16222	16222
16222	16222
16222	16222
16222	16222
16222	16222
16222	16222
16222	16222
16222	16222
16222	16222
16222	16222
16222	16222
16222	0
16222	16222
16222	16222
16222	16222
16222	16222
16222	16222
16222	16222
16222	16222
16222	16222
16222	16222
16222	16222
16222	16222
16222	16222
16221	16219
16214	16206
16191	16164
16123	16047
15924	15732
15448	15052
14545	13941
13281	12613
11996	11468
11042	10721
10480	10289
10124	9972
9824	9686
9555	9447
9359	9295
9260	9263
9309	9393
9502	9617
9711	9755
9718	9584
9341	8985
8536	8008
7440	6869
6336	5865
5482	5195
5006	4909
4905	4997
5189	5493
5916	6456
7097	7812
8554	9280
9938	10496
10934	11257
11478	11627
11724	11798
11856	11905
11937	11947
11916	11845
11724	11570
11404	11254
11155	11125
11163	11256
11378	11502
11593	11642
11632	11564
11443	11299
11158	11054
11018	11061
11180	11352
11546	11725
11874	11973
12033	12055
12058	12054
12045	12028
12007	11961
11884	11770
11623	11471
11354	11317
11394	11601
11925	12333
12762	13153
13455	13620
13629	13488
13218	12865
12490	12146
11880	11715
11652	11667
11726	11789
11822	11803
11726	11597
11440	11275
11132	11032
10985	10987
11034	11111
11209	11324
11449	11579
11698	11805
11894	11979
12081	12237
12479	12817
13248	13746
14262	14752
15176	15514
15764	15939
16052	16122
16167	16192
16208	16215
16220	16222
16222	16222
16222	16222
16222	16222
16222	16222
16222	16222
16222	16222
16222	16222
16222	16222
16222	16222
16222	16222
16222	16222
16222	16222
16222	0
16222	16222
16222	16222
16222	16222
16222	16222
16222	16222
16222	16222
16222	16222
16222	16222
16222	16222
16222	16222
16222	16222
16222	16222
16221	16219
16212	16203
16182	16149
16093	15998
15846	15610
15274	14823
14261	13621
12948	12294
11713	11230
10857	10573
10356	10173
10010	9853
9703	9566
9443	9347
9273	9227
9219	9248
9316	9417
9531	9634
9694	9681
9577	9365
9042	8611
8100	7537
6964	6415
5926	5518
5208	4995
4877	4849
4907	5060
5312	5664
6129	6695
7344	8045
8758	9436
10046	10551
10944	11226
11424	11556
11651	11727
11797	11858
11905	11919
11887	11803
11662	11479
11284	11115
11011	10994
11067	11213
11396	11577
11712	11782
11763	11662
11493	11287
11090	10939
10875	10914
11043	11239
11458	11666
11831	11940
11998	12017
12008	11992
11974	11957
11941	11916
11865	11781
11670	11546
11438	11386
11417	11558
11806	12141
12531	12926
13274	13531
13654	13625
13448	13157
12788	12412
12080	11838
11702	11664
11696	11759
11811	11824
11781	11682
11539	11378
11219	11094
11012	10984
10998	11056
11138	11241
11362	11494
11625	11746
11848	11940
12035	12163
12360	12652
13041	13513
14026	14532
14989	15368
15658	15865
16007	16099
16151	16184
16204	16213
16219	16221
16222	16222
16222	16222
16222	16222
16222	16222
16222	16222
16222	16222
16222	16222
16222	16222
16222	16222
16222	16222
16222	16222
16222	16222
16222	0
16222	16222
16222	16222
16222	16222
16222	16222
16222	16222
16222	16222
16222	16222
16222	16222
16222	16222
16222	16222
16222	16222
16222	16222
16220	16219
16210	16198
16174	16132
16060	15942
15752	15473
15079	14572
13965	13296
12620	11992
11453	11019
10689	10436
10237	10062
9901	9739
9587	9451
9336	9249
9191	9169
9184	9239
9330	9442
9553	9630
9645	9573
9393	9101
8700	8205
7650	7074
6512	6004
5578	5241
5005	4866
4819	4859
4994	5214
5533	5953
6465	7062
7716	8392
9055	9664
10189	10615
10937	11162
11313	11419
11500	11582
11667	11747
11815	11849
11833	11753
11608	11415
11206	11029
10925	10924
11031	11228
11469	11703
11882	11969
11946	11816
11598	11341
11090	10903
10814	10844
10978	11183
11412	11624
11788	11891
11936	11940
11916	11883
11857	11837
11831	11826
11811	11768
11706	11617
11533	11470
11464	11532
11692	11942
12264	12629
12998	13322
13551	13650
13593	13391
13077	12700
12326	12016
11800	11695
11682	11723
11782	11818
11810	11746
11629	11480
11318	11171
11059	10997
10983	11012
11078	11169
11282	11413
11551	11683
11802	11901
11991	12102
12264	12508
12852	13288
13786	14299
14785	15205
15539	15783
15957	16066
16136	16176
16200	16212
16219	16221
16222	16222
16222	16222
16222	16222
16222	16222
16222	16222
16222	16222
16222	16222
16222	16222
16222	16222
16222	16222
16222	16222
16222	16222
16222	0
16222	16222
16222	16222
16222	16222
16222	16222
16222	16222
16222	16222
16222	16222
16222	16222
16222	16222
16222	16222
16222	16222
16222	16222
16220	16217
16208	16193
16161	16108
16020	15872
15644	15312
14863	14304
13655	12970
12302	11706
11211	10824
10534	10310
10124	9953
9786	9626
9477	9346
9236	9162
9121	9116
9158	9239
9346	9460
9557	9602
9565	9425
9170	8797
8326	7784
7205	6631
6101	5648
5286	5025
4864	4798
4822	4934
5142	5444
5838	6326
6889	7509
8151	8788
9381	9902
10331	10658
10883	11034
11125	11193
11258	11340
11441	11556
11663	11735
11752	11697
11570	11389
11186	11010
10912	10923
11051	11275
11555	11828
12037	12139
12113	11961
11712	11421
11142	10935
10838	10860
10993	11192
11412	11609
11754	11836
11857	11836
11790	11743
11704	11688
11694	11709
11725	11729
11710	11666
11612	11557
11526	11538
11616	11772
12007	12317
12674	13035
13346	13562
13636	13553
13324	12986
12604	12239
11950	11768
11692	11696
11749	11798
11820	11789
11704	11572
11416	11255
11121	11024
10978	10979
11023	11100
11208	11340
11481	11623
11754	11863
11956	12055
12183	12383
12678	13073
13547	14062
14569	15024
15400	15688
15892	16029
16115	16167
16196	16210
16219	16220
16222	16222
16222	16222
16222	16222
16222	16222
16222	16222
16222	16222
16222	16222
16222	16222
16222	16222
16222	16222
16222	16222
16222	16222
16222	0
16222	16222
16222	16222
16222	16222
16222	16222
16222	16222
16222	16222
16222	16222
16222	16222
16222	16222
16222	16222
16222	16222
16222	16222
16219	16214
16205	16186
16148	16084
15971	15792
15521	15136
14631	14019
13341	12651
12000	11442
10994	10652
10394	10191
10013	9846
9679	9520
9372	9243
9148	9080
9055	9075
9139	9237
9358	9469
9540	9540
9446	9236
8907	8464
7938	7357
6772	6221
5739	5345
5054	4868
4780	4785
4884	5076
5364	5746
6219	6767
7371	7995
8611	9185
9691	10106
10419	10633
10756	10814
10834	10854
10899	10985
11112	11272
11431	11564
11634	11632
11549	11400
11218	11059
10962	10971
11098	11325
11611	11895
12112	12220
12194	12035
11779	11487
11212	11013
10925	10954
11080	11262
11454	11616
11722	11772
11762	11717
11653	11595
11552	11538
11554	11586
11627	11666
11689	11691
11669	11633
11592	11569
11580	11655
11799	12036
12346	12711
13073	13388
13588	13636
13516	13251
12889	12501
12150	11890
11738	11693
11713	11765
11809	11812
11761	11657
11511	11346
11189	11066
10987	10961
10982	11047
11148	11272
11418	11565
11706	11824
11920	12007
12114	12275
12523	12872
13315	13822
14342	14832
15249	15579
15822	15986
16091	16153
16188	16206
16217	16220
16222	16222
16222	16222
16222	16222
16222	16222
16222	16222
16222	16222
16222	16222
16222	16222
16222	16222
16222	16222
16222	16222
16222	16222
16222	0
16222	16222
16222	16222
16222	16222
16222	16222
16222	16222
16222	16222
16222	16222
16222	16222
16222	16222
16222	16222
16222	16222
16222	16221
16219	16214
16201	16178
16134	16053
15917	15701
15383	14945
14389	13734
13033	12345
11721	11205
10802	10496
10266	10079
9908	9741
9577	9418
9275	9154
9065	9008
9002	9043
9129	9243
9363	9461
9499	9450
9292	9009
8610	8109
7538	6942
6368	5850
5425	5099
4878	4760
4743	4823
4997	5271
5642	6107
6649	7244
7865	8474
9042	9535
9937	10233
10424	10513
10523	10481
10422	10387
10409	10502
10668	10879
11108	11315
11466	11537
11522	11427
11291	11151
11059	11053
11153	11349
11608	11866
12072	12172
12146	12001
11771	11506
11271	11111
11055	11094
11213	11367
11518	11633
11697	11703
11669	11606
11540	11481
11445	11437
11456	11493
11542	11597
11645	11676
11690	11679
11650	11608
11581	11585
11650	11804
12050	12385
12774	13156
13465	13645
13652	13483
13173	12784
12389	12056
11826	11710
11691	11728
11784	11815
11799	11723
11598	11437
11271	11120
11012	10956
10955	11004
11094	11215
11361	11515
11660	11788
11887	11971
12058	12185
12388	12689
13097	13588
14115	14630
15089	15463
15743	15940
16063	16138
16182	16204
16215	16220
16222	16222
16222	16222
16222	16222
16222	16222
16222	16222
16222	16222
16222	16222
16222	16222
16222	16222
16222	16222
16222	16222
16222	16222
16222	0
16222	16222
16222	16222
16222	16222
16222	16222
16222	16222
16222	16222
16222	16222
16222	16222
16222	16222
16222	16222
16222	16222
16222	16221
16219	16214
16199	16170
16116	16021
15860	15605
15237	14745
14137	13447
12736	12059
11470	10993
10633	10362
10152	9973
9805	9638
9477	9325
9187	9072
8988	8952
8963	9023
9126	9247
9363	9434
9431	9327
9100	8752
8290	7741
7143	6550
6002	5533
5164	4905
4752	4701
4753	4907
5163	5520
5973	6509
7104	7725
8339	8909
9401	9801
10089	10258
10320	10280
10171	10027
9889	9801
9797	9896
10100	10374
10685	10980
11229	11390
11461	11445
11366	11259
11179	11151
11207	11346
11543	11748
11913	11996
11977	11861
11680	11483
11315	11215
11198	11254
11358	11477
11578	11640
11660	11639
11592	11536
11487	11454
11437	11442
11456	11483
11518	11561
11603	11649
11680	11693
11678	11645
11594	11554
11556	11632
11810	12102
12484	12910
13311	13608
13742	13683
13448	13082
12663	12265
11959	11768
11693	11702
11754	11803
11819	11778
11677	11527
11353	11187
11051	10965
10942	10974
11055	11171
11313	11464
11613	11744
11850	11932
12007	12106
12268	12527
12897	13364
13890	14427
14922	15336
15659	15884
16035	16123
16174	16201
16214	16220
16222	16222
16222	16222
16222	16222
16222	16222
16222	16222
16222	16222
16222	16222
16222	16222
16222	16222
16222	16222
16222	16222
16222	16222
16222	0
16222	16222
16222	16222
16222	16222
16222	16222
16222	16222
16222	16222
16222	16222
16222	16222
16222	16222
16222	16222
16222	16222
16222	16221
16219	16212
16195	16162
16098	15985
15792	15499
15083	14537
13886	13172
12457	11798
11247	10812
10487	10242
10047	9870
9703	9539
9381	9235
9106	8999
8930	8910
8938	9018
9130	9253
9350	9388
9336	9170
8878	8467
7951	7367
6763	6186
5674	5261
4955	4758
4675	4691
4811	5038
5376	5810
6339	6933
7561	8183
8764	9269
9672	9960
10125	10169
10097	9934
9709	9467
9252	9113
9088	9196
9432	9768
10159	10554
10903	11173
11344	11420
11419	11363
11296	11254
11264	11333
11446	11579
11691	11751
11738	11666
11549	11434
11349	11316
11337	11405
11488	11570
11622	11638
11624	11594
11560	11539
11537	11552
11575	11595
11605	11605
11597	11592
11599	11621
11650	11671
11675	11650
11600	11536
11495	11514
11635	11877
12244	12696
13164	13559
13810	13862
13709	13384
12961	12516
12134	11864
11717	11686
11722	11783
11822	11812
11738	11607
11440	11261
11105	10995
10946	10963
11027	11135
11269	11418
11565	11703
11814	11896
11965	12046
12174	12391
12722	13159
13679	14228
14753	15208
15571	15827
16002	16107
16167	16198
16213	16219
16222	16222
16222	16222
16222	16222
16222	16222
16222	16222
16222	16222
16222	16222
16222	16222
16222	16222
16222	16222
16222	16222
16222	16222
16222	0
16222	16222
16222	16222
16222	16222
16222	16222
16222	16222
16222	16222
16222	16222
16222	16222
16222	16222
16222	16222
16222	16222
16222	16221
16218	16208
16189	16150
16075	15941
15719	15385
14922	14329
13641	12909
12199	11566
11052	10655
10361	10133
9945	9773
9606	9442
9290	9152
9032	8939
8886	8882
8929	9023
9140	9256
9327	9323
9216	8986
8631	8162
7604	7003
6404	5858
5395	5039
4795	4661
4636	4719
4911	5213
5627	6139
6727	7356
7995	8594
9116	9537
9837	10007
10044	9957
9763	9484
9158	8827
8547	8367
8324	8439
8705	9091
9554	10035
10486	10866
11150	11332
11417	11428
11396	11354
11325	11328
11366	11420
11477	11507
11508	11477
11435	11398
11389	11412
11465	11528
11590	11626
11635	11622
11598	11585
11595	11640
11714	11800
11877	11922
11921	11877
11805	11727
11667	11631
11624	11634
11640	11623
11576	11514
11452	11438
11523	11733
12086	12550
13066	13539
13887	14035
13963	13690
13271	12799
12351	12000
11781	11691
11696	11754
11811	11828
11788	11681
11525	11346
11176	11042
10970	10962
11014	11110
11237	11379
11526	11663
11777	11863
11928	11996
12102	12282
12570	12978
13481	14036
14586	15074
15471	15764
15963	16086
16157	16194
16210	16219
16221	16222
16222	16222
16222	16222
16222	16222
16222	16222
16222	16222
16222	16222
16222	16222
16222	16222
16222	16222
16222	16222
16222	16222
16222	0
16222	16222
16222	16222
16222	16222
16222	16222
16222	16222
16222	16222
16222	16222
16222	16222
16222	16222
16222	16222
16222	16222
16222	16221
16217	16206
16185	16139
16050	15894
15642	15267
14758	14125
13409	12670
11970	11368
10884	10522
10250	10036
9852	9680
9512	9354
9207	9078
8969	8893
8858	8868
8937	9042
9159	9253
9295	9240
9075	8783
8365	7848
7260	6655
6076	5569
5161	4863
4681	4610
4645	4793
5054	5431
5915	6489
7119	7767
8385	8934
9383	9707
9894	9943
9855	9646
9337	8955
8540	8148
7822	7615
7559	7679
7958	8379
8890	9443
9983	10466
10862	11157
11345	11439
11461	11442
11399	11361
11337	11330
11335	11342
11350	11361
11375	11405
11447	11507
11567	11616
11643	11647
11626	11603
11597	11632
11717	11855
12025	12197
12335	12403
12388	12296
12147	11975
11817	11698
11626	11592
11577	11561
11525	11466
11413	11402
11478	11683
12034	12513
13059	13585
13999	14223
14219	13995
13597	13103
12604	12179
11881	11722
11687	11726
11791	11832
11819	11741
11606	11435
11256	11106
11012	10980
11013	11094
11209	11342
11483	11619
11736	11829
11899	11960
12045	12196
12451	12825
13308	13860
14423	14945
15374	15700
15927	16065
16146	16189
16209	16218
16221	16222
16222	16222
16222	16222
16222	16222
16222	16222
16222	16222
16222	16222
16222	16222
16222	16222
16222	16222
16222	16222
16222	16222
16222	0
16222	16222
16222	16222
16222	16222
16222	16222
16222	16222
16222	16222
16222	16222
16222	16222
16222	16222
16222	16222
16222	16222
16222	16221
16217	16204
16178	16124
16022	15845
15558	15144
14593	13926
13190	12447
11765	11192
10743	10404
10150	9944
9760	9586
9420	9268
9130	9010
8912	8853
8834	8870
8951	9064
9174	9245
9244	9139
8914	8558
8088	7531
6926	6330
5782	5323
4971	4733
4609	4595
4691	4906
5236	5684
6231	6850
7503	8141
8720	9201
9558	9776
9846	9773
9568	9247
8837	8376
7904	7470
7124	6905
6846	6962
7246	7671
8208	8802
9406	9978
10477	10879
11178	11372
11472	11499
11476	11426
11374	11329
11300	11293
11309	11343
11395	11461
11528	11593
11640	11664
11659	11635
11608	11600
11646	11755
11937	12176
12449	12702
12897	12987
12964	12824
12601	12333
12068	11845
11681	11579
11520	11484
11450	11413
11388	11402
11506	11737
12108	12602
13164	13715
14162	14431
14478	14295
13920	13420
12885	12394
12017	11787
11695	11704
11762	11821
11836	11790
11677	11518
11341	11182
11061	11010
11019	11082
11185	11308
11443	11577
11697	11797
11873	11933
12007	12136
12358	12697
13157	13699
14273	14813
15273	15633
15882	16040
16133	16182
16207	16217
16221	16222
16222	16222
16222	16222
16222	16222
16222	16222
16222	16222
16222	16222
16222	16222
16222	16222
16222	16222
16222	16222
16222	16222
16222	0
16222	16222
16222	16222
16222	16222
16222	16222
16222	16222
16222	16222
16222	16222
16222	16222
16222	16222
16222	16222
16222	16222
16222	16221
16215	16201
16171	16106
15990	15787
15471	15019
14433	13738
12988	12248
11585	11040
10620	10302
10060	9859
9676	9504
9340	9191
9061	8951
8869	8825
8826	8878
8972	9086
9182	9226
9181	9025
8741	8330
7813	7230
6622	6040
5530	5121
4824	4644
4575	4617
4775	5052
5450	5961
6559	7209
7861	8470
8988	9387
9647	9749
9705	9513
9197	8780
8295	7779
7279	6835
6493	6281
6226	6333
6602	7014
7540	8144
8782	9415
9998	10506
10914	11217
11410	11510
11536	11513
11464	11411
11370	11357
11374	11414
11475	11545
11610	11657
11678	11669
11642	11608
11600	11642
11760	11963
12248	12589
12948	13269
13506	13616
13580	13406
13124	12775
12409	12079
11810	11619
11494	11423
11386	11374
11391	11467
11631	11906
12313	12823
13386	13933
14387	14670
14741	14588
14240	13745
13184	12641
12192	11883
11725	11691
11736	11798
11836	11820
11736	11597
11429	11261
11125	11045
11033	11076
11164	11277
11405	11537
11660	11765
11848	11912
11985	12094
12288	12599
13027	13556
14131	14688
15179	15563
15837	16014
16120	16178
16203	16217
16221	16222
16222	16222
16222	16222
16222	16222
16222	16222
16222	16222
16222	16222
16222	16222
16222	16222
16222	16222
16222	16222
16222	16222
16222	0
16222	16222
16222	16222
16222	16222
16222	16222
16222	16222
16222	16222
16222	16222
16222	16222
16222	16222
16222	16222
16222	16222
16222	16220
16213	16197
16161	16088
15953	15727
15380	14892
14272	13554
12796	12064
11424	10906
10507	10209
9974	9776
9591	9419
9259	9118
8997	8896
8827	8804
8822	8890
8991	9099
9180	9190
9106	8902
8566	8110
7559	6958
6356	5799
5328	4966
4720	4590
4573	4673
4888	5231
5693	6258
6895	7553
8187	8747
9192	9498
9649	9642
9481	9184
8771	8274
7739	7199
6697	6275
5955	5766
5716	5813
6053	6427
6916	7498
8138	8800
9445	10038
10551	10960
11260	11453
11555	11584
11570	11537
11506	11492
11505	11539
11588	11638
11674	11687
11673	11641
11602	11590
11628	11744
11951	12254
12636	13062
13478	13841
14097	14214
14175	13985
13666	13265
12823	12399
12030	11742
11540	11424
11375	11389
11466	11613
11854	12195
12637	13158
13707	14227
14652	14920
14998	14866
14541	14061
13489	12911
12397	12014
11786	11698
11715	11776
11830	11841
11789	11672
11512	11340
11191	11088
11052	11073
11145	11247
11366	11494
11620	11735
11826	11898
11968	12069
12239	12521
12923	13431
14001	14571
15079	15489
15789	15986
16104	16170
16200	16215
16221	16222
16222	16222
16222	16222
16222	16222
16222	16222
16222	16222
16222	16222
16222	16222
16222	16222
16222	16222
16222	16222
16222	16222
16222	0
16222	16222
16222	16222
16222	16222
16222	16222
16222	16222
16222	16222
16222	16222
16222	16222
16222	16222
16222	16222
16222	16222
16222	16218
16211	16192
16150	16065
15913	15660
15280	14761
14110	13374
12612	11898
11277	10783
10406	10120
9893	9694
9509	9340
9184	9051
8936	8848
8795	8784
8818	8899
9006	9106
9163	9146
9023	8774
8398	7909
7340	6739
6150	5622
5187	4864
4662	4576
4605	4756
5033	5435
5953	6562
7218	7871
8469	8966
9327	9533
9576	9459
9191	8795
8305	7756
7194	6659
6183	5799
5520	5361
5322	5406
5611	5931
6366	6896
7502	8163
8838	9494
10090	10603
11010	11307
11503	11611
11657	11663
11656	11650
11654	11672
11689	11701
11694	11666
11621	11581
11561	11596
11708	11917
12226	12623
13081	13554
14003	14371
14626	14740
14699	14507
14183	13758
13278	12787
12341	11968
11691	11526
11468	11512
11646	11874
12189	12592
13062	13580
14093	14567
14936	15173
15238	15119
14816	14359
13794	13192
12630	12177
11875	11729
11705	11754
11817	11852
11826	11734
11588	11420
11257	11133
11071	11072
11125	11217
11330	11456
11583	11704
11805	11887
11959	12054
12206	12459
12832	13318
13881	14454
14981	15414
15737	15955
16087	16159
16196	16212
16220	16222
16222	16222
16222	16222
16222	16222
16222	16222
16222	16222
16222	16222
16222	16222
16222	16222
16222	16222
16222	16222
16222	16222
16222	0
16222	16222
16222	16222
16222	16222
16222	16222
16222	16222
16222	16222
16222	16222
16222	16222
16222	16222
16222	16222
16222	16222
16221	16217
16208	16186
16136	16039
15868	15589
15177	14622
13947	13195
12433	11733
11139	10667
10313	10038
9815	9616
9432	9264
9112	8985
8877	8802
8760	8764
8815	8903
9008	9098
9134	9088
8933	8653
8253	7752
7183	6594
6028	5528
5124	4832
4658	4604
4674	4871
5201	5659
6226	6866
7526	8157
8703	9124
9396	9502
9438	9214
8849	8373
7822	7245
6683	6175
5746	5416
5187	5060
5035	5105
5271	5536
5897	6358
6913	7536
8208	8892
9551	10146
10654	11060
11357	11557
11677	11740
11768	11774
11775	11763
11742	11704
11649	11585
11524	11495
11521	11634
11844	12160
12567	13042
13547	14040
14478	14828
15063	15166
15127	14949
14645	14231
13748	13232
12734	12304
11973	11772
11707	11775
11960	12251
12630	13072
13552	14041
14504	14908
15217	15408
15453	15340
15065	14635
14086	13478
12878	12367
11997	11784
11715	11741
11802	11852
11850	11784
11656	11489
11318	11177
11090	11069
11107	11186
11289	11413
11542	11667
11778	11871
11949	12040
12177	12409
12755	13217
13763	14341
14879	15333
15680	15918
16064	16148
16190	16210
16218	16221
16222	16222
16222	16222
16222	16222
16222	16222
16222	16222
16222	16222
16222	16222
16222	16222
16222	16222
16222	16222
16222	16222
16222	0
16222	16222
16222	16222
16222	16222
16222	16222
16222	16222
16222	16222
16222	16222
16222	16222
16222	16222
16222	16222
16222	16222
16221	16217
16205	16179
16122	16011
15818	15512
15070	14482
13784	13020
12264	11579
11009	10560
10219	9956
9740	9543
9359	9192
9046	8920
8823	8757
8726	8743
8805	8901
9003	9079
9094	9026
8847	8554
8149	7658
7109	6548
6014	5538
5154	4875
4715	4683
4781	5019
5394	5899
6501	7156
7808	8399
8884	9223
9402	9407
9240	8923
8473	7934
7350	6766
6226	5762
5388	5116
4939	4844
4830	4889
5020	5227
5517	5903
6380	6946
7586	8265
8953	9608
10202	10703
11105	11404
11610	11738
11807	11833
11821	11778
11714	11621
11520	11425
11368	11377
11482	11693
12022	12449
12947	13475
14002	14481
14890	15201
15403	15488
15456	15302
15032	14661
14208	13705
13202	12750
12395	12173
12106	12191
12415	12746
13155	13606
14067	14507
14901	15230
15470	15612
15634	15525
15276	14883
14360	13759
13138	12580
12142	11864
11741	11734
11791	11848
11867	11824
11713	11550
11375	11219
11112	11066
11083	11149
11248	11369
11500	11631
11751	11854
11939	12028
12155	12362
12681	13121
13651	14223
14772	15249
15617	15875
16040	16134
16182	16207
16216	16221
16222	16222
16222	16222
16222	16222
16222	16222
16222	16222
16222	16222
16222	16222
16222	16222
16222	16222
16222	16221
16219	16219
16218	0
16215	16222
16221	16222
16222	16222
16222	16222
16222	16222
16222	16222
16222	16222
16222	16222
16222	16222
16222	16222
16222	16222
16221	16216
16202	16171
16106	15980
15766	15434
14956	14338
13618	12846
12095	11428
10880	10457
10133	9878
9661	9467
9283	9119
8974	8857
8767	8709
8692	8720
8794	8891
8988	9053
9051	8964
8775	8487
8103	7644
7142	6623
6124	5671
5294	5015
4851	4819
4934	5199
5610	6148
6772	7428
8055	8600
9014	9270
9350	9260
9000	8595
8079	7496
6896	6326
5825	5417
5107	4890
4757	4698
4692	4740
4838	4997
5220	5527
5924	6415
6993	7638
8321	9009
9657	10245
10742	11140
11436	11637
11754	11797
11776	11700
11582	11437
11292	11182
11147	11219
11419	11755
12208	12742
13317	13883
14409	14859
15221	15484
15652	15721
15693	15570
15348	15031
14636	14183
13714	13276
12928	12709
12648	12744
12984	13322
13725	14150
14564	14939
15254	15504
15682	15778
15782	15680
15454	15096
14611	14025
13399	12803
12306	11969
11786	11743
11777	11841
11873	11851
11756	11608
11430	11260
11132	11065
11065	11114
11205	11321
11454	11590
11720	11830
11924	12015
12133	12318
12613	13027
13540	14109
14665	15159
15551	15829
16012	16118
16176	16202
16216	16220
16222	16222
16222	16222
16222	16222
16222	16222
16222	16222
16222	16222
16222	16222
16222	16222
16222	16220
16218	16215
16212	16204
16207	0
16195	16221
16212	16221
16220	16222
16222	16222
16222	16222
16222	16222
16222	16222
16222	16222
16222	16222
16222	16222
16222	16222
16221	16214
16197	16163
16087	15947
15709	15346
14836	14192
13451	12672
11930	11284
10757	10352
10045	9796
9582	9387
9206	9044
8903	8791
8707	8660
8653	8699
8777	8877
8967	9020
9005	8908
8722	8457
8117	7720
7286	6830
6375	5939
5561	5261
5074	5024
5137	5412
5847	6402
7037	7677
8269	8750
9092	9261
9254	9067
8726	8248
7682	7074
6479	5940
5489	5139
4887	4724
4632	4593
4599	4637
4711	4827
4997	5231
5545	5955
6456	7042
7690	8373
9055	9700
10278	10765
11150	11427
11594	11658
11624	11514
11343	11143
10960	10842
10842	10990
11305	11773
12350	12986
13627	14222
14735	15151
15468	15690
15824	15879
15862	15767
15593	15344
15019	14637
14231	13845
13533	13338
13285	13384
13612	13931
14298	14667
15012	15309
15550	15731
15852	15909
15899	15805
15607	15285
14835	14275
13653	13032
12490	12085
11848	11757
11771	11829
11876	11867
11794	11657
11481	11301
11153	11064
11043	11081
11160	11273
11403	11544
11681	11805
11907	11999
12111	12280
12552	12938
13432	13992
14555	15064
15478	15779
15979	16098
16165	16198
16211	16219
16222	16222
16222	16222
16222	16222
16222	16222
16222	16222
16222	16222
16222	16222
16222	16221
16219	16216
16210	16200
16193	16173
16179	0
16141	16217
16194	16217
16215	16221
16221	16222
16222	16222
16222	16222
16222	16222
16222	16222
16222	16222
16222	16222
16222	16222
16220	16212
16194	16152
16067	15912
15651	15257
14716	14043
13284	12502
11771	11142
10639	10255
9957	9718
9507	9311
9128	8967
8826	8719
8644	8608
8615	8672
8761	8860
8945	8984
8963	8865
8697	8470
8196	7884
7536	7161
6760	6345
5954	5620
5392	5307
5396	5667
6103	6662
7283	7897
8440	8861
9123	9208
9113	8844
8424	7889
7290	6677
6101	5604
5209	4917
4722	4600
4540	4520
4530	4565
4620	4705
4827	5002
5246	5572
5988	6498
7088	7734
8414	9090
9727	10293
10756	11106
11323	11411
11368	11216
10992	10740
10522	10402
10442	10673
11102	11694
12395	13129
13833	14452
14964	15353
15640	15828
15940	15989
15976	15908
15781	15592
15342	15043
14716	14405
14148	13987
13953	14042
14244	14516
14816	15118
15384	15607
15778	15900
15979	16011
15989	15903
15730	15444
15030	14498
13886	13249
12671	12213
11918	11782
11766	11816
11869	11878
11823	11696
11527	11342
11176	11070
11025	11044
11114	11222
11353	11497
11644	11777
11889	11985
12090	12247
12492	12855
13328	13880
14445	14969
15402	15725
15946	16079
16153	16192
16209	16218
16220	16222
16222	16222
16222	16222
16222	16222
16222	16222
16222	16222
16222	16222
16222	16219
16213	16206
16191	16167
16150	16091
16114	0
16000	16206
16141	16207
16202	16215
16219	16222
16222	16222
16222	16222
16222	16222
16222	16222
16222	16222
16222	16222
16222	16221
16218	16210
16188	16141
16042	15870
15586	15163
14592	13893
13117	12334
11615	11005
10523	10157
9873	9640
9425	9231
9047	8888
8752	8650
8582	8555
8579	8647
8742	8842
8922	8952
8924	8830
8692	8518
8324	8113
7872	7587
7249	6861
6455	6080
5797	5661
5710	5953
6372	6915
7510	8086
8576	8929
9113	9119
8942	8599
8117	7540
6921	6314
5772	5326
4983	4744
4592	4510
4473	4466
4481	4509
4553	4615
4703	4832
5016	5266
5601	6023
6537	7129
7778	8452
9121	9739
10275	10687
10953	11057
11004	10815
10540	10239
9987	9866
9943	10248
10782	11489
12298	13127
13896	14551
15074	15460
15729	15904
16007	16053
16050	16007
15919	15784
15604	15384
15142	14907
14712	14597
14572	14650
14811	15026
15258	15481
15675	15832
15946	16025
16069	16081
16057	15980
15827	15574
15200	14699
14101	13459
12847	12343
11994	11814
11768	11804
11860	11885
11844	11733
11569	11378
11205	11074
11010	11013
11069	11170
11300	11451
11606	11747
11868	11969
12073	12216
12441	12782
13234	13771
14341	14873
15328	15670
15908	16055
16139	16181
16205	16214
16219	16221
16222	16222
16222	16222
16222	16222
16222	16222
16222	16222
16222	16222
16220	16216
16205	16185
16154	16098
16066	15921
15987	0
15693	16186
16028	16188
16175	16208
16215	16221
16222	16222
16222	16222
16222	16222
16222	16222
16222	16222
16222	16222
16222	16221
16217	16206
16180	16127
16021	15832
15523	15072
14471	13748
12957	12175
11463	10877
10416	10066
9793	9561
9352	9154
8973	8812
8677	8580
8518	8506
8542	8618
8725	8828
8900	8925
8893	8809
8702	8589
8487	8382
8253	8070
7803	7448
7033	6617
6275	6075
6067	6266
6650	7159
7718	8246
8677	8962
9078	9008
8758	8349
7816	7209
6583	5998
5492	5092
4802	4612
4500	4442
4423	4425
4441	4469
4503	4550
4616	4707
4843	5031
5290	5630
6060	6577
7174	7823
8494	9149
9729	10192
10497	10618
10555	10334
10010	9662
9384	9262
9368	9734
10346	11147
12054	12969
13809	14520
15075	15481
15762	15937
16040	16089
16099	16072
16015	15926
15802	15651
15484	15321
15188	15110
15102	15160
15279	15436
15602	15757
15886	15986
16058	16106
16129	16132
16105	16039
15905	15680
15337	14869
14291	13648
13016	12473
12076	11848
11772	11794
11850	11887
11862	11766
11608	11418
11230	11085
10999	10984
11029	11123
11253	11407
11568	11721
11851	11958
12061	12193
12402	12720
13155	13680
14245	14788
15256	15617
15873	16033
16127	16175
16201	16213
16218	16220
16221	16222
16222	16222
16222	16222
16222	16222
16222	16222
16222	16221
16217	16206
16188	16151
16092	15977
15921	15602
15775	0
15093	16152
15809	16154
16122	16194
16208	16217
16221	16222
16222	16222
16222	16222
16222	16222
16222	16222
16222	16222
16222	16221
16217	16204
16177	16117
15999	15793
15462	14982
14357	13610
12810	12027
11331	10759
10322	9983
9719	9494
9283	9083
8899	8737
8608	8515
8462	8461
8509	8600
8709	8812
8880	8897
8864	8797
8721	8669
8651	8654
8642	8559
8368	8051
7634	7185
6783	6517
6443	6590
6924	7388
7901	8377
8751	8975
9024	8890
8577	8115
7542	6913
6292	5727
5261	4907
4665	4511
4427	4389
4383	4391
4409	4432
4461	4496
4547	4615
4714	4855
5051	5319
5669	6108
6638	7244
7897	8555
9165	9664
9997	10131
10058	9809
9449	9064
8758	8633
8755	9160
9828	10703
11689	12684
13601	14379
14990	15437
15741	15937
16048	16110
16128	16116
16082	16023
15943	15845
15738	15635
15552	15504
15503	15547
15629	15736
15845	15948
16028	16090
16131	16157
16169	16167
16142	16079
15964	15762
15451	15011
14452	13815
13170	12592
12155	11888
11782	11784
11840	11882
11875	11793
11644	11452
11258	11096
10993	10961
10994	11081
11212	11366
11536	11698
11837	11951
12056	12179
12373	12671
13085	13600
14163	14713
15192	15570
15837	16010
16112	16167
16194	16210
16217	16220
16221	16222
16222	16222
16222	16222
16222	16222
16222	16222
16222	16221
16214	16198
16164	16099
16004	15790
15711	15078
15466	0
14055	16103
15430	16108
16038	16175
16196	16214
16220	16222
16222	16222
16222	16222
16222	16222
16222	16222
16222	16222
16222	16220
16216	16202
16171	16106
15979	15757
15408	14905
14255	13492
12681	11900
11214	10660
10235	9914
9658	9433
9222	9022
8837	8677
8548	8457
8411	8420
8480	8579
8694	8799
8862	8877
8844	8786
8743	8744
8801	8899
8984	9000
8881	8603
8195	7720
7269	6940
6806	6890
7173	7589
8051	8482
8803	8973
8966	8778
8413	7907
7305	6667
6052	5514
5083	4768
4559	4436
4372	4352
4351	4365
4382	4406
4430	4461
4498	4550
4623	4731
4877	5087
5368	5734
6196	6746
7369	8019
8634	9151
9505	9647
9567	9297
8907	8498
8174	8041
8173	8595
9298	10219
11265	12330
13323	14177
14853	15352
15696	15915
16045	16115
16142	16141
16120	16087
16034	15976
15909	15849
15801	15777
15779	15813
15870	15938
16005	16066
16116	16151
16176	16191
16193	16186
16165	16110
16005	15825
15537	15123
14584	13953
13296	12695
12225	11924
11789	11780
11831	11881
11884	11815
11676	11486
11286	11111
10991	10945
10969	11048
11176	11334
11510	11681
11828	11945
12050	12174
12352	12639
13039	13540
14101	14653
15142	15531
15810	15993
16100	16160
16191	16208
16216	16219
16221	16222
16222	16222
16222	16222
16222	16222
16222	16222
16221	16217
16210	16186
16136	16034
15892	15545
15450	14337
15085	0
12516	16050
14873	16056
15921	16156
16180	16211
16219	16222
16222	16222
16222	16222
16222	16222
16222	16222
16222	16222
16222	16220
16215	16200
16168	16097
15964	15732
15366	14845
14177	13399
12581	11802
11122	10584
10170	9860
9610	9387
9178	8976
8790	8630
8501	8413
8372	8387
8457	8562
8684	8789
8850	8859
8827	8779
8760	8804
8921	9091
9260	9351
9296	9061
8662	8172
7685	7306
7114	7146
7380	7748
8170	8557
8837	8963
8913	8681
8283	7745
7121	6476
5871	5355
4953	4667
4488	4383
4336	4322
4328	4343
4363	4384
4408	4435
4467	4506
4564	4644
4760	4924
5150	5459
5862	6362
6946	7575
8189	8715
9074	9221
9139	8852
8450	8019
7687	7546
7675	8104
8823	9769
10859	11982
13044	13964
14705	15255
15639	15885
16033	16113
16150	16156
16146	16122
16090	16054
16016	15982
15956	15948
15954	15977
16014	16056
16101	16138
16166	16188
16199	16208
16207	16200
16179	16133
16037	15871
15601	15205
14680	14057
13395	12780
12283	11953
11796	11773
11822	11878
11890	11832
11697	11512
11305	11123
10991	10935
10947	11025
11151	11314
11490	11668
11820	11944
12050	12169
12345	12615
13006	13499
14054	14609
15103	15499
15786	15973
16091	16153
16187	16204
16214	16217
16220	16222
16222	16222
16222	16222
16222	16222
16222	16222
16221	16216
16205	16173
16103	15968
15775	15271
15175	13456
14686	0
10617	15999
14195	16004
15790	16133
16166	16206
16219	16222
16222	16222
16222	16222
16222	16222
16222	16222
16222	16222
16222	16220
16212	16198
16164	16089
15951	15712
15335	14800
14121	13332
12511	11730
11062	10527
10124	9821
9577	9356
9146	8942
8756	8596
8468	8384
8346	8368
8442	8553
8677	8782
8840	8847
8816	8776
8772	8842
9002	9225
9453	9598
9589	9387
9005	8504
7994	7578
7345	7336
7530	7866
8254	8607
8856	8955
8875	8615
8187	7631
6995	6347
5751	5250
4868	4604
4438	4350
4311	4304
4313	4329
4349	4369
4391	4415
4443	4478
4525	4595
4687	4821
5010	5277
5635	6096
6646	7255
7862	8386
8755	8901
8815	8525
8109	7671
7330	7187
7311	7740
8460	9421
10538	11703
12812	13786
14577	15173
15590	15859
16021	16110
16151	16163
16158	16142
16120	16096
16076	16056
16045	16045
16051	16070
16096	16123
16152	16174
16192	16203
16211	16214
16214	16207
16186	16142
16056	15899
15644	15260
14747	14129
13464	12835
12321	11973
11803	11772
11818	11875
11893	11842
11715	11530
11322	11132
10993	10927
10937	11007
11134	11295
11477	11657
11815	11943
12051	12170
12341	12603
12988	13475
14025	14580
15077	15478
15770	15965
16084	16149
16184	16202
16211	16217
16220	16222
16222	16222
16222	16222
16222	16222
16222	16222
16221	16215
16200	16159
16079	15909
15674	15019
14939	12596
14341	0
