16222	16222
16222	16222
16222	16222
16222	16222
16222	16222
16222	16222
16222	16222
16222	16222
16222	16222
16222	16222
16222	16222
16222	16222
16222	16222
16222	16222
16222	16222
16222	16222
16222	16222
16222	16222
16222	16222
16222	16222
16222	16222
16222	16221
16221	16220
16219	16213
16204	16185
16147	16090
16013	15923
15827	15757
15721	15718
15748	15834
15951	16054
16122	16160
16184	16198
16209	16215
16219	16220
16220	16221
16222	16222
16222	16222
16222	16222
16222	16222
16222	16222
16222	16222
16222	16222
16222	16222
16222	16222
16222	16222
16222	16222
16222	16222
16222	16222
16222	16222
16222	16222
16222	16222
16222	16222
16222	16222
16222	16222
16222	16222
16222	16222
16222	16222
16222	16222
16222	16222
16222	16222
16222	16222
16222	16222
16222	16222
16222	16222
16222	16222
16222	16222
16222	16222
16222	16222
16222	16222
16222	16222
16222	16222
16222	16222
16222	16222
16222	16222
16222	16222
16222	16222
16220	16219
16214	16210
16199	16175
16142	16090
16010	15892
15717	15489
15260	15124
15101	15125
15173	15295
15490	15681
15834	15949
16031	16095
16145	16180
16201	16211
16213	16216
16219	16220
16222	16222
16222	16222
16222	16222
16222	16222
16222	16222
16222	16222
16222	16222
16222	16222
16222	16222
16222	16222
16222	16222
16222	16222
16222	16222
16222	16222
16222	16222
16222	16222
16222	16222
16222	16222
16222	16222
16222	16222
16222	16222
16222	16222
16222	16222
16222	16222
16222	16222
16222	16222
16222	16222
16222	16222
16222	16222
16222	16222
16222	16222
16222	16222
16222	16222
16222	16222
16222	16222
16222	16222
16222	16222
16222	16222
16222	16222
16222	16219
16214	16206
16197	16173
16122	16036
15910	15744
15538	15270
14894	14412
13947	13686
13661	13713
13783	13962
14278	14638
14977	15275
15527	15738
15921	16057
16137	16175
16193	16203
16210	16218
16221	16222
16222	16222
16222	16222
16222	16222
16222	16222
16222	16222
16222	16222
16222	16222
16222	16222
16222	16222
16222	16222
16222	16222
16222	16222
16222	16222
16222	16222
16222	16222
16222	16222
16222	16222
16222	16222
16222	16222
16222	16222
16222	16222
16222	16222
16222	16222
16222	16222
16222	16222
16222	16222
16222	16222
16222	16222
16222	16222
16222	16222
16222	16222
16222	16222
16222	16222
16222	16222
16222	16222
16222	16222
16222	16222
16222	16222
16221	16216
16206	16190
16157	16088
15934	15655
15265	14816
14349	13832
13200	12437
11721	11322
11265	11322
11395	11614
12033	12574
13162	13750
14303	14831
15330	15728
15970	16093
16149	16179
16199	16212
16220	16222
16222	16222
16222	16222
16222	16222
16222	16222
16222	16222
16222	16222
16222	16222
16222	16222
16222	16222
16222	16222
16222	16222
16222	16222
16222	16222
16222	16222
16222	16222
16222	16222
16222	16222
16222	16222
16222	16222
16222	16222
16222	16222
16222	16222
16222	16222
16222	16222
16222	16222
16222	16222
16222	16222
16222	16222
16222	16222
16222	16222
16222	16222
16222	16222
16222	16222
16222	16222
16222	16222
16222	16222
16222	16222
16222	16222
16220	16212
16195	16162
16090	15912
15524	14846
13948	13008
12159	11391
10598	9722
8917	8439
8323	8344
8397	8599
9022	9637
10399	11251
12155	13139
14154	15009
15581	15894
16050	16133
16180	16207
16218	16222
16222	16222
16222	16222
16222	16222
16222	16222
16222	16222
16222	16222
16222	16222
16222	16222
16222	16222
16222	16222
16222	16222
16222	16222
16222	16222
16222	16222
16222	16222
16222	16222
16222	16222
16222	16222
16222	16222
16222	16222
16222	16222
16222	16222
16222	16222
16222	16222
16222	16222
16222	16222
16222	16222
16222	16222
16222	16222
16222	16222
16222	16222
16222	16222
16222	16222
16222	16222
16222	16222
16222	16222
16222	16222
16222	16222
16219	16210
16180	16115
15954	15575
14788	13509
11923	10410
9222	8342
7601	6873
6204	5758
5580	5542
5569	5720
6048	6576
7314	8238
9351	10726
12277	13701
14761	15432
15823	16037
16147	16197
16216	16222
16222	16222
16222	16222
16222	16222
16222	16222
16222	16222
16222	16222
16222	16222
16222	16222
16222	16222
16222	16222
16222	16222
16222	16222
16222	16222
16222	16222
16222	16222
16222	16222
16222	16222
16222	16222
16222	16222
16222	16222
16222	16222
16222	16222
16222	16222
16222	16222
16222	16222
16222	16222
16222	16222
16222	16222
16222	16222
16222	16222
16222	16222
16222	16222
16222	16222
16222	16222
16222	16222
16222	16222
16222	16222
16222	16222
16219	16201
16148	16008
15671	14948
13632	11706
9521	7618
6308	5518
4993	4540
4106	3759
3555	3473
3480	3583
3798	4163
4721	5490
6550	8023
9840	11691
13270	14470
15305	15812
16073	16179
16213	16221
16222	16222
16222	16222
16222	16222
16222	16222
16222	16222
16222	16222
16222	16222
16222	16222
16222	16222
16222	16222
16222	16222
16222	16222
16222	16222
16222	16222
16222	16222
16222	16222
16222	16222
16222	16222
16222	16222
16222	16222
16222	16222
16222	16222
16222	16222
16222	16222
16222	16222
16222	16222
16222	16222
16222	16222
16222	16222
16222	16222
16222	16222
16222	16222
16222	16222
16222	16222
16222	16222
16222	16222
16222	16222
16222	16221
16214	16182
16070	15771
15117	13899
12014	9616
7187	5278
4113	3530
3226	2983
2729	2489
2308	2222
2220	2290
2429	2661
3018	3543
4343	5567
7229	9138
11077	12877
14357	15369
15912	16134
16204	16220
16222	16222
16222	16222
16222	16222
16222	16222
16222	16222
16222	16222
16222	16222
16222	16222
16222	16222
16222	16222
16222	16222
16222	16222
16222	16222
16222	16222
16222	16222
16222	16222
16222	16222
16222	16222
16222	16222
16222	16222
16222	16222
16222	16222
16222	16222
16222	16222
16222	16222
16222	16222
16222	16222
16222	16222
16222	16222
16222	16222
16222	16222
16222	16222
16222	16222
16222	16222
16222	16222
16222	16222
16222	16222
16222	16221
16206	16139
15916	15342
14205	12396
10038	7496
5239	3639
2765	2391
2223	2078
1920	1767
1650	1590
1592	1639
1738	1887
2106	2420
2917	3729
4940	6554
8553	10815
12986	14643
15616	16042
16181	16216
16222	16222
16222	16222
16222	16222
16222	16222
16222	16222
16222	16222
16222	16222
16222	16222
16222	16222
16222	16222
16222	16222
16222	16222
16222	16222
16222	16222
16222	16222
16222	16222
16222	16222
16222	16222
16222	16222
16222	16222
16222	16222
16222	16222
16222	16222
16222	16222
16222	16222
16222	16222
16222	16222
16222	16222
16222	16222
16222	16222
16222	16222
16222	16222
16222	16222
16222	16222
16222	16222
16222	16222
16222	16222
16222	16218
16191	16063
15658	14691
12963	10584
7970	5603
3785	2619
2036	1812
1718	1624
1524	1445
1398	1385
1397	1435
1502	1599
1728	1901
2165	2604
3331	4490
6271	8688
11363	13652
15143	15871
16133	16205
16219	16222
16222	16222
16222	16222
16222	16222
16222	16222
16222	16222
16222	16222
16222	16222
16222	16222
16222	16222
16222	16222
16222	16222
16222	16222
16222	16222
16222	16222
16222	16222
16222	16222
16222	16222
16222	16222
16222	16222
16222	16222
16222	16222
16222	16222
16222	16222
16222	16222
16222	16222
16222	16222
16222	16222
16222	16222
16222	16222
16222	16222
16222	16222
16222	16222
16222	16222
16222	16222
16222	16222
16222	16222
16222	16214
16164	15951
15297	13865
11552	8753
6129	4126
2807	2048
1699	1590
1558	1523
1482	1466
1477	1505
1540	1581
1626	1676
1736	1808
1914	2100
2459	3189
4582	6826
9680	12453
14493	15604
16052	16181
16213	16219
16222	16222
16222	16222
16222	16222
16222	16222
16222	16222
16222	16222
16222	16222
16222	16222
16222	16222
16222	16222
16222	16222
16222	16222
16222	16222
16222	16222
16222	16222
16222	16222
16222	16222
16222	16222
16222	16222
16222	16222
16222	16222
16222	16222
16222	16222
16222	16222
16222	16222
16222	16222
16222	16222
16222	16222
16222	16222
16222	16222
16222	16222
16222	16222
16222	16222
16222	16222
16222	16222
16222	16222
16219	16204
16119	15789
14852	12952
10157	7147
4701	3125
2253	1835
1697	1718
1785	1839
1878	1918
1974	2034
2089	2132
2154	2152
2140	2119
2097	2092
2181	2544
3499	5368
8126	11197
13731	15263
15931	16145
16199	16216
16220	16222
16222	16222
16222	16222
16222	16222
16222	16222
16222	16222
16222	16222
16222	16222
16222	16222
16222	16222
16222	16222
16222	16222
16222	16222
16222	16222
16222	16222
16222	16222
16222	16222
16222	16222
16222	16222
16222	16222
16222	16222
16222	16222
16222	16222
16222	16222
16222	16222
16222	16222
16222	16222
16222	16222
16222	16222
16222	16222
16222	16222
16222	16222
16222	16222
16222	16222
16222	16222
16222	16221
16216	16187
16058	15591
14356	12037
8914	5882
3722	2562
2092	1995
2094	2295
2507	2685
2821	2926
3015	3096
3166	3206
3201	3150
3064	2939
2768	2557
2376	2388
2915	4351
6874	10060
12972	14889
15788	16099
16183	16211
16220	16222
16222	16222
16222	16222
16222	16222
16222	16222
16222	16222
16222	16222
16222	16222
16222	16222
16222	16222
16222	16222
16222	16222
16222	16222
16222	16222
16222	16222
16222	16222
16222	16222
16222	16222
16222	16222
16222	16222
16222	16222
16222	16222
16222	16222
16222	16222
16222	16222
16222	16222
16222	16222
16222	16222
16222	16222
16222	16222
16222	16222
16222	16222
16222	16222
16222	16222
16222	16222
16222	16218
16208	16161
15977	15363
13850	11190
7881	4952
3125	2382
2310	2560
2939	3345
3713	4005
4230	4394
4516	4615
4690	4728
4708	4623
4473	4251
3928	3488
3003	2643
2745	3757
5979	9134
12284	14513
15636	16049
16169	16207
16219	16222
16222	16222
16222	16222
16222	16222
16222	16222
16222	16222
16222	16222
16222	16222
16222	16222
16222	16222
16222	16222
16222	16222
16222	16222
16222	16222
16222	16222
16222	16222
16222	16222
16222	16222
16222	16222
16222	16222
16222	16222
16222	16222
16222	16222
16222	16222
16222	16222
16222	16222
16222	16222
16222	16222
16222	16222
16222	16222
16222	16222
16222	16222
16222	16222
16222	16222
16222	16222
16220	16216
16193	16126
15882	15124
13370	10463
7082	4332
2853	2510
2837	3425
4049	4611
5076	5434
5701	5901
6048	6160
6246	6285
6259	6164
5995	5729
5314	4712
3958	3239
2927	3514
5395	8413
11676	14155
15486	16001
16159	16205
16219	16222
16222	16222
16222	16222
16222	16222
16222	16222
16222	16222
16222	16222
16222	16222
16222	16222
16222	16222
16222	16222
16222	16222
16222	16222
16222	16222
16222	16222
16222	16222
16222	16222
16222	16222
16222	16222
16222	16222
16222	16222
16222	16222
16222	16222
16222	16222
16222	16222
16222	16222
16222	16222
16222	16222
16222	16222
16222	16222
16222	16222
16222	16222
16222	16222
16222	16222
16222	16222
16220	16211
16178	16086
15776	14881
12922	9856
6490	3957
2809	2833
3493	4327
5080	5682
6147	6502
6769	6978
7142	7266
7351	7385
7357	7272
7122	6878
6478	5853
4983	4021
3359	3547
5068	7886
11187	13850
15354	15963
16152	16202
16219	16222
16222	16222
16222	16222
16222	16222
16222	16222
16222	16222
16222	16222
16222	16222
16222	16222
16222	16222
16222	16222
16222	16222
16222	16222
16222	16222
16222	16222
16222	16222
16222	16222
16222	16222
16222	16222
16222	16222
16222	16222
16222	16222
16222	16222
16222	16222
16222	16222
16222	16222
16222	16222
16222	16222
16222	16222
16222	16222
16222	16222
16222	16222
16222	16222
16222	16222
16222	16222
16219	16206
16168	16047
15677	14656
12524	9352
6062	3771
2926	3233
4103	5026
5761	6300
6704	7020
7272	7483
7664	7800
7877	7898
7861	7780
7654	7465
7154	6639
5836	4819
3937	3801
4984	7591
10869	13640
15263	15936
16145	16201
16218	16222
16222	16222
16222	16222
16222	16222
16222	16222
16222	16222
16222	16222
16222	16222
16222	16222
16222	16222
16222	16222
16222	16222
16222	16222
16222	16222
16222	16222
16222	16222
16222	16222
16222	16222
16222	16222
16222	16222
16222	16222
16222	16222
16222	16222
16222	16222
16222	16222
16222	16222
16222	16222
16222	16222
16222	16222
16222	16222
16222	16222
16222	16222
16222	16222
16222	16222
16222	16222
16219	16204
16159	16020
15598	14468
12203	8977
5800	3761
3179	3672
4608	5476
6100	6534
6872	7157
7408	7634
7833	7981
8058	8065
8016	7925
7804	7646
7428	7079
6470	5557
4610	4235
5130	7521
10729	13536
15214	15921
16141	16200
16217	16222
16222	16222
16222	16222
16222	16222
16222	16222
16222	16222
16222	16222
16222	16222
16222	16222
16222	16222
16222	16222
16222	16222
16222	16222
16222	16222
16222	16222
16222	16222
16221	16219
16221	16221
16222	16222
16222	16222
16222	16222
16222	16222
16222	16222
16222	16222
16222	16222
16222	16222
16222	16222
16222	16222
16222	16222
16222	16222
16222	16222
16222	16222
16222	16222
16222	16222
16222	16222
16219	16204
16157	16014
15565	14373
12038	8819
5782	3968
3592	4176
5056	5777
6245	6581
6893	7196
7483	7744
7972	8136
8217	8212
8138	8013
7847	7673
7514	7330
6958	6254
5353	4839
5495	7673
10765	13534
15213	15922
16143	16201
16219	16222
16222	16222
16222	16222
16222	16222
16222	16222
16222	16222
16222	16222
16222	16222
16222	16222
16222	16222
16222	16222
16222	16222
16222	16222
16222	16222
16222	16222
16221	16216
16200	16173
16206	16207
16215	16222
16222	16222
16222	16222
16222	16222
16222	16222
16222	16222
16222	16222
16222	16222
16222	16222
16222	16222
16222	16222
16222	16222
16222	16222
16222	16222
16222	16222
16222	16222
16222	16222
16219	16206
16163	16025
15580	14394
12082	8927
6029	4398
4167	4761
5496	6002
6298	6562
6892	7266
7641	7980
8262	8451
8521	8471
8314	8086
7825	7600
7470	7428
7301	6861
6114	5564
6045	8027
10967	13637
15256	15940
16149	16203
16218	16222
16222	16222
16222	16222
16222	16222
16222	16222
16222	16222
16222	16222
16222	16222
16222	16222
16222	16222
16222	16222
16222	16222
16222	16222
16222	16222
16222	16222
16216	16185
16098	15921
16152	16154
16194	16217
16222	16222
16222	16222
16222	16222
16222	16222
16222	16222
16222	16222
16222	16222
16222	16222
16222	16222
16222	16222
16222	16222
16222	16222
16222	16222
16222	16222
16222	16222
16222	16222
16220	16210
16172	16049
15634	14509
12290	9248
6473	4969
4821	5362
5895	6149
6260	6458
6824	7301
7805	8272
8643	8865
8893	8718
8390	7982
7589	7307
7212	7308
7433	7295
6778	6294
6695	8529
11297	13815
15334	15965
16157	16206
16219	16222
16222	16222
16222	16222
16222	16222
16222	16222
16222	16222
16222	16222
16222	16222
16222	16222
16222	16222
16222	16222
16222	16222
16222	16222
16222	16222
16222	16221
16198	16099
15790	15078
16050	16056
16156	16211
16222	16222
16222	16222
16222	16222
16222	16222
16222	16222
16222	16222
16222	16222
16222	16222
16222	16222
16222	16222
16222	16222
16222	16222
16222	16222
16222	16222
16222	16222
16222	16222
16220	16211
16180	16072
15693	14646
12541	9609
6918	5481
5366	5834
6177	6204
6152	6278
6662	7228
7864	8465
8937	9191
9155	8826
8284	7683
7170	6859
6820	7050
7389	7512
7231	6863
7252	8991
11623	13998
15413	15993
16165	16210
16220	16222
16222	16222
16222	16222
16222	16222
16222	16222
16222	16222
16222	16222
16222	16222
16222	16222
16222	16222
16222	16222
16222	16222
16222	16222
16222	16222
16222	16216
16173	15968
15271	13456
