16208	16208
16208	16208
16208	16208
16208	16208
16208	16208
16208	16208
16208	16208
16208	16208
16208	16208
16208	16208
16208	16208
16208	16208
16208	16208
16208	16208
16208	16208
16208	16208
16208	16208
16207	16204
16192	16160
16084	15892
15462	14627
13292	11594
9915	8671
8004	7722
7518	7227
6869	6575
6478	6643
7054	7603
8120	8437
8449	8174
7742	7344
7160	7257
7586	8017
8412	8696
8932	9324
10108	11344
12810	14153
15131	15706
15987	16108
16155	16175
16189	16197
16203	16205
16208	16208
16208	16208
16208	16208
16208	16208
16208	16208
16208	16208
16208	16208
16208	16208
16208	16208
16208	16208
16208	16208
16208	16208
16208	16208
16208	16208
16208	16208
16208	16208
16208	16208
16208	16208
16208	16208
16208	16208
16208	16208
16208	16208
16208	16208
16208	16208
16208	16208
16208	16208
16208	16208
16208	16208
16208	16208
16208	16208
16208	16208
16206	16204
16190	16156
16065	15853
15385	14512
13166	11515
9934	8798
8207	7967
7792	7521
7171	6864
6728	6828
7151	7608
8060	8357
8412	8213
7866	7540
7398	7510
7837	8251
8623	8880
9084	9425
10131	11272
12664	13990
15000	15628
15947	16085
16142	16166
16182	16195
16201	16205
16208	16208
16208	16208
16208	16208
16208	16208
16208	16208
16208	16208
16208	16208
16208	16208
16208	16208
16208	16208
16208	16208
16208	16208
16208	16208
16208	16208
16208	16208
16208	16208
16208	16208
16208	16208
16208	16208
16208	16208
16208	16208
16208	16208
16208	16208
16208	16208
16208	16208
16208	16208
16208	16208
16208	16208
16208	16208
16208	16208
16208	16208
16206	16203
16188	16149
16046	15803
15282	14352
12991	11405
9957	8965
8473	8285
8142	7902
7571	7260
7077	7091
7296	7627
7983	8260
8363	8275
8055	7839
7767	7904
8217	8599
8925	9138
9289	9560
10153	11163
12461	13771
14830	15523
15893	16059
16128	16158
16176	16192
16200	16205
16208	16208
16208	16208
16208	16208
16208	16208
16208	16208
16208	16208
16208	16208
16208	16208
16208	16208
16208	16208
16208	16208
16208	16208
16208	16208
16208	16208
16208	16208
16208	16208
16208	16208
16208	16208
16208	16208
16208	16208
16208	16208
16208	16208
16208	16208
16208	16208
16208	16208
16208	16208
16208	16208
16208	16208
16208	16208
16208	16208
16208	16208
16206	16202
16187	16145
16032	15760
15193	14213
12842	11321
10007	9152
8750	8603
8488	8282
7990	7691
7474	7404
7484	7684
7945	8187
8346	8374
8299	8216
8227	8392
8683	9005
9265	9418
9515	9707
10189	11072
12285	13580
14682	15436
15848	16035
16112	16148
16172	16187
16199	16205
16208	16208
16208	16208
16208	16208
16208	16208
16208	16208
16208	16208
16208	16208
16208	16208
16208	16208
16208	16208
16208	16208
16208	16208
16208	16208
16208	16208
16208	16208
16208	16208
16208	16208
16208	16208
16208	16208
16208	16208
16208	16208
16208	16208
16208	16208
16208	16208
16208	16208
16208	16208
16208	16208
16208	16208
16208	16208
16208	16208
16208	16208
16206	16203
16188	16145
16027	15744
15157	14157
12796	11333
10113	9350
9007	8887
8794	8629
8386	8114
7883	7747
7724	7815
7990	8207
8403	8530
8585	8625
8718	8905
9163	9418
9603	9691
9732	9866
10269	11067
12219	13500
14619	15396
15831	16025
16105	16143
16168	16186
16198	16205
16207	16208
16208	16208
16208	16208
16208	16208
16208	16208
16208	16208
16208	16208
16208	16208
16208	16208
16208	16208
16208	16208
16208	16208
16208	16208
16208	16208
16208	16208
16208	16208
16208	16208
16208	16208
16208	16208
16208	16208
16208	16208
16208	16208
16208	16208
16208	16208
16208	16208
16208	16208
16208	16208
16208	16208
16208	16208
16208	16208
16208	16208
16206	16204
16188	16148
16033	15757
15184	14210
12880	11458
10282	9554
9230	9126
9055	8929
8732	8496
8264	8092
8002	8021
8141	8333
8547	8732
8879	9011
9167	9366
9588	9781
9896	9927
9926	10024
10396	11169
12303	13561
14662	15420
15840	16027
16105	16143
16167	16185
16198	16205
16207	16208
16208	16208
16208	16208
16208	16208
16208	16208
16208	16208
16208	16208
16208	16208
16208	16208
16208	16208
16208	16208
16208	16208
16208	16208
16208	16208
16208	16208
16208	16208
16208	16208
16208	16208
16208	16208
16208	16208
16208	16208
16208	16208
16208	16208
16208	16208
16208	16208
16208	16208
16208	16208
16208	16208
16208	16208
16208	16208
16208	16208
16207	16204
16190	16154
16053	15801
15271	14357
13082	11685
10500	9750
9413	9312
9267	9177
9016	8804
8581	8387
8269	8256
8353	8531
8741	8942
9125	9305
9498	9705
9899	10044
10111	10098
10070	10167
10561	11364
12510	13747
14792	15493
15872	16042
16114	16148
16172	16187
16199	16205
16208	16208
16208	16208
16208	16208
16208	16208
16208	16208
16208	16208
16208	16208
16208	16208
16208	16208
16208	16208
16208	16208
16208	16208
16208	16208
16208	16208
16208	16208
16208	16208
16208	16208
16208	16208
16208	16208
16208	16208
16208	16208
16208	16208
16208	16208
16208	16208
16208	16208
16208	16208
16208	16208
16208	16208
16208	16208
16208	16208
16208	16208
16207	16204
16193	16161
16074	15858
15396	14568
13372	12000
10780	9962
9573	9457
9424	9359
9219	9018
8790	8586
8459	8444
8546	8718
8909	9086
9262	9452
9665	9882
10065	10186
10222	10191
10169	10303
10769	11645
12817	14017
14981	15600
15923	16064
16126	16155
16176	16191
16199	16205
16208	16208
16208	16208
16208	16208
16208	16208
16208	16208
16208	16208
16208	16208
16208	16208
16208	16208
16208	16208
16208	16208
16208	16208
16208	16208
16208	16208
16208	16208
16208	16208
16208	16208
16208	16208
16208	16208
16208	16208
16208	16208
16208	16208
16208	16208
16208	16208
16208	16208
16208	16208
16208	16208
16208	16208
16208	16208
16208	16208
16208	16208
16207	16205
16194	16168
16098	15923
15537	14821
13735	12420
11173	10266
9783	9603
9543	9467
9325	9116
8870	8647
8507	8503
8620	8793
8956	9092
9234	9421
9652	9887
10083	10205
10242	10231
10266	10494
11071	12027
13210	14341
15195	15718
15979	16093
16141	16167
16183	16195
16202	16205
16208	16208
16208	16208
16208	16208
16208	16208
16208	16208
16208	16208
16208	16208
16208	16208
16208	16208
16208	16208
16208	16208
16208	16208
16208	16208
16208	16208
16208	16208
16208	16208
16208	16208
16208	16208
16208	16208
16208	16208
16208	16208
16208	16208
16208	16208
16208	16208
16208	16208
16208	16208
16208	16208
16208	16208
16208	16208
16208	16208
16208	16208
16208	16205
16197	16176
16122	15988
15685	15099
14163	12958
11730	10744
10127	9813
9654	9519
9341	9102
8818	8557
8396	8385
8505	8675
8815	8918
9036	9221
9477	9749
9978	10130
10211	10278
10433	10814
11523	12538
13679	14693
15417	15835
16037	16124
16160	16180
16192	16200
16204	16208
16208	16208
16208	16208
16208	16208
16208	16208
16208	16208
16208	16208
16208	16208
16208	16208
16208	16208
16208	16208
16208	16208
16208	16208
16208	16208
16208	16208
16208	16208
16208	16208
16208	16208
16208	16208
16208	16208
16208	16208
16208	16208
16208	16208
16208	16208
16208	16208
16208	16208
16208	16208
16208	16208
16208	16208
16208	16208
16208	16208
16208	16208
16208	16205
16198	16183
16146	16050
15830	15384
14630	13601
12465	11442
10671	10159
9817	9557
9299	9004
8670	8359
8155	8117
8218	8376
8502	8595
8711	8913
9201	9515
9794	10009
10183	10392
10739	11310
12146	13170
14203	15055
15624	15938
16086	16150
16177	16191
16199	16203
16206	16208
16208	16208
16208	16208
16208	16208
16208	16208
16208	16208
16208	16208
16208	16208
16208	16208
16208	16208
16208	16208
16208	16208
16208	16208
16208	16208
16208	16208
16208	16208
16208	16208
16208	16208
16208	16208
16208	16208
16208	16208
16208	16208
16208	16208
16208	16208
16208	16208
16208	16208
16208	16208
16208	16208
16208	16208
16208	16208
16208	16208
16208	16208
16208	16205
16201	16190
16165	16100
15954	15641
15090	14284
13305	12299
11390	10642
10060	9616
9244	8877
8488	8128
7878	7804
7875	8012
8134	8232
8365	8586
8903	9261
9600	9897
10205	10609
11184	11958
12885	13858
14732	15392
15807	16026
16126	16169
16189	16198
16203	16205
16208	16208
16208	16208
16208	16208
16208	16208
16208	16208
16208	16208
16208	16208
16208	16208
16208	16208
16208	16208
16208	16208
16208	16208
16208	16208
16208	16208
16208	16208
16208	16208
16208	16208
16208	16208
16208	16208
16208	16208
16208	16208
16208	16208
16208	16208
16208	16208
16208	16208
16208	16208
16208	16208
16208	16208
16208	16208
16208	16208
16208	16208
16208	16208
16208	16205
16201	16194
16176	16138
16045	15847
15481	14898
14109	13169
12160	11185
10356	9709
9211	8772
8344	7950
7672	7570
7616	7737
7858	7966
8111	8340
8672	9057
9444	9832
10285	10897
11707	12658
13635	14512
15207	15677
15953	16093
16157	16184
16198	16203
16206	16208
16208	16208
16208	16208
16208	16208
16208	16208
16208	16208
16208	16208
16208	16208
16208	16208
16208	16208
16208	16208
16208	16208
16208	16208
16208	16208
16208	16208
16208	16208
16208	16208
16208	16208
16208	16208
16208	16208
16208	16208
16208	16208
16208	16208
16208	16208
16208	16208
16208	16208
16208	16208
16208	16208
16208	16208
16208	16208
16208	16208
16208	16208
16208	16208
16208	16205
16202	16196
16183	16156
16103	15984
15755	15360
14741	13881
12818	11676
10635	9816
9214	8729
8285	7891
7610	7499
7533	7641
7758	7872
8015	8242
8563	8951
9362	9817
10403	11200
12200	13280
14263	15036
15566	15886
16057	16141
16176	16195
16202	16205
16208	16208
16208	16208
16208	16208
16208	16208
16208	16208
16208	16208
16208	16208
16208	16208
16208	16208
16208	16208
16208	16208
16208	16208
16208	16208
16208	16208
16208	16208
16208	16208
16208	16208
16208	16208
16208	16208
16208	16208
16208	16208
16208	16208
16208	16208
16208	16208
16208	16208
16208	16208
16208	16208
16208	16208
16208	16208
16208	16208
16208	16208
16208	16208
16208	16208
16208	16205
16202	16196
16186	16166
16132	16059
15917	15641
15143	14349
13259	12010
10834	9906
9245	8754
8334	7968
7709	7600
7622	7722
7837	7955
8096	8308
8600	8955
9355	9842
10513	11445
12579	13734
14705	15387
15800	16020
16125	16171
16192	16202
16204	16208
16208	16208
16208	16208
16208	16208
16208	16208
16208	16208
16208	16208
16208	16208
16208	16208
16208	16208
16208	16208
16208	16208
16208	16208
16208	16208
16208	16208
16208	16208
16208	16208
16208	16208
16208	16208
16208	16208
16208	16208
16208	16208
16208	16208
16208	16208
16208	16208
16208	16208
16208	16208
16208	16208
16208	16208
16208	16208
16208	16208
16208	16208
16208	16208
16208	16208
16208	16205
16201	16196
16185	16167
16140	16092
15993	15778
15341	14578
13472	12166
10924	9949
9286	8829
8466	8158
7930	7814
7811	7883
7995	8129
8288	8491
8744	9042
9395	9873
10586	11596
12809	14004
14960	15584
15927	16089
16160	16189
16200	16204
16208	16208
16208	16208
16208	16208
16208	16208
16208	16208
16208	16208
16208	16208
16208	16208
16208	16208
16208	16208
16208	16208
16208	16208
16208	16208
16208	16208
16208	16208
16208	16208
16208	16207
16208	16208
16208	16208
16208	16208
16208	16208
16208	16208
16208	16208
16208	16208
16208	16208
16208	16208
16208	16208
16208	16208
16208	16208
16208	16208
16208	16208
16208	16208
16208	16208
16208	16208
16208	16205
16202	16196
16185	16169
16145	16106
16023	15827
15405	14638
13507	12173
10908	9936
9302	8909
8625	8383
8178	8038
7976	8004
8109	8275
8477	8694
8916	9150
9436	9880
10601	11650
12904	14122
15070	15670
15980	16120
16176	16197
16204	16207
16208	16208
16208	16208
16208	16208
16208	16208
16208	16208
16208	16208
16208	16208
16208	16208
16208	16208
16208	16208
16208	16208
16208	16208
16208	16208
16208	16208
16208	16208
16208	16205
16202	16202
16205	16206
16206	16208
16208	16208
16208	16208
16208	16208
16208	16208
16208	16208
16208	16208
16208	16208
16208	16208
16208	16208
16208	16208
16208	16208
16208	16208
16208	16208
16208	16208
16208	16208
16208	16206
16203	16197
16187	16172
16152	16113
16032	15834
15397	14601
13439	12082
10815	9864
9276	8947
8739	8552
8352	8159
8016	7975
8069	8280
8549	8807
9023	9211
9446	9856
10573	11632
12906	14138
15091	15690
15994	16127
16178	16198
16204	16208
16208	16208
16208	16208
16208	16208
16208	16208
16208	16208
16208	16208
16208	16208
16208	16208
16208	16208
16208	16208
16208	16208
16208	16208
16208	16208
16208	16208
16208	16206
16202	16194
16178	16177
16196	16198
16202	16206
16208	16208
16208	16208
16208	16208
16208	16208
16208	16208
16208	16208
16208	16208
16208	16208
16208	16208
16208	16208
16208	16208
16208	16208
16208	16208
16208	16208
16208	16208
16208	16207
16204	16199
16190	16174
16155	16119
16034	15821
15356	14521
13321	11946
10686	9762
9212	8925
8759	8591
8374	8108
7869	7752
7829	8087
8436	8764
9009	9194
9413	9813
10521	11582
12860	14103
15068	15675
15986	16120
16174	16193
16202	16204
16208	16208
16208	16208
16208	16208
16208	16208
16208	16208
16208	16208
16208	16208
16208	16208
16208	16208
16208	16208
16208	16208
16208	16208
16208	16208
16208	16208
16207	16203
16188	16156
16093	16095
16171	16179
16190	16200
16206	16208
16208	16208
16208	16208
16208	16208
16208	16208
16208	16208
16208	16208
16208	16208
16208	16208
16208	16208
16208	16208
16208	16208
16208	16208
16208	16208
16208	16208
16208	16207
16205	16200
16191	16177
16158	16121
16029	15798
15301	14427
13195	11802
10556	9658
9128	8854
8685	8500
8231	7885
7548	7357
7416	7718
8148	8560
8870	9097
9349	9764
10479	11532
12804	14050
15028	15645
15965	16106
16162	16185
16195	16202
16204	16208
16208	16208
16208	16208
16208	16208
16208	16208
16208	16208
16208	16208
16208	16208
16208	16208
16208	16208
16208	16208
16208	16208
16208	16208
16208	16208
16206	16193
16154	16066
15886	15899
16129	16145
16168	16189
16202	16207
16208	16208
16208	16208
16208	16208
16208	16208
16208	16208
16208	16208
16208	16208
16208	16208
16208	16208
16208	16208
16208	16208
16208	16208
16208	16208
16208	16208
16208	16208
16205	16200
16191	16179
16159	16119
16019	15773
15251	14343
13085	11688
10453	9576
9054	8767
8565	8325
7987	7559
7143	6895
6937	7273
7771	8268
8664	8967
9278	9732
10455	11495
12756	13998
14986	15614
15941	16086
16146	16172
16188	16198
16203	16206
16208	16208
16208	16208
16208	16208
16208	16208
16208	16208
16208	16208
16208	16208
16208	16208
16208	16208
16208	16208
16208	16208
16208	16208
16208	16207
16202	16179
16099	15922
15548	15586
16086	16110
16146	16180
16199	16206
16208	16208
16208	16208
16208	16208
16208	16208
16208	16208
16208	16208
16208	16208
16208	16208
16208	16208
16208	16208
16208	16208
16208	16208
16208	16208
16208	16208
16208	16208
16205	16200
16191	16179
16159	16116
16009	15754
15213	14285
13009	11610
10389	9525
9005	8698
8454	8161
7764	7273
6805	6519
6551	6906
7453	8014
8483	8857
9227	9714
10444	11477
12724	13962
14954	15589
15923	16072
16136	16164
16181	16194
16202	16205
16208	16208
16208	16208
16208	16208
16208	16208
16208	16208
16208	16208
16208	16208
16208	16208
16208	16208
16208	16208
16208	16208
16208	16208
16208	16207
16199	16165
16044	15488
15199	9859
