16158	16158
16158	16158
16156	16136
16037	15699
14865	13395
11501	9662
8272	7490
7336	7746
8526	9363
9974	10240
10165	9817
9344	8901
8624	8587
8767	9035
9157	8877
8106	6988
5787	4751
4039	3718
3811	4401
5558	7112
8664	9904
10846	11724
12746	13903
14960	15669
16005	16122
16153	16158
16158	16158
16158	16158
16158	16158
16158	16158
16157	16142
16074	15830
15192	13979
12280	10462
8952	8020
7762	8110
8814	9549
10086	10365
10401	10226
9877	9415
8982	8785
8931	9293
9511	9181
8188	6807
5465	4461
3886	3722
3938	4604
5778	7324
8881	10166
11193	12165
13237	14340
15245	15802
16052	16134
16153	16158
16158	16158
16158	16158
16158	16158
16158	16158
16158	16151
16113	15968
15551	14676
13287	11591
9977	8821
8324	8464
8996	9614
10102	10419
10581	10586
10389	9963
9451	9160
9323	9844
10258	10015
8934	7326
5747	4604
4041	4005
4416	5256
6500	7998
9464	10706
11774	12825
13900	14875
15567	15948
16101	16146
16158	16158
16158	16158
16158	16158
16158	16158
16158	16158
16158	16156
16139	16067
15835	15284
14278	12843
11247	9874
9029	8791
9020	9464
9922	10305
10590	10751
10712	10418
9985	9742
9974	10617
11202	11163
10241	8643
6881	5493
4792	4818
5430	6458
7739	9098
10374	11508
12567	13619
14599	15360
15829	16051
16132	16153
16158	16158
16158	16158
16158	16158
16158	16158
16158	16158
16158	16158
16153	16120
16011	15712
15074	14015
12623	11181
10004	9308
9102	9252
9597	9996
10373	10667
10804	10730
10526	10450
10746	11375
11986	12128
11529	10219
8537	7028
6196	6216
6922	8001
9195	10348
11426	12461
13480	14431
15209	15726
15998	16112
16149	16158
16158	16158
16158	16158
16158	16158
16158	16158
16158	16158
16158	16158
16158	16145
16099	15962
15618	14954
13921	12631
11326	10260
9581	9308
9357	9616
9967	10323
10610	10768
10837	10965
11297	11816
12318	12529
12234	11356
10041	8720
7926	7936
8591	9556
10575	11552
12512	13469
14375	15130
15658	15955
16090	16139
16153	16158
16158	16158
16158	16158
16158	16158
16158	16158
16158	16158
16158	16158
16158	16153
16139	16085
15931	15579
14942	13994
12834	11653
10644	9937
9563	9486
9621	9882
10179	10451
10687	10939
11272	11670
12034	12231
12136	11669
10863	9993
9469	9534
10106	10924
11809	12701
13586	14421
15125	15634
15931	16077
16134	16153
16158	16158
16158	16158
16158	16156
16153	16153
16156	16157
16158	16158
16158	16158
16158	16158
16153	16134
16076	15926
15601	15038
14216	13214
12160	11203
10458	9973
9743	9714
9822	9990
10186	10406
10669	10961
11231	11422
11476	11347
11045	10714
10593	10838
11409	12169
12996	13816
14569	15198
15653	15933
16073	16131
16152	16158
16158	16158
16158	16158
16153	16143
16127	16126
16148	16152
16156	16158
16158	16158
16158	16158
16158	16153
16134	16081
15946	15678
15222	14559
13726	12811
11919	11150
10567	10175
9936	9803
9739	9747
9848	10031
10265	10512
10748	10946
11096	11253
11531	12002
12647	13386
14130	14799
15333	15717
15953	16075
16132	16151
16158	16158
16158	16158
16158	16156
16140	16086
15999	15981
16132	16140
16150	16156
16158	16158
16158	16158
16158	16158
16153	16137
16093	15991
15791	15444
14929	14250
13450	12617
11833	11144
10552	10040
9606	9304
9185	9255
9482	9839
10309	10838
11372	11903
12473	13110
13794	14460
15043	15496
15805	15991
16087	16133
16151	16158
16158	16158
16158	16158
16158	16150
16105	15930
15613	15518
16117	16131
16147	16156
16158	16158
16158	16158
16158	16158
16158	16153
16142	16106
16029	15868
15576	15117
14483	13714
12874	12027
11202	10404
9679	9119
8817	8800
9032	9494
10156	10931
11724	12482
13208	13917
14579	15143
15574	15859
16022	16100
16137	16151
16158	16158
16158	16158
16158	16158
16158	16144
16060	15565
13466	8366
