16222	16222
16222	16222
16221	16216
16206	16188
16150	16044
15791	15367
14895	14553
14423	14437
14501	14578
14662	14759
14846	14905
14924	14903
14837	14690
14415	14011
13612	13517
13926	14631
15221	15486
15412	14938
13999	12910
12368	12640
13068	12767
11694	10704
10388	10353
10177	10141
10303	10233
9924	9731
9703	9834
10147	10566
11110	11696
11882	11403
10491	9701
9501	9714
9841	9876
9939	9800
9531	9610
10106	10645
11019	11369
12045	13147
14300	15087
15426	15425
15135	14595
14070	13906
14167	14578
14902	15084
15174	15219
15249	15279
15318	15365
15414	15455
15491	15563
15692	15857
16008	16113
16173	16203
16217	16222
16222	16222
16222	16222
16222	16222
16222	16222
16222	16222
16220	16215
16203	16182
16125	15946
15509	14774
13944	13348
13138	13209
13400	13623
13855	14091
14314	14501
14635	14708
14701	14592
14338	13946
13588	13566
14029	14726
15273	15513
15453	15039
14183	13123
12478	12574
12889	12614
11659	10784
10532	10526
10374	10338
10488	10416
10114	9916
9881	9992
10273	10634
11055	11437
11440	10950
10227	9660
9574	9810
9943	9997
10083	9958
9713	9891
10584	11329
11762	11984
12429	13321
14360	15107
15440	15446
15168	14651
14132	13949
14173	14558
14879	15068
15168	15213
15246	15278
15318	15362
15404	15439
15481	15557
15690	15856
16005	16112
16173	16203
16217	16222
16222	16222
16222	16222
16222	16222
16222	16222
16222	16222
16220	16216
16204	16179
16099	15838
15189	14069
12755	11728
11250	11235
11470	11820
12221	12645
13075	13472
13812	14068
14213	14208
14011	13661
13383	13494
14072	14801
15323	15537
15497	15163
14429	13428
12663	12508
12652	12438
11718	11054
10899	10939
10826	10794
10930	10875
10614	10439
10397	10474
10695	10973
11251	11416
11245	10764
10233	9886
9904	10149
10296	10396
10541	10474
10250	10424
11153	11972
12450	12633
12945	13656
14530	15178
15467	15459
15182	14665
14139	13940
14143	14521
14845	15048
15155	15211
15249	15284
15323	15359
15386	15415
15463	15551
15685	15851
16002	16107
16171	16202
16216	16221
16222	16222
16222	16222
16222	16222
16222	16222
16222	16222
16221	16216
16206	16182
16096	15802
15053	13715
12033	10525
9553	9146
9154	9425
9856	10388
10981	11587
12164	12660
13024	13190
13111	12867
12760	13129
13944	14799
15343	15555
15539	15295
14731	13886
13108	12748
12708	12550
12084	11650
11577	11646
11582	11563
11670	11648
11481	11367
11322	11331
11459	11650
11817	11843
11582	11136
10742	10539
10606	10831
10985	11137
11349	11360
11150	11195
11736	12440
12925	13175
13506	14110
14800	15296
15507	15464
15148	14585
14023	13822
14053	14462
14814	15032
15150	15214
15258	15302
15336	15355
15364	15384
15436	15531
15671	15835
15986	16093
16163	16196
16214	16220
16222	16222
16222	16222
16222	16222
16222	16222
16222	16222
16221	16216
16208	16187
16116	15872
15224	14002
12310	10517
8993	7954
7435	7339
7535	7938
8486	9132
9811	10456
10992	11313
11374	11316
11539	12367
13607	14703
15332	15563
15574	15424
15058	14476
13859	13456
13283	13099
12743	12404
12325	12385
12371	12360
12414	12423
12393	12388
12329	12221
12210	12319
12439	12420
12183	11817
11519	11384
11438	11607
11760	11937
12178	12246
12073	12019
12368	12936
13413	13744
14113	14611
15106	15434
15551	15450
15064	14408
13786	13606
13909	14393
14783	15018
15143	15217
15272	15318
15346	15345
15333	15341
15384	15473
15609	15775
15937	16062
16139	16184
16208	16218
16221	16222
16222	16222
16222	16222
16222	16222
16222	16222
16221	16216
16208	16192
16148	15994
15574	14712
13343	11578
9706	8104
7015	6434
6225	6283
6551	6973
7491	8043
8535	8864
9000	9178
9880	11345
13144	14560
15307	15568
15604	15526
15337	15025
14650	14333
14083	13758
13280	12838
12669	12693
12710	12688
12664	12694
12839	12981
12888	12590
12393	12432
12558	12590
12456	12210
11999	11887
11885	11975
12106	12291
12513	12594
12485	12497
12883	13488
14013	14387
14721	15076
15378	15556
15587	15422
14948	14183
13501	13357
13763	14329
14762	15010
15139	15212
15266	15299
15305	15280
15246	15224
15232	15290
15414	15605
15816	15989
16098	16164
16197	16215
16220	16222
16222	16222
16222	16222
16222	16222
16222	16222
16221	16216
16206	16193
16171	16099
15885	15375
14398	12854
10915	9034
7598	6677
6138	5866
5804	5900
6096	6348
6581	6714
6790	7147
8326	10424
12748	14447
15290	15575
15624	15595
15513	15375
15193	14966
14647	14108
13369	12727
12452	12447
12480	12427
12322	12369
12694	12991
12829	12299
11905	11892
12067	12207
12216	12101
11961	11856
11785	11787
11874	12044
12230	12272
12206	12397
13037	13869
14525	14929
15198	15413
15566	15642
15613	15393
14830	13962
13229	13132
13630	14267
14724	14975
15094	15150
15171	15161
15122	15051
14966	14883
14818	14814
14935	15205
15547	15841
16029	16130
16184	16209
16219	16222
16222	16222
16222	16222
16222	16222
16222	16222
16220	16215
16204	16194
16178	16152
16050	15752
15041	13717
11855	9919
8368	7320
6642	6218
5978	5861
5815	5792
5742	5623
5546	5958
7426	9924
12559	14407
15291	15581
15637	15626
15589	15531
15434	15247
14848	14107
13126	12330
12006	12007
12046	11975
11827	11914
12385	12760
12482	11730
11182	11141
11387	11665
11846	11868
11799	11685
11541	11442
11447	11566
11697	11662
11599	11972
12915	14002
14794	15224
15449	15584
15662	15686
15627	15358
14717	13754
12969	12885
13431	14106
14572	14800
14885	14881
14818	14716
14583	14419
14239	14045
13871	13804
13975	14438
15055	15593
15928	16092
16167	16201
16217	16222
16222	16222
16222	16222
16222	16222
16222	16222
16220	16215
16204	16194
16183	16168
16107	15893
15313	14118
12335	10403
8829	7766
7086	6654
6390	6224
6103	5976
5789	5516
5309	5677
7204	9810
12529	14407
15295	15583
15642	15636
15615	15582
15513	15323
14855	13974
12861	12015
11709	11727
11795	11754
11639	11797
12335	12661
12207	11280
10653	10617
10935	11356
11705	11860
11856	11725
11505	11293
11192	11237
11294	11179
11122	11655
12823	14067
14908	15327
15528	15635
15690	15701
15620	15316
14585	13491
12576	12410
12921	13584
14036	14225
14232	14120
13922	13671
13390	13089
12769	12443
12180	12118
12472	13299
14362	15266
15808	16054
16156	16198
16217	16222
16222	16222
16222	16222
16222	16222
16222	16222
16221	16216
16205	16196
16187	16169
16117	15932
15408	14281
12541	10607
9011	7940
7280	6875
6634	6490
6382	6260
6067	5759
5490	5772
7215	9762
12462	14359
15272	15577
15642	15641
15623	15596
15531	15330
14821	13883
12764	11971
11699	11717
11809	11842
11832	12077
12600	12770
12126	11099
10469	10463
10841	11365
11838	12084
12107	11942
11646	11347
11159	11127
11115	10949
10943	11628
12927	14191
14980	15350
15526	15632
15690	15697
15602	15245
14385	13065
11857	11425
11770	12363
12771	12903
12807	12554
12199	11794
11373	10947
10530	10157
9934	10076
10812	12158
13729	14990
15712	16023
16147	16196
16215	16221
16222	16222
16222	16222
16222	16222
16222	16222
16221	16216
16208	16199
16190	16169
16118	15946
15461	14389
12680	10736
9103	8001
7337	6950
6717	6579
6480	6379
6205	5905
5606	5791
7087	9526
12230	14212
15210	15557
15637	15640
15624	15598
15534	15332
14821	13925
12915	12240
11993	11964
12042	12145
12259	12578
13026	13024
12263	11244
10676	10710
11103	11652
12169	12450
12462	12255
11908	11560
11324	11245
11187	11021
11102	11888
13198	14374
15050	15350
15502	15611
15678	15687
15576	15146
14106	12431
10736	9828
9851	10293
10638	10708
10535	10191
9756	9292
8845	8432
8085	7873
7946	8540
9821	11659
13547	14945
15704	16021
16145	16195
16214	16221
16222	16222
16222	16222
16222	16222
16222	16222
16222	16217
16211	16203
16195	16176
16127	15969
15522	14508
12850	10896
9207	8059
7373	6979
6739	6591
6479	6364
6190	5895
5570	5658
6788	9115
11861	13990
15116	15532
15630	15639
15623	15597
15533	15349
14893	14136
13329	12809
12580	12480
12504	12639
12837	13179
13527	13414
12680	11807
11363	11415
11746	12228
12700	12971
12975	12753
12404	12054
11795	11687
11613	11496
11650	12422
13591	14580
15121	15350
15483	15593
15665	15675
15541	15028
13764	11675
9404	7924
7551	7799
8084	8148
7995	7702
7351	7000
6704	6488
6401	6537
7073	8219
9999	12088
13939	15175
15795	16047
16149	16196
16214	16221
16222	16222
16222	16222
16222	16222
16222	16222
16222	16219
16213	16208
16200	16185
16137	15998
15595	14655
13055	11101
9350	8136
7421	7019
6776	6600
6455	6307
6108	5809
5470	5483
6476	8699
11487	13762
15024	15505
15626	15638
15622	15595
15537	15386
15041	14492
13936	13576
13384	13251
13232	13351
13557	13844
14079	13950
13386	12770
12482	12527
12749	13084
13445	13672
13684	13501
13213	12908
12664	12532
12459	12402
12577	13202
14086	14812
15198	15362
15475	15581
15657	15666
15505	14900
13426	10969
8237	6334
5679	5811
6091	6224
6192	6074
5924	5793
5727	5764
5965	6442
7378	8930
10976	13035
14608	15519
15933	16093
16162	16198
16216	16221
16222	16222
16222	16222
16222	16222
16222	16222
16222	16221
16219	16212
16209	16194
16152	16029
15673	14815
13293	11345
9525	8237
7493	7091
6844	6637
6440	6231
5994	5689
5373	5376
6298	8442
11233	13595
14950	15483
15623	15637
15622	15596
15547	15436
15213	14879
14551	14335
14201	14089
14061	14140
14288	14469
14598	14506
14178	13835
13685	13714
13830	14018
14241	14407
14432	14325
14143	13931
13737	13607
13530	13505
13638	14047
14597	15045
15280	15385
15474	15574
15653	15656
15466	14773
13123	10427
7477	5443
4760	4924
5279	5514
5622	5668
5692	5725
5810	6001
6361	7017
8163	9904
12004	13905
15172	15800
16047	16138
16181	16205
16218	16222
16222	16222
16222	16222
16222	16222
16222	16222
16222	16221
16220	16218
16213	16200
16162	16055
15746	14981
13545	11612
9723	8356
7587	7199
6948	6703
6431	6143
5847	5540
5282	5356
6304	8411
11167	13533
14916	15472
15621	15636
15621	15597
15555	15481
15347	15167
14995	14875
14795	14733
14713	14750
14822	14905
14958	14912
14765	14618
14558	14571
14622	14710
14833	14943
14987	14956
14870	14759
14639	14533
14451	14415
14486	14706
14997	15236
15360	15418
15486	15574
15650	15647
15425	14648
12861	10045
7075	5134
4593	4890
5346	5665
5844	5960
6051	6144
6267	6488
6883	7595
8824	10645
12722	14460
15508	15969
16120	16169
16195	16212
16219	16222
16222	16222
16222	16222
16222	16222
16222	16222
16222	16222
16222	16220
16217	16203
16169	16077
15818	15143
13803	11892
9941	8503
7707	7327
7071	6778
6425	6046
5675	5360
5186	5417
6494	8636
11327	13608
14938	15470
15615	15631
15617	15595
15561	15504
15420	15316
15219	15148
15101	15067
15057	15067
15090	15117
15130	15111
15060	15005
14978	14982
15006	15052
15124	15201
15262	15284
15269	15225
15159	15079
14995	14938
14956	15065
15219	15349
15418	15455
15506	15585
15652	15634
15380	14530
12655	9803
6900	5090
4680	5077
5596	5952
6157	6285
6386	6483
6601	6808
7202	7949
9249	11128
13174	14788
15695	16055
16158	16187
16202	16213
16220	16222
16222	16222
16222	16222
16222	16222
16222	16222
16222	16222
16222	16222
16218	16207
16177	16102
15882	15291
14047	12175
10179	8670
7843	7466
7202	6859
6421	5946
5503	5175
5102	5548
6859	9108
11720	13830
15019	15482
15604	15618
15605	15585
15557	15511
15446	15370
15298	15242
15208	15186
15178	15176
15176	15180
15181	15174
15155	15132
15115	15112
15126	15158
15209	15279
15349	15402
15423	15411
15373	15311
15227	15160
15145	15200
15301	15402
15460	15493
15534	15598
15648	15620
15334	14436
12538	9738
6926	5171
4757	5139
5662	6032
6252	6402
6518	6622
6746	6952
7361	8157
9553	11498
13515	15016
15806	16098
16176	16197
16206	16215
16221	16222
16222	16222
16222	16222
16222	16222
16222	16222
16222	16222
16222	16222
16220	16211
16185	16125
15943	15424
14272	12451
10429	8858
7990	7602
7317	6928
6421	5871
5366	5034
5068	5757
7359	9752
12272	14148
15134	15499
15589	15598
15589	15569
15541	15502
15444	15379
15317	15264
15231	15212
15202	15194
15187	15185
15183	15182
15174	15157
15144	15138
15149	15173
15215	15285
15361	15426
15466	15470
15446	15396
15319	15245
15205	15230
15313	15413
15488	15529
15561	15606
15642	15597
15290	14386
12563	9925
7232	5427
4849	5086
5542	5913
6168	6364
6524	6662
6801	7021
7462	8343
9850	11855
13820	15198
15884	16124
16186	16200
16209	16216
16221	16222
16222	16222
16221	16219
16221	16221
16222	16222
16222	16222
16222	16222
16220	16215
16196	16149
15998	15542
14480	12726
10691	9049
8125	7711
7410	6988
6437	5840
5304	4974
5105	6016
7886	10416
12833	14469
15250	15512
15571	15577
15570	15553
15527	15490
15439	15379
15319	15270
15238	15218
15205	15193
15182	15176
15178	15180
15175	15163
15150	15147
15154	15175
15213	15275
15354	15429
15480	15490
15475	15428
15362	15284
15225	15227
15304	15414
15505	15553
15580	15609
15628	15573
15260	14401
12757	10397
7867	5931
5037	5000
5330	5695
6006	6276
6504	6689
6849	7078
7562	8543
10174	12231
14118	15361
15946	16142
16191	16206
16211	16217
16221	16222
16221	16216
16200	16173
16206	16207
16215	16222
16222	16222
16222	16222
16222	16217
16204	16170
16049	15652
14681	12995
10952	9226
8226	7778
7465	7034
6465	5853
5313	5001
5197	6247
8295	10913
13245	14702
15335	15522
15562	15566
15560	15542
15515	15479
15432	15378
15320	15273
15244	15223
15209	15194
15180	15172
15175	15177
15177	15169
15154	15151
15158	15177
15210	15266
15343	15423
15480	15499
15484	15444
15385	15305
15232	15221
15290	15406
15511	15569
15593	15612
15622	15556
15250	14478
13086	11093
8763	6655
5351	4947
5099	5451
5829	6185
6491	6722
6899	7136
7664	8761
10524	12610
14403	15507
15997	16158
16199	16209
16212	16219
16221	16222
16216	16185
16098	15921
16152	16154
16194	16217
16222	16222
16222	16222
16222	16219
16214	16188
16092	15750
14864	13248
11188	9374
8285	7796
7489	7066
6502	5897
5370	5074
5290	6387
8496	11141
13436	14813
15376	15528
15557	15561
15555	15539
15512	15479
15432	15378
15323	15280
15251	15236
15220	15200
15184	15176
15179	15189
15189	15182
15170	15166
15171	15183
15214	15264
15336	15415
15473	15497
15485	15451
15397	15320
15242	15218
15280	15397
15508	15576
15600	15614
15618	15546
15249	14573
13438	11803
9680	7427
5714	4931
4903	5234
5677	6114
6489	6758
6945	7187
7764	8972
10853	12958
14650	15629
16038	16169
16202	16211
16217	16219
16222	16221
16198	16099
15790	15078
16050	16056
16156	16211
16222	16222
16222	16222
16222	16221
16218	16200
16122	15821
14995	13429
11360	9473
8308	7790
7489	7083
6534	5941
5429	5139
5347	6423
8522	11164
13459	14830
15383	15531
15556	15559
15557	15542
15514	15479
15432	15379
15327	15287
15263	15247
15233	15212
15195	15186
15189	15200
15204	15199
15186	15178
15181	15193
15217	15262
15330	15408
15468	15494
15486	15453
15402	15327
15245	15215
15269	15387
15505	15579
15608	15619
15616	15539
15255	14649
13696	12324
10362	8009
6005	4944
4774	5095
5580	6072
6490	6788
6978	7225
7838	9136
11101	13210
14829	15715
16069	16177
16203	16212
16218	16221
16222	16216
16173	15968
15271	13456
