16131	16131
16127	16120
16107	16079
16031	15948
15815	15610
15318	14921
14415	13809
13124	12388
11644	10934
10293	9749
9318	9005
8806	8710
8701	8770
8887	9036
9188	9313
9387	9385
9293	9111
8833	8476
8048	7568
7061	6548
6052	5604
5216	4909
4681	4533
4466	4463
4513	4607
4731	4880
5035	5200
5373	5550
5755	5998
6311	6711
7224	7849
8592	9424
10312	11221
12105	12925
13649	14265
14762	15140
15405	15565
15628	15590
15453	15227
14908	14515
14070	13601
13135	12698
12317	12005
11767	11613
11542	11560
11662	11856
12132	12486
12905	13364
13841	14309
14738	15114
15420	15662
15832	15953
16028	16076
16104	16119
16125	16130
16131	16132
16131	16131
16127	16120
16107	16079
16029	15947
15812	15605
15310	14912
14402	13792
13101	12360
11612	10898
10254	9710
9277	8965
8768	8671
8666	8734
8854	9003
9157	9286
9361	9362
9274	9093
8821	8465
8045	7573
7072	6567
6080	5634
5250	4944
4718	4577
4509	4513
4574	4681
4821	4981
5151	5322
5493	5669
5856	6076
6353	6710
7166	7734
8416	9189
10034	10910
11779	12599
13342	13985
14517	14938
15245	15443
15536	15524
15408	15196
14890	14505
14064	13600
13131	12697
12312	11998
11759	11604
11531	11545
11648	11842
12116	12473
12891	13353
13832	14301
14734	15110
15418	15660
15831	15953
16028	16076
16104	16118
16125	16130
16131	16132
16131	16131
16126	16120
16107	16078
16030	15944
15807	15601
15303	14898
14384	13771
13073	12326
11572	10854
10209	9660
9228	8915
8713	8620
8618	8688
8807	8962
9116	9246
9324	9330
9244	9069
8803	8457
8044	7585
7097	6603
6122	5685
5307	5004
4778	4637
4578	4589
4664	4783
4938	5115
5302	5480
5651	5819
5988	6177
6409	6704
7092	7583
8186	8887
9671	10500
11343	12162
12921	13596
14177	14647
15008	15254
15396	15421
15336	15146
14857	14484
14051	13585
13121	12687
12302	11984
11747	11587
11514	11525
11627	11819
12097	12452
12873	13337
13821	14290
14727	15103
15413	15655
15831	15951
16028	16076
16104	16118
16125	16130
16131	16132
16131	16131
16126	16120
16106	16078
16029	15943
15806	15598
15296	14889
14372	13749
13045	12291
11532	10806
10153	9600
9165	8849
8648	8556
8552	8623
8748	8902
9062	9195
9279	9287
9213	9042
8787	8454
8055	7609
7137	6661
6196	5769
5396	5095
4872	4733
4677	4692
4777	4916
5089	5283
5481	5672
5841	5995
6139	6289
6468	6694
6999	7402
7909	8522
9229	10001
10810	11615
12390	13102
13732	14265
14688	14998
15194	15270
15227	15066
14800	14443
14021	13563
13102	12669
12282	11966
11723	11562
11489	11501
11602	11795
12075	12431
12857	13324
13809	14284
14718	15100
15413	15655
15830	15950
16028	16076
16104	16118
16125	16130
16131	16132
16131	16131
16126	16120
16107	16078
16028	15943
15805	15596
15292	14883
14361	13734
13026	12262
11493	10756
10096	9533
9091	8770
8569	8474
8471	8544
8670	8830
8993	9132
9222	9237
9172	9014
8774	8453
8075	7652
7203	6745
6299	5887
5525	5226
5004	4863
4806	4830
4923	5075
5262	5472
5680	5876
6040	6180
6296	6405
6522	6678
6896	7200
7605	8120
8736	9437
10196	10986
11763	12508
13188	13784
14278	14660
14922	15058
15064	14949
14710	14379
13972	13524
13071	12641
12256	11937
11694	11533
11457	11471
11572	11768
12050	12411
12839	13311
13801	14280
14717	15098
15412	15655
15831	15950
16028	16076
16104	16118
16126	16130
16131	16132
16131	16131
16126	16120
16107	16079
16030	15945
15807	15598
15296	14886
14360	13732
13014	12243
11463	10717
10044	9470
9018	8690
8480	8383
8377	8450
8578	8740
8907	9056
9152	9181
9126	8984
8757	8463
8105	7712
7289	6859
6440	6046
5695	5401
5180	5038
4978	5001
5097	5257
5457	5674
5890	6082
6242	6359
6446	6507
6569	6648
6782	6987
7289	7702
8219	8839
9541	10295
11071	11833
12557	13212
13778	14236
14573	14774
14842	14773
14580	14273
13890	13457
13014	12589
12210	11896
11654	11492
11419	11432
11540	11738
12025	12392
12825	13300
13794	14276
14719	15101
15415	15657
15833	15954
16028	16077
16104	16118
16126	16130
16131	16132
16131	16131
16127	16120
16107	16079
16032	15948
15814	15605
15306	14897
14375	13741
13019	12240
11449	10688
10002	9414
8948	8607
8390	8282
8272	8343
8472	8633
8809	8961
9072	9112
9075	8948
8749	8475
8151	7784
7399	7000
6612	6242
5907	5621
5400	5254
5187	5206
5301	5460
5661	5882
6091	6280
6424	6519
6570	6592
6595	6609
6662	6777
6980	7290
7712	8246
8879	9585
10338	11106
11860	12562
13192	13720
14132	14410
14546	14535
14388	14125
13770	13360
12934	12520
12150	11839
11602	11446
11374	11394
11506	11712
12004	12381
12819	13303
13802	14282
14727	15110
15421	15663
15838	15956
16032	16078
16106	16120
16126	16130
16131	16132
16131	16131
16127	16121
16107	16080
16033	15955
15821	15620
15323	14919
14400	13768
13044	12257
11454	10680
9976	9370
8886	8528
8296	8175
8157	8223
8349	8516
8693	8855
8975	9032
9012	8912
8737	8494
8198	7870
7521	7162
6807	6466
6153	5878
5663	5510
5436	5443
5529	5677
5873	6086
6287	6458
6582	6651
6671	6650
6605	6561
6542	6581
6693	6912
7242	7689
8244	8891
9603	10359
11120	11855
12533	13123
13607	13958
14162	14217
14129	13915
13601	13223
12820	12426
12069	11771
11542	11392
11329	11357
11476	11693
11994	12381
12827	13316
13816	14301
14741	15126
15433	15673
15845	15960
16035	16082
16106	16120
16126	16131
16131	16132
16131	16131
16128	16123
16110	16084
16040	15963
15838	15640
15348	14953
14441	13813
13089	12300
11485	10696
9972	9345
8837	8457
8206	8071
8040	8094
8218	8381
8563	8734
8869	8944
8946	8869
8719	8508
8250	7960
7649	7332
7016	6709
6419	6165
5952	5798
5714	5711
5778	5912
6086	6283
6464	6613
6714	6756
6742	6685
6598	6508
6432	6404
6449	6583
6829	7189
7664	8242
8901	9619
10365	11105
11811	12451
12994	13413
13690	13818
13795	13640
13376	13040
12672	12305
11969	11687
11475	11338
11286	11325
11457	11684
12000	12394
12848	13342
13847	14329
14770	15147
15454	15686
15853	15966
16038	16082
16107	16120
16126	16131
16131	16132
16132	16131
16128	16124
16111	16092
16048	15972
15854	15664
15384	14997
14493	13875
13154	12361
11543	10739
9993	9341
8809	8403
8126	7971
7924	7962
8078	8237
8420	8597
8747	8837
8862	8814
8695	8518
8295	8040
7775	7499
7223	6952
6694	6458
6259	6106
6013	5992
6042	6152
6302	6471
6627	6749
6821	6832
6789	6701
6583	6452
6339	6258
6246	6317
6487	6772
7165	7669
8260	8924
9630	10355
11062	11724
12309	12786
13130	13328
13377	13288
13086	12805
12483	12151
11849	11590
11397	11278
11245	11299
11447	11688
12015	12422
12886	13385
13889	14372
14808	15180
15476	15704
15865	15975
16044	16084
16106	16120
16125	16129
16128	16130
16132	16131
16129	16125
16113	16092
16052	15983
15869	15690
15423	15049
14556	13952
13237	12450
11622	10804
10040	9365
8803	8369
8063	7883
7810	7833
7934	8085
8265	8451
8609	8718
8768	8748
8660	8515
8328	8112
7884	7649
7411	7182
6960	6749
6564	6417
6323	6286
6313	6399
6516	6652
6776	6864
6906	6887
6820	6706
6562	6406
6261	6150
6093	6115
6228	6449
6773	7198
7712	8305
8948	9626
10308	10968
11571	12087
12488	12753
12877	12864
12737	12523
12255	11974
11709	11481
11316	11220
11208	11281
11449	11703
12051	12466
12940	13443
13948	14427
14856	15217
15509	15726
15881	15985
16049	16087
16110	16119
16124	16126
16126	16129
16132	16131
16130	16125
16116	16098
16060	15996
15891	15720
15468	15110
14633	14044
13341	12557
11729	10900
10117	9413
8820	8356
8020	7808
7710	7710
7792	7933
8105	8291
8458	8586
8659	8666
8609	8498
8342	8163
7972	7773
7574	7383
7191	7014
6849	6713
6618	6574
6580	6633
6721	6822
6909	6962
6968	6923
6830	6695
6534	6366
6203	6075
5996	5989
6064	6231
6492	6845
7278	7782
8346	8953
9579	10205
10803	11339
11783	12110
12309	12377
12330	12191
11993	11770
11553	11368
11233	11167
11178	11275
11463	11739
12097	12530
13010	13516
14019	14491
14911	15263
15542	15751
15897	15994
16053	16089
16106	16119
16118	16124
16120	16125
16129	16131
16129	16125
16117	16100
16067	16009
15909	15750
15512	15174
14718	14146
13459	12686
11860	11023
10221	9494
8872	8371
8002	7755
7626	7600
7659	7781
7943	8124
8298	8444
8535	8568
8545	8464
8342	8194
8032	7868
7704	7544
7387	7235
7099	6979
6889	6837
6829	6856
6912	6971
7018	7036
7011	6936
6822	6673
6503	6325
6163	6032
5951	5932
5987	6120
6331	6613
6967	7383
7849	8361
8907	9473
10038	10570
11039	11419
11689	11842
11881	11824
11706	11549
11390	11249
11156	11119
11160	11282
11490	11790
12166	12607
13094	13603
14102	14568
14976	15315
15582	15776
15914	16004
16058	16090
16105	16115
16112	16119
16111	16120
16127	16127
16127	16123
16118	16103
16074	16020
15932	15785
15563	15241
14810	14259
13591	12831
12010	11166
10351	9600
8948	8416
8006	7727
7564	7505
7537	7634
7784	7959
8135	8291
8404	8465
8469	8418
8327	8207
8074	7934
7796	7665
7539	7417
7303	7203
7122	7068
7048	7051
7072	7099
7106	7085
7028	6926
6790	6631
6461	6292
6143	6029
5960	5947
6002	6115
6292	6518
6793	7108
7468	7870
8315	8799
9308	9812
10294	10716
11050	11282
11408	11444
11406	11320
11220	11132
11079	11080
11150	11299
11533	11852
12244	12699
13190	13700
14195	14648
15043	15369
15619	15805
15931	16013
16063	16089
16100	16104
16101	16102
16094	16106
16126	16126
16125	16124
16117	16106
16080	16033
15952	15818
15611	15312
14905	14377
13733	12991
12178	11334
10508	9736
9053	8483
8039	7721
7521	7429
7429	7505
7636	7799
7974	8138
8268	8353
8385	8365
8303	8209
8096	7979
7859	7750
7647	7551
7457	7376
7307	7255
7229	7214
7208	7195
7168	7110
7018	6895
6746	6583
6421	6270
6147	6061
6023	6035
6101	6215
6364	6544
6743	6961
7210	7492
7823	8207
8641	9109
9583	10031
10422	10728
10941	11064
11107	11097
11058	11023
11013	11050
11154	11332
11591	11929
12338	12803
13300	13808
14293	14737
15117	15424
15661	15834
15951	16024
16066	16084
16091	16087
16074	16075
16052	16079
16121	16121
16120	16120
16117	16105
16084	16043
15971	15848
15659	15383
15000	14500
13883	13160
12359	11519
10682	9892
9181	8582
8097	7742
7502	7374
7343	7391
7501	7649
7819	7987
8130	8238
8297	8309
8271	8200
8110	8004
7902	7805
7715	7636
7562	7497
7441	7398
7363	7335
7305	7264
7200	7110
6993	6849
6691	6529
6385	6261
6173	6133
6138	6189
6281	6401
6536	6672
6801	6926
7060	7218
7430	7708
8062	8478
8935	9402
9838	10213
10505	10707
10828	10889
10912	10925
10958	11033
11166	11372
11657	12015
12439	12914
13415	13921
14397	14826
15190	15483
15706	15864
15969	16032
16063	16074
16067	16054
16024	16026
15971	16032
16117	16120
16119	16119
16116	16108
16088	16054
15989	15881
15707	15454
15095	14622
14032	13334
12548	11716
10874	10066
9329	8693
8176	7781
7504	7342
7274	7295
7383	7515
7674	7844
8001	8128
8213	8252
8244	8195
8118	8026
7930	7839
7757	7689
7626	7577
7532	7496
7461	7425
7375	7308
7217	7098
6956	6797
6638	6488
6365	6280
6241	6251
6309	6406
6528	6660
6785	6880
6942	6977
6999	7044
7139	7311
7581	7944
8381	8858
9329	9760
10119	10395
10585	10707
10782	10844
10915	11024
11190	11421
11727	12107
12547	13029
13535	14035
14500	14913
15262	15538
15743	15890
15981	16035
16058	16055
16029	16002
15938	15942
15828	15949
16111	16116
16114	16118
16115	16109
16094	16063
16007	15907
15752	15521
15187	14742
14180	13504
12736	11911
11066	10243
9484	8820
8267	7835
7523	7326
7228	7220
7280	7396
7545	7714
7878	8024
8134	8202
8218	8193
8131	8045
7953	7861
7780	7715
7660	7619
7587	7556
7524	7479
7421	7334
7222	7083
6926	6758
6603	6469
6377	6335
6347	6412
6525	6669
6825	6969
7079	7137
7135	7087
7008	6942
6933	7011
7206	7519
7932	8412
8909	9389
9804	10136
10384	10558
10679	10780
10883	11026
11219	11478
11807	12203
12657	13147
13652	14146
14600	15000
15330	15589
15780	15911
15996	16035
16044	16024
15974	15922
15800	15811
15580	15819
16107	16112
16112	16114
16113	16107
16097	16071
16019	15933
15790	15578
15269	14850
14311	13664
12913	12096
11252	10419
9638	8945
8362	7899
7551	7322
7196	7159
7196	7294
7433	7598
7774	7933
8069	8157
8200	8193
8147	8067
7976	7881
7797	7729
7677	7641
7615	7591
7562	7517
7450	7354
7227	7076
6905	6740
6591	6481
6423	6427
6492	6612
6776	6961
7145	7297
7393	7408
7348	7220
7055	6897
6796	6796
6925	7195
7589	8072
8594	9102
9560	9941
10230	10444
10601	10734
10868	11035
11253	11535
11885	12296
12760	13258
13761	14249
14695	15079
15393	15638
15815	15933
16002	16031
16025	15980
15891	15807
15594	15622
15199	15622
16101	16107
16105	16113
16112	16109
16099	16076
16032	15955
15825	15628
15341	14946
14434	13804
13071	12265
11417	10578
9780	9067
8454	7960
7587	7330
7178	7117
7131	7215
7343	7506
7682	7858
8008	8127
8190	8204
8166	8094
8000	7902
7809	7737
7684	7648
7626	7606
7584	7539
7469	7368
7234	7078
6907	6743
6611	6521
6497	6544
6656	6825
7032	7254
7458	7613
7686	7670
7551	7359
7117	6884
6709	6644
6726	6963
7345	7828
8366	8900
9388	9801
10122	10366
10548	10705
10864	11050
11288	11586
11956	12384
12858	13357
13862	14342
14774	15147
15447	15677
15842	15948
16008	16025
15996	15928
15789	15663
15329	15376
14681	15364
16094	16104
16102	16110
16110	16111
16102	16083
16043	15973
15853	15669
15400	15020
14531	13921
13202	12403
11558	10711
9900	9168
8535	8018
7621	7340
7167	7088
7088	7155
7275	7431
7613	7797
7966	8099
8186	8215
8190	8122
8026	7921
7822	7742
7684	7652
7631	7615
7595	7553
7486	7383
7250	7090
6923	6768
6648	6583
6588	6669
6820	7030
7273	7518
7736	7886
7941	7889
7726	7475
7174	6881
6655	6546
6595	6811
7182	7669
8217	8770
9278	9707
10050	10312
10515	10688
10860	11065
11320	11635
12016	12457
12935	13442
13946	14417
14843	15203
15492	15710
15864	15959
16010	16014
15967	15868
15674	15507
15019	15096
14063	15066
16089	16100
16099	16106
16108	16110
16104	16085
16051	15984
15873	15701
15443	15079
14603	14008
13301	12512
11664	10812
9993	9247
8598	8065
7651	7353
7164	7070
7057	7113
7226	7382
7565	7756
7933	8084
8182	8227
8208	8143
8046	7938
7832	7747
7686	7650
7630	7621
7602	7566
7496	7395
7261	7105
6945	6798
6689	6644
6675	6784
6966	7204
7471	7734
7955	8098
8138	8059
7860	7565
7223	6887
6626	6485
6515	6716
7084	7574
8128	8688
9212	9656
10011	10281
10496	10679
10865	11078
11345	11672
12065	12512
12998	13504
14005	14477
14895	15245
15521	15732
15879	15972
16010	16006
15939	15770
15563	14848
14708	12383
13428	8036
