16158	16158
16158	16158
16158	16158
16158	16158
16158	16158
16158	16158
16158	16158
16158	16158
16158	16158
16156	16149
16133	16098
16028	15895
15670	15315
14806	14138
13321	12400
11428	10465
9585	8832
8245	7839
7613	7542
7596	7739
7926	8121
8295	8429
8521	8581
8614	8632
8632	8613
8576	8522
8458	8395
8346	8314
8303	8312
8323	8338
8346	8341
8337	8342
8372	8440
8546	8672
8803	8910
8981	9019
9044	9082
9176	9360
9668	10111
10690	11373
12129	12898
13643	14314
14885	15333
15660	15879
16015	16089
16129	16146
16155	16158
16158	16158
16158	16158
16158	16158
16158	16158
16158	16158
16158	16158
16158	16158
16158	16158
16158	16158
16158	16158
16158	16158
16158	16158
16158	16158
16158	16158
16158	16158
16158	16158
16158	16158
16158	16158
16156	16149
16133	16102
16032	15904
15682	15337
14845	14194
13404	12510
11566	10633
9767	9022
8438	8022
7777	7686
7714	7829
7992	8167
8327	8457
8554	8624
8670	8701
8714	8705
8676	8626
8566	8501
8448	8419
8408	8413
8427	8439
8436	8425
8408	8398
8410	8458
8547	8665
8794	8913
9006	9075
9131	9200
9320	9522
9843	10289
10857	11527
12255	13003
13722	14370
14922	15357
15674	15886
16018	16091
16131	16147
16155	16158
16158	16158
16158	16158
16158	16158
16158	16158
16158	16158
16158	16158
16158	16158
16158	16158
16158	16158
16158	16158
16158	16158
16158	16158
16158	16158
16158	16158
16158	16158
16158	16158
16158	16158
16158	16158
16156	16149
16137	16102
16037	15912
15705	15375
14906	14289
13539	12687
11787	10888
10052	9322
8731	8298
8029	7902
7893	7972
8100	8246
8388	8510
8608	8690
8754	8805
8836	8844
8825	8782
8723	8658
8603	8569
8558	8566
8576	8586
8577	8553
8519	8488
8472	8494
8559	8665
8795	8929
9049	9157
9260	9373
9530	9765
10098	10548
11108	11752
12454	13162
13842	14459
14979	15393
15695	15898
16022	16094
16132	16147
16155	16158
16158	16158
16158	16158
16158	16158
16158	16158
16158	16158
16158	16158
16158	16158
16158	16158
16158	16158
16158	16158
16158	16158
16158	16158
16158	16158
16158	16158
16158	16158
16158	16158
16158	16158
16158	16158
16157	16149
16138	16106
16045	15931
15736	15433
15000	14430
13734	12943
12098	11251
10449	9733
9139	8683
8375	8203
8144	8174
8256	8365
8478	8586
8686	8777
8865	8939
8994	9022
9018	8982
8928	8867
8809	8776
8763	8770
8782	8787
8772	8733
8676	8613
8569	8558
8599	8687
8815	8967
9126	9280
9430	9595
9804	10075
10436	10893
11441	12061
12721	13384
14015	14585
15066	15447
15725	15915
16032	16098
16133	16148
16156	16158
16158	16158
16158	16158
16158	16158
16158	16158
16158	16158
16158	16158
16158	16158
16158	16158
16158	16158
16158	16158
16158	16158
16158	16158
16158	16158
16158	16158
16158	16158
16158	16158
16158	16158
16158	16158
16157	16150
16140	16111
16056	15952
15778	15508
15122	14611
13986	13270
12502	11716
10958	10260
9656	9168
8812	8579
8462	8433
8464	8532
8611	8702
8800	8904
9010	9112
9198	9249
9264	9243
9191	9129
9075	9036
9026	9034
9047	9047
9027	8970
8891	8797
8713	8667
8680	8751
8882	9048
9238	9437
9642	9867
10132	10453
10847	11317
11858	12446
13059	13664
14236	14748
15179	15521
15770	15939
16044	16104
16135	16149
16156	16158
16158	16158
16158	16158
16158	16158
16158	16158
16158	16158
16158	16158
16158	16158
16158	16158
16158	16158
16158	16158
16158	16158
16158	16158
16158	16158
16158	16158
16158	16158
16158	16158
16158	16158
16158	16158
16157	16153
16141	16119
16072	15983
15833	15599
15268	14830
14288	13667
12983	12273
11562	10885
10271	9746
9333	9036
8851	8761
8735	8755
8801	8871
8962	9075
9201	9330
9442	9521
9555	9547
9508	9449
9397	9362
9352	9360
9370	9371
9336	9265
9163	9037
8924	8843
8823	8878
8998	9181
9400	9640
9900	10184
10508	10883
11315	11803
12335	12892
13452	13995
14497	14944
15314	15609
15825	15971
16061	16112
16139	16149
16156	16158
16158	16158
16158	16158
16158	16158
16158	16158
16158	16158
16158	16158
16158	16158
16158	16158
16158	16158
16158	16158
16158	16158
16158	16158
16158	16158
16158	16158
16158	16158
16158	16158
16158	16158
16158	16158
16158	16154
16146	16126
16089	16016
15895	15705
15434	15071
14623	14097
13510	12880
12226	11576
10952	10390
9918	9551
9296	9141
9064	9038
9056	9105
9191	9308
9451	9601
9736	9837
9890	9896
9870	9819
9773	9742
9735	9741
9750	9742
9703	9618
9494	9343
9199	9091
9048	9081
9198	9384
9620	9893
10199	10538
10919	11349
11823	12332
12854	13380
13884	14357
14783	15158
15467	15709
15887	16004
16078	16121
16142	16153
16157	16158
16158	16158
16158	16158
16158	16158
16158	16158
16158	16158
16158	16158
16158	16158
16158	16158
16158	16158
16158	16158
16158	16158
16158	16158
16158	16158
16158	16158
16158	16158
16158	16158
16158	16158
16158	16158
16158	16156
16148	16135
16105	16050
15957	15810
15600	15316
14959	14533
14043	13495
12903	12282
11656	11064
10539	10111
9795	9581
9454	9396
9383	9414
9490	9607
9757	9918
10067	10185
10256	10276
10262	10227
10191	10162
10156	10159
10165	10150
10102	10010
9876	9711
9550	9421
9358	9376
9482	9661
9904	10193
10532	10918
11352	11832
12342	12864
13378	13868
14316	14720
15074	15377
15618	15811
15948	16038
16095	16129
16145	16153
16158	16158
16158	16158
16158	16158
16158	16158
16158	16158
16158	16158
16158	16158
16158	16158
16158	16158
16158	16158
16158	16158
16158	16158
16158	16158
16158	16158
16158	16158
16158	16158
16158	16158
16158	16158
16158	16158
16158	16157
16152	16141
16119	16079
16011	15904
15748	15537
15266	14930
14533	14068
13536	12947
12328	11714
11149	10671
10303	10045
9885	9797
9768	9788
9857	9969
10116	10276
10430	10551
10628	10664
10662	10639
10614	10595
10587	10590
10588	10567
10515	10421
10282	10118
9953	9820
9744	9746
9834	10001
10235	10533
10888	11303
11775	12291
12829	13361
13865	14319
14714	15052
15337	15575
15760	15903
16003	16071
16115	16138
16150	16156
16158	16158
16158	16158
16158	16158
16158	16158
16158	16158
16158	16158
16158	16158
16158	16158
16158	16158
16158	16158
16158	16158
16158	16158
16158	16158
16158	16158
16158	16158
16158	16158
16158	16158
16158	16158
16158	16158
16158	16158
16153	16146
16131	16104
16057	15981
15872	15720
15518	15260
14936	14541
14067	13518
12912	12295
11709	11202
10801	10515
10332	10231
10192	10204
10266	10371
10505	10655
10797	10913
10994	11037
11046	11037
11023	11010
11003	11002
10994	10970
10916	10822
10695	10540
10385	10253
10177	10169
10240	10385
10602	10888
11244	11670
12161	12699
13250	13785
14269	14692
15043	15327
15558	15737
15876	15980
16049	16098
16127	16145
16153	16157
16158	16158
16158	16158
16158	16158
16158	16158
16158	16158
16158	16158
16158	16158
16158	16158
16158	16158
16158	16158
16158	16158
16158	16158
16158	16158
16158	16158
16158	16158
16158	16158
16158	16158
16158	16158
16158	16158
16158	16158
16153	16150
16140	16120
16089	16036
15961	15850
15698	15495
15229	14886
14457	13945
13369	12760
12176	11661
11249	10952
10764	10658
10620	10632
10687	10778
10899	11031
11157	11263
11343	11388
11409	11411
11406	11399
11393	11386
11374	11346
11290	11207
11093	10957
10820	10699
10625	10608
10658	10778
10967	11229
11569	11988
12479	13014
13568	14092
14562	14955
15275	15522
15711	15853
15957	16032
16083	16117
16137	16149
16153	16158
16158	16158
16158	16158
16158	16158
16158	16158
16158	16158
16158	16158
16158	16158
16158	16158
16158	16158
16158	16158
16158	16158
16158	16158
16158	16158
16158	16158
16158	16158
16158	16158
16158	16158
16158	16158
16158	16158
16158	16158
16158	16153
16147	16132
16107	16069
16007	15919
15795	15623
15390	15078
14684	14203
13658	13075
12512	12013
11613	11326
11146	11048
11017	11036
11090	11175
11280	11397
11507	11605
11677	11728
11755	11770
11772	11772
11768	11757
11741	11706
11654	11577
11475	11356
11236	11128
11056	11027
11055	11144
11299	11527
11837	12231
12699	13217
13753	14259
14709	15088
15385	15617
15785	15908
15996	16058
16099	16126
16140	16151
16154	16158
16158	16158
16158	16158
16158	16158
16158	16158
16158	16158
16158	16158
16158	16158
16158	16158
16158	16158
16158	16158
16158	16158
16158	16158
16158	16158
16158	16158
16158	16158
16158	16158
16158	16158
16158	16158
16158	16158
16158	16158
16157	16153
16145	16131
16107	16071
16012	15928
15806	15639
15411	15113
14737	14282
13769	13228
12705	12246
11877	11617
11460	11387
11375	11404
11466	11551
11651	11758
11862	11952
12027	12081
12117	12139
12153	12153
12150	12137
12114	12076
12022	11947
11855	11748
11637	11538
11460	11415
11417	11472
11581	11767
12033	12387
12813	13295
13797	14280
14714	15083
15378	15609
15781	15904
15995	16058
16100	16126
16140	16151
16154	16158
16158	16158
16158	16158
16158	16158
16158	16158
16158	16158
16158	16158
16158	16158
16158	16158
16158	16157
16157	16157
16158	16158
16158	16158
16158	16158
16158	16158
16158	16158
16158	16158
16158	16158
16158	16158
16158	16158
16158	16158
16153	16150
16140	16121
16092	16044
15972	15871
15729	15543
15299	14993
14622	14188
13713	13221
12755	12352
12038	11826
11709	11670
11687	11743
11823	11920
12027	12138
12242	12340
12418	12480
12528	12557
12574	12581
12577	12561
12531	12488
12430	12353
12258	12153
12043	11936
11845	11777
11745	11754
11815	11948
12156	12450
12819	13249
13708	14160
14579	14946
15252	15499
15693	15838
15949	16025
16078	16113
16132	16146
16153	16157
16158	16158
16158	16158
16158	16158
16158	16158
16158	16158
16158	16158
16158	16158
16158	16156
16156	16153
16152	16153
16156	16157
16157	16158
16158	16158
16158	16158
16158	16158
16158	16158
16158	16158
16158	16158
16158	16158
16158	16156
16152	16142
16126	16099
16054	15983
15883	15748
15568	15343
15066	14737
14364	13949
13512	13080
12681	12351
12110	11962
11905	11919
11980	12075
12187	12309
12436	12558
12675	12783
12870	12942
12997	13035
13058	13065
13064	13044
13011	12962
12896	12812
12711	12596
12475	12354
12238	12133
12059	12011
12014	12079
12215	12440
12740	13104
13509	13925
14324	14693
15017	15296
15526	15709
15853	15959
16034	16087
16118	16139
16149	16153
16158	16158
16158	16158
16158	16158
16158	16158
16158	16158
16158	16158
16158	16157
16155	16152
16149	16146
16142	16146
16156	16156
16156	16157
16157	16158
16158	16158
16158	16158
16158	16158
16158	16158
16158	16158
16158	16158
16158	16153
16146	16130
16104	16060
15991	15888
15745	15559
15327	15048
14731	14379
13999	13602
13209	12840
12524	12278
12123	12057
12074	12152
12278	12423
12582	12738
12891	13037
13169	13287
13385	13466
13529	13572
13597	13606
13601	13583
13546	13493
13420	13329
13218	13093
12954	12807
12658	12512
12380	12269
12198	12185
12241	12380
12602	12890
13235	13604
13984	14351
14696	15008
15281	15518
15708	15857
15968	16043
16093	16124
16140	16152
16155	16158
16158	16158
16158	16158
16158	16158
16158	16158
16158	16158
16158	16153
16149	16143
16132	16127
16112	16126
16150	16153
16153	16155
16156	16157
16158	16158
16158	16158
16158	16158
16158	16158
16158	16158
16158	16158
16153	16149
16136	16113
16070	16004
15899	15752
15554	15307
15013	14682
14322	13946
13562	13191
12844	12549
12314	12162
12101	12131
12236	12398
12596	12806
13013	13212
13394	13559
13706	13832
13935	14021
14084	14131
14156	14169
14162	14144
14106	14049
13975	13879
13764	13627
13472	13300
13113	12920
12723	12543
12388	12285
12252	12301
12433	12650
12925	13248
13597	13958
14317	14662
14981	15272
15516	15716
15870	15981
16056	16105
16129	16146
16153	16158
16158	16158
16158	16158
16158	16158
16158	16158
16158	16158
16153	16150
16139	16123
16097	16084
16042	16079
16144	16148
16149	16152
16155	16156
16157	16158
16158	16158
16158	16158
16158	16158
16158	16158
16158	16157
16153	16144
16126	16089
16029	15931
15786	15582
15322	15007
14650	14264
13869	13477
13104	12766
12474	12245
12093	12033
12070	12200
12403	12658
12937	13211
13473	13709
13916	14097
14249	14377
14482	14563
14626	14669
14695	14705
14701	14679
14649	14593
14523	14426
14312	14169
14007	13811
13593	13348
13092	12829
12590	12391
12264	12219
12271	12406
12620	12889
13204	13549
13912	14281
14644	14982
15286	15544
15749	15901
16007	16074
16114	16137
16149	16153
16158	16158
16158	16158
16158	16158
16158	16158
16158	16156
16151	16140
16118	16086
16028	15999
15889	15981
16134	16141
16142	16146
16151	16154
16156	16158
16158	16158
16158	16158
16158	16158
16158	16158
16158	16155
16149	16136
16109	16062
15975	15844
15650	15389
15062	14681
14264	13835
13415	13019
12665	12363
12125	11962
11888	11915
12044	12271
12570	12918
13276	13618
13927	14193
14416	14603
14752	14877
14970	15045
15100	15139
15161	15170
15167	15149
15118	15072
15008	14922
14812	14677
14510	14305
14058	13773
13454	13119
12790	12501
12282	12151
12126	12192
12345	12569
12843	13166
13523	13905
14297	14682
15041	15356
15614	15810
15950	16042
16097	16130
16144	16153
16158	16158
16158	16158
16158	16158
16158	16158
16157	16154
16146	16125
16084	16021
15906	15846
15596	15803
16122	16132
16135	16140
16147	16150
16155	16156
16158	16158
16158	16158
16158	16158
16158	16158
16158	16153
16145	16128
16093	16029
15921	15754
15513	15196
14807	14367
13900	13437
13003	12616
12288	12022
11832	11725
11718	11816
12026	12340
12727	13159
13589	13990
14337	14625
14857	15036
15177	15287
15370	15434
15477	15507
15527	15531
15530	15516
15490	15452
15398	15327
15230	15104
14943	14736
14475	14157
13787	13384
12976	12604
12302	12098
12004	12016
12119	12299
12541	12838
13182	13566
13976	14396
14801	15168
15476	15717
15891	16005
16077	16119
16140	16152
16156	16158
16158	16158
16158	16158
16158	16158
16157	16150
16138	16105
16038	15930
15717	15613
15109	15518
16111	16124
16126	16136
16143	16148
16154	16156
16158	16158
16158	16158
16158	16158
16158	16158
16157	16153
16143	16120
16080	16002
15873	15674
15391	15025
14583	14097
13592	13109
12669	12293
11988	11758
11606	11544
11585	11739
12016	12395
12858	13354
13846	14287
14663	14962
15193	15367
15495	15591
15660	15709
15743	15767
15781	15786
15783	15773
15754	15725
15684	15624
15543	15430
15278	15073
14804	14463
14055	13599
13131	12689
12324	12060
11916	11886
11953	12098
12313	12585
12910	13291
13712	14156
14596	15005
15355	15633
15838	15975
16060	16109
16137	16150
16154	16158
16158	16158
16158	16158
16158	16158
16156	16148
16128	16081
15982	15823
15476	15320
14460	15147
16101	16117
16118	16131
16139	16147
16152	16156
16158	16158
16158	16158
16158	16158
16158	16158
16157	16152
16140	16115
16066	15978
15832	15610
15297	14893
14413	13895
13365	12867
12432	12067
11783	11576
11455	11420
11494	11688
12007	12438
12950	13496
14026	14501
14893	15200
15427	15591
15708	15788
15845	15885
15911	15928
15941	15945
15945	15936
15920	15898
15866	15816
15747	15645
15504	15305
15031	14677
14245	13752
13240	12751
12338	12037
11858	11799
11840	11964
12155	12409
12722	13095
13521	13979
14443	14880
15261	15569
15794	15948
16045	16103
16134	16147
16154	16158
16158	16158
16158	16158
16158	16158
16156	16144
16121	16060
15928	15565
15230	13466
13767	8366
