4525	3862
3550	3143
3047	3251
3706	4304
4910	5370
5557	5394
4887	4136
3321	2652
2273	2219
2409	2701
2970	3181
3372	3585
3805	3965
3979	3836
3599	3350
3153	3048
3110	3497
4399	5919
7910	9985
11738	12971
13744	14225
14541	14770
14932	15040
15083	15001
14703	14096
13143	11927
10632	9450
8500	7830
7470	7469
7850	8559
9443	10293
10904	11128
10905	10297
9489	8708
8111	7740
7573	7556
7600	7616
7553	7432
7322	7273
7308	7421
7617	7895
8248	8655
9098	9576
10088	10594
10968	11096
10953	10609
10165	9715
9315	9008
8817	8741
8768	8879
9039	9207
9346	9420
9417	9343
9217	9069
8928	8742
8730	7351
4416	3792
3519	3173
3148	3413
3902	4492
5048	5435
5535	5293
4728	3958
3163	2536
2187	2141
2314	2583
2843	3063
3272	3500
3718	3859
3859	3718
3498	3275
3101	3010
3066	3417
4257	5706
7653	9743
11566	12892
13742	14267
14603	14825
14977	15078
15128	15082
14878	14425
13691	12725
11652	10614
9701	8966
8458	8250
8382	8817
9419	10011
10438	10610
10472	10047
9425	8777
8245	7908
7769	7780
7847	7875
7801	7647
7477	7366
7342	7412
7571	7825
8171	8587
9060	9596
10201	10821
11323	11567
11498	11174
10707	10191
9705	9294
9002	8831
8780	8831
8964	9133
9298	9418
9477	9462
9386	9263
9122	8911
8859	7362
4267	3706
3491	3246
3320	3666
4185	4742
5208	5475
5460	5121
4499	3721
2973	2408
2112	2080
2245	2497
2751	2975
3187	3401
3591	3695
3674	3535
3344	3160
3017	2940
2993	3307
4070	5425
7312	9419
11334	12783
13739	14330
14687	14906
15044	15133
15183	15177
15066	14791
14312	13652
12879	12070
11280	10555
9955	9573
9457	9581
9822	10039
10150	10130
9973	9673
9252	8788
8392	8149
8078	8137
8236	8276
8193	7994
7750	7546
7431	7424
7528	7739
8061	8477
8984	9594
10318	11096
11777	12187
12241	11977
11504	10931
10349	9821
9391	9081
8902	8853
8918	9056
9227	9389
9510	9567
9559	9484
9364	9131
9043	7406
4119	3635
3493	3372
3561	3984
4502	4979
5313	5434
5299	4884
4243	3503
2832	2350
2116	2113
2285	2532
2783	2992
3167	3322
3441	3488
3442	3319
3164	3018
2906	2849
2898	3181
3875	5142
6970	9090
11090	12661
13724	14384
14770	14992
15114	15185
15228	15238
15189	15038
14764	14367
13876	13326
12734	12133
11586	11170
10934	10844
10792	10657
10403	10063
9703	9348
9003	8695
8470	8378
8424	8560
8705	8767
8681	8450
8135	7829
7607	7498
7516	7666
7946	8347
8870	9543
10380	11318
12191	12797
13012	12854
12424	11843
11202	10578
10018	9562
9231	9042
8987	9042
9169	9326
9476	9589
9644	9631
9554	9328
9228	7465
3999	3606
3551	3559
3860	4332
4808	5159
5320	5279
5031	4586
3988	3348
2791	2412
2244	2275
2454	2701
2930	3093
3192	3248
3274	3261
3199	3098
2980	2869
2783	2742
2798	3060
3698	4896
6674	8800
10867	12533
13686	14404
14817	15042
15157	15212
15237	15240
15205	15108
14938	14697
14402	14059
13677	13268
12876	12561
12358	12221
12046	11717
11200	10551
9884	9289
8833	8548
8444	8510
8700	8946
9161	9264
9203	8969
8612	8222
7887	7662
7580	7645
7858	8214
8729	9433
10350	11418
12467	13269
13671	13661
13330	12797
12159	11492
10849	10268
9792	9443
9234	9155
9179	9270
9394	9517
9610	9654
9631	9439
9356	7509
3925	3632
3669	3807
4201	4688
5090	5290
5265	5060
4714	4266
3757	3261
2849	2583
2483	2541
2715	2926
3101	3186
3191	3147
3092	3034
2972	2899
2815	2733
2667	2638
2700	2946
3551	4697
6432	8552
10654	12383
13594	14352
14790	15027
15137	15177
15180	15158
15106	15005
14858	14674
14471	14256
14028	13794
13579	13423
13332	13270
13127	12798
12218	11414
10491	9592
8867	8438
8332	8498
8826	9199
9510	9687
9682	9485
9132	8697
8271	7931
7733	7689
7814	8106
8583	9279
10230	11383
12570	13552
14145	14308
14116	13686
13110	12462
11788	11132
10537	10045
9675	9435
9314	9288
9328	9407
9497	9567
9589	9443
9390	7514
3900	3721
3846	4100
4563	5037
5356	5419
5238	4888
4455	4004
3580	3218
2949	2789
2746	2808
2946	3097
3189	3189
3111	3002
2905	2835
2785	2737
2685	2626
2573	2554
2616	2852
3430	4532
6226	8325
10439	12192
13431	14211
14665	14910
15023	15053
15034	14978
14890	14760
14595	14412
14237	14082
13949	13840
13771	13753
13787	13827
13789	13563
13080	12302
11280	10144
9119	8422
8181	8352
8779	9274
9701	9970
10048	9926
9622	9194
8720	8290
7972	7810
7828	8035
8449	9103
10040	11226
12508	13640
14417	14760
14727	14428
13958	13377
12727	12049
11389	10788
10282	9888
9610	9438
9355	9345
9382	9438
9479	9364
9346	7486
3931	3874
4073	4427
4922	5372
5617	5590
5314	4872
4370	3894
3502	3217
3037	2949
2936	2981
3068	3138
3152	3089
2971	2844
2745	2684
2649	2623
2590	2545
2503	2488
2544	2770
3325	4392
6047	8118
10215	11967
13208	13987
14445	14700
14813	14834
14792	14706
14580	14421
14238	14050
13888	13775
13714	13700
13732	13813
13923	14029
14064	13947
13601	12952
11972	10731
9458	8470
8007	8098
8569	9177
9721	10097
10269	10236
10017	9645
9177	8693
8281	8004
7910	8015
8342	8929
9817	10989
12316	13563
14501	15016
15142	14986
14640	14160
13580	12929
12253	11595
10996	10481
10065	9746
9524	9395
9342	9350
9374	9272
9269	7457
4028	4082
4336	4753
5252	5663
5861	5802
5510	5051
4513	3997
3577	3289
3118	3037
3013	3027
3055	3064
3029	2941
2829	2719
2639	2592
2565	2546
2524	2489
2454	2439
2487	2701
3235	4272
5888	7920
9989	11725
12950	13715
14164	14411
14523	14539
14480	14373
14231	14065
13890	13727
13607	13554
13569	13639
13752	13883
14014	14117
14155	14076
13817	13290
12405	11159
9738	8497
7789	7747
8226	8928
9592	10078
10346	10410
10286	9999
9585	9105
8645	8285
8084	8076
8298	8785
9589	10710
12044	13369
14440	15109
15384	15364
15143	14774
14287	13699
13050	12385
11743	11155
10640	10201
9849	9591
9429	9354
9330	9209
9203	7453
4184	4334
4618	5062
5536	5900
6067	6018
5770	5359
4842	4306
3834	3481
3252	3118
3047	3009
2985	2952
2900	2824
2739	2661
2600	2554
2524	2504
2483	2454
2419	2399
2442	2640
3155	4162
5741	7735
9776	11483
12682	13422
13848	14082
14188	14199
14143	14041
13912	13775
13645	13546
13510	13542
13647	13795
13955	14095
14198	14243
14221	14105
13856	13386
12574	11353
9848	8417
7492	7310
7771	8556
9342	9943
10306	10455
10423	10235
9916	9497
9048	8650
8362	8242
8331	8693
9384	10425
11733	13107
14282	15083
15487	15585
15476	15217
14827	14321
13731	13098
12457	11846
11276	10758
10305	9931
9654	9480
9381	9217
9188	7503
4412	4623
4908	5346
5766	6075
6217	6197
6023	5703
5262	4751
4246	3823
3506	3289
3138	3033
2956	2891
2834	2780
2726	2673
2620	2566
2521	2490
2465	2434
2400	2374
2409	2594
3089	4066
5613	7568
9574	11245
12415	13122
13520	13735
13839	13863
13829	13761
13681	13606
13558	13555
13615	13750
13936	14133
14306	14421
14462	14423
14309	14117
13827	13347
12548	11325
9758	8194
7108	6813
7254	8110
9012	9728
10183	10409
10459	10367
10155	9842
9462	9070
8726	8494
8443	8658
9214	10155
11416	12809
14068	14978
15497	15693
15677	15508
15209	14793
14276	13696
13091	12492
11911	11360
10842	10379
10000	9722
9533	9309
9237	7627
4720	4952
5211	5600
5953	6198
6314	6317
6216	6006
5674	5237
4754	4290
3898	3590
3351	3170
3028	2927
2856	2808
2773	2734
2681	2620
2558	2512
2473	2439
2400	2372
2399	2576
3055	4014
5525	7438
9390	11009
12131	12803
13179	13383
13489	13535
13546	13539
13535	13554
13605	13710
13872	14084
14314	14522
14665	14724
14688	14570
14373	14113
13760	13235
12394	11126
9497	7852
6680	6320
6751	7657
8650	9464
10006	10307
10425	10420
10316	10117
9830	9480
9107	8781
8596	8661
9081	9905
11099	12489
13805	14818
15442	15728
15786	15687
15464	15127
14689	14174
13625	13064
12507	11954
11410	10894
10431	10058
9774	9480
9354	7827
5108	5314
5523	5837
6109	6291
6373	6389
6344	6227
6009	5679
5263	4817
4389	4013
3694	3430
3221	3066
2964	2904
2867	2828
2774	2704
2631	2566
2514	2467
2424	2395
2421	2598
3083	4036
5519	7369
9236	10775
11836	12471
12829	13032
13151	13227
13287	13352
13437	13558
13719	13925
14169	14424
14651	14822
14903	14891
14787	14604
14351	14043
13643	13070
12167	10829
9139	7462
6278	5914
6354	7285
8324	9202
9810	10171
10353	10417
10405	10310
10118	9818
9437	9043
8750	8689
8973	9676
10781	12142
13500	14609
15336	15712
15831	15791
15630	15366
14998	14555
14065	13559
13040	12513
11971	11429
10916	10463
10095	9731
9546	8105
5563	5691
5837	6051
6237	6359
6415	6430
6421	6371
6248	6029
5712	5325
4913	4510
4138	3804
3527	3311
3160	3063
3005	2953
2896	2819
2736	2656
2585	2526
2477	2451
2490	2689
3197	4166
5619	7386
9134	10562
11545	12145
12494	12703
12838	12941
13046	13176
13347	13566
13831	14120
14412	14670
14859	14962
14969	14886
14722	14493
14212	13882
13462	12851
11886	10477
8750	7090
5964	5655
6116	7049
8089	8980
9622	10027
10260	10385
10440	10426
10306	10054
9676	9243
8879	8723
8893	9475
10470	11775
13156	14348
15185	15649
15839	15850
15742	15534
15236	14860
14433	13980
13510	13018
12496	11956
11414	10912
10475	10052
9809	8436
6021	6052
6125	6232
6336	6406
6441	6458
6469	6456
6401	6267
6050	5754
5403	5021
4638	4273
3945	3672
3465	3318
3217	3136
3061	2977
2884	2786
2697	2626
2576	2563
2631	2874
3432	4425
5840	7491
9082	10371
11272	11846
12197	12421
12570	12697
12828	13005
13244	13547
13889	14237
14545	14776
14907	14932
14865	14719
14512	14256
13966	13634
13212	12573
11558	10094
8361	6764
5746	5532
6032	6945
7951	8819
9461	9889
10160	10333
10438	10476
10410	10196
9833	9388
8988	8771
8852	9314
10187	11404
12775	14032
14975	15545
15808	15874
15815	15660
15424	15112
14744	14340
13915	13461
12970	12442
11903	11376
10902	10426
10136	8788
6419	6349
6356	6364
6400	6432
6454	6472
6491	6501
6481	6409
6273	6068
5803	5490
5146	4793
4453	4151
3899	3699
3546	3423
3316	3209
3096	2983
2875	2792
2745	2758
2868	3174
3790	4795
6134	7627
9025	10158
10984	11547
11925	12174
12344	12483
12636	12845
13131	13487
13877	14245
14539	14726
14794	14751
14624	14431
14194	13929
13642	13320
12897	12230
11160	9655
7941	6446
5573	5478
6027	6927
7886	8711
9333	9768
10063	10270
10412	10489
10456	10272
9930	9495
9085	8838
8852	9212
9953	11055
12373	13668
14705	15384
15736	15866
15856	15753
15572	15318
15005	14650
14262	13843
13379	12880
12352	11828
11330	10822
10494	9123
6703	6552
6506	6441
6425	6436
6453	6475
6498	6515
6511	6474
6391	6262
6084	5860
5595	5305
5003	4711
4441	4213
4018	3852
3704	3562
3421	3279
3148	3048
3004	3039
3202	3566
4215	5178
6380	7652
8824	9801
10568	11150
11580	11885
12097	12263
12440	12678
12996	13381
13778	14130
14385	14524
14535	14444
14271	14053
13809	13551
13278	12964
12518	11794
10655	9115
7446	6081
5370	5409
6025	6927
7852	8638
9241	9676
9987	10214
10379	10472
10459	10299
9983	9569
9169	8910
8885	9154
9768	10735
11963	13255
14368	15163
15619	15829
15874	15816
15685	15480
15219	14908
14555	14164
13731	13257
12756	12242
11741	11212
10855	9412
6863	6655
6576	6462
6424	6422
6441	6466
6493	6510
6510	6485
6435	6357
6247	6106
5932	5728
5500	5260
5022	4795
4587	4396
4219	4050
3878	3701
3531	3394
3329	3370
3561	3948
4569	5410
6387	7384
8311	9132
9853	10475
10995	11396
11697	11934
12173	12464
12814	13202
13577	13886
14092	14181
14156	14033
13841	13616
13380	13144
12892	12566
12061	11233
9995	8429
6842	5634
5102	5278
5969	6891
7808	8581
9181	9624
9946	10184
10353	10448
10438	10293
10001	9616
9238	8980
8925	9123
9617	10440
11549	12798
13963	14874
15456	15756
15866	15855
15765	15607
15390	15119
14799	14434
14029	13580
13100	12606
12109	11558
11173	9632
6915	6674
6581	6446
6398	6392
6416	6441
6469	6481
6484	6463
6427	6379
6316	6237
6140	6022
5878	5712
5533	5347
5159	4977
4797	4616
4421	4206
3976	3772
3646	3652
3820	4161
4667	5300
5991	6689
7371	8047
8728	9397
10014	10549
10993	11375
11748	12136
12544	12940
13280	13535
13689	13739
13687	13549
13357	13144
12934	12727
12482	12114
11501	10524
9173	7605
6141	5125
4777	5082
5845	6800
7731	8523
9140	9605
9943	10186
10348	10431
10414	10274
10003	9647
9296	9047
8970	9104
9489	10166
11132	12304
13494	14514
15233	15648
15833	15871
15814	15697
15516	15281
14992	14653
14267	13843
13386	12910
12418	11844
11415	9768
6898	6648
6551	6413
6362	6361
6385	6412
6433	6445
6444	6428
6400	6366
6330	6289
6243	6187
6115	6017
5902	5769
5626	5477
5320	5147
4943	4688
4387	4085
3859	3780
3864	4090
4417	4802
5206	5630
6094	6634
7255	7937
8633	9305
9936	10533
11111	11669
12179	12603
12920	13129
13241	13258
13186	13044
12866	12679
12505	12318
12060	11610
10845	9699
8246	6717
5414	4612
4436	4844
5655	6644
7608	8440
9104	9611
9974	10223
10375	10439
10408	10268
10016	9692
9369	9127
9028	9106
9386	9919
10734	11801
12993	14110
14970	15512
15781	15867
15844	15751
15599	15395
15132	14818
14451	14046
13609	13143
12648	12038
11527	9795
6850	6600
6509	6378
6331	6331
6354	6378
6395	6401
6401	6387
6366	6342
6320	6299
6286	6269
6242	6194
6127	6039
5937	5826
5699	5548
5343	5053
4675	4266
3928	3737
3701	3785
3930	4097
4279	4498
4797	5211
5749	6398
7122	7898
8710	9544
10370	11133
11772	12253
12567	12747
12823	12817
12734	12594
12433	12280
12137	11962
11665	11112
10189	8889
7373	5915
4789	4176
4133	4605
5443	6451
7456	8339
9062	9618
10017	10276
10421	10468
10424	10283
10050	9755
9459	9226
9109	9132
9322	9727
10400	11363
12537	13727
14712	15372
15721	15852
15855	15780
15649	15464
15222	14924
14577	14187
13765	13310
12801	12132
11499	9713
6806	6559
6476	6351
6308	6310
6332	6351
6364	6370
6370	6358
6342	6325
6309	6301
6301	6301
6296	6275
6234	6174
6099	6016
5912	5777
5570	5256
4825	4338
3906	3617
3482	3452
3466	3499
3552	3655
3851	4170
4628	5222
5937	6770
7709	8726
9752	10689
11448	11980
12301	12469
12529	12506
12414	12279
12133	12006
11885	11714
11379	10738
9693	8293
6750	5360
4368	3885
3925	4426
5270	6291
7325	8253
9025	9622
10048	10322
10465	10502
10451	10310
10093	9820
9543	9315
9181	9165
9295	9608
10179	11061
12214	13449
14521	15266
15675	15837
15857	15793
15673	15498
15270	14986
14648	14268
13856	13405
12880	12031
11392	7257
