6726	6661
6669	6611
6584	6528
6478	6415
6352	6285
6217	6157
6096	6050
6015	5992
5987	5999
6026	6063
6111	6159
6203	6241
6268	6286
6279	6264
6232	6189
6142	6095
6049	6014
5990	5989
6001	6033
6082	6151
6228	6317
6419	6527
6641	6760
6885	7010
7142	7272
7405	7550
7695	7864
8055	8268
8525	8824
9163	9552
9987	10462
10964	11481
11999	12509
12986	13427
13819	14150
14420	14627
14772	14852
14877	14844
14765	14642
14477	14290
14076	13852
13622	13399
13190	13005
12852	12732
12649	12593
12572	12566
12570	12572
12558	12523
12463	12366
12236	12069
11873	11647
11396	11120
10833	10507
10216	9799
9581	8992
9001	8157
6726	6661
6669	6610
6583	6526
6476	6412
6351	6285
6219	6159
6101	6056
6024	6004
6001	6016
6043	6082
6131	6182
6228	6270
6300	6316
6316	6302
6277	6240
6192	6149
6106	6077
6059	6057
6076	6108
6158	6223
6303	6394
6489	6592
6702	6816
6934	7054
7175	7302
7434	7571
7722	7888
8079	8303
8561	8868
9215	9613
10051	10529
11030	11541
12057	12554
13021	13447
13820	14138
14393	14583
14708	14777
14789	14746
14660	14532
14369	14180
13973	13757
13539	13329
13139	12970
12832	12724
12654	12611
12597	12590
12596	12593
12576	12537
12468	12362
12226	12053
11848	11620
11364	11086
10798	10475
10183	9771
9555	8972
8983	8145
6724	6661
6665	6609
6580	6524
6475	6411
6347	6284
6220	6161
6106	6062
6032	6017
6017	6033
6063	6108
6157	6214
6263	6310
6344	6363
6371	6362
6337	6305
6267	6226
6190	6166
6149	6151
6166	6207
6257	6323
6398	6485
6579	6679
6782	6891
7000	7112
7226	7345
7472	7610
7757	7926
8119	8346
8614	8925
9285	9687
10132	10607
11111	11619
12121	12607
13059	13463
13818	14113
14347	14515
14624	14674
14672	14619
14523	14389
14229	14041
13844	13638
13438	13249
13073	12924
12807	12721
12665	12635
12625	12629
12631	12624
12604	12552
12471	12357
12207	12026
11817	11578
11319	11040
10753	10432
10146	9737
9524	8947
8960	8128
6722	6660
6664	6605
6578	6522
6470	6407
6345	6285
6222	6163
6112	6072
6045	6032
6037	6058
6092	6140
6196	6254
6309	6362
6406	6432
6443	6441
6428	6401
6367	6333
6305	6282
6272	6276
6296	6332
6383	6444
6519	6603
6690	6785
6880	6981
7085	7190
7298	7408
7529	7661
7805	7974
8171	8406
8681	9000
9365	9774
10222	10704
11200	11702
12193	12660
13091	13474
13803	14072
14281	14427
14511	14542
14521	14456
14350	14214
14056	13875
13688	13500
13319	13150
13000	12877
12782	12716
12676	12663
12661	12664
12664	12651
12621	12559
12467	12339
12176	11986
11765	11521
11259	10979
10696	10374
10093	9690
9484	8914
8932	8109
6718	6654
6657	6601
6573	6515
6464	6404
6345	6283
6223	6167
6117	6083
6059	6052
6062	6088
6131	6181
6244	6308
6375	6432
6481	6518
6543	6550
6545	6525
6503	6473
6450	6431
6425	6434
6452	6487
6535	6596
6667	6743
6826	6911
7002	7095
7187	7282
7380	7485
7597	7726
7868	8037
8241	8478
8758	9084
9459	9876
10329	10806
11294	11786
12262	12709
13115	13473
13772	14011
14192	14307
14369	14379
14340	14260
14148	14011
13854	13685
13514	13344
13187	13048
12926	12832
12762	12720
12702	12697
12699	12704
12701	12681
12636	12558
12451	12306
12131	11926
11695	11446
11181	10902
10620	10306
10031	9637
9439	8879
8898	8090
6716	6648
6654	6595
6566	6509
6460	6400
6341	6279
6221	6170
6127	6094
6078	6075
6089	6123
6170	6230
6300	6379
6452	6524
6582	6634
6669	6689
6698	6688
6674	6652
6633	6620
6612	6621
6638	6669
6714	6771
6833	6904
6979	7056
7136	7219
7304	7391
7480	7576
7682	7803
7945	8118
8321	8563
8848	9182
9560	9982
10434	10907
11387	11865
12319	12745
13123	13450
13717	13924
14071	14160
14197	14180
14126	14036
13920	13785
13636	13482
13330	13186
13056	12946
12858	12794
12753	12732
12729	12735
12744	12743
12732	12696
12636	12541
12413	12254
12062	11846
11609	11352
11086	10811
10534	10227
9963	9576
9386	8836
8864	8063
6707	6641
6645	6588
6557	6502
6452	6395
6333	6278
6222	6175
6133	6110
6095	6101
6122	6162
6218	6289
6369	6458
6546	6632
6710	6777
6828	6864
6881	6889
6884	6872
6854	6844
6837	6841
6853	6881
6915	6963
7018	7080
7145	7215
7283	7357
7430	7509
7589	7677
7777	7898
8034	8204
8408	8656
8944	9281
9664	10084
10530	10997
11466	11925
12357	12752
13102	13397
13631	13804
13922	13976
13988	13956
13885	13787
13673	13539
13403	13270
13143	13027
12930	12852
12799	12763
12750	12750
12762	12773
12782	12777
12754	12702
12622	12506
12357	12177
11973	11744
11499	11243
10976	10708
10437	10138
9883	9513
9331	8793
8824	8040
6703	6637
6641	6582
6549	6496
6445	6386
6332	6274
6221	6178
6144	6124
6116	6126
6158	6206
6272	6355
6449	6549
6653	6759
6854	6942
7012	7068
7104	7126
7132	7129
7117	7105
7098	7093
7098	7110
7137	7172
7218	7265
7315	7374
7433	7496
7561	7631
7702	7784
7880	7992
8129	8295
8499	8745
9033	9373
9753	10171
10609	11062
11517	11954
12361	12731
13048	13308
13509	13651
13733	13765
13753	13704
13625	13521
13409	13289
13170	13058
12962	12877
12816	12772
12753	12746
12757	12776
12797	12811
12815	12798
12757	12684
12580	12441
12276	12079
11858	11620
11370	11115
10853	10592
10332	10047
9805	9445
9276	8753
8790	8014
6694	6630
6631	6571
6542	6484
6436	6378
6323	6272
6221	6181
6153	6139
6139	6156
6196	6255
6331	6425
6532	6654
6775	6900
7020	7129
7223	7300
7356	7395
7416	7419
7412	7398
7383	7373
7364	7364
7372	7391
7417	7450
7490	7535
7582	7633
7685	7745
7809	7886
7972	8081
8212	8377
8579	8825
9112	9450
9822	10230
10659	11100
11532	11948
12328	12667
12949	13178
13347	13460
13515	13523
13493	13432
13348	13247
13142	13040
12943	12864
12793	12748
12722	12712
12724	12747
12775	12803
12829	12844
12838	12803
12742	12646
12517	12356
12169	11955
11724	11479
11229	10977
10725	10473
10226	9956
9729	9386
9228	8714
8762	7993
6687	6619
6617	6559
6530	6473
6425	6370
6315	6268
6223	6188
6163	6155
6160	6188
6234	6303
6392	6500
6624	6759
6904	7048
7193	7329
7448	7548
7631	7691
7724	7737
7735	7720
7699	7674
7650	7633
7624	7619
7626	7641
7660	7686
7720	7755
7800	7850
7905	7973
8054	8158
8286	8450
8648	8887
9170	9495
9862	10257
10669	11091
11502	11893
12246	12552
12809	13008
13148	13232
13264	13255
13212	13145
13060	12972
12881	12801
12732	12683
12651	12641
12653	12676
12712	12757
12800	12837
12860	12862
12839	12788
12698	12579
12423	12241
12034	11804
11566	11323
11073	10831
10590	10353
10123	9871
9659	9333
9185	8684
8738	7976
6675	6607
6608	6548
6518	6462
6414	6360
6308	6263
6222	6191
6173	6168
6184	6218
6274	6352
6451	6571
6711	6864
7029	7199
7365	7528
7676	7806
7912	7992
8046	8071
8075	8060
8029	7989
7949	7912
7878	7851
7836	7824
7824	7833
7846	7871
7898	7936
7985	8044
8120	8217
8339	8492
8684	8917
9191	9509
9860	10241
10635	11036
11422	11787
12116	12397
12625	12795
12909	12974
12990	12970
12920	12855
12778	12706
12635	12582
12548	12532
12540	12564
12607	12661
12722	12778
12831	12870
12883	12868
12823	12746
12631	12483
12307	12099
11880	11641
11398	11156
10919	10687
10464	10243
10034	9799
9604	9290
9158	8661
8724	7964
6666	6598
6599	6538
6510	6452
6406	6351
6304	6259
6225	6195
6183	6184
6204	6247
6309	6397
6505	6640
6791	6963
7144	7340
7534	7724
7900	8060
8191	8294
8369	8410
8420	8402
8365	8316
8255	8194
8135	8080
8037	8003
7978	7961
7958	7962
7975	8003
8038	8087
8156	8246
8360	8507
8688	8915
9179	9478
9814	10173
10551	10927
11292	11631
11933	12188
12392	12542
12639	12689
12696	12669
12624	12567
12509	12456
12414	12391
12393	12415
12460	12516
12592	12667
12744	12813
12865	12892
12889	12855
12784	12679
12537	12358
12158	11937
11701	11462
11221	10987
10764	10550
10347	10148
9960	9742
9563	9262
9140	8650
8719	7953
6655	6581
6587	6523
6497	6439
6396	6341
6298	6253
6223	6198
6189	6196
6222	6269
6340	6432
6552	6693
6858	7041
7242	7453
7674	7888
8095	8280
8444	8578
8673	8732
8751	8741
8700	8639
8561	8480
8396	8314
8241	8177
8125	8083
8054	8040
8032	8045
8065	8102
8161	8243
8348	8486
8659	8869
9119	9404
9721	10061
10416	10767
11108	11424
11703	11938
12123	12258
12345	12386
12388	12371
12333	12291
12254	12227
12221	12237
12277	12332
12411	12501
12599	12693
12780	12850
12894	12909
12883	12821
12720	12584
12411	12210
11992	11754
11515	11278
11044	10825
10617	10428
10246	10074
9902	9705
9539	9249
9135	8647
8719	7953
6643	6572
6574	6515
6486	6429
6387	6335
6290	6252
6221	6202
6197	6208
6238	6289
6364	6461
6584	6734
6908	7100
7315	7541
7780	8022
8255	8471
8665	8826
8947	9025
9063	9058
9017	8947
8855	8755
8648	8540
8438	8343
8263	8194
8141	8101
8074	8065
8070	8096
8139	8205
8304	8428
8589	8788
9017	9285
9584	9903
10231	10564
10881	11177
11436	11656
11826	11952
12034	12077
12085	12075
12055	12038
12027	12039
12063	12115
12191	12284
12392	12512
12626	12734
12821	12884
12914	12906
12855	12763
12628	12461
12262	12041
11801	11563
11320	11087
10870	10670
10487	10322
10167	10017
9865	9687
9536	9249
9140	8652
8723	7954
6633	6559
6563	6500
6474	6420
6378	6328
6286	6246
6219	6203
6201	6213
6246	6299
6379	6478
6603	6752
6930	7131
7354	7597
7850	8112
8368	8612
8836	9025
9175	9278
9335	9343
9305	9234
9133	9016
8888	8761
8632	8508
8399	8302
8217	8148
8098	8068
8053	8063
8089	8142
8228	8338
8486	8665
8881	9130
9406	9704
10012	10320
10620	10897
11141	11346
11513	11634
11718	11766
11790	11800
11801	11810
11833	11875
11941	12033
12140	12269
12406	12543
12671	12783
12868	12918
12924	12890
12807	12682
12516	12319
12095	11854
11608	11363
11129	10907
10713	10536
10381	10240
10111	9984
9855	9688
9544	9263
9149	8659
8722	7953
6620	6547
6552	6491
6465	6409
6369	6320
6280	6243
6219	6204
6200	6217
6250	6304
6381	6483
6607	6755
6931	7132
7360	7609
7874	8150
8429	8703
8954	9175
9352	9482
9560	9586
9560	9493
9393	9266
9122	8973
8818	8671
8531	8404
8292	8196
8117	8061
8022	8010
8022	8060
8126	8224
8353	8520
8715	8945
9202	9479
9767	10056
10336	10598
10834	11034
11197	11320
11408	11470
11513	11545
11576	11619
11674	11755
11856	11983
12127	12283
12440	12593
12727	12838
12913	12941
12926	12857
12744	12584
12388	12160
11914	11659
11407	11166
10943	10742
10567	10422
10293	10183
10080	9972
9858	9703
9557	9282
9155	8667
8702	7948
6611	6538
6543	6481
6454	6400
6361	6315
6273	6239
6217	6201
6201	6217
6250	6302
6376	6474
6593	6737
6908	7107
7332	7583
7856	8146
8442	8734
9014	9263
9472	9630
9734	9781
9770	9714
9614	9486
9334	9168
8998	8827
8663	8506
8362	8237
8130	8046
7983	7947
7939	7959
8005	8089
8203	8351
8533	8744
8981	9238
9506	9780
10047	10294
10522	10718
10885	11016
11116	11196
11258	11320
11381	11456
11550	11668
11804	11962
12136	12316
12494	12652
12791	12891
12950	12957
12909	12809
12662	12471
12245	11994
11731	11467
11215	10979
10771	10594
10446	10327
10231	10148
10066	9979
9877	9727
9581	9299
9150	8665
8663	7928
6598	6525
6529	6469
6443	6389
6350	6307
6269	6234
6212	6199
6198	6215
6245	6295
6363	6456
6566	6701
6864	7059
7278	7524
7800	8098
8411	8721
9023	9301
9540	9729
9858	9928
9938	9896
9807	9681
9526	9353
9167	8977
8789	8607
8434	8281
8144	8034
7944	7882
7854	7853
7885	7952
8046	8179
8343	8537
8756	8998
9251	9511
9764	10009
10227	10426
10595	10732
10852	10949
11038	11128
11221	11331
11460	11610
11780	11970
12166	12366
12551	12719
12853	12941
12981	12962
12887	12756
12577	12354
12098	11826
11550	11282
11029	10806
10618	10464
10343	10252
10184	10130
10073	9997
9902	9754
9597	9310
9128	8649
8584	7897
6587	6515
6520	6460
6433	6382
6344	6299
6261	6232
6209	6194
6195	6207
6236	6282
6346	6428
6532	6659
6812	6992
7203	7448
7722	8022
8343	8672
8993	9295
9562	9777
9935	10033
10065	10043
9964	9844
9692	9516
9321	9114
8908	8705
8507	8327
8159	8019
7905	7824
7771	7750
7764	7813
7898	8011
8160	8340
8546	8771
9010	9255
9500	9737
9955	10155
10331	10486
10617	10739
10855	10970
11095	11237
11396	11579
11776	11991
12209	12423
12618	12788
12911	12984
13003	12961
12858	12696
12485	12233
11959	11668
11382	11110
10868	10656
10489	10355
10266	10201
10161	10126
10089	10025
9934	9782
9605	9311
9081	8618
8462	7849
6579	6506
6512	6451
6427	6377
6339	6295
6259	6227
6203	6191
6189	6199
6227	6265
6322	6399
6490	6610
6749	6920
7121	7359
7630	7933
8260	8598
8941	9262
9553	9795
9982	10100
10151	10150
10086	9977
9832	9654
9454	9243
9019	8791
8573	8366
8178	8013
7874	7771
7697	7660
7656	7691
7758	7864
7995	8164
8357	8568
8796	9032
9270	9503
9723	9926
10110	10278
10428	10569
10705	10848
11000	11168
11356	11562
11790	12024
12258	12483
12680	12845
12965	13023
13019	12953
12823	12632
12398	12126
11829	11529
11234	10964
10725	10531
10377	10272
10205	10166
10148	10135
10107	10056
9958	9806
9599	9300
9008	8571
8297	7784
6572	6499
6506	6444
6421	6371
6335	6289
6255	6224
6199	6188
6186	6192
6214	6249
6303	6366
6454	6559
6689	6850
7042	7270
7542	7841
8171	8522
8874	9215
9525	9788
9995	10138
10214	10226
10178	10081
9943	9767
9567	9347
9109	8872
8633	8407
8194	8010
7851	7725
7637	7584
7565	7585
7644	7733
7856	8014
8192	8400
8618	8848
9079	9309
9529	9739
9930	10106
10273	10430
10589	10753
10929	11123
11334	11566
11808	12059
12305	12534
12735	12895
13006	13051
13028	12943
12790	12579
12319	12029
11719	11404
11107	10841
10611	10427
10294	10208
10162	10146
10143	10149
10131	10083
9982	9820
9587	9278
8915	8508
8106	7707
6565	6493
6500	6438
6417	6365
6330	6286
6252	6217
6198	6182
6179	6186
6203	6237
6281	6341
6420	6516
6638	6788
6971	7193
7456	7755
8088	8445
8806	9162
9488	9771
9995	10156
10248	10275
10245	10159
10026	9857
9654	9429
9188	8938
8685	8440
8213	8007
7833	7694
7587	7519
7492	7503
7546	7632
7747	7893
8068	8264
8479	8703
8932	9159
9381	9593
9791	9978
10158	10328
10504	10685
10879	11093
11324	11569
11829	12089
12346	12578
12780	12935
13038	13069
13037	12931
12761	12530
12254	11948
11629	11306
11008	10742
10522	10349
10232	10159
10130	10131
10147	10162
10152	10091
9998	9716
9564	8781
8817	7066
7905	4744
