16276	16276
16276	16276
16276	16276
16276	16276
16276	16276
16276	16276
16276	16276
16276	16276
16276	16276
16276	16276
16276	16276
16276	16276
16276	16276
16276	16275
16274	16269
16262	16248
16230	16202
16154	16048
15799	15260
14310	12963
11458	10138
9243	8769
8551	8423
8296	8127
7886	7563
7202	6893
6721	6649
6550	6349
6132	6061
6214	6508
6769	6874
6785	6544
6247	6028
6046	6407
7094	7968
8825	9517
9986	10264
10415	10501
10557	10602
10644	10690
10732	10756
10717	10545
10170	9572
8808	8001
7298	6825
6624	6669
6875	7143
7409	7641
7843	8020
8175	8314
8441	8554
8661	8760
8861	8953
9037	9112
9183	9247
9304	9366
9451	9566
9697	9830
9946	10044
10124	10197
10267	10341
10414	10487
10556	10613
10640	10620
10533	10361
10075	9645
9044	8280
7400	6482
5617	4874
4293	3884
3632	3504
3463	3458
3469	3476
3482	3484
3491	3508
3538	3600
3737	4024
4566	5429
6586	7892
9136	10136
10796	11100
11069	10751
10247	9762
9528	9656
9987	10244
10307	10310
10464	10818
11241	11565
11719	11717
11596	11388
11173	11119
11447	12249
13356	14449
15259	15731
15959	16065
16125	16175
16214	16244
16262	16272
16275	16276
16276	16276
16276	16276
16276	16276
16276	16276
16276	16276
16276	16276
16276	16276
16276	16276
16276	16276
16276	16276
16276	16276
16276	16276
16276	16276
16276	16276
16276	16276
16276	16276
16276	16276
16276	16276
16276	16276
16276	16276
16276	16276
16276	16276
16276	16276
16276	16276
16276	16276
16276	16276
16276	16276
16276	16276
16274	16270
16262	16249
16231	16205
16166	16080
15871	15407
14559	13298
11813	10430
9425	8858
8593	8456
8331	8168
7944	7646
7300	6986
6776	6677
6595	6438
6233	6108
6166	6374
6593	6689
6608	6403
6190	6118
6311	6811
7547	8365
9109	9682
10063	10293
10421	10498
10553	10596
10640	10682
10726	10754
10742	10627
10362	9913
9309	8627
7975	7445
7096	6939
6942	7055
7227	7420
7618	7809
7986	8152
8313	8462
8601	8729
8844	8945
9034	9109
9179	9240
9299	9365
9454	9568
9696	9817
9920	10004
10073	10134
10190	10247
10296	10334
10350	10341
10287	10177
9981	9682
9263	8718
8053	7298
6505	5736
5050	4487
4061	3765
3581	3485
3454	3450
3462	3470
3479	3483
3489	3502
3526	3570
3667	3877
4295	5000
6002	7208
8448	9530
10315	10727
10760	10483
10045	9678
9577	9773
10080	10284
10337	10390
10596	10958
11340	11616
11731	11700
11548	11321
11125	11154
11602	12492
13615	14650
15384	15796
15989	16078
16132	16177
16215	16245
16262	16272
16275	16276
16276	16276
16276	16276
16276	16276
16276	16276
16276	16276
16276	16276
16276	16276
16276	16276
16276	16276
16276	16276
16276	16276
16276	16276
16276	16276
16276	16276
16276	16276
16276	16276
16276	16276
16276	16276
16276	16276
16276	16276
16276	16276
16276	16276
16276	16276
16276	16276
16276	16276
16276	16276
16276	16276
16276	16275
16273	16269
16263	16250
16234	16216
16186	16126
15969	15606
14897	13774
12346	10903
9751	9037
8683	8516
8388	8233
8029	7763
7445	7125
6876	6736
6662	6557
6385	6210
6140	6213
6345	6412
6362	6248
6207	6363
6779	7421
8169	8883
9467	9886
10156	10322
10424	10491
10545	10588
10632	10675
10717	10754
10765	10719
10577	10306
9910	9418
8878	8350
7886	7524
7290	7177
7174	7252
7384	7538
7703	7877
8072	8280
8485	8666
8818	8936
9025	9095
9150	9198
9248	9315
9404	9515
9632	9736
9821	9881
9924	9960
9986	10001
9996	9959
9884	9765
9593	9350
9014	8570
8017	7380
6703	6028
5394	4841
4387	4041
3796	3627
3524	3467
3445	3444
3456	3466
3475	3479
3487	3496
3511	3535
3588	3712
3981	4482
5261	6293
7467	8607
9523	10079
10233	10071
9793	9621
9692	9945
10204	10343
10406	10528
10793	11145
11468	11671
11732	11652
11462	11226
11094	11273
11894	12892
14005	14945
15562	15889
16035	16104
16147	16185
16219	16244
16262	16271
16274	16276
16276	16276
16276	16276
16276	16276
16276	16276
16276	16276
16276	16276
16276	16276
16276	16276
16276	16276
16276	16276
16276	16276
16276	16276
16276	16276
16276	16276
16276	16276
16276	16276
16276	16276
16276	16276
16276	16276
16276	16276
16276	16276
16276	16276
16276	16276
16276	16276
16276	16276
16276	16276
16276	16276
16276	16276
16274	16270
16264	16256
16244	16229
16210	16171
16067	15803
15249	14300
12989	11532
10245	9347
8846	8606
8457	8308
8123	7890
7608	7298
7018	6829
6735	6663
6536	6344
6170	6091
6101	6132
6149	6204
6402	6816
7426	8136
8819	9379
9788	10058
10231	10345
10423	10482
10530	10576
10620	10666
10711	10752
10781	10787
10744	10627
10420	10126
9753	9324
8863	8410
8008	7689
7480	7373
7351	7379
7446	7562
7753	8012
8303	8571
8782	8922
9009	9052
9066	9070
9090	9143
9227	9331
9429	9512
9570	9603
9610	9591
9555	9489
9390	9246
9050	8803
8505	8144
7701	7170
6569	5950
5364	4848
4426	4097
3857	3693
3587	3522
3480	3454
3443	3445
3455	3466
3473	3479
3485	3492
3500	3510
3530	3588
3734	4041
4581	5381
6397	7497
8482	9181
9521	9585
9565	9640
9856	10117
10305	10403
10508	10715
11020	11341
11584	11706
11697	11564
11344	11146
11149	11532
12341	13415
14468	15272
15759	15998
16098	16142
16174	16203
16230	16251
16265	16272
16275	16276
16276	16276
16276	16276
16276	16276
16276	16276
16276	16276
16276	16276
16276	16276
16276	16276
16276	16276
16276	16276
16276	16276
16276	16276
16276	16276
16276	16276
16276	16276
16276	16276
16276	16276
16276	16276
16276	16276
16276	16276
16276	16276
16276	16276
16276	16276
16276	16276
16276	16276
16276	16276
16276	16276
16276	16276
16274	16272
16267	16261
16252	16246
16234	16210
16143	15963
15555	14804
13671	12285
10914	9824
9124	8746
8545	8392
8225	8024
7775	7488
7196	6954
6807	6730
6641	6478
6265	6077
5980	5989
6113	6388
6844	7462
8162	8828
9370	9759
10015	10173
10278	10355
10416	10467
10515	10562
10610	10656
10703	10748
10790	10824
10840	10820
10749	10614
10413	10139
9794	9396
8973	8563
8208	7927
7712	7539
7408	7361
7456	7719
8087	8454
8738	8907
8974	8958
8891	8807
8761	8780
8853	8950
9038	9106
9142	9138
9089	8994
8848	8659
8431	8159
7849	7503
7129	6718
6258	5752
5231	4742
4333	4016
3791	3639
3546	3493
3468	3457
3453	3449
3449	3453
3461	3469
3475	3480
3485	3490
3495	3499
3503	3523
3587	3750
4079	4634
5425	6376
7345	8160
8736	9113
9414	9719
10010	10223
10349	10461
10644	10921
11233	11501
11666	11711
11631	11450
11238	11143
11348	11965
12918	13995
14929	15576
15934	16098
16163	16188
16207	16226
16244	16258
16268	16273
16276	16276
16276	16276
16276	16276
16276	16276
16276	16276
16276	16276
16276	16276
16276	16276
16276	16276
16276	16276
16276	16276
16276	16276
16276	16276
16276	16276
16276	16276
16276	16276
16276	16276
16276	16276
16276	16276
16276	16276
16276	16276
16276	16276
16276	16276
16276	16276
16276	16276
16276	16276
16276	16276
16276	16276
16276	16276
16276	16273
16273	16268
16264	16258
16253	16239
16198	16080
15795	15238
14328	13100
11733	10483
9548	8975
8666	8487
8329	8153
7938	7680
7393	7114
6898	6770
6687	6574
6401	6209
6087	6131
6389	6865
7503	8205
8865	9398
9775	10012
10151	10238
10300	10356
10408	10456
10502	10551
10600	10649
10697	10748
10797	10846
10890	10921
10921	10887
10812	10689
10500	10245
9925	9562
9189	8831
8476	8105
7726	7418
7314	7489
7886	8336
8687	8880
8912	8811
8619	8408
8276	8263
8347	8466
8572	8642
8672	8641
8533	8328
8029	7666
7271	6870
6473	6091
5719	5350
4974	4593
4235	3932
3709	3564
3479	3431
3408	3407
3414	3428
3438	3446
3452	3460
3468	3472
3477	3480
3484	3489
3492	3494
3493	3497
3518	3591
3768	4112
4670	5439
6338	7248
8077	8783
9365	9805
10087	10241
10357	10534
10803	11121
11409	11612
11705	11680
11548	11352
11206	11285
11731	12546
13570	14563
15333	15818
16069	16175
16211	16227
16237	16247
16259	16266
16272	16275
16276	16276
16276	16276
16276	16276
16276	16276
16276	16276
16276	16276
16276	16276
16276	16276
16276	16276
16276	16276
16276	16276
16276	16276
16276	16276
16276	16276
16276	16276
16276	16276
16276	16276
16276	16276
16276	16276
16276	16276
16276	16276
16276	16276
16276	16276
16276	16276
16276	16276
16276	16276
16276	16276
16276	16276
16276	16276
16276	16276
16273	16273
16271	16270
16266	16257
16231	16152
15968	15580
14904	13892
12621	11294
10150	9340
8864	8608
8438	8277
8092	7866
7600	7307
7033	6832
6712	6640
6557	6468
6445	6600
6987	7580
8264	8914
9441	9810
10038	10165
10234	10277
10318	10361
10405	10451
10497	10544
10593	10643
10695	10748
10801	10858
10914	10963
10998	11016
11015	10992
10934	10824
10651	10420
10144	9825
9439	8946
8344	7751
7383	7396
7754	8238
8637	8836
8826	8627
8303	7980
7795	7809
7966	8166
8333	8446
8494	8460
8295	7966
7474	6880
6273	5722
5258	4879
4566	4296
4051	3826
3635	3496
3412	3375
3363	3363
3365	3376
3391	3409
3426	3441
3452	3462
3470	3474
3478	3481
3485	3489
3493	3494
3493	3490
3491	3518
3605	3814
4213	4844
5700	6712
7753	8692
9413	9865
10090	10221
10390	10659
10991	11305
11539	11670
11695	11618
11463	11311
11308	11614
12286	13223
14214	15057
15646	15988
16157	16225
16246	16255
16258	16264
16268	16273
16274	16276
16276	16276
16276	16276
16276	16276
16276	16276
16276	16276
16276	16276
16276	16276
16276	16276
16276	16276
16276	16276
16276	16276
16276	16276
16276	16276
16276	16276
16276	16276
16276	16276
16276	16276
16276	16276
16276	16276
16276	16276
16276	16276
16276	16276
16276	16276
16276	16276
16276	16276
16276	16276
16276	16276
16276	16276
16276	16276
16276	16276
16276	16276
16276	16274
16272	16267
16247	16198
16076	15822
15348	14577
13487	12193
10914	9877
9184	8786
8559	8393
8228	8034
7802	7527
7231	6965
6782	6705
6710	6774
6935	7254
7751	8366
8980	9489
9849	10073
10197	10262
10295	10316
10340	10371
10409	10448
10494	10540
10589	10639
10691	10747
10804	10863
10924	10980
11027	11068
11108	11141
11161	11151
11097	10999
10853	10642
10312	9786
9040	8214
7593	7424
7703	8181
8591	8788
8735	8459
8051	7687
7550	7698
8025	8374
8652	8837
8934	8915
8715	8268
7570	6708
5831	5072
4500	4102
3839	3658
3524	3421
3352	3311
3303	3315
3335	3349
3356	3364
3375	3392
3410	3429
3443	3457
3464	3471
3477	3481
3485	3489
3494	3494
3494	3491
3488	3501
3560	3724
4074	4689
5588	6703
7861	8861
9550	9915
10091	10251
10511	10852
11194	11461
11622	11677
11636	11523
11389	11355
11565	12113
12955	13914
14787	15446
15867	16100
16207	16250
16263	16268
16270	16273
16274	16276
16276	16276
16276	16276
16276	16276
16276	16276
16276	16276
16276	16276
16276	16276
16276	16276
16276	16276
16276	16276
16276	16276
16276	16276
16276	16276
16276	16276
16276	16276
16276	16276
16276	16276
16276	16276
16276	16276
16276	16276
16276	16276
16276	16276
16276	16276
16276	16276
16276	16276
16276	16276
16276	16276
16276	16276
16276	16276
16276	16276
16276	16276
16276	16276
16276	16276
16274	16271
16258	16220
16139	15977
15664	15112
14252	13094
11793	10584
9654	9054
8707	8501
8341	8182
7990	7753
7473	7179
6937	6809
6834	7017
7354	7838
8420	9011
9518	9880
10103	10229
10297	10333
10349	10359
10368	10388
10416	10452
10494	10538
10585	10636
10689	10745
10803	10863
10923	10981
11034	11091
11150	11212
11268	11309
11322	11310
11262	11154
10905	10406
9601	8630
7833	7517
7708	8158
8561	8747
8669	8360
7937	7631
7655	8042
8621	9173
9577	9842
9990	9998
9793	9273
8418	7315
6154	5128
4351	3837
3534	3370
3290	3252
3241	3244
3267	3297
3326	3344
3351	3354
3359	3373
3391	3410
3429	3443
3455	3462
3472	3478
3486	3488
3492	3492
3494	3492
3496	3523
3613	3831
4263	4989
6003	7193
8335	9220
9752	10010
10175	10406
10732	11088
11385	11579
11656	11634
11536	11406
11347	11497
11959	12725
13651	14546
15253	15732
16013	16165
16232	16263
16271	16276
16276	16276
16276	16276
16276	16276
16276	16276
16276	16276
16276	16276
16276	16276
16276	16276
16276	16276
16276	16276
16276	16276
16276	16276
16276	16276
16276	16276
16276	16276
16276	16276
16276	16276
16276	16276
16276	16276
16276	16276
16276	16276
16276	16276
16276	16276
16276	16276
16276	16276
16276	16276
16276	16276
16276	16276
16276	16276
16276	16276
16276	16276
16276	16276
16276	16276
16276	16276
16276	16276
16274	16272
16260	16232
16176	16069
15868	15501
14866	13916
12704	11415
10276	9437
8913	8617
8439	8297
8146	7958
7719	7440
7157	6962
6933	7131
7545	8131
8772	9357
9795	10077
10234	10320
10368	10396
10405	10402
10402	10410
10431	10460
10498	10539
10585	10634
10686	10741
10801	10860
10921	10981
11039	11103
11175	11255
11328	11382
11418	11438
11445	11398
11209	10749
9936	8905
8011	7602
7736	8162
8555	8736
8647	8338
7950	7760
8003	8671
9522	10272
10796	11116
11294	11328
11145	10638
9748	8528
7158	5859
4800	4051
3587	3337
3229	3195
3197	3216
3243	3279
3314	3335
3342	3341
3344	3354
3372	3392
3411	3426
3439	3449
3461	3474
3484	3489
3491	3492
3497	3507
3537	3612
3794	4155
4775	5682
6809	7976
8966	9630
9984	10179
10379	10665
11007	11319
11539	11647
11650	11559
11416	11310
11380	11752
12455	13368
14294	15060
15597	15925
16109	16203
16249	16266
16274	16276
16276	16276
16276	16276
16276	16276
16276	16276
16276	16276
16276	16276
16276	16276
16276	16276
16276	16276
16276	16276
16276	16276
16276	16276
16276	16276
16276	16276
16276	16276
16276	16276
16276	16276
16276	16276
16276	16276
16276	16276
16276	16276
16276	16276
16276	16276
16276	16276
16276	16276
16276	16276
16276	16276
16276	16276
16276	16276
16276	16276
16276	16276
16276	16276
16276	16276
16276	16276
16276	16276
16275	16272
16262	16240
16196	16125
15995	15761
15325	14600
13559	12300
11028	9962
9214	8774
8538	8396
8271	8125
7932	7686
7403	7150
7031	7139
7503	8081
8739	9342
9801	10094
10263	10360
10417	10448
10455	10448
10438	10441
10451	10475
10506	10543
10585	10630
10682	10737
10795	10851
10910	10969
11030	11099
11182	11271
11350	11408
11446	11474
11497	11476
11325	10891
10090	9041
8108	7658
7763	8173
8569	8747
8659	8358
8017	7941
8378	9283
10353	11261
11869	12220
12407	12460
12329	11918
11136	9980
8563	7084
5749	4690
3954	3509
3286	3198
3181	3194
3220	3254
3289	3313
3321	3321
3325	3337
3355	3376
3394	3410
3420	3434
3449	3467
3482	3491
3490	3497
3512	3549
3632	3811
4154	4733
5581	6647
7785	8800
9540	9979
10224	10419
10666	10970
11268	11497
11628	11664
11601	11463
11318	11299
11552	12151
13030	13995
14838	15451
15832	16048
16164	16226
16257	16270
16274	16276
16276	16276
16276	16276
16276	16276
16276	16276
16276	16276
16276	16276
16276	16276
16276	16276
16276	16276
16276	16276
16276	16276
16276	16276
16276	16276
16276	16276
16276	16276
16276	16276
16276	16276
16276	16276
16276	16276
16276	16276
16276	16276
16276	16276
16276	16276
16276	16276
16276	16276
16276	16276
16276	16276
16276	16276
16276	16276
16276	16276
16276	16276
16276	16276
16276	16276
16276	16276
16276	16276
16276	16274
16266	16248
16216	16160
16077	15927
15643	15128
14301	13170
11878	10644
9670	9031
8675	8490
8369	8252
8100	7894
7630	7357
7155	7130
7351	7805
8407	9021
9544	9929
10182	10340
10432	10480
10495	10489
10479	10474
10482	10497
10521	10551
10588	10632
10681	10734
10788	10843
10900	10957
11017	11088
11173	11264
11346	11406
11447	11479
11506	11493
11352	10932
10141	9093
8149	7682
7776	8178
8572	8753
8666	8371
8060	8065
8630	9691
10902	11904
12556	12916
13101	13174
13114	12841
12268	11330
10054	8569
7056	5706
4647	3920
3490	3282
3204	3188
3203	3229
3259	3285
3297	3303
3309	3323
3342	3364
3384	3396
3404	3417
3437	3461
3483	3492
3497	3513
3558	3655
3845	4192
4757	5572
6597	7697
8697	9458
9946	10237
10458	10694
10970	11239
11459	11596
11648	11613
11502	11359
11287	11436
11913	12704
13661	14571
15274	15727
15987	16124
16198	16240
16262	16272
16274	16276
16276	16276
16276	16276
16276	16276
16276	16276
16276	16276
16276	16276
16276	16276
16276	16276
16276	16276
16276	16276
16276	16276
16276	16276
16276	16276
16276	16276
16276	16276
16276	16276
16276	16276
16276	16276
16276	16276
16276	16276
16276	16276
16276	16276
16276	16276
16276	16276
16276	16276
16276	16276
16276	16276
16276	16276
16276	16276
16276	16276
16276	16276
16276	16276
16276	16276
16276	16276
16276	16276
16276	16274
16268	16255
16230	16191
16135	16038
15862	15516
14906	13976
12776	11480
10319	9452
8915	8621
8467	8357
8234	8060
7830	7565
7327	7190
7233	7495
7943	8506
9080	9581
9966	10232
10397	10485
10522	10528
10522	10516
10521	10528
10544	10569
10600	10638
10686	10736
10788	10839
10891	10944
11005	11073
11154	11239
11320	11383
11432	11469
11501	11490
11351	10935
10145	9101
8153	7677
7755	8148
8536	8711
8624	8331
8046	8101
8740	9883
11163	12209
12879	13243
13427	13514
13514	13385
13038	12387
11389	10074
8562	7039
5684	4634
3919	3504
3298	3220
3202	3216
3240	3264
3280	3289
3299	3315
3335	3357
3379	3393
3399	3408
3427	3456
3482	3501
3523	3573
3683	3897
4259	4826
5625	6616
7680	8650
9397	9889
10201	10445
10697	10969
11231	11437
11571	11620
11591	11495
11359	11272
11365	11754
12458	13371
14301	15073
15604	15915
16080	16167
16219	16248
16265	16272
16276	16276
16276	16276
16276	16276
16276	16276
16276	16276
16276	16276
16276	16276
16276	16276
16276	16276
16276	16276
16276	16276
16276	16276
16276	16276
16276	16276
16276	16276
16276	16276
16276	16276
16276	16276
16276	16276
16276	16276
16276	16276
16276	16276
16276	16276
16276	16276
16276	16276
16276	16276
16276	16276
16276	16276
16276	16276
16276	16276
16276	16276
16276	16276
16276	16276
16276	16276
16276	16276
16276	16276
16276	16274
16271	16260
16242	16213
16174	16112
16002	15785
15369	14667
13652	12418
11158	10080
9303	8831
8583	8453
8346	8204
8008	7776
7539	7346
7244	7296
7532	7954
8497	9076
9597	10004
10282	10448
10529	10562
10567	10565
10563	10568
10577	10596
10620	10656
10698	10746
10794	10843
10891	10943
10998	11063
11135	11213
11290	11356
11411	11458
11496	11489
11347	10924
10132	9082
8126	7629
7678	8041
8403	8567
8476	8201
7953	8060
8752	9945
11256	12315
12987	13345
13529	13630
13676	13648
13487	13109
12431	11412
10080	8559
7034	5689
4648	3942
3525	3316
3231	3216
3229	3253
3269	3282
3293	3310
3331	3356
3377	3393
3399	3408
3424	3454
3490	3531
3599	3731
3973	4369
4958	5748
6706	7723
8652	9369
9846	10150
10395	10660
10946	11217
11424	11554
11606	11578
11474	11325
11209	11253
11584	12236
13125	14063
14881	15473
15839	16034
16134	16191
16229	16252
16267	16273
16276	16276
16276	16276
16276	16276
16276	16276
16276	16276
16276	16276
16276	16276
16276	16276
16276	16276
16276	16276
16276	16276
16276	16276
16276	16276
16276	16276
16276	16276
16276	16276
16276	16276
16276	16276
16276	16276
16276	16276
16276	16276
16276	16276
16276	16276
16276	16276
16276	16276
16276	16276
16276	16276
16276	16276
16276	16276
16276	16276
16276	16276
16276	16276
16276	16276
16276	16276
16276	16276
16276	16276
16276	16275
16271	16265
16251	16233
16204	16164
16097	15965
15701	15218
14437	13371
12131	10903
9877	9162
8754	8559
8452	8337
8176	7983
7774	7570
7389	7276
7300	7519
7936	8495
9091	9626
10040	10321
10484	10565
10599	10607
10609	10613
10619	10631
10652	10683
10721	10764
10809	10855
10903	10952
11001	11060
11125	11195
11264	11331
11392	11447
11491	11486
11343	10916
10122	9066
8089	7542
7522	7815
8132	8276
8198	7964
7784	7972
8733	9960
11282	12341
13004	13357
13538	13643
13714	13745
13706	13537
13151	12464
11434	10095
8572	7052
5714	4671
3959	3535
3322	3243
3232	3248
3266	3279
3290	3307
3329	3354
3377	3392
3403	3412
3432	3470
3531	3629
3798	4084
4531	5162
5968	6895
7850	8713
9382	9830
10119	10355
10615	10909
11193	11415
11551	11610
11590	11494
11333	11175
11145	11385
11971	12843
13815	14691
15345	15760
15989	16102
16162	16201
16231	16252
16266	16273
16276	16276
16276	16276
16276	16276
16276	16276
16276	16276
16276	16276
16276	16276
16276	16276
16276	16276
16276	16276
16276	16276
16276	16276
16276	16276
16276	16276
16276	16276
16276	16276
16276	16276
16276	16276
16276	16276
16276	16276
16276	16276
16276	16276
16276	16276
16276	16276
16276	16276
16276	16276
16276	16276
16276	16276
16276	16276
16276	16276
16276	16276
16276	16276
16276	16276
16276	16276
16276	16276
16276	16276
16276	16275
16273	16267
16258	16242
16223	16194
16152	16074
15920	15609
15064	14228
13117	11855
10637	9665
9040	8716
8569	8464
8336	8177
8004	7818
7617	7415
7287	7305
7532	7958
8517	9106
9635	10049
10331	10503
10591	10634
10652	10662
10667	10677
10692	10718
10752	10790
10830	10875
10920	10968
11016	11068
11126	11188
11252	11317
11382	11444
11494	11491
11351	10936
10154	9103
8095	7473
7345	7537
7780	7901
7847	7685
7613	7913
8754	10014
11326	12357
13002	13343
13518	13623
13701	13762
13794	13760
13590	13198
12502	11464
10123	8603
7082	5729
4675	3953
3532	3326
3257	3250
3262	3275
3288	3305
3326	3350
3372	3390
3405	3425
3464	3539
3666	3881
4223	4735
5429	6277
7197	8096
8871	9453
9849	10114
10340	10593
10884	11171
11403	11548
11614	11607
11534	11396
11233	11148
11286	11755
12550	13524
14460	15193
15672	15940
16072	16134
16169	16198
16226	16248
16265	16272
16276	16276
16276	16276
16276	16276
16276	16276
16276	16276
16276	16276
16276	16276
16276	16276
16276	16276
16276	16276
16276	16276
16276	16276
16276	16276
16276	16276
16276	16276
16276	16276
16276	16276
16276	16276
16276	16276
16276	16276
16276	16276
16276	16276
16276	16276
16276	16276
16276	16276
16276	16276
16276	16276
16276	16276
16276	16276
16276	16276
16276	16276
16276	16276
16276	16276
16276	16276
16276	16276
16276	16276
16276	16275
16273	16267
16260	16245
16230	16209
16180	16137
16047	15862
15511	14910
14005	12834
11550	10382
9517	9003
8748	8607
8487	8354
8210	8049
7860	7647
7447	7327
7360	7586
7991	8516
9077	9593
10012	10311
10499	10606
10665	10695
10713	10724
10738	10760
10788	10821
10860	10902
10946	10992
11037	11085
11136	11192
11251	11315
11381	11445
11498	11503
11379	10999
10271	9269
8267	7579
7333	7404
7568	7666
7648	7579
7637	8055
8952	10193
11443	12410
13007	13326
13492	13597
13675	13748
13814	13853
13822	13646
13244	12541
11501	10156
8630	7090
5717	4654
3937	3530
3338	3271
3261	3269
3282	3302
3323	3344
3369	3392
3422	3473
3567	3727
3988	4390
4966	5727
6626	7569
8436	9132
9621	9935
10148	10350
10595	10880
11168	11402
11555	11619
11616	11561
11461	11334
11260	11351
11718	12394
13287	14220
15011	15561
15882	16043
16114	16147
16166	16190
16216	16242
16260	16271
16274	16276
16276	16276
16276	16276
16276	16276
16276	16276
16276	16276
16276	16276
16276	16276
16276	16276
16276	16276
16276	16276
16276	16276
16276	16276
16276	16276
16276	16276
16276	16276
16276	16276
16276	16276
16276	16276
16276	16276
16276	16276
16276	16276
16276	16276
16276	16276
16276	16276
16276	16276
16276	16276
16276	16276
16276	16276
16276	16276
16276	16276
16276	16276
16276	16276
16276	16276
16276	16276
16276	16276
16276	16275
16273	16267
16258	16245
16230	16213
16195	16166
16115	16010
15796	15397
14730	13756
12552	11307
10251	9504
9056	8804
8643	8514
8387	8245
8084	7895
7693	7514
7411	7434
7620	7973
8453	8989
9505	9937
10256	10473
10609	10692
10741	10766
10784	10806
10828	10859
10893	10934
10978	11022
11067	11108
11154	11203
11261	11320
11384	11451
11508	11525
11433	11118
10500	9627
8714	8037
7726	7698
7788	7864
7887	7912
8083	8571
9446	10577
11680	12517
13038	13320
13472	13572
13650	13728
13808	13879
13918	13877
13691	13282
12576	11532
10176	8623
7061	5684
4629	3929
3534	3346
3282	3269
3280	3297
3321	3345
3373	3416
3485	3609
3817	4142
4610	5247
6053	6983
7936	8786
9434	9852
10091	10245
10409	10628
10902	11183
11420	11572
11637	11627
11569	11487
11404	11375
11486	11825
12421	13221
14087	14867
15450	15815
16011	16101
16136	16152
16162	16179
16206	16236
16258	16270
16274	16276
16276	16276
16276	16276
16276	16276
16276	16276
16276	16276
16276	16276
16276	16276
16276	16276
16276	16276
16276	16276
16276	16276
16276	16276
16276	16276
16276	16276
16276	16276
16276	16276
16276	16276
16276	16276
16276	16276
16276	16276
16276	16276
16276	16276
16276	16276
16276	16276
16276	16276
16276	16276
16276	16276
16276	16276
16276	16276
16276	16276
16276	16276
16276	16276
16276	16276
16276	16276
16276	16276
16276	16275
16272	16266
16257	16245
16232	16217
16206	16189
16159	16099
15974	15727
15278	14552
13549	12377
11228	10267
9569	9118
8840	8664
8534	8409
8270	8113
7944	7766
7603	7485
7470	7603
7908	8350
8869	9378
9823	10174
10435	10610
10721	10783
10818	10845
10871	10899
10933	10975
11020	11065
11102	11141
11181	11227
11277	11335
11397	11460
11519	11550
11497	11279
10824	10159
9441	8880
8585	8520
8567	8633
8690	8781
9006	9479
10230	11147
12015	12673
13085	13317
13455	13549
13628	13704
13786	13869
13938	13967
13918	13726
13316	12606
11547	10165
8591	7020
5653	4616
3929	3543
3362	3299
3289	3303
3326	3361
3412	3506
3665	3932
4332	4887
5594	6434
7356	8275
9083	9689
10067	10266
10384	10514
10708	10954
11218	11442
11595	11657
11639	11567
11478	11413
11429	11587
11952	12535
13288	14091
14822	15392
15774	15990
16099	16146
16163	16167
16169	16182
16207	16235
16257	16269
16274	16276
16276	16276
16276	16276
16276	16276
16276	16276
16276	16276
16276	16276
16276	16276
16276	16276
16276	16276
16276	16276
16276	16276
16276	16276
16276	16276
16276	16276
16276	16276
16276	16276
16276	16276
16276	16276
16276	16276
16276	16276
16276	16276
16276	16276
16276	16276
16276	16276
16276	16276
16276	16276
16276	16276
16276	16276
16276	16276
16276	16276
16276	16276
16276	16276
16276	16276
16276	16276
16276	16276
16276	16275
16273	16266
16258	16246
16236	16226
16217	16210
16193	16158
16087	15942
15668	15184
14443	13462
12357	11266
10327	9610
9128	8837
8662	8537
8419	8293
8157	8006
7840	7667
7522	7471
7565	7830
8235	8721
9219	9686
10079	10388
10603	10736
10817	10864
10902	10938
10978	11021
11068	11110
11146	11180
11215	11254
11303	11355
11414	11475
11533	11578
11567	11448
11173	10753
10290	9915
9714	9666
9707	9772
9850	9966
10184	10568
11125	11773
12377	12840
13139	13320
13439	13529
13608	13683
13760	13838
13918	13980
14004	13950
13756	13342
12616	11535
10133	8552
6991	5639
4616	3942
3568	3394
3336	3335
3369	3434
3551	3751
4077	4557
5201	5986
6861	7761
8609	9329
9864	10205
10390	10506
10635	10815
11039	11274
11478	11619
11678	11651
11562	11448
11373	11404
11608	12018
12623	13372
14154	14854
15399	15771
15992	16108
16163	16187
16193	16190
16186	16197
16213	16240
16258	16270
16274	16276
16276	16276
16276	16276
16276	16276
16276	16276
16276	16276
16276	16276
16276	16276
16276	16276
16276	16276
16276	16276
16276	16276
16276	16276
16276	16276
16276	16276
16276	16276
16276	16276
16276	16276
16276	16276
16276	16276
16276	16276
16276	16276
16276	16276
16276	16276
16276	16276
16276	16276
16276	16276
16276	16276
16276	16276
16276	16276
16276	16276
16276	16276
16276	16276
16276	16276
16276	16276
16276	16276
16276	16275
16273	16269
16262	16254
16248	16241
16236	16232
16222	16202
16158	16078
15920	15629
15140	14415
13470	12388
11294	10324
9577	9087
8803	8645
8534	8431
8324	8206
8065	7894
7709	7548
7477	7540
7759	8108
8551	9043
9534	9970
10317	10564
10725	10829
10902	10962
11017	11071
11119	11161
11191	11221
11253	11290
11335	11386
11440	11497
11555	11605
11628	11590
11469	11270
11039	10853
10762	10759
10810	10882
10964	11081
11261	11530
11892	12301
12678	12976
13179	13321
13424	13511
13590	13663
13733	13806
13885	13957
14016	14034
13980	13783
13358	12617
11518	10113
8537	6987
5647	4643
3988	3632
3478	3454
3514	3657
3902	4284
4836	5554
6402	7302
8169	8932
9538	9977
10265	10444
10578	10723
10909	11126
11344	11525
11649	11696
11666	11563
11422	11309
11320	11536
11986	12639
13414	14198
14891	15424
15787	16005
16123	16184
16212	16222
16224	16218
16217	16219
16233	16249
16263	16271
16275	16276
16276	16276
16276	16276
16276	16276
16276	16276
16276	16276
16276	16276
16276	16276
16276	16276
16276	16276
16276	16276
16276	16276
16276	16276
16276	16276
16276	16276
16276	16276
16276	16276
16276	16276
16276	16276
16276	16276
16276	16276
16276	16276
16276	16276
16276	16276
16276	16276
16276	16276
16276	16276
16276	16276
16276	16276
16276	16276
16276	16276
16276	16276
16276	16276
16276	16276
16276	16276
16276	16276
16276	16276
16275	16273
16269	16263
16258	16256
16253	16251
16246	16230
16202	16153
16066	15906
15616	15138
14425	13483
12376	11244
10246	9500
9034	8781
8643	8548
8461	8368
8258	8117
7939	7753
7593	7507
7535	7687
7969	8369
8848	9354
9818	10197
10480	10681
10827	10939
11031	11104
11158	11200
11231	11259
11292	11330
11375	11421
11474	11526
11584	11636
11676	11696
11677	11623
11554	11504
11498	11534
11594	11670
11754	11859
11997	12176
12398	12642
12872	13058
13204	13319
13415	13500
13575	13648
13714	13783
13856	13932
14001	14052
14070	14012
13809	13372
12622	11522
10123	8554
7015	5697
4724	4111
3815	3757
3881	4161
4598	5203
5973	6845
7738	8552
9219	9708
10045	10270
10440	10601
10781	10981
11195	11397
11564	11674
11713	11682
11577	11421
11272	11236
11416	11872
12565	13386
14199	14901
15434	15795
16010	16129
16190	16225
16241	16248
16247	16245
16242	16244
16251	16261
16269	16273
16276	16276
16276	16276
16276	16276
16276	16276
16276	16276
16276	16276
16276	16276
16276	16276
16276	16276
16276	16276
16276	16276
16276	16276
16276	16276
16276	16276
16276	16276
16276	16276
16276	16276
16276	16276
16276	16276
16276	16276
16276	16276
16276	16276
16276	16276
16276	16276
16276	16276
16276	16276
16276	16276
16276	16276
16276	16276
16276	16276
16276	16276
16276	16276
16276	16276
16276	16276
16276	16276
16276	16276
16276	16276
16276	16274
16273	16271
16269	16267
16266	16264
16259	16248
16227	16192
16138	16050
15895	15612
15141	14419
13447	12304
11153	10172
9473	9051
8821	8692
8601	8515
8424	8310
8165	7995
7818	7664
7560	7532
7615	7831
8183	8642
9142	9618
10022	10350
10607	10811
10965	11078
11154	11211
11253	11293
11332	11375
11419	11466
11515	11565
11613	11668
11718	11763
11797	11819
11835	11858
11896	11952
12019	12095
12179	12274
12386	12514
12661	12818
12968	13101
13218	13316
13407	13491
13569	13640
13706	13772
13840	13913
13984	14051
14096	14112
14049	13842
13404	12651
11555	10157
8603	7092
5830	4946
4476	4383
4598	5050
5685	6466
7324	8169
8902	9461
9836	10080
10250	10410
10594	10809
11034	11250
11437	11582
11673	11710
11681	11585
11435	11281
11213	11343
11756	12439
13286	14139
14868	15415
15779	15995
16113	16179
16215	16241
16254	16263
16264	16263
16261	16262
16266	16270
16273	16275
16276	16276
16276	16276
16276	16276
16276	16276
16276	16276
16276	16276
16276	16276
16276	16276
16276	16276
16276	16276
16276	16276
16276	16276
16276	16276
16276	16276
16276	16276
16276	16276
16276	16276
16276	16276
16276	16276
16276	16276
16276	16276
16276	16276
16276	16276
16276	16276
16276	16276
16276	16276
16276	16276
16276	16276
16276	16276
16276	16276
16276	16276
16276	16276
16276	16276
16276	16276
16276	16276
16276	16276
16276	16276
16276	16276
16276	16275
16274	16272
16272	16270
16266	16257
16239	16211
16171	16119
16038	15890
15617	15134
14386	13386
12242	11135
10227	9590
9190	8949
8793	8677
8578	8478
8359	8224
8069	7908
7754	7617
7538	7556
7713	8016
8432	8902
9371	9801
10176	10492
10740	10927
11059	11159
11239	11306
11365	11416
11464	11511
11559	11605
11652	11703
11756	11812
11865	11917
11967	12017
12073	12132
12197	12274
12356	12448
12547	12653
12768	12889
13008	13119
13222	13318
13407	13491
13568	13640
13703	13767
13833	13903
13972	14040
14100	14150
14166	14105
13900	13459
12707	11612
10223	8702
7280	6181
5556	5424
5708	6281
7022	7819
8579	9211
9664	9941
10103	10229
10383	10583
10826	11073
11298	11475
11598	11668
11686	11651
11565	11440
11311	11253
11367	11735
12372	13193
14051	14799
15362	15739
15963	16084
16149	16189
16218	16243
16259	16269
16270	16272
16272	16272
16273	16274
16276	16276
16276	16276
16276	16276
16276	16276
16276	16276
16276	16276
16276	16276
16276	16276
16276	16276
16276	16276
16276	16276
16276	16276
16276	16276
16276	16276
16276	16276
16276	16276
16276	16276
16276	16276
16276	16276
16276	16276
16276	16276
16276	16276
16276	16276
16276	16276
16276	16276
16276	16276
16276	16276
16276	16276
16276	16276
16276	16276
16276	16276
16276	16276
16276	16276
16276	16276
16276	16276
16276	16276
16276	16276
16276	16276
16276	16276
16276	16276
16276	16276
16276	16275
16271	16262
16245	16219
16188	16152
16107	16040
15901	15618
15117	14356
13377	12306
11302	10474
9852	9408
9098	8883
8734	8622
8527	8419
8298	8161
8009	7848
7692	7576
7551	7650
7884	8230
8647	9095
9535	9939
10286	10569
10797	10981
11136	11259
11357	11429
11489	11545
11595	11643
11691	11739
11791	11847
11906	11965
12025	12083
12139	12198
12259	12331
12411	12501
12597	12699
12805	12914
13023	13127
13227	13321
13411	13496
13574	13646
13711	13772
13834	13900
13966	14032
14096	14161
14218	14239
14178	13966
13518	12756
11657	10307
8903	7724
6994	6799
7068	7622
8288	8926
9448	9810
10020	10137
10237	10384
10594	10848
11105	11333
11505	11619
11667	11663
11611	11523
11416	11329
11315	11457
11818	12417
13193	14016
14750	15312
15687	15917
16045	16116
16154	16186
16214	16241
16260	16271
16274	16276
16276	16276
16276	16276
16276	16276
16276	16276
16276	16276
16276	16276
16276	16276
16276	16276
16276	16276
16276	16276
16276	16276
16276	16276
16276	16276
16276	16276
16276	16276
16276	16276
16276	16276
16276	16276
16276	16276
16276	16276
16276	16276
16276	16276
16276	16276
16276	16276
16276	16276
16276	16276
16276	16276
16276	16276
16276	16276
16276	16276
16276	16276
16276	16276
16276	16276
16276	16276
16276	16276
16276	16276
16276	16276
16276	16276
16276	16276
16276	16276
16276	16276
16276	16276
16276	16276
16276	16275
16271	16263
16247	16223
16195	16169
16145	16120
16059	15916
15620	15117
14396	13509
12560	11643
10824	10134
9587	9187
8926	8765
8661	8574
8483	8379
8258	8118
7960	7803
7672	7605
7640	7792
8055	8400
8794	9206
9601	9966
10294	10591
10849	11063
11231	11356
11455	11532
11600	11659
11712	11764
11816	11874
11934	11996
12056	12113
12166	12218
12278	12346
12429	12521
12617	12718
12825	12932
13040	13142
13240	13333
13424	13509
13589	13661
13724	13784
13840	13899
13957	14017
14082	14152
14224	14283
14298	14216
13976	13490
12696	11609
10374	9244
8474	8192
8336	8733
9193	9597
9886	10067
10181	10285
10430	10634
10877	11129
11349	11519
11629	11671
11649	11578
11474	11371
11318	11368
11567	11960
12552	13291
14068	14765
15303	15665
15881	16009
16082	16126
16154	16183
16213	16240
16260	16271
16274	16276
16276	16276
16276	16276
16276	16276
16276	16276
16276	16276
16276	16276
16276	16276
16276	16276
16276	16276
16276	16276
16276	16276
16276	16276
16276	16276
16276	16276
16276	16276
16276	16276
16276	16276
16276	16276
16276	16276
16276	16276
16276	16276
16276	16276
16276	16276
16276	16276
16276	16276
16276	16276
16276	16276
16276	16276
16276	16276
16276	16276
16276	16276
16276	16276
16276	16276
16276	16276
16276	16276
16276	16276
16276	16276
16276	16276
16276	16276
16276	16276
16276	16276
16276	16276
16276	16276
16276	16275
16271	16263
16249	16228
16208	16188
16176	16168
16146	16079
15922	15629
15168	14538
13770	12907
12001	11114
10316	9676
9227	8951
8798	8708
8633	8556
8468	8368
8249	8110
7951	7803
7697	7673
7747	7919
8168	8476
8821	9185
9561	9940
10299	10618
10886	11097
11270	11409
11523	11614
11687	11754
11814	11879
11944	12010
12071	12128
12179	12229
12286	12354
12436	12532
12635	12740
12848	12954
13061	13160
13259	13350
13442	13527
13609	13682
13742	13794
13840	13888
13934	13982
14037	14099
14165	14223
14252	14213
14061	13733
13159	12323
11311	10320
9579	9219
9212	9415
9676	9908
10086	10227
10362	10521
10713	10929
11146	11343
11500	11605
11653	11636
11557	11434
11322	11286
11388	11668
12127	12740
13454	14183
14839	15346
15687	15886
15997	16064
16109	16140
16164	16190
16218	16244
16262	16272
16274	16276
16276	16276
16276	16276
16276	16276
16276	16276
16276	16276
16276	16276
16276	16276
16276	16276
16276	16276
16276	16276
16276	16276
16276	16276
16276	16276
16276	16276
16276	16276
16276	16276
16276	16276
16276	16276
16276	16276
16276	16276
16276	16276
16276	16276
16276	16276
16276	16276
16276	16276
16276	16276
16276	16276
16276	16276
16276	16276
16276	16276
16276	16276
16276	16276
16276	16276
16276	16276
16276	16276
16276	16276
16276	16276
16276	16276
16276	16276
16276	16276
16276	16276
16276	16276
16276	16276
16276	16275
16271	16264
16253	16238
16221	16210
16203	16202
16193	16164
16083	15926
15665	15275
14738	14044
13200	12255
11296	10432
9751	9284
9007	8857
8772	8709
8648	8579
8499	8395
8262	8102
7946	7824
7758	7759
7829	7968
8169	8432
8755	9124
9514	9900
10251	10566
10839	11075
11272	11427
11549	11651
11740	11822
11902	11979
12054	12118
12176	12228
12287	12358
12445	12545
12653	12763
12872	12978
13081	13176
13272	13364
13453	13537
13613	13683
13737	13777
13808	13834
13859	13885
13912	13943
13974	13991
13974	13897
13729	13430
12955	12294
11492	10692
10060	9711
9635	9739
9916	10104
10281	10453
10631	10816
11001	11175
11329	11454
11541	11585
11581	11520
11415	11305
11268	11393
11732	12270
12940	13660
14351	14949
15414	15732
15923	16025
16080	16115
16143	16166
16185	16207
16230	16251
16265	16272
16275	16276
16276	16276
16276	16276
16276	16276
16276	16276
16276	16276
16276	16276
16276	16276
16276	16276
16276	16276
16276	16276
16276	16276
16276	16276
16276	16276
16276	16276
16276	16276
16276	16276
16276	16276
16276	16276
16276	16276
16276	16276
16276	16276
16276	16276
16276	16276
16276	16276
16276	16276
16276	16276
16276	16276
16276	16276
16276	16276
16276	16276
16276	16276
16276	16276
16276	16276
16276	16276
16276	16276
16276	16276
16276	16276
16276	16276
16276	16276
16276	16276
16276	16276
16276	16276
16276	16276
16276	16275
16273	16267
16260	16249
16241	16233
16229	16229
16224	16205
16159	16074
15934	15719
15393	14915
14250	13407
12445	11466
10588	9895
9415	9128
8967	8875
8811	8754
8696	8620
8518	8386
8241	8101
7978	7882
7819	7798
7834	7937
8116	8368
8683	9030
9396	9766
10125	10459
10754	10996
11196	11357
11494	11615
11729	11836
11936	12028
12106	12177
12249	12331
12426	12533
12646	12761
12867	12970
13066	13157
13245	13332
13414	13489
13556	13608
13644	13662
13668	13663
13651	13636
13614	13587
13545	13480
13370	13202
12954	12617
12179	11641
11045	10479
10052	9838
9824	9953
10141	10350
10552	10747
10922	11079
11209	11316
11396	11452
11476	11473
11441	11382
11326	11322
11461	11812
12382	13102
13855	14536
15092	15505
15790	15967
16067	16117
16146	16168
16184	16200
16214	16229
16246	16260
16268	16274
16276	16276
16276	16276
16276	16276
16276	16276
16276	16276
16276	16276
16276	16276
16276	16276
16276	16276
16276	16276
16276	16276
16276	16276
16276	16276
16276	16276
16276	16276
16276	16276
16276	16276
16276	16276
16276	16276
16276	16276
16276	16276
16276	16276
16276	16276
16276	16276
16276	16276
16276	16276
16276	16276
16276	16276
16276	16276
16276	16276
16276	16276
16276	16276
16276	16276
16276	16276
16276	16276
16276	16276
16276	16276
16276	16276
16276	16276
16276	16276
16276	16276
16276	16276
16276	16276
16276	16276
16276	16276
16274	16271
16265	16261
16254	16253
16251	16248
16243	16227
16194	16138
16060	15948
15770	15487
15041	14408
13597	12663
11707	10837
10144	9652
9335	9134
9006	8918
8850	8787
8712	8616
8508	8390
8272	8154
8033	7926
7844	7808
7831	7916
8066	8278
8551	8878
9241	9614
9967	10279
10549	10782
10983	11159
11321	11475
11621	11754
11877	11983
12083	12186
12296	12413
12533	12648
12753	12850
12940	13024
13100	13174
13242	13301
13343	13368
13369	13349
13313	13261
13197	13122
13033	12923
12789	12624
12420	12166
11867	11519
11143	10755
10390	10098
9930	9912
10024	10215
10435	10652
10846	11012
11141	11235
11298	11336
11355	11354
11340	11317
11306	11335
11431	11635
12003	12555
13258	14008
14689	15225
15605	15850
16001	16093
16148	16179
16198	16210
16222	16234
16244	16251
16260	16268
16272	16275
16276	16276
16276	16276
16276	16276
16276	16276
16276	16276
16276	16276
16276	16276
16276	16276
16276	16276
16276	16276
16276	16276
16276	16276
16276	16276
16276	16276
16276	16276
16276	16276
16276	16276
16276	16276
16276	16276
16276	16276
16276	16276
16276	16276
16276	16276
16276	16276
16276	16276
16276	16276
16276	16276
16276	16276
16276	16276
16276	16276
16276	16276
16276	16276
16276	16276
16276	16276
16276	16276
16276	16276
16276	16276
16276	16276
16276	16276
16276	16276
16276	16276
16276	16276
16276	16276
16276	16276
16276	16276
16275	16273
16271	16269
16266	16266
16265	16263
16255	16240
16210	16166
16113	16051
15964	15820
15567	15161
14578	13823
12947	12044
11212	10527
10000	9609
9328	9132
9003	8918
8847	8782
8711	8634
8546	8444
8326	8203
8085	7984
7909	7860
7850	7890
8004	8197
8458	8765
9085	9397
9688	9956
10198	10418
10626	10823
11017	11198
11367	11523
11665	11798
11927	12054
12177	12295
12399	12493
12576	12648
12712	12768
12817	12848
12855	12836
12789	12718
12631	12528
12411	12278
12126	11950
11753	11532
11292	11035
10770	10511
10277	10087
9965	9925
9982	10118
10311	10526
10736	10916
11063	11174
11244	11276
11275	11254
11225	11197
11181	11208
11313	11522
11849	12291
12851	13501
14184	14818
15327	15683
15905	16033
16105	16155
16189	16215
16234	16245
16252	16256
16261	16265
16271	16273
16275	16276
16276	16276
16276	16276
16276	16276
16276	16276
16276	16276
16276	16276
16276	16276
16276	16276
16276	16276
16276	16276
16276	16276
16276	16276
16276	16276
16276	16276
16276	16276
16276	16276
16276	16276
16276	16276
16276	16276
16276	16276
16276	16276
16276	16276
16276	16276
16276	16276
16276	16276
16276	16276
16276	16276
16276	16276
16276	16276
16276	16276
16276	16276
16276	16276
16276	16276
16276	16276
16276	16276
16276	16276
16276	16276
16276	16276
16276	16276
16276	16276
16276	16276
16276	16276
16276	16276
16276	16276
16276	16276
16276	16276
16276	16274
16274	16272
16272	16268
16262	16246
16219	16182
16140	16102
16060	15996
15869	15645
15282	14763
14090	13311
12492	11710
11005	10394
9890	9506
9241	9075
8978	8916
8872	8826
8770	8694
8603	8501
8401	8304
8206	8101
7999	7921
7893	7931
8038	8202
8404	8632
8862	9092
9316	9530
9740	9949
10155	10359
10555	10745
10919	11078
11220	11351
11475	11588
11693	11785
11865	11930
11984	12025
12050	12056
12031	11971
11880	11769
11644	11513
11369	11221
11060	10881
10692	10497
10315	10154
10022	9924
9873	9873
9934	10058
10227	10419
10612	10792
10950	11074
11164	11216
11233	11209
11163	11105
11067	11064
11132	11303
11606	12042
12583	13190
13818	14425
14972	15416
15736	15940
16055	16113
16148	16177
16206	16234
16250	16261
16265	16270
16271	16273
16274	16276
16276	16276
16276	16276
16276	16276
16276	16276
16276	16276
16276	16276
16276	16276
16276	16276
16276	16276
16276	16276
16276	16276
16276	16276
16276	16276
16276	16276
16276	16276
16276	16276
16276	16276
16276	16276
16276	16276
16276	16276
16276	16276
16276	16276
16276	16276
16276	16276
16276	16276
16276	16276
16276	16276
16276	16276
16276	16276
16276	16276
16276	16276
16276	16276
16276	16276
16276	16276
16276	16276
16276	16276
16276	16276
16276	16276
16276	16276
16276	16276
16276	16276
16276	16276
16276	16276
16276	16276
16276	16276
16276	16276
16276	16276
16276	16276
16276	16276
16276	16273
16267	16252
16227	16194
16161	16135
16114	16087
16028	15914
15715	15406
14972	14410
13744	13013
12251	11490
10776	10167
9703	9387
9191	9079
9018	8975
8933	8879
8816	8749
8682	8618
8540	8443
8327	8210
8114	8055
8036	8063
8130	8230
8353	8489
8630	8778
8930	9090
9260	9434
9618	9797
9969	10122
10255	10375
10483	10586
10681	10768
10846	10912
10962	11001
11024	11021
10984	10915
10815	10701
10585	10473
10365	10263
10158	10049
9942	9847
9780	9755
9774	9829
9917	10034
10182	10351
10527	10690
10832	10951
11048	11118
11154	11157
11127	11070
11006	10963
10982	11103
11350	11734
12249	12854
13498	14123
14683	15154
15523	15788
15961	16062
16113	16142
16160	16182
16211	16239
16256	16268
16272	16275
16276	16276
16276	16276
16276	16276
16276	16276
16276	16276
16276	16276
16276	16276
16276	16276
16276	16276
16276	16276
16276	16276
16276	16276
16276	16276
16276	16276
16276	16276
16276	16276
16276	16276
16276	16276
16276	16276
16276	16276
16276	16276
16276	16276
16276	16276
16276	16276
16276	16276
16276	16276
16276	16276
16276	16276
16276	16276
16276	16276
16276	16276
16276	16276
16276	16276
16276	16276
16276	16276
16276	16276
16276	16276
16276	16276
16276	16276
16276	16276
16276	16276
16276	16276
16276	16276
16276	16276
16276	16276
16276	16276
16276	16276
16276	16276
16276	16276
16276	16276
16276	16276
16276	16274
16269	16256
16234	16207
16181	16163
16153	16140
16112	16053
15950	15788
15550	15212
14761	14197
13520	12752
11944	11171
10512	10000
9635	9394
9241	9145
9075	9015
8965	8920
8884	8854
8811	8742
8656	8555
8456	8367
8297	8249
8232	8238
8261	8299
8346	8398
8464	8543
8634	8741
8862	8991
9117	9226
9323	9407
9485	9562
9638	9717
9793	9864
9923	9974
10013	10029
10018	9980
9921	9858
9801	9758
9726	9707
9695	9687
9683	9692
9730	9804
9912	10045
10191	10337
10482	10625
10755	10863
10945	11005
11047	11065
11052	11020
10969	10927
10913	10973
11146	11467
11932	12510
13151	13799
14398	14912
15323	15630
15846	15987
16070	16114
16136	16150
16163	16185
16213	16240
16260	16270
16274	16276
16276	16276
16276	16276
16276	16276
16276	16276
16276	16276
16276	16276
16276	16276
16276	16276
16276	16276
16276	16276
16276	16276
16276	16276
16276	16276
16276	16276
16276	16276
16276	16276
16276	16276
16276	16276
16276	16276
16276	16276
16276	16276
16276	16276
16276	16276
16276	16276
16276	16276
16276	16276
16276	16276
16276	16276
16276	16276
16276	16276
16276	16276
16276	16276
16276	16276
16276	16276
16276	16276
16276	16276
16276	16276
16276	16276
16276	16276
16276	16276
16276	16276
16276	16276
16276	16276
16276	16276
16276	16276
16276	16276
16276	16276
16276	16276
16276	16276
16276	16276
16276	16276
16276	16274
16269	16259
16240	16219
16200	16190
16186	16182
16164	16129
16074	15997
15885	15714
15458	15091
14594	13963
13217	12427
11668	10997
10444	10008
9682	9442
9269	9150
9075	9029
9012	9007
8990	8953
8898	8826
8753	8679
8613	8560
8519	8490
8468	8447
8430	8417
8411	8416
8439	8476
8528	8586
8647	8699
8746	8791
8833	8879
8935	9000
9075	9149
9225	9298
9361	9411
9443	9458
9466	9480
9503	9535
9577	9627
9684	9747
9811	9882
9966	10068
10192	10329
10463	10586
10693	10788
10863	10919
10952	10967
10966	10945
10915	10887
10886	10936
11067	11309
11691	12213
12840	13501
14133	14682
15135	15479
15733	15910
16022	16089
16126	16144
16154	16163
16174	16195
16220	16245
16262	16272
16274	16276
16276	16276
16276	16276
16276	16276
16276	16276
16276	16276
16276	16276
16276	16276
16276	16276
16276	16276
16276	16276
16276	16276
16276	16276
16276	16276
16276	16276
16276	16276
16276	16276
16276	16276
16276	16276
16276	16276
16276	16276
16276	16276
16276	16276
16276	16276
16276	16276
16276	16276
16276	16276
16276	16276
16276	16276
16276	16276
16276	16276
16276	16276
16276	16276
16276	16276
16276	16276
16276	16276
16276	16276
16276	16276
16276	16276
16276	16276
16276	16276
16276	16276
16276	16276
16276	16276
16276	16276
16276	16276
16276	16276
16276	16276
16276	16276
16276	16276
16276	16276
16276	16276
16276	16274
16271	16263
16248	16233
16219	16213
16211	16211
16200	16180
16150	16114
16069	15994
15870	15669
15366	14935
14371	13705
12993	12283
11614	11007
10476	10028
9669	9403
9231	9136
9105	9105
9110	9096
9061	9014
8962	8911
8874	8846
8825	8801
8776	8742
8705	8664
8627	8601
8588	8588
8594	8604
8615	8627
8638	8654
8677	8704
8748	8805
8874	8953
9038	9119
9202	9277
9342	9404
9468	9537
9614	9693
9770	9844
9922	10007
10090	10172
10253	10341
10439	10538
10632	10711
10773	10819
10853	10873
10875	10865
10851	10845
10863	10925
11060	11285
11617	12059
12604	13231
13880	14486
14986	15372
15650	15843
15975	16065
16122	16151
16166	16174
16181	16186
16197	16212
16234	16252
16266	16272
16276	16276
16276	16276
16276	16276
16276	16276
16276	16276
16276	16276
16276	16276
16276	16276
16276	16276
16276	16276
16276	16276
16276	16276
16276	16276
16276	16276
16276	16276
16276	16276
16276	16276
16276	16276
16276	16276
16276	16276
16276	16276
16276	16276
16276	16276
16276	16276
16276	16276
16276	16276
16276	16276
16276	16276
16276	16276
16276	16276
16276	16276
16276	16276
16276	16276
16276	16276
16276	16276
16276	16276
16276	16276
16276	16276
16276	16276
16276	16276
16276	16276
16276	16276
16276	16276
16276	16276
16276	16276
16276	16276
16276	16276
16276	16276
16276	16276
16276	16276
16276	16276
16276	16276
16276	16275
16272	16266
16256	16244
16235	16234
16235	16237
16230	16219
16204	16187
16171	16142
16088	15994
15837	15588
15231	14765
14215	13604
12959	12292
11628	10991
10421	9949
9603	9385
9278	9239
9229	9211
9182	9145
9108	9078
9063	9059
9061	9057
9043	9021
8989	8951
8914	8884
8867	8861
8858	8854
8851	8848
8852	8861
8878	8905
8945	9001
9070	9150
9233	9317
9400	9479
9555	9632
9712	9804
9894	9980
10051	10117
10184	10258
10331	10400
10462	10525
10584	10642
10687	10718
10736	10748
10755	10759
10764	10781
10834	10931
11093	11329
11650	12061
12551	13102
13688	14277
14816	15264
15599	15822
15965	16057
16116	16161
16189	16200
16204	16209
16212	16216
16225	16235
16249	16261
16270	16274
16276	16276
16276	16276
16276	16276
16276	16276
16276	16276
16276	16276
16276	16276
16276	16276
16276	16276
16276	16276
16276	16276
16276	16276
16276	16276
16276	16276
16276	16276
16276	16276
16276	16276
16276	16276
16276	16276
16276	16276
16276	16276
16276	16276
16276	16276
16276	16276
16276	16276
16276	16276
16276	16276
16276	16276
16276	16276
16276	16276
16276	16276
16276	16276
16276	16276
16276	16276
16276	16276
16276	16276
16276	16276
16276	16276
16276	16276
16276	16276
16276	16276
16276	16276
16276	16276
16276	16276
16276	16276
16276	16276
16276	16276
16276	16276
16276	16276
16276	16276
16276	16276
16276	16276
16276	16276
16274	16270
16263	16258
16254	16253
16254	16255
16253	16250
16241	16236
16227	16216
16197	16158
16086	15960
15761	15482
15126	14698
14194	13610
12959	12259
11557	10910
10372	9975
9721	9574
9479	9404
9339	9284
9246	9219
9209	9211
9222	9229
9230	9219
9200	9171
9139	9118
9107	9108
9114	9117
9122	9127
9138	9157
9184	9221
9267	9325
9395	9470
9548	9625
9699	9773
9840	9908
9977	10054
10130	10199
10255	10306
10359	10418
10473	10524
10565	10606
10636	10659
10664	10657
10646	10642
10657	10697
10773	10903
11103	11381
11735	12152
12621	13132
13658	14181
14672	15117
15490	15773
15963	16077
16140	16176
16200	16219
16231	16235
16238	16238
16240	16243
16248	16253
16262	16268
16273	16275
16276	16276
16276	16276
16276	16276
16276	16276
16276	16276
16276	16276
16276	16276
16276	16276
16276	16276
16276	16276
16276	16276
16276	16276
16276	16276
16276	16276
16276	16276
16276	16276
16276	16276
16276	16276
16276	16276
16276	16276
16276	16276
16276	16276
16276	16276
16276	16276
16276	16276
16276	16276
16276	16276
16276	16276
16276	16276
16276	16276
16276	16276
16276	16276
16276	16276
16276	16276
16276	16276
16276	16276
16276	16276
16276	16276
16276	16276
16276	16276
16276	16276
16276	16276
16276	16276
16276	16276
16276	16276
16276	16276
16276	16276
16276	16276
16276	16276
16276	16276
16276	16276
16276	16276
16276	16276
16275	16273
16271	16268
16265	16265
16266	16267
16267	16265
16262	16259
16257	16253
16245	16231
16197	16138
16034	15883
15682	15430
15107	14697
14187	13580
12901	12206
11555	11011
10591	10277
10034	9831
9666	9547
9467	9415
9378	9356
9346	9340
9338	9332
9320	9296
9273	9257
9256	9263
9274	9287
9301	9322
9348	9379
9417	9461
9515	9577
9646	9720
9790	9859
9924	9985
10038	10086
10135	10187
10245	10294
10336	10376
10423	10468
10512	10550
10585	10617
10642	10652
10649	10635
10635	10666
10751	10894
11110	11409
11794	12246
12739	13243
13737	14213
14651	15041
15374	15655
15879	16041
16141	16196
16224	16236
16246	16253
16256	16258
16259	16260
16260	16261
16264	16268
16271	16273
16275	16276
16276	16276
16276	16276
16276	16276
16276	16276
16276	16276
16276	16276
16276	16276
16276	16276
16276	16276
16276	16276
16276	16276
16276	16276
16276	16276
16276	16276
16276	16276
16276	16276
16276	16276
16276	16276
16276	16276
16276	16276
16276	16276
16276	16276
16276	16276
16276	16276
16276	16276
16276	16276
16276	16276
16276	16276
16276	16276
16276	16276
16276	16276
16276	16276
16276	16276
16276	16276
16276	16276
16276	16276
16276	16276
16276	16276
16276	16276
16276	16276
16276	16276
16276	16276
16276	16276
16276	16276
16276	16276
16276	16276
16276	16276
16276	16276
16276	16276
16276	16276
16276	16276
16276	16276
16276	16276
16276	16276
16274	16273
16272	16272
16273	16274
16274	16273
16272	16271
16271	16269
16266	16259
16244	16211
16153	16071
15967	15835
15662	15425
15104	14682
14158	13566
12952	12372
11857	11407
11002	10644
10342	10113
9944	9814
9704	9609
9533	9475
9433	9405
9377	9347
9319	9308
9308	9313
9321	9329
9343	9366
9400	9445
9495	9552
9612	9678
9748	9814
9878	9937
9990	10037
10074	10106
10140	10179
10220	10258
10292	10333
10381	10436
10489	10539
10595	10654
10712	10762
10800	10841
10910	11039
11245	11531
11896	12336
12830	13345
13846	14305
14712	15061
15351	15586
15775	15932
16063	16157
16217	16246
16258	16263
16267	16270
16270	16271
16270	16272
16271	16272
16272	16274
16275	16276
16276	16276
16276	16276
16276	16276
16276	16276
16276	16276
16276	16276
16276	16276
16276	16276
16276	16276
16276	16276
16276	16276
16276	16276
16276	16276
16276	16276
16276	16276
16276	16276
16276	16276
16276	16276
16276	16276
16276	16276
16276	16276
16276	16276
16276	16276
16276	16276
16276	16276
16276	16276
16274	16274
16271	16275
16275	16276
16276	16276
16276	16276
16276	16276
16276	16276
16276	16276
16276	16276
16276	16276
16276	16276
16276	16276
16276	16276
16276	16276
16276	16276
16276	16276
16276	16276
16276	16276
16276	16276
16276	16276
16276	16276
16276	16276
16276	16276
16276	16276
16276	16276
16276	16276
16276	16276
16276	16276
16276	16276
16276	16276
16276	16276
16276	16276
16276	16276
16276	16276
16276	16276
16273	16271
16261	16239
16201	16151
16088	16024
15942	15828
15661	15420
15095	14691
14230	13749
13266	12786
12307	11846
11433	11095
10820	10582
10360	10154
9964	9798
9668	9565
9480	9403
9346	9314
9299	9277
9246	9212
9194	9204
9243	9302
9368	9439
9511	9582
9646	9704
9750	9787
9821	9849
9876	9907
9952	10009
10072	10124
10171	10230
10316	10415
10518	10628
10750	10891
11035	11177
11314	11458
11633	11873
12190	12576
13014	13483
13956	14397
14789	15119
15387	15594
15752	15871
15965	16052
16133	16199
16241	16262
16270	16272
16274	16275
16276	16276
16276	16276
16276	16276
16276	16276
16276	16276
16276	16276
16276	16276
16276	16276
16276	16276
16276	16276
16276	16276
16276	16276
16276	16276
16276	16276
16276	16276
16276	16276
16276	16276
16276	16276
16276	16276
16276	16276
16276	16276
16276	16276
16276	16276
16276	16276
16276	16276
16276	16276
16276	16276
16276	16276
16276	16276
16276	16276
16274	16268
16260	16251
16241	16248
16248	16276
16273	16276
16276	16276
16276	16276
16276	16276
16276	16276
16276	16276
16276	16276
16276	16276
16276	16276
16276	16276
16276	16276
16276	16276
16276	16276
16276	16276
16276	16276
16276	16276
16276	16276
16276	16276
16276	16276
16276	16276
16276	16276
16276	16276
16276	16276
16276	16276
16276	16276
16276	16276
16276	16276
16276	16276
16276	16276
16276	16276
16276	16276
16276	16276
16276	16274
16265	16251
16221	16185
16143	16106
16066	16017
15941	15822
15656	15431
15160	14843
14491	14096
13666	13218
12792	12408
12069	11746
11430	11109
10796	10502
10242	10018
9817	9634
9496	9403
9322	9213
9065	8914
8807	8769
8795	8866
8955	9047
9135	9213
9271	9312
9331	9339
9340	9343
9362	9423
9535	9691
9853	9985
10095	10218
10385	10586
10799	11019
11253	11506
11763	12014
12252	12489
12743	13044
13391	13777
14174	14555
14901	15195
15436	15627
15772	15879
15951	16000
16047	16101
16161	16214
16250	16266
16274	16276
16276	16276
16276	16276
16276	16276
16276	16276
16276	16276
16276	16276
16276	16276
16276	16276
16276	16276
16276	16276
16276	16276
16276	16276
16276	16276
16276	16276
16276	16276
16276	16276
16276	16276
16276	16276
16276	16276
16276	16276
16276	16276
16276	16276
16276	16276
16276	16276
16276	16276
16276	16276
16276	16276
16276	16276
16276	16276
16276	16276
16276	16274
16268	16245
16202	16135
16084	16017
16017	16276
16246	16276
16276	16276
16276	16276
16276	16276
16276	16276
16276	16276
16276	16276
16276	16276
16276	16276
16276	16276
16276	16276
16276	16276
16276	16276
16276	16276
16276	16276
16276	16276
16276	16276
16276	16276
16276	16276
16276	16276
16276	16276
16276	16276
16276	16276
16276	16276
16276	16276
16276	16276
16276	16276
16276	16276
16276	16276
16276	16276
16276	16276
16276	16276
16276	16274
16269	16255
16234	16202
16169	16141
16123	16102
16067	16014
15934	15832
15701	15538
15338	15086
14785	14444
14100	13764
13440	13109
12763	12391
11999	11606
11231	10872
10518	10191
9926	9721
9510	9225
8853	8477
8196	8056
8051	8126
8238	8356
8459	8539
8590	8607
8597	8565
8531	8513
8548	8680
8938	9294
9668	9980
10225	10461
10754	11097
11456	11804
12153	12500
12835	13146
13436	13701
13962	14234
14521	14814
15094	15338
15535	15691
15812	15905
15976	16024
16054	16071
16095	16134
16181	16225
16253	16269
16274	16276
16276	16276
16276	16276
16276	16276
16276	16276
16276	16276
16276	16276
16276	16276
16276	16276
16276	16276
16276	16276
16276	16276
16276	16276
16276	16276
16276	16276
16276	16276
16276	16276
16276	16276
16276	16276
16276	16276
16276	16276
16276	16276
16276	16276
16276	16276
16276	16276
16276	16276
16276	16276
16276	16276
16276	16276
16276	16276
16276	16276
16275	16272
16248	16177
16012	15680
15482	14878
14878	16276
16101	16276
16274	16276
16276	16276
16276	16276
16276	16276
16276	16276
16276	16276
16276	16276
16276	16276
16276	16276
16276	16276
16276	16276
16276	16276
16276	16276
16276	16276
16276	16276
16276	16276
16276	16276
16276	16276
16276	16276
16276	16276
16276	16276
16276	16276
16276	16276
16276	16276
16276	16276
16276	16276
16276	16276
16276	16276
16276	16276
16276	16276
16276	16276
16276	16274
16271	16260
16241	16215
16188	16166
16153	16142
16129	16098
16061	16014
15965	15900
15812	15683
15515	15306
15079	14840
14592	14320
14014	13662
13263	12837
12397	11937
11457	10994
10598	10264
9884	9361
8698	8032
7519	7246
7181	7252
7382	7516
7631	7711
7749	7744
7707	7647
7585	7560
7628	7863
8315	8940
9596	10155
10578	10958
11382	11865
12348	12798
13210	13598
13948	14257
14523	14754
14956	15146
15333	15512
15670	15798
15888	15954
16006	16050
16083	16105
16114	16122
16135	16164
16200	16235
16258	16270
16274	16276
16276	16276
16276	16276
16276	16276
16276	16276
16276	16276
16276	16276
16276	16276
16276	16276
16276	16276
16276	16276
16276	16276
16276	16276
16276	16276
16276	16276
16276	16276
16276	16276
16276	16276
16276	16276
16276	16276
16276	16276
16276	16276
16276	16276
16276	16276
16276	16276
16276	16276
16276	16276
16276	16276
16276	16276
16276	16276
16276	16276
16274	16265
16214	16039
15606	14593
14070	11861
11861	16276
15706	16276
16268	16276
16276	16276
16276	16276
16276	16276
16276	16276
16276	16276
16276	16276
16276	16276
16276	16276
16276	16276
16276	16276
16276	16276
16276	16276
16276	16276
16276	16276
16276	16276
16276	16276
16276	16276
16276	16276
16276	16276
16276	16276
16276	16276
16276	16276
16276	16276
16276	16276
16276	16276
16276	16276
16276	16276
16276	16276
16276	16276
16276	16276
16276	16275
16272	16264
16248	16224
16202	16183
16175	16170
16162	16142
16116	16091
16073	16054
16023	15970
15884	15769
15634	15483
15310	15109
14864	14560
14198	13787
13329	12823
12266	11715
11232	10791
10269	9542
8627	7711
7000	6605
6489	6548
6682	6827
6948	7024
7052	7035
6981	6903
6830	6806
6910	7240
7862	8720
9624	10395
10974	11466
11986	12554
13113	13612
14046	14427
14753	15026
15245	15418
15555	15670
15774	15871
15953	16012
16051	16078
16101	16122
16140	16149
16152	16156
16166	16188
16217	16244
16262	16272
16274	16276
16276	16276
16276	16276
16276	16276
16276	16276
16276	16276
16276	16276
16276	16276
16276	16276
16276	16276
16276	16276
16276	16276
16276	16276
16276	16276
16276	16276
16276	16276
16276	16276
16276	16276
16276	16276
16276	16276
16276	16276
16276	16276
16276	16276
16276	16276
16276	16276
16276	16276
16276	16276
16276	16276
16276	16276
16276	16276
16276	16276
16274	16257
16177	15873
15100	13157
12222	7697
