6120	4656
5080	4207
4084	3617
3378	3156
3035	3000
3042	3166
3354	3596
3881	4191
4510	4818
5093	5316
5471	5550
5540	5436
5244	4966
4621	4229
3815	3405
3026	2712
2472	2321
2253	2266
2348	2476
2631	2786
2934	3065
3175	3270
3352	3440
3530	3632
3736	3842
3934	4001
4038	4027
3976	3890
3771	3643
3505	3378
3264	3168
3094	3054
3055	3120
3269	3525
3918	4465
5173	6030
7004	8048
9105	10115
11033	11826
12484	13008
13417	13739
13986	14191
14356	14500
14623	14729
14819	14899
14962	15011
15040	15045
15010	14931
14790	14572
14262	13856
13354	12763
12103	11401
10687	9992
9344	8763
8260	7840
7513	7267
7116	7058
7091	7226
7457	7781
8188	8658
9168	9689
10193	10645
11018	11293
11445	11466
11356	11121
10780	10369
9909	9446
9006	8615
8283	8017
7807	7657
7551	7490
7460	7453
7465	7479
7490	7486
7466	7430
7381	7330
7284	7248
7229	7230
7250	7290
7350	7427
7522	7635
7768	7920
8089	8275
8471	8677
8884	9099
9319	9542
9772	10005
10232	10443
10620	10749
10819	10823
10762	10648
10489	10302
10097	9887
9676	9484
9301	9143
9007	8897
8813	8759
8732	8732
8751	8792
8852	8922
9001	9083
9165	9241
9302	9351
9384	9390
9378	9350
9303	9241
9170	9091
9014	8938
8868	8809
8762	8725
8714	8680
8719	8630
8766	8552
8552	4620
5391	4181
4161	3606
3390	3163
3053	3031
3086	3221
3417	3668
3954	4264
4579	4876
5138	5346
5487	5550
5521	5402
5196	4906
4556	4159
3745	3341
2970	2664
2430	2279
2217	2231
2304	2429
2573	2726
2868	2999
3109	3207
3300	3390
3488	3595
3702	3811
3901	3969
3998	3987
3935	3849
3732	3604
3474	3350
3241	3150
3081	3043
3043	3104
3244	3495
3875	4412
5104	5946
6908	7948
9003	10021
10950	11762
12436	12979
13404	13737
13997	14207
14377	14522
14644	14748
14836	14912
14976	15023
15055	15062
15036	14967
14844	14648
14371	14004
13544	13004
12394	11742
11071	10414
9792	9225
8722	8295
7943	7671
7478	7370
7353	7433
7610	7875
8223	8636
9095	9565
10024	10438
10783	11043
11195	11232
11153	10954
10662	10297
9880	9451
9036	8661
8338	8071
7865	7712
7610	7549
7525	7523
7540	7563
7574	7574
7550	7510
7459	7400
7343	7296
7267	7256
7265	7297
7348	7417
7508	7617
7744	7892
8063	8245
8446	8652
8867	9089
9317	9553
9800	10053
10304	10537
10739	10892
10984	11005
10958	10853
10700	10510
10300	10078
9855	9643
9443	9263
9108	8976
8873	8802
8754	8738
8747	8775
8823	8888
8964	9046
9129	9208
9281	9337
9378	9401
9400	9386
9350	9301
9238	9169
9093	9020
8947	8885
8833	8787
8764	8723
8755	8651
8787	8557
8557	4570
5364	4146
4138	3590
3391	3175
3083	3076
3148	3295
3507	3763
4053	4360
4666	4950
5194	5387
5506	5545
5496	5356
5128	4828
4467	4067
3658	3258
2899	2598
2377	2232
2172	2184
2254	2371
2511	2656
2795	2926
3035	3136
3235	3333
3437	3549
3663	3768
3858	3918
3946	3931
3876	3790
3680	3554
3432	3317
3212	3125
3062	3024
3024	3082
3217	3457
3826	4339
5011	5834
6784	7815
8872	9899
10844	11674
12372	12937
13388	13738
14012	14229
14405	14550
14672	14775
14861	14934
14996	15039
15073	15083
15069	15014
14911	14745
14507	14187
13784	13304
12757	12169
11561	10951
10370	9825
9334	8898
8527	8219
7979	7821
7746	7760
7864	8065
8341	8683
9066	9466
9861	10220
10523	10755
10898	10944
10892	10739
10498	10185
9826	9440
9063	8711
8401	8143
7939	7790
7691	7636
7618	7625
7650	7679
7696	7694
7673	7629
7565	7497
7429	7365
7321	7296
7290	7308
7347	7409
7488	7590
7712	7858
8024	8209
8409	8621
8841	9073
9315	9568
9837	10113
10393	10658
10891	11075
11195	11244
11219	11125
10978	10790
10573	10341
10102	9869
9646	9440
9256	9102
8971	8873
8804	8763
8749	8763
8799	8852
8922	9001
9085	9168
9249	9315
9372	9406
9423	9422
9405	9370
9320	9258
9193	9124
9052	8983
8926	8872
8841	8782
8807	8680
8822	8562
8562	4509
5329	4106
4113	3574
3391	3196
3122	3138
3230	3396
3617	3883
4172	4475
4766	5036
5257	5424
5518	5530
5455	5294
5048	4729
4359	3958
3551	3163
2819	2531
2319	2185
2126	2138
2204	2313
2443	2586
2720	2847
2960	3066
3166	3272
3381	3495
3609	3715
3801	3859
3879	3860
3802	3717
3611	3492
3376	3271
3174	3095
3036	3001
3001	3056
3182	3408
3759	4252
4904	5705
6636	7658
8714	9748
10714	11569
12297	12889
13362	13736
14027	14255
14438	14587
14706	14808
14893	14962
15019	15062
15097	15110
15104	15063
14986	14850
14654	14387
14047	13638
13171	12656
12117	11571
11039	10532
10059	9627
9239	8901
8623	8413
8278	8227
8262	8380
8576	8830
9130	9446
9758	10044
10287	10472
10589	10636
10601	10483
10296	10037
9736	9407
9072	8754
8469	8223
8032	7892
7801	7752
7743	7760
7794	7829
7851	7855
7831	7780
7709	7630
7541	7461
7396	7351
7328	7332
7356	7401
7472	7563
7678	7818
7980	8161
8362	8577
8806	9047
9306	9581
9873	10181
10492	10796
11070	11291
11450	11529
11528	11458
11321	11135
10913	10666
10413	10159
9913	9675
9465	9274
9116	8986
8884	8821
8783	8771
8785	8824
8883	8955
9039	9124
9210	9286
9353	9406
9440	9459
9460	9441
9410	9361
9306	9239
9172	9101
9039	8974
8930	8858
8870	8728
8865	8582
8582	4439
5293	4058
4088	3560
3399	3225
3179	3214
3330	3513
3750	4021
4309	4602
4879	5123
5320	5454
5520	5503
5401	5212
4950	4617
4242	3838
3439	3060
2733	2460
2265	2135
2085	2098
2161	2264
2390	2527
2659	2783
2902	3005
3113	3217
3330	3444
3554	3653
3733	3781
3793	3770
3713	3631
3527	3421
3314	3215
3128	3057
3000	2970
2970	3023
3143	3355
3688	4159
4782	5560
6474	7482
8538	9584
10568	11452
12210	12834
13339	13735
14045	14286
14477	14627
14750	14849
14928	14992
15046	15088
15120	15138
15140	15116
15060	14955
14803	14590
14314	13978
13590	13157
12698	12227
11756	11293
10850	10433
10045	9692
9386	9130
8944	8832
8796	8840
8954	9122
9329	9550
9768	9966
10131	10252
10322	10343
10308	10213
10062	9858
9612	9337
9055	8776
8523	8306
8133	8007
7932	7897
7902	7929
7973	8011
8041	8044
8019	7965
7885	7790
7686	7585
7498	7427
7386	7363
7370	7400
7455	7537
7642	7773
7928	8107
8308	8527
8760	9014
9289	9587
9909	10247
10598	10940
11260	11527
11726	11845
11878	11832
11711	11530
11309	11056
10785	10509
10237	9976
9730	9509
9316	9151
9016	8917
8845	8807
8795	8817
8858	8919
8996	9080
9166	9252
9332	9398
9451	9486
9505	9508
9492	9461
9417	9362
9299	9229
9162	9089
9036	8945
8951	8783
8927	8609
8609	4367
5255	4007
4063	3550
3415	3267
3248	3312
3452	3655
3902	4174
4458	4733
4985	5202
5369	5471
5505	5458
5328	5117
4836	4494
4112	3714
3324	2964
2650	2400
2215	2102
2057	2069
2134	2236
2359	2489
2623	2744
2862	2969
3075	3178
3288	3395
3494	3584
3652	3690
3694	3668
3611	3531
3435	3338
3243	3151
3073	3010
2958	2931
2935	2983
3094	3297
3609	4058
4658	5413
6306	7302
8357	9412
10415	11326
12115	12774
13310	13732
14060	14317
14518	14674
14794	14889
14969	15028
15076	15118
15148	15167
15175	15163
15122	15050
14936	14773
14559	14291
13981	13632
13255	12855
12451	12047
11646	11256
10882	10530
10214	9936
9714	9555
9466	9444
9484	9568
9687	9812
9931	10034
10105	10143
10149	10120
10061	9963
9830	9662
9461	9237
9003	8773
8561	8378
8233	8135
8080	8065
8082	8123
8177	8224
8257	8262
8237	8180
8091	7981
7857	7736
7626	7532
7461	7419
7400	7412
7452	7514
7607	7728
7876	8050
8247	8465
8707	8972
9263	9581
9929	10305
10694	11083
11448	11763
12011	12171
12243	12226
12128	11961
11743	11486
11206	10914
10621	10332
10059	9803
9575	9374
9204	9065
8960	8889
8849	8841
8860	8905
8969	9044
9128	9217
9302	9377
9444	9497
9536	9555
9559	9544
9514	9472
9416	9353
9283	9208
9146	9042
9039	8846
8996	8639
8639	4294
5218	3964
4043	3549
3441	3322
3332	3425
3587	3809
4063	4333
4603	4860
5083	5268
5395	5467
5463	5389
5234	5008
4710	4365
3989	3600
3223	2882
2588	2356
2188	2090
2054	2072
2138	2237
2358	2489
2621	2742
2855	2963
3063	3160
3259	3352
3437	3511
3564	3591
3586	3554
3499	3420
3335	3249
3161	3083
3013	2954
2911	2887
2890	2936
3044	3231
3529	3958
4535	5265
6138	7123
8177	9243
10266	11202
12027	12715
13279	13725
14078	14350
14560	14719
14843	14936
15010	15064
15110	15144
15174	15195
15205	15199
15175	15123
15042	14920
14757	14556
14312	14038
13735	13414
13078	12735
12386	12038
11694	11362
11049	10770
10532	10352
10223	10155
10137	10153
10192	10232
10258	10263
10238	10186
10111	10016
9903	9778
9636	9480
9303	9117
8927	8743
8573	8433
8326	8257
8232	8239
8278	8335
8399	8458
8495	8507
8481	8418
8322	8200
8059	7917
7780	7660
7562	7493
7448	7438
7454	7502
7578	7688
7825	7988
8184	8402
8644	8918
9222	9563
9939	10347
10775	11207
11620	11987
12284	12493
12608	12623
12552	12404
12195	11943
11661	11357
11048	10740
10440	10156
9896	9659
9451	9275
9131	9021
8947	8906
8899	8918
8961	9025
9098	9181
9265	9348
9423	9490
9543	9581
9601	9606
9592	9562
9519	9463
9398	9320
9254	9139
9129	8917
9071	8683
8683	4222
5189	3923
4036	3558
3484	3394
3435	3556
3742	3973
4229	4492
4744	4970
5162	5306
5396	5428
5396	5293
5121	4877
4580	4237
3866	3494
3141	2820
2550	2340
2192	2105
2077	2106
2172	2272
2393	2523
2654	2775
2884	2982
3074	3161
3239	3314
3379	3435
3470	3481
3470	3436
3378	3310
3233	3154
3077	3009
2946	2897
2859	2838
2843	2890
2990	3171
3452	3860
4417	5128
5982	6956
8006	9078
10122	11083
11933	12653
13245	13716
14088	14372
14593	14759
14882	14977
15047	15102
15139	15170
15197	15217
15225	15226
15211	15176
15115	15027
14904	14752
14569	14355
14122	13865
13598	13315
13022	12723
12420	12120
11835	11571
11344	11153
11013	10920
10862	10831
10808	10779
10726	10644
10531	10388
10225	10049
9868	9687
9507	9332
9162	8992
8832	8682
8559	8458
8395	8367
8373	8414
8473	8550
8628	8696
8741	8756
8733	8672
8569	8439
8287	8125
7963	7817
7689	7592
7524	7482
7478	7505
7564	7653
7777	7933
8122	8334
8580	8857
9175	9529
9930	10367
10835	11308
11768	12182
12531	12787
12948	13002
12967	12843
12657	12414
12134	11828
11510	11187
10871	10562
10273	10001
9760	9545
9366	9214
9102	9025
8982	8971
8989	9031
9087	9157
9234	9315
9392	9463
9529	9578
9615	9633
9636	9624
9593	9547
9489	9414
9348	9226
9219	8984
9150	8726
8726	4164
5171	3898
4039	3583
3540	3479
3552	3699
3904	4145
4400	4650
4877	5073
5220	5321
5372	5368
5298	5173
4980	4734
4438	4109
3757	3408
3080	2785
2542	2352
2224	2153
2134	2169
2241	2342
2464	2592
2723	2836
2940	3028
3104	3171
3229	3280
3320	3353
3369	3368
3349	3310
3261	3199
3133	3062
2995	2934
2879	2836
2802	2786
2796	2839
2936	3108
3376	3770
4307	5001
5836	6801
7849	8928
9985	10969
11843	12590
13206	13702
14089	14390
14618	14787
14915	15008
15076	15128
15162	15189
15209	15226
15234	15235
15226	15197
15151	15084
14990	14876
14734	14572
14389	14194
13982	13756
13520	13272
13021	12763
12516	12285
12079	11907
11773	11668
11598	11538
11478	11398
11290	11142
10957	10733
10487	10225
9967	9716
9477	9260
9061	8884
8734	8611
8516	8459
8438	8450
8493	8566
8654	8753
8851	8929
8987	9012
8994	8933
8833	8695
8531	8353
8174	8000
7846	7720
7620	7553
7521	7525
7561	7634
7742	7884
8061	8265
8508	8789
9112	9481
9901	10361
10861	11374
11879	12343
12740	13045
13255	13354
13355	13265
13098	12875
12608	12311
11989	11662
11332	11010
10694	10397
10123	9873
9653	9468
9315	9199
9118	9071
9055	9066
9097	9148
9210	9279
9353	9426
9492	9550
9599	9633
9649	9650
9635	9604
9558	9487
9427	9301
9295	9045
9219	8768
8768	4111
5162	3879
4054	3620
3608	3584
3684	3856
4078	4323
4572	4800
4998	5152
5259	5315
5319	5273
5174	5025
4825	4576
4292	3982
3655	3337
3039	2778
2564	2401
2289	2235
2227	2267
2341	2447
2565	2692
2812	2923
3011	3086
3142	3187
3217	3241
3258	3266
3265	3252
3226	3191
3144	3090
3032	2970
2912	2861
2811	2774
2742	2734
2742	2786
2881	3045
3304	3684
4207	4879
5705	6660
7704	8787
9854	10857
11753	12525
13164	13676
14081	14392
14628	14807
14936	15030
15095	15142
15174	15195
15212	15224
15229	15225
15214	15191
15152	15096
15020	14928
14814	14688
14547	14393
14227	14051
13866	13670
13466	13258
13057	12867
12695	12551
12435	12347
12277	12210
12132	12033
11893	11705
11467	11188
10870	10537
10199	9866
9555	9271
9024	8817
8653	8534
8460	8432
8446	8499
8582	8689
8813	8933
9053	9151
9224	9258
9248	9193
9097	8960
8789	8600
8403	8208
8031	7871
7746	7650
7592	7568
7579	7632
7721	7846
8004	8203
8437	8718
9040	9419
9853	10335
10862	11407
11951	12460
12904	13263
13516	13663
13707	13653
13518	13321
13068	12786
12475	12149
11815	11482
11153	10835
10534	10254
9997	9775
9585	9428
9306	9220
9163	9140
9142	9165
9204	9258
9316	9382
9443	9507
9559	9601
9630	9646
9644	9628
9592	9532
9479	9351
9351	9089
9277	8796
8796	4071
5153	3877
4081	3674
3694	3700
3828	4022
4256	4503
4736	4945
5108	5221
5281	5291
5251	5165
5036	4867
4656	4416
4147	3862
3569	3286
3028	2802
2617	2477
2387	2345
2346	2391
2467	2569
2686	2805
2918	3013
3086	3139
3174	3192
3199	3197
3188	3177
3158	3137
3108	3074
3033	2983
2936	2886
2836	2790
2747	2713
2690	2680
2691	2736
2830	2990
3240	3607
4114	4776
5588	6532
7572	8660
9737	10752
11666	12456
13110	13639
14054	14377
14621	14801
14937	15033
15097	15143
15172	15188
15201	15203
15206	15197
15182	15158
15117	15063
14996	14914
14821	14714
14599	14476
14346	14209
14064	13912
13753	13596
13439	13295
13166	13056
12972	12904
12851	12796
12723	12618
12471	12266
12010	11694
11334	10942
10535	10129
9739	9380
9066	8806
8605	8467
8394	8385
8426	8510
8631	8777
8931	9086
9225	9345
9434	9483
9489	9447
9357	9224
9054	8860
8651	8440
8238	8055
7897	7772
7681	7629
7618	7645
7711	7816
7960	8143
8367	8644
8966	9346
9787	10285
10833	11406
11983	12531
13023	13429
13731	13928
14012	13998
13903	13734
13510	13246
12949	12633
12303	11965
11627	11298
10976	10671
10387	10131
9902	9705
9541	9416
9321	9259
9224	9213
9225	9252
9292	9342
9396	9450
9501	9550
9585	9612
9623	9620
9596	9550
9507	9383
9389	9120
9318	8820
8820	4042
5159	3887
4126	3741
3796	3832
3988	4197
4438	4680
4902	5082
5213	5282
5297	5260
5177	5052
4894	4706
4494	4258
4005	3748
3495	3250
3032	2839
2687	2575
2505	2473
2483	2531
2605	2703
2811	2919
3014	3092
3151	3182
3191	3184
3165	3138
3110	3080
3054	3024
2995	2963
2928	2892
2848	2809
2765	2727
2689	2660
2639	2631
2645	2688
2779	2935
3180	3538
4035	4682
5482	6416
7453	8538
9623	10644
11572	12376
13045	13583
14012	14342
14591	14779
14915	15013
15078	15124
15149	15163
15170	15167
15158	15143
15123	15091
15046	14993
14925	14846
14757	14663
14563	14460
14356	14244
14134	14019
13902	13784
13671	13569
13484	13411
13364	13327
13295	13260
13208	13119
12981	12789
12530	12208
11827	11401
10944	10476
10014	9574
9183	8852
8596	8422
8331	8320
8374	8486
8642	8817
9008	9188
9359	9503
9610	9678
9700	9675
9600	9475
9316	9121
8907	8684
8465	8259
8075	7918
7797	7717
7677	7675
7716	7798
7924	8092
8306	8565
8885	9263
9709	10214
10776	11370
11977	12559
13093	13544
13897	14139
14272	14301
14242	14108
13916	13674
13400	13098
12780	12449
12112	11773
11439	11117
10809	10523
10263	10030
9828	9661
9527	9420
9345	9299
9276	9273
9286	9315
9353	9397
9441	9485
9525	9558
9578	9585
9572	9537
9505	9389
9403	9132
9341	8828
8828	4025
5169	3908
4178	3823
3907	3972
4151	4378
4620	4859
5062	5217
5313	5344
5315	5234
5108	4952
4767	4560
4341	4113
3878	3649
3429	3225
3044	2891
2767	2679
2625	2609
2625	2673
2743	2832
2927	3016
3094	3153
3190	3198
3183	3153
3115	3070
3027	2987
2953	2920
2891	2865
2836	2806
2770	2739
2703	2668
2637	2609
2590	2586
2602	2645
2732	2885
3119	3471
3960	4593
5386	6310
7340	8424
9507	10537
11472	12284
12962	13512
13948	14280
14537	14726
14867	14966
15034	15079
15102	15112
15112	15104
15088	15066
15038	14997
14946	14885
14811	14732
14643	14552
14462	14368
14277	14185
14100	14015
13930	13850
13775	13712
13664	13632
13612	13609
13606	13597
13571	13507
13397	13221
12982	12676
12301	11866
11384	10868
10344	9833
9361	8957
8630	8402
8276	8245
8302	8429
8605	8814
9035	9251
9447	9618
9753	9840
9882	9873
9816	9711
9559	9374
9162	8935
8703	8478
8272	8088
7940	7827
7755	7726
7742	7799
7902	8049
8247	8495
8801	9175
9618	10126
10695	11307
11932	12549
13118	13610
14010	14302
14479	14553
14532	14437
14278	14068
13818	13538
13238	12921
12589	12249
11911	11577
11250	10941
10652	10388
10152	9946
9773	9626
9511	9424
9364	9329
9309	9312
9327	9349
9386	9421
9460	9493
9521	9535
9536	9508
9486	9377
9400	9126
9343	8823
8823	4020
5191	3945
4245	3918
4037	4125
4322	4560
4804	5035
5220	5351
5415	5412
5347	5231
5070	4880
4666	4446
4220	3994
3775	3570
3378	3209
3062	2940
2845	2780
2743	2737
2760	2801
2864	2939
3017	3089
3145	3184
3193	3184
3150	3102
3050	2994
2941	2896
2857	2825
2799	2779
2756	2728
2704	2677
2646	2617
2589	2565
2549	2546
2560	2606
2691	2840
3071	3413
3890	4514
5294	6213
7234	8316
9396	10432
11366	12186
12870	13424
13860	14201
14459	14654
14798	14898
14968	15008
15030	15039
15033	15017
14998	14964
14926	14875
14817	14746
14668	14582
14489	14399
14307	14222
14141	14068
14000	13935
13882	13830
13790	13760
13745	13742
13755	13777
13798	13818
13815	13777
13696	13555
13351	13070
12720	12293
11805	11268
10698	10129
9586	9101
8702	8406
8228	8164
8210	8340
8535	8768
9021	9265
9495	9694
9852	9966
10031	10043
10005	9917
9787	9614
9409	9186
8945	8709
8483	8277
8099	7957
7854	7796
7784	7813
7892	8017
8196	8431
8725	9087
9522	10026
10596	11215
11860	12499
13097	13633
14074	14411
14633	14752
14776	14718
14594	14419
14199	13946
13668	13365
13045	12714
12376	12035
11697	11374
11063	10773
10508	10269
10055	9874
9720	9594
9494	9420
9368	9339
9327	9330
9346	9368
9397	9428
9456	9473
9481	9462
9448	9347
9377	9108
9332	8807
8807	4029
5218	3997
4325	4027
4172	4283
4497	4741
4986	5201
5372	5481
5520	5493
5398	5253
5064	4849
4615	4376
4140	3914
3703	3514
3346	3201
3081	2988
2916	2870
2846	2846
2866	2905
2959	3017
3077	3129
3165	3179
3170	3142
3098	3040
2975	2912
2856	2810
2771	2742
2721	2701
2683	2667
2647	2624
2600	2572
2549	2527
2513	2512
2527	2566
2654	2796
3025	3359
3827	4443
5214	6120
7135	8207
9288	10317
11259	12075
12761	13318
13756	14101
14360	14555
14703	14805
14876	14918
14939	14942
14933	14910
14877	14842
14791	14731
14662	14586
14502	14406
14312	14219
14131	14050
13978	13915
13861	13818
13786	13760
13750	13747
13759	13785
13822	13865
13911	13948
13965	13952
13899	13789
13619	13377
13057	12659
12184	11641
11049	10435
9830	9269
8793	8427
8188	8079
8100	8225
8427	8682
8960	9239
9497	9723
9909	10046
10135	10172
10157	10093
9981	9827
9636	9418
9183	8940
8703	8475
8276	8102
7973	7884
7843	7846
7900	8002
8159	8371
8648	8998
9421	9915
10482	11102
11756	12414
13043	13612
14092	14473
14741	14902
14968	14950
14863	14721
14534	14311
14056	13776
13475	13157
12825	12487
12147	11811
11485	11177
10885	10615
10372	10156
9966	9803
9667	9555
9467	9404
9362	9338
9328	9336
9352	9373
9398	9418
9426	9413
9404	9310
9346	9081
9311	8785
8785	4052
5256	4063
4417	4147
4316	4447
4671	4918
5157	5366
5520	5608
5629	5583
5471	5307
5100	4864
4614	4361
4112	3884
3674	3490
3336	3207
3103	3029
2974	2939
2924	2927
2945	2976
3016	3060
3101	3133
3148	3145
3123	3082
3027	2962
2896	2836
2782	2737
2701	2676
2657	2640
2630	2614
2600	2581
2561	2537
2516	2496
2483	2481
2493	2536
2616	2758
2982	3309
3771	4376
5139	6032
7041	8105
9178	10204
11140	11957
12644	13198
13638	13976
14237	14435
14582	14687
14758	14801
14822	14819
14807	14778
14740	14690
14634	14568
14493	14407
14318	14222
14128	14036
13949	13873
13812	13760
13723	13698
13686	13685
13696	13719
13755	13801
13853	13912
13970	14018
14051	14055
14019	13940
13800	13593
13310	12946
12491	11960
11360	10716
10064	9444
8895	8454
8147	7989
7975	8082
8289	8558
8863	9167
9457	9715
9927	10092
10200	10264
10271	10232
10142	10011
9840	9635
9407	9166
8920	8681
8459	8265
8107	7992
7921	7894
7923	8000
8132	8324
8582	8914
9317	9802
10357	10975
11635	12306
12954	13554
14071	14493
14804	15008
15114	15135
15085	14976
14823	14631
14404	14150
13869	13565
13250	12916
12578	12238
11907	11581
11272	10982
10714	10466
10246	10050
9880	9730
9610	9510
9433	9379
9344	9328
9328	9339
9352	9368
9375	9366
9361	9269
9310	9050
9283	8754
8754	4092
5304	4141
4514	4272
4463	4609
4842	5090
5321	5517
5656	5736
5745	5685
5567	5393
5178	4928
4669	4404
4146	3904
3691	3507
3353	3230
3139	3069
3019	2988
2976	2975
2988	3011
3039	3068
3090	3103
3105	3090
3055	3007
2949	2887
2825	2767
2718	2674
2645	2622
2604	2592
2584	2572
2561	2545
2526	2506
2486	2470
2455	2452
2468	2504
2585	2722
2939	3262
3718	4315
5064	5952
6946	8004
9070	10092
11022	11839
12518	13071
13508	13846
14104	14300
14445	14550
14622	14664
14680	14680
14660	14628
14583	14530
14467	14393
14314	14228
14133	14041
13950	13860
13782	13716
13662	13627
13607	13604
13610	13632
13664	13707
13759	13821
13882	13950
14012	14067
14098	14111
14087	14022
13908	13731
13481	13149
12731	12215
11619	10962
10273	9600
8986	8476
8104	7890
7834	7918
8120	8400
8724	9060
9380	9668
9908	10097
10233	10317
10349	10332
10269	10159
10011	9826
9613	9380
9133	8889
8656	8441
8262	8117
8021	7969
7967	8017
8126	8294
8528	8835
9219	9685
10227	10835
11496	12173
12842	13467
14020	14476
14828	15073
15219	15275
15263	15185
15067	14904
14706	14480
14225	13941
13641	13318
12988	12651
12313	11983
11663	11355
11066	10798
10549	10326
10123	9943
9787	9655
9544	9457
9396	9355
9331	9324
9327	9336
9338	9324
9321	9232
9278	9018
9255	8731
8731	4145
5360	4234
4628	4409
4615	4772
5008	5252
5473	5657
5789	5855
5858	5796
5675	5504
5287	5042
4775	4504
4236	3987
3760	3565
3406	3277
3179	3108
3060	3029
3010	3005
3010	3019
3034	3045
3058	3056
3046	3021
2982	2934
2879	2819
2764	2712
2669	2630
2603	2582
2568	2556
2548	2539
2528	2515
2500	2483
2465	2446
2434	2430
2439	2477
2555	2689
2902	3219
3666	4257
4996	5874
6859	7907
8963	9980
10907	11715
12394	12941
13373	13705
13961	14152
14296	14399
14467	14512
14528	14523
14504	14464
14416	14356
14289	14215
14136	14049
13962	13873
13791	13711
13644	13591
13553	13535
13537	13552
13582	13623
13677	13737
13799	13868
13936	14001
14057	14104
14135	14142
14123	14064
13964	13807
13586	13283
12888	12399
11813	11151
10441	9727
9055	8481
8046	7773
7671	7733
7924	8210
8554	8918
9268	9586
9858	10072
10234	10340
10395	10400
10361	10276
10153	9989
9794	9575
9339	9094
8856	8633
8434	8271
8147	8069
8040	8062
8140	8283
8489	8769
9130	9573
10098	10695
11348	12030
12712	13359
13939	14432
14818	15099
15282	15375
15394	15355
15263	15133
14964	14764
14533	14276
13992	13688
13369	13039
12704	12369
12043	11728
11425	11140
10875	10626
10394	10187
10000	9835
9693	9572
9486	9415
9368	9340
9326	9322
9319	9296
9294	9203
9252	8989
9231	8704
8704	4219
5425	4337
4741	4547
4763	4931
5164	5401
5612	5784
5901	5961
5965	5904
5793	5627
5423	5185
4921	4649
4377	4117
3881	3673
3496	3355
3247	3163
3105	3062
3035	3021
3014	3012
3011	3013
3008	3001
2979	2951
2914	2868
2816	2766
2716	2673
2633	2602
2576	2557
2542	2532
2521	2514
2502	2493
2477	2461
2443	2426
2415	2407
2419	2453
2525	2656
2868	3179
3619	4199
4931	5797
6773	7815
8861	9872
10792	11595
12266	12809
13234	13561
13812	13998
14136	14237
14306	14345
14362	14357
14334	14297
14250	14188
14120	14049
13970	13890
13811	13735
13663	13599
13547	13515
13497	13503
13523	13559
13610	13674
13740	13814
13883	13956
14020	14079
14124	14158
14176	14171
14144	14081
13985	13840
13636	13355
12983	12513
11940	11277
10555	9808
9091	8460
7963	7635
7490	7522
7701	7993
8355	8745
9126	9473
9774	10017
10204	10332
10410	10437
10419	10360
10262	10125
9949	9752
9529	9294
9055	8832
8624	8442
8298	8197
8136	8131
8177	8286
8464	8717
9045	9467
9970	10552
11197	11881
12569	13234
13840	14359
14783	15100
15315	15440
15492	15481
15420	15319
15179	15007
14802	14567
14304	14017
13716	13393
13070	12740
12413	12094
11784	11488
11205	10941
10690	10458
10245	10050
9878	9731
9607	9509
9436	9388
9355	9331
9319	9289
9281	9189
9234	8976
9216	8692
8692	4305
5504	4451
4867	4690
4912	5081
5307	5534
5734	5894
6006	6062
6065	6011
5910	5764
5575	5348
5099	4832
4560	4295
4049	3824
3629	3469
3342	3242
3167	3110
3069	3039
3017	3000
2988	2977
2962	2944
2922	2891
2856	2818
2773	2732
2692	2654
2620	2590
2565	2545
2529	2516
2505	2498
2486	2476
2463	2446
2429	2411
2396	2390
2400	2431
2500	2629
2833	3139
3569	4146
4866	5724
6691	7722
8764	9763
10678	11474
12139	12675
13093	13413
13654	13836
13971	14068
14133	14174
14190	14188
14165	14130
14081	14027
13965	13897
13829	13760
13691	13631
13573	13530
13504	13492
13500	13524
13572	13629
13701	13780
13859	13939
14016	14083
14140	14186
14216	14233
14229	14208
14164	14094
13991	13848
13649	13380
13025	12569
12007	11348
10609	9837
9083	8404
7854	7477
7291	7291
7461	7758
8133	8545
8956	9337
9663	9936
10145	10299
10395	10446
10451	10416
10338	10228
10081	9904
9703	9486
9259	9036
8824	8635
8474	8346
8263	8224
8240	8316
8459	8677
8980	9367
9847	10410
11043	11721
12418	13095
13725	14275
14727	15074
15323	15481
15558	15576
15544	15467
15353	15205
15027	14817
14578	14313
14025	13720
13406	13085
12765	12443
12133	11830
11541	11262
10997	10744
10510	10291
10094	9917
9767	9640
9541	9467
9411	9372
9345	9304
9284	9189
9230	8972
9208	8689
8689	4408
5592	4575
4993	4832
5058	5223
5443	5655
5837	5986
6087	6140
6145	6106
6020	5893
5727	5525
5293	5037
4771	4505
4250	4014
3804	3622
3471	3351
3256	3177
3119	3070
3032	3001
2975	2950
2928	2906
2877	2850
2817	2784
2748	2715
2682	2651
2621	2595
2568	2545
2528	2508
2496	2485
2474	2462
2450	2433
2417	2399
2385	2377
2383	2412
2479	2603
2802	3105
3528	4096
4810	5659
6615	7638
8671	9663
10565	11356
12014	12541
12952	13265
13499	13675
13806	13896
13960	14001
14018	14016
13997	13968
13930	13880
13827	13769
13713	13660
13608	13565
13532	13513
13509	13522
13554	13607
13672	13755
13842	13933
14023	14107
14179	14237
14282	14314
14326	14318
14294	14250
14187	14102
13986	13837
13639	13372
13023	12576
12017	11357
10610	9817
9029	8308
7717	7296
7071	7049
7204	7502
7888	8327
8767	9177
9535	9834
10072	10247
10365	10434
10455	10441
10390	10305
10185	10037
9863	9666
9458	9243
9036	8842
8668	8522
8410	8341
8324	8362
8467	8652
8919	9278
9729	10272
10891	11565
12261	12951
13595	14169
14649	15031
15306	15494
15600	15642
15634	15580
15490	15368
15212	15026
14809	14567
14297	14010
13709	13400
13085	12771
12464	12164
11869	11582
11309	11043
10793	10552
10331	10130
9951	9802
9675	9573
9496	9436
9389	9335
9307	9204
9241	8979
9217	8697
8697	4528
5693	4710
5132	4981
5202	5359
5568	5766
5936	6067
6160	6211
6219	6188
6121	6014
5876	5696
5487	5254
5003	4741
4483	4239
4014	3813
3639	3496
3377	3278
3197	3127
3070	3022
2982	2947
2912	2882
2854	2825
2798	2770
2744	2718
2691	2665
2640	2610
2584	2560
2534	2514
2497	2482
2470	2460
2444	2427
2410	2392
2376	2367
2370	2398
2464	2584
2778	3076
3493	4053
4758	5597
6545	7556
8580	9565
10460	11241
11887	12406
12806	13113
13341	13508
13634	13724
13785	13824
13845	13847
13838	13815
13784	13747
13705	13665
13625	13591
13562	13539
13532	13536
13559	13600
13659	13733
13822	13918
14020	14120
14212	14291
14360	14407
14436	14448
14439	14410
14362	14297
14212	14108
13977	13816
13609	13340
12989	12540
11984	11317
10560	9746
8936	8180
7550	7095
6840	6793
6942	7237
7640	8098
8565	9004
9391	9718
9980	10176
10315	10399
10444	10449
10421	10358
10268	10147
10001	9831
9645	9448
9251	9056
8875	8712
8578	8477
8426	8426
8493	8641
8872	9198
9622	10137
10740	11403
12101	12798
13458	14056
14562	14969
15274	15487
15618	15684
15697	15664
15598	15495
15360	15196
15001	14782
14532	14263
13977	13682
13381	13077
12776	12477
12187	11898
11619	11345
11083	10829
10590	10366
10165	9987
9834	9709
9604	9522
9458	9391
9349	9239
9266	9007
9234	8723
8723	4669
5813	4859
5274	5126
5341	5489
5681	5864
6015	6137
6217	6265
6276	6256
6205	6121
6005	5857
5674	5467
5234	4986
4734	4486
4248	4034
3843	3674
3532	3412
3307	3217
3141	3075
3018	2969
2924	2886
2854	2825
2798	2777
2754	2735
2711	2690
2664	2638
2609	2579
2550	2525
2504	2488
2471	2456
2441	2424
2406	2388
2373	2362
2363	2391
2452	2570
2759	3052
3467	4019
4716	5547
6485	7485
8499	9468
10352	11122
11759	12267
12662	12955
13177	13338
13459	13545
13610	13648
13676	13685
13681	13667
13651	13627
13605	13582
13564	13553
13547	13551
13569	13603
13651	13714
13796	13892
13997	14107
14216	14315
14405	14480
14535	14570
14582	14576
14542	14493
14424	14336
14232	14107
13962	13785
13567	13287
12931	12476
11909	11232
10465	9632
8798	8018
7361	6879
6601	6542
6678	6977
7390	7865
8354	8821
9233	9587
9873	10091
10250	10355
10413	10439
10429	10392
10325	10234
10117	9976
9818	9645
9458	9269
9083	8907
8751	8623
8534	8500
8530	8639
8836	9127
9521	10012
10592	11243
11939	12640
13315	13930
14462	14895
15228	15464
15622	15706
15741	15725
15676	15596
15482	15338
15161	14960
14734	14484
14216	13936
13647	13358
13065	12775
12487	12204
11923	11649
11377	11112
10859	10619
10395	10195
10017	9866
9737	9633
9545	9461
9405	9288
9306	9047
9267	8764
8764	4829
5940	5019
5420	5276
5479	5611
5789	5949
6087	6192
6266	6306
6321	6309
6272	6208
6117	5998
5846	5662
5457	5229
4986	4744
4506	4277
4071	3886
3721	3578
3451	3343
3245	3160
3083	3019
2964	2916
2879	2847
2821	2800
2782	2765
2745	2725
2700	2673
2643	2610
2580	2550
2523	2502
2483	2467
2448	2432
2411	2393
2375	2364
2364	2390
2448	2563
2753	3040
3450	3998
4688	5513
6438	7425
8423	9379
10249	11003
11625	12125
12507	12798
13009	13169
13285	13370
13433	13477
13503	13521
13530	13530
13528	13526
13522	13522
13526	13538
13557	13590
13633	13691
13767	13856
13957	14070
14185	14299
14409	14507
14589	14651
14694	14713
14709	14677
14627	14557
14466	14362
14240	14099
13939	13748
13516	13226
12854	12388
11809	11118
10332	9488
8631	7837
7162	6661
6370	6300
6431	6735
7158	7643
8151	8640
9079	9455
9761	10001
10176	10298
10375	10415
10428	10410
10370	10305
10219	10107
9974	9822
9650	9469
9282	9096
8919	8764
8647	8581
8575	8644
8804	9062
9425	9890
10447	11082
11772	12475
13161	13791
14348	14808
15167	15431
15608	15714
15766	15770
15738	15673
15577	15453
15297	15114
14906	14678
14427	14162
13890	13615
13332	13054
12772	12497
12218	11943
11669	11398
11134	10882
10642	10422
10220	10047
9895	9766
9657	9557
9483	9354
9361	9103
9312	8820
8820	5011
6086	5193
5576	5430
5616	5734
5890	6031
6148	6240
6302	6339
6354	6348
6325	6280
6212	6118
5997	5842
5662	5459
5237	5004
4770	4542
4324	4123
3942	3777
3630	3498
3379	3275
3183	3099
3030	2974
2926	2890
2861	2839
2821	2807
2791	2770
2744	2715
2684	2647
2613	2582
2550	2526
2504	2481
2462	2442
2419	2400
2381	2369
2370	2394
2455	2566
2757	3044
3452	3997
4683	5497
6410	7381
8362	9297
10148	10883
11494	11976
12349	12631
12839	12994
13107	13193
13255	13304
13342	13366
13385	13400
13414	13427
13446	13469
13497	13534
13583	13644
13715	13799
13896	14005
14123	14244
14367	14481
14586	14676
14746	14791
14818	14818
14791	14750
14679	14591
14488	14365
14228	14075
13900	13698
13455	13151
12765	12280
11685	10979
10175	9313
8447	7641
6958	6452
6156	6082
6214	6517
6943	7444
7964	8470
8927	9321
9646	9902
10094	10233
10326	10382
10411	10414
10397	10356
10296	10212
10107	9978
9823	9650
9465	9270
9079	8905
8760	8661
8623	8658
8783	9006
9337	9773
10308	10928
11603	12305
13001	13648
14225	14713
15096	15384
15587	15714
15782	15804
15782	15734
15653	15542
15408	15243
15052	14841
14609	14364
14104	13842
13578	13308
13039	12769
12499	12226
11956	11685
11412	11149
10895	10657
10438	10241
10068	9917
9789	9666
9580	9437
9437	9176
9374	8894
8894	5212
6246	5377
5739	5584
5749	5846
5982	6103
6205	6282
6334	6366
6381	6381
6366	6338
6288	6218
6122	6000
5850	5672
5471	5256
5032	4808
4588	4380
4182	4003
3837	3685
3546	3421
3308	3211
3125	3056
2999	2953
2921	2894
2873	2858
2842	2821
2796	2765
2732	2693
2658	2621
2585	2557
2530	2504
2483	2458
2438	2414
2397	2384
2384	2409
2470	2585
2777	3066
3476	4019
4701	5504
6401	7356
8315	9226
10052	10769
11358	11829
12191	12462
12666	12818
12931	13019
13086	13139
13176	13212
13245	13272
13302	13337
13377	13423
13478	13544
13617	13704
13803	13911
14027	14153
14282	14408
14529	14638
14735	14808
14862	14893
14898	14881
14839	14776
14692	14591
14474	14342
14193	14030
13845	13635
13376	13058
12660	12159
11544	10820
10000	9128
8253	7445
6762	6256
5966	5896
6028	6334
6766	7270
7799	8314
8782	9193
9532	9804
10010	10162
10271	10343
10387	10408
10411	10395
10358	10299
10217	10109
9971	9809
9623	9427
9222	9029
8862	8734
8667	8672
8763	8956
9253	9661
10169	10768
11430	12130
12828	13490
14089	14600
15013	15329
15553	15699
15787	15820
15814	15777
15712	15618
15499	15351
15179	14986
14772	14542
14301	14053
13802	13545
13289	13028
12767	12500
12231	11961
11687	11416
11154	10902
10668	10452
10256	10087
9937	9798
9696	9542
9530	9269
9455	8990
8990	5429
6415	5567
5903	5740
5882	5957
6069	6171
6256	6318
6362	6387
6403	6402
6398	6378
6350	6301
6231	6136
6011	5859
5686	5492
5285	5068
4853	4641
4439	4246
4066	3898
3741	3597
3467	3350
3250	3166
3094	3039
2997	2965
2941	2920
2900	2880
2855	2824
2785	2749
2711	2671
2633	2598
2567	2538
2511	2483
2460	2437
2418	2407
2409	2436
2499	2619
2814	3110
3524	4070
4746	5539
6421	7353
8284	9169
9968	10657
11226	11680
12031	12297
12496	12647
12762	12848
12921	12976
13025	13068
13110	13150
13197	13250
13307	13377
13459	13549
13653	13766
13886	14016
14151	14288
14421	14549
14664	14762
14843	14901
14935	14946
14934	14900
14843	14763
14667	14554
14427	14287
14133	13962
13773	13553
13288	12958
12544	12026
11393	10650
9815	8934
8061	7253
6583	6089
5809	5745
5885	6194
6628	7130
7664	8183
8658	9075
9426	9705
9925	10092
10214	10297
10359	10396
10414	10418
10403	10367
10303	10213
10091	9939
9761	9559
9347	9138
8951	8804
8711	8690
8753	8913
9178	9556
10034	10609
11255	11948
12646	13323
13941	14476
14916	15258
15507	15679
15778	15831
15836	15812
15759	15678
15574	15442
15287	15111
14914	14703
14478	14247
14006	13765
13520	13271
13019	12759
12497	12230
11956	11683
11412	11150
10906	10673
10462	10270
10104	9948
9826	9664
9638	9381
9549	9103
9103	5655
6594	5763
6066	5892
6006	6059
6150	6230
6297	6350
6382	6405
6416	6425
6421	6415
6396	6363
6313	6241
6144	6021
5874	5705
5517	5318
5110	4904
4698	4501
4308	4128
3955	3797
3649	3518
3400	3300
3217	3148
3094	3053
3021	2993
2971	2945
2915	2886
2850	2810
2769	2729
2685	2648
2610	2575
2547	2517
2489	2470
2449	2439
2446	2477
2545	2676
2878	3181
3601	4148
4821	5607
6471	7375
8273	9126
9894	10556
11102	11539
11877	12137
12333	12485
12599	12689
12764	12824
12878	12928
12979	13031
13090	13161
13239	13332
13434	13552
13679	13813
13960	14107
14255	14399
14536	14659
14763	14847
14910	14951
14966	14957
14927	14875
14804	14710
14604	14482
14347	14203
14044	13870
13679	13455
13183	12842
12414	11877
11228	10469
9626	8738
7867	7074
6418	5945
5683	5638
5786	6099
6529	7033
7562	8079
8553	8972
9326	9614
9843	10020
10151	10248
10323	10375
10410	10431
10433	10416
10373	10296
10187	10044
9869	9667
9448	9232
9031	8868
8751	8707
8744	8877
9113	9455
9908	10455
11081	11762
12459	13145
13779	14339
14806	15175
15448	15642
15761	15825
15848	15838
15795	15729
15638	15523
15382	15223
15044	14846
14639	14419
14195	13969
13735	13497
13255	13005
12749	12485
12214	11942
11670	11402
11143	10900
10674	10468
10283	10112
9978	9804
9764	9509
9662	9232
9232	5882
6775	5958
6231	6038
6126	6156
6221	6284
6335	6376
6402	6419
6428	6438
6438	6437
6429	6411
6376	6325
6251	6151
6031	5887
5723	5546
5354	5160
4960	4759
4564	4376
4192	4020
3860	3711
3582	3467
3367	3287
3220	3169
3123	3087
3057	3025
2995	2960
2924	2883
2838	2793
2750	2706
2666	2628
2591	2559
2533	2510
2492	2488
2501	2537
2616	2752
2970	3283
3710	4262
4931	5703
6544	7418
8285	9096
9827	10458
10978	11400
11728	11985
12178	12331
12447	12542
12621	12685
12743	12798
12858	12921
12992	13074
13170	13283
13409	13547
13697	13852
14019	14177
14335	14482
14618	14731
14823	14891
14939	14956
14952	14924
14876	14809
14723	14623
14505	14376
14238	14089
13931	13757
13565	13338
13060	12713
12271	11722
11054	10283
9429	8545
7681	6907
6276	5828
5589	5561
5724	6042
6470	6967
7489	7998
8467	8883
9238	9530
9763	9949
10091	10199
10285	10349
10398	10433
10450	10447
10417	10357
10259	10125
9951	9753
9531	9312
9099	8922
8793	8729
8746	8853
9058	9371
9790	10305
10911	11576
12268	12958
13606	14186
14680	15079
15379	15592
15737	15815
15852	15852
15822	15770
15691	15588
15463	15321
15159	14978
14786	14582
14373	14156
13936	13709
13476	13235
12988	12729
12464	12193
11918	11649
11385	11131
10896	10677
10476	10291
10142	9959
9907	9650
9788	9373
9373	6104
6957	6142
6386	6174
6235	6239
6284	6327
6366	6395
6416	6429
6443	6446
6455	6458
6456	6447
6426	6389
6336	6261
6163	6044
5903	5748
5577	5396
5208	5013
4823	4632
4444	4264
4093	3935
3790	3660
3551	3453
3374	3309
3253	3207
3163	3126
3091	3051
3011	2966
2920	2875
2826	2777
2732	2689
2651	2617
2588	2567
2553	2549
2573	2620
2709	2859
3089	3415
3856	4409
5073	5827
6643	7480
8303	9073
9767	10363
10862	11264
11583	11836
12032	12185
12310	12406
12488	12559
12621	12681
12745	12814
12896	12991
13104	13230
13376	13530
13700	13877
14054	14226
14387	14536
14661	14766
14845	14896
14921	14922
14898	14854
14789	14709
14610	14501
14377	14244
14102	13952
13794	13625
13431	13202
12921	12568
12115	11550
10870	10085
9229	8347
7500	6746
6144	5730
5521	5513
5690	6012
6441	6932
7442	7938
8401	8810
9161	9451
9690	9879
10030	10151
10245	10320
10381	10428
10457	10466
10451	10398
10313	10186
10022	9823
9602	9376
9161	8975
8834	8756
8754	8837
9015	9296
9685	10171
10747	11391
12073	12759
13422	14021
14541	14964
15293	15533
15697	15795
15846	15858
15843	15801
15732	15647
15539	15409
15261	15096
14920	14729
14533	14329
14120	13905
13680	13447
13207	12956
12697	12430
12161	11889
11622	11363
11118	10890
10678	10480
10319	10125
10061	9805
9925	9525
9525	6313
7127	6315
6527	6297
6331	6313
6339	6366
6391	6412
6427	6439
6448	6455
6465	6472
6477	6472
6461	6436
6399	6340
6263	6166
6052	5918
5771	5608
5436	5257
5072	4889
4703	4520
4345	4180
4026	3887
3763	3653
3560	3478
3412	3351
3301	3254
3207	3164
3119	3072
3022	2968
2916	2865
2811	2768
2726	2691
2661	2642
2631	2640
2666	2726
2830	2997
3243	3582
4031	4584
5239	5972
6753	7551
8330	9054
9706	10266
10740	11130
11443	11694
11892	12051
12177	12283
12370	12443
12509	12571
12640	12716
12804	12909
13033	13175
13334	13509
13692	13882
14069	14245
14404	14550
14668	14759
14823	14856
14863	14846
14806	14746
14667	14576
14471	14353
14225	14089
13946	13800
13643	13472
13281	13054
12770	12404
11940	11361
10669	9878
9018	8142
7315	6592
6022	5641
5466	5485
5677	6009
6436	6918
7416	7901
8349	8750
9093	9383
9624	9816
9976	10099
10203	10290
10361	10417
10455	10477
10467	10429
10350	10231
10070	9877
9659	9432
9216	9024
8875	8787
8766	8829
8985	9238
9591	10045
10591	11211
11876	12562
13227	13844
14383	14836
15193	15459
15645	15766
15831	15860
15853	15824
15771	15697
15602	15487
15354	15206
15042	14866
14683	14491
14291	14086
13868	13645
13414	13168
12916	12654
12388	12121
11853	11591
11342	11107
10885	10677
10504	10301
10224	9967
10076	9683
9683	6497
7285	6467
6653	6403
6413	6374
6380	6394
6408	6422
6436	6444
6454	6462
6471	6481
6488	6492
6485	6471
6443	6400
6340	6264
6170	6059
5935	5795
5644	5482
5314	5138
4963	4786
4617	4446
4292	4141
4011	3888
3785	3689
3610	3537
3472	3413
3359	3305
3254	3199
3145	3085
3029	2971
2916	2865
2820	2783
2754	2738
2733	2746
2785	2856
2978	3159
3422	3776
4227	4782
5418	6123
6869	7617
8344	9018
9626	10154
10601	10977
11288	11543
11747	11919
12052	12163
12256	12332
12403	12470
12541	12621
12718	12827
12962	13117
13289	13475
13669	13865
14056	14234
14393	14529
14639	14715
14764	14783
14772	14739
14685	14612
14522	14419
14306	14184
14053	13919
13778	13630
13475	13310
13122	12891
12595	12221
11747	11154
10447	9646
8791	7930
7122	6428
5897	5554
5413	5460
5671	6014
6441	6916
7405	7876
8311	8702
9037	9324
9562	9758
9922	10055
10164	10257
10338	10402
10450	10477
10477	10446
10375	10262
10110	9918
9705	9481
9267	9071
8918	8821
8790	8835
8970	9195
9517	9936
10451	11038
11687	12362
13028	13656
14215	14692
15079	15372
15583	15725
15809	15851
15859	15843
15799	15739
15657	15554
15437	15302
15152	14990
14817	14638
14446	14248
14044	13831
13603	13368
13122	12867
12606	12342
12075	11815
11561	11321
11093	10878
10692	10483
10394	10133
10231	9842
9842	6655
7424	6592
6758	6487
6478	6420
6409	6411
6415	6426
6437	6447
6455	6467
6476	6487
6495	6500
6501	6493
6471	6439
6393	6337
6260	6172
6066	5950
5821	5682
5530	5375
5211	5047
4882	4720
4563	4415
4277	4152
4035	3932
3838	3755
3678	3609
3544	3482
3423	3358
3296	3234
3170	3103
3043	2989
2939	2899
2869	2854
2855	2878
2927	3013
3149	3350
3626	3987
4443	4980
5598	6267
6962	7657
8325	8948
9507	10004
10430	10796
11106	11363
11581	11763
11911	12034
12136	12220
12294	12366
12442	12527
12631	12749
12891	13054
13234	13429
13629	13825
14016	14191
14345	14470
14565	14632
14666	14668
14647	14600
14532	14448
14348	14239
14121	13998
13866	13733
13594	13451
13302	13138
12944	12709
12406	12016
11524	10917
10200	9392
8540	7694
6914	6258
5764	5460
5354	5433
5665	6015
6448	6917
7397	7859
8283	8661
8991	9275
9510	9708
9874	10012
10131	10228
10316	10386
10436	10469
10477	10450
10386	10281
10133	9950
9740	9522
9307	9114
8961	8857
8818	8849
8964	9160
9452	9838
10314	10874
11496	12155
12820	13454
14036	14536
14946	15269
15507	15673
15780	15835
15859	15854
15824	15773
15703	15618
15510	15392
15253	15102
14944	14772
14594	14403
14204	13997
13778	13551
13309	13063
12807	12546
12287	12027
11774	11531
11297	11074
10882	10661
10565	10294
10388	9991
9991	6781
7539	6693
6841	6554
6524	6453
6428	6417
6421	6425
6435	6444
6455	6466
6477	6489
6498	6505
6508	6504
6487	6463
6428	6381
6326	6254
6172	6076
5970	5853
5725	5588
5446	5298
5145	4995
4846	4702
4564	4437
4313	4203
4101	4009
3922	3840
3765	3692
3622	3554
3482	3411
3341	3269
3202	3138
3085	3039
3008	2995
2997	3028
3090	3189
3343	3552
3840	4205
4650	5169
5752	6374
7014	7647
8255	8822
9338	9798
10205	10563
10872	11143
11373	11573
11738	11876
11989	12088
12170	12250
12332	12427
12534	12666
12814	12985
13170	13367
13571	13766
13950	14118
14259	14376
14457	14510
14531	14525
14489	14433
14354	14261
14156	14042
13919	13796
13667	13539
13405	13267
13118	12955
12758	12512
12193	11787
11272	10645
9917	9106
8261	7436
6686	6065
5615	5357
5285	5393
5648	6012
6446	6917
7387	7842
8258	8629
8953	9231
9467	9665
9834	9977
10099	10203
10292	10366
10424	10461
10470	10447
10387	10289
10146	9970
9770	9556
9346	9156
9001	8896
8847	8870
8963	9139
9398	9751
10194	10720
11314	11953
12605	13242
13836	14358
14799	15150
15416	15609
15738	15814
15850	15858
15842	15802
15743	15668
15575	15465
15343	15206
15056	14895
14723	14541
14351	14150
13941	13719
13488	13245
12996	12743
12485	12228
11978	11732
11495	11264
11068	10835
10733	10450
10543	10134
10134	6876
7627	6765
6900	6594
6556	6469
6438	6421
6418	6421
6427	6438
6450	6463
6474	6488
6495	6504
6507	6505
6493	6475
6446	6410
6367	6311
6248	6171
6086	5993
5888	5773
5651	5523
5390	5255
5118	4984
4853	4728
4605	4490
4387	4285
4193	4102
4018	3939
3859	3780
3702	3625
3546	3468
3391	3318
3255	3204
3167	3150
3156	3192
3264	3371
3536	3757
4045	4402
4832	5320
5855	6422
6995	7563
8104	8612
9081	9511
9901	10252
10568	10853
11102	11322
11509	11668
11803	11916
12016	12108
12207	12310
12431	12568
12725	12902
13090	13287
13486	13676
13853	14009
14141	14243
14314	14356
14366	14347
14303	14237
14152	14054
13943	13827
13706	13586
13462	13336
13208	13077
12930	12762
12555	12294
11958	11527
10986	10339
9594	8784
7948	7145
6430	5851
5445	5229
5198	5336
5615	5992
6433	6904
7375	7823
8235	8600
8923	9198
9433	9634
9805	9952
10077	10183
10276	10352
10407	10446
10458	10440
10383	10290
10156	9985
9788	9581
9378	9190
9036	8930
8878	8889
8968	9120
9353	9675
10079	10570
11131	11747
12384	13021
13622	14166
14631	15015
15313	15533
15686	15783
15835	15857
15852	15823
15777	15713
15631	15534
15421	15296
15158	15006
14845	14672
14489	14293
14088	13872
13647	13414
13170	12922
12673	12418
12168	11924
11685	11450
11244	11005
10895	10597
10690	10262
10262	6941
7694	6813
6940	6621
6570	6475
6436	6415
6407	6411
6418	6429
6441	6456
6466	6480
6492	6499
6502	6499
6491	6476
6451	6424
6391	6347
6296	6239
6174	6097
6017	5926
5826	5720
5610	5491
5371	5254
5132	5014
4897	4788
4682	4577
4482	4389
4300	4212
4125	4041
3955	3870
3781	3692
3607	3522
3447	3385
3339	3321
3324	3360
3434	3550
3715	3939
4219	4558
4959	5403
5884	6382
6886	7379
7855	8303
8730	9127
9499	9849
10173	10471
10744	10990
11202	11389
11552	11687
11812	11926
12039	12162
12300	12449
12619	12801
12994	13190
13382	13564
13730	13871
13991	14079
14141	14167
14170	14145
14092	14020
13929	13826
13717	13603
13487	13368
13248	13132
13008	12881
12733	12558
12335	12054
11689	11227
10659	9988
9232	8421
7600	6828
6150	5617
5260	5087
5093	5263
5564	5956
6406	6883
7352	7798
8209	8575
8893	9172
9408	9614
9785	9935
10061	10172
10265	10343
10400	10438
10447	10430
10374	10284
10153	9993
9805	9603
9404	9222
9071	8965
8907	8909
8974	9107
9313	9601
9972	10423
10950	11535
12155	12784
13391	13952
14447	14861
15190	15441
15622	15744
15815	15850
15858	15841
15804	15749
15679	15593
15489	15376
15245	15104
14952	14786
14610	14421
14223	14016
13794	13565
13327	13085
12839	12595
12345	12101
11864	11619
11408	11156
11041	10725
10823	10366
10366	6976
7735	6835
6960	6629
6573	6471
6428	6402
6395	6396
6404	6415
6431	6443
6456	6468
6480	6486
6490	6489
6480	6469
6448	6424
6396	6365
6327	6282
6232	6176
6115	6042
5967	5883
5793	5699
5600	5494
5389	5284
5178	5073
4970	4873
4775	4679
4589	4500
4409	4320
4229	4136
4040	3940
3841	3744
3653	3575
3515	3485
3482	3513
3586	3702
3863	4076
4339	4653
5008	5400
5811	6241
6667	7086
7494	7890
8268	8636
8992	9340
9667	9984
10278	10553
10797	11018
11210	11380
11536	11683
11826	11974
12134	12306
12486	12679
12874	13068
13256	13429
13578	13710
13812	13890
13938	13958
13951	13918
13859	13784
13692	13591
13480	13368
13257	13143
13036	12925
12805	12679
12526	12338
12098	11787
11389	10891
10290	9594
8829	8023
7225	6486
5852	5369
5060	4928
4975	5172
5495	5904
6365	6846
7317	7766
8177	8544
8868	9151
9393	9599
9776	9927
10058	10166
10259	10335
10390	10426
10435	10416
10363	10273
10148	9991
9812	9620
9427	9252
9102	8996
8936	8930
8978	9096
9277	9534
9868	10285
10772	11326
11922	12539
13149	13725
14242	14689
15054	15338
15548	15695
15787	15837
15855	15852
15822	15780
15718	15641
15550	15444
15324	15193
15049	14888
14719	14536
14344	14140
13926	13708
13476	13237
12997	12753
12507	12263
12020	11773
11556	11289
11169	10823
10933	10430
10430	6988
7746	6840
6959	6625
6563	6462
6412	6390
6380	6382
6390	6404
6416	6431
6445	6457
6467	6473
6476	6472
6464	6454
6440	6418
6396	6371
6341	6308
6272	6230
6185	6133
6076	6013
5944	5869
5790	5705
5617	5525
5432	5337
5245	5149
5059	4967
4880	4790
4700	4607
4513	4414
4307	4195
4084	3965
3859	3762
3687	3637
3622	3645
3705	3812
3962	4153
4386	4661
4966	5293
5639	5987
6338	6682
7024	7362
7700	8038
8379	8718
9059	9388
9705	10007
10284	10540
10771	10983
11178	11365
11548	11737
11925	12124
12329	12533
12732	12926
13107	13268
13408	13523
13614	13678
13715	13728
13713	13675
13614	13535
13442	13342
13235	13129
13025	12921
12819	12712
12600	12469
12309	12103
11839	11492
11052	10515
9883	9164
8388	7595
6822	6127
5540	5111
4846	4762
4841	5069
5410	5833
6301	6791
7269	7722
8138	8512
8843	9133
9379	9596
9775	9934
10064	10174
10266	10339
10390	10422
10426	10404
10349	10263
10142	9993
9820	9635
9450	9281
9139	9032
8967	8955
8993	9088
9244	9475
9772	10148
10598	11117
11687	12287
12893	13482
14024	14498
14900	15220
15462	15636
15752	15820
15852	15855
15838	15800
15749	15681
15600	15501
15392	15266
15129	14978
14815	14639
14452	14254
14046	13828
13602	13372
13136	12897
12653	12408
12162	11908
11680	11394
11271	10880
11016	10434
10434	6981
7722	6830
6944	6608
6547	6442
6397	6370
6365	6368
6376	6388
6402	6419
6432	6440
6449	6454
6456	6452
6447	6436
6424	6406
6387	6365
6344	6317
6292	6263
6232	6196
6156	6109
6063	6004
5943	5877
5807	5730
5651	5570
5488	5403
5321	5234
5149	5064
4977	4885
4789	4684
4573	4448
4320	4185
4053	3931
3832	3758
3726	3729
3777	3864
3992	4155
4355	4576
4824	5086
5356	5629
5907	6179
6460	6748
7045	7353
7675	8007
8348	8688
9025	9350
9663	9954
10230	10487
10736	10973
11207	11441
11672	11906
12136	12359
12571	12762
12940	13090
13218	13321
13400	13450
13482	13485
13466	13422
13360	13282
13193	13095
12995	12893
12799	12700
12607	12506
12394	12257
12082	11859
11556	11171
10688	10110
9439	8704
7926	7148
6408	5758
5228	4846
4633	4589
4703	4950
5310	5743
6225	6719
7205	7664
8093	8474
8817	9116
9374	9596
9783	9945
10080	10189
10280	10349
10395	10423
10423	10397
10344	10257
10140	9996
9832	9655
9479	9316
9179	9070
9005	8983
9008	9085
9221	9420
9684	10021
10432	10912
11454	12034
12636	13232
13792	14300
14735	15093
15366	15569
15708	15795
15841	15855
15846	15817
15771	15711
15638	15550
15448	15326
15200	15055
14899	14727
14546	14352
14151	13936
13719	13491
13259	13023
12782	12535
12285	12020
11782	11465
11343	10882
11065	10347
10347	6959
7653	6803
6904	6587
6523	6423
6377	6356
6348	6352
6361	6374
6387	6402
6413	6424
6429	6434
6435	6434
6427	6417
6405	6390
6373	6356
6338	6319
6301	6279
6258	6236
6210	6181
6146	6107
6063	6014
5955	5895
5831	5764
5691	5617
5545	5471
5393	5314
5230	5141
5045	4937
4818	4685
4535	4379
4222	4072
3947	3848
3789	3768
3793	3851
3950	4078
4232	4404
4592	4789
4988	5195
5402	5614
5838	6077
6334	6616
6915	7235
7570	7914
8263	8610
8952	9282
9604	9912
10217	10515
10806	11092
11376	11652
11918	12163
12386	12587
12762	12906
13022	13114
13179	13225
13244	13243
13215	13172
13109	13031
12939	12850
12755	12664
12575	12491
12402	12306
12192	12045
11854	11598
11259	10832
10303	9684
8983	8231
7454	6699
5999	5397
4922	4593
4426	4417
4558	4827
5197	5643
6130	6630
7126	7595
8034	8429
8783	9095
9365	9598
9796	9962
10102	10211
10299	10364
10410	10429
10425	10396
10341	10255
10144	10006
9845	9680
9511	9356
9221	9115
9045	9017
9028	9093
9203	9373
9601	9900
10273	10715
11221	11784
12378	12976
13555	14093
14562	14956
15266	15497
15659	15766
15823	15849
15850	15828
15789	15738
15667	15587
15488	15381
15255	15121
14965	14804
14625	14438
14241	14035
13817	13596
13368	13134
12892	12647
12386	12105
11858	11490
11378	10796
11075	10130
10130	6921
7516	6766
6842	6554
6490	6401
6355	6334
6330	6334
6345	6359
6371	6385
6395	6404
6407	6412
6413	6409
6404	6397
6386	6373
6361	6346
6330	6317
6302	6288
6276	6261
6246	6229
6207	6183
6149	6114
6073	6026
5972	5918
5858	5793
5733	5666
5597	5527
5448	5363
5266	5157
5032	4884
4721	4543
4360	4182
4026	3899
3808	3758
3755	3785
3847	3935
4046	4168
4297	4432
4571	4713
4862	5023
5197	5393
5614	5861
6139	6443
6765	7109
7461	7824
8188	8554
8920	9283
9643	10003
10361	10712
11052	11376
11679	11954
12196	12404
12577	12719
12828	12910
12967	13001
13014	13006
12975	12927
12862	12786
12699	12614
12528	12447
12366	12290
12208	12116
11995	11836
11622	11334
10957	10483
9914	9255
8529	7765
6997	6268
5611	5058
4634	4356
4230	4256
4419	4703
5080	5533
6024	6535
7038	7520
7970	8382
8745	9073
9357	9604
9812	9985
10127	10240
10326	10388
10427	10443
10435	10405
10348	10264
10152	10019
9870	9710
9551	9400
9270	9163
9091	9054
9059	9100
9193	9336
9533	9795
10130	10532
11011	11547
12128	12730
13327	13888
14390	14818
15163	15426
15610	15735
15811	15844
15850	15835
15802	15753
15691	15614
15524	15421
15300	15170
15024	14863
14692	14507
14314	14112
13900	13683
13457	13225
12984	12730
12464	12163
11899	11466
11374	10613
11040	9738
9738	6878
7303	6721
6758	6523
6459	6378
6340	6319
6317	6320
6332	6344
6358	6367
6375	6384
6389	6392
6391	6389
6385	6376
6367	6357
6343	6333
6320	6310
6299	6291
6285	6278
6268	6261
6250	6233
6213	6188
6157	6119
6079	6032
5986	5934
5879	5822
5762	5698
5626	5547
5454	5341
5207	5050
4867	4669
4459	4258
4069	3911
3792	3713
3675	3674
3703	3752
3817	3891
3969	4056
4140	4236
4337	4451
4586	4743
4932	5151
5402	5681
5990	6321
6676	7043
7423	7819
8220	8633
9053	9477
9900	10316
10716	11090
11435	11741
12005	12225
12401	12538
12643	12718
12766	12795
12799	12786
12752	12702
12638	12564
12484	12405
12325	12251
12182	12110
12031	11937
11810	11639
11401	11081
10668	10152
9538	8845
8100	7331
6577	5875
5259	4756
4379	4148
4058	4107
4287	4583
4967	5418
5916	6430
6942	7435
7898	8326
8708	9051
9352	9607
9825	10008
10153	10269
10356	10415
10451	10464
10452	10418
10359	10276
10168	10041
9900	9748
9597	9453
9326	9220
9145	9101
9091	9122
9193	9310
9478	9707
10004	10374
10819	11331
11903	12506
13114	13697
14228	14689
15063	15356
15565	15705
15792	15836
15850	15841
15809	15767
15709	15636
15552	15450
15337	15209
15067	14912
14746	14565
14375	14175
13968	13754
13531	13301
13060	12801
12524	12193
11918	11391
11342	10314
10974	9136
9136	6824
6997	6668
6643	6486
6423	6357
6324	6307
6303	6308
6318	6329
6341	6350
6360	6366
6368	6369
6370	6368
6366	6358
6351	6342
6332	6322
6312	6302
6297	6293
6290	6286
6286	6283
6278	6268
6256	6240
6216	6189
6155	6120
6077	6035
5988	5940
5887	5829
5764	5686
5592	5482
5339	5174
4976	4759
4528	4298
4083	3896
3748	3641
3573	3542
3537	3552
3580	3612
3653	3697
3744	3797
3862	3942
4046	4173
4330	4522
4747	5003
5290	5609
5953	6319
6713	7129
7566	8023
8495	8976
9463	9940
10396	10822
11205	11542
11826	12059
12240	12377
12479	12549
12593	12612
12614	12599
12562	12511
12445	12370
12294	12220
12151	12083
12023	11958
11882	11787
11652	11466
11201	10855
10401	9850
9202	8486
7719	6949
6210	5538
4963	4500
4165	3971
3908	3981
4173	4471
4861	5314
5811	6334
6850	7358
7828	8272
8669	9026
9339	9610
9838	10027
10179	10296
10381	10442
10470	10484
10468	10434
10375	10293
10190	10070
9932	9787
9641	9504
9380	9275
9195	9145
9127	9144
9196	9290
9433	9635
9900	10238
10656	11149
11708	12311
12926	13530
14088	14572
14974	15290
15519	15679
15775	15827
15847	15844
15817	15776
15721	15651
15568	15471
15361	15236
15102	14948
14784	14610
14422	14227
14023	13809
13589	13359
13114	12851
12563	12200
11913	11268
11281	9914
10879	8340
8340	6773
6606	6618
6508	6454
6382	6338
6307	6294
6292	6296
6307	6318
6327	6339
6345	6350
6354	6354
6354	6353
6348	6344
6338	6329
6322	6314
6307	6299
6294	6292
6291	6293
6294	6298
6296	6292
6285	6272
6254	6234
6206	6176
6142	6107
6064	6021
5975	5921
5862	5786
5696	5582
5436	5262
5053	4818
4567	4317
4080	3870
3696	3564
3470	3412
3379	3364
3361	3365
3375	3389
3405	3434
3473	3528
3607	3711
3843	4010
4208	4445
4710	5011
5344	5711
6109	6539
7002	7494
8011	8541
9081	9612
10117	10588
11008	11372
11673	11919
12107	12248
12347	12412
12450	12469
12466	12444
12405	12352
12287	12218
12147	12076
12013	11953
11899	11836
11762	11664
11524	11319
11038	10662
10182	9596
8924	8181
7409	6643
5915	5270
4725	4297
3999	3834
3792	3877
4078	4380
4768	5222
5722	6245
6768	7285
7771	8224
8633	9004
9328	9612
9850	10045
10200	10321
10408	10466
10495	10504
10488	10449
10393	10312
10212	10096
9966	9825
9686	9552
9432	9327
9244	9187
9162	9166
9206	9281
9405	9578
9819	10132
10529	11006
11550	12152
12774	13390
13970	14477
14901	15235
15483	15654
15762	15820
15843	15841
15819	15780
15728	15659
15580	15487
15378	15257
15123	14975
14812	14641
14457	14262
14062	13852
13634	13405
13157	12886
12583	12188
11896	11117
11211	9445
10780	7416
7416	6731
6162	6578
6359	6427
6346	6324
6296	6285
6284	6289
6298	6309
6318	6328
6331	6337
6342	6343
6343	6339
6338	6334
6328	6323
6315	6308
6302	6295
6291	6292
6292	6297
6301	6305
6306	6306
6301	6292
6278	6260
6240	6211
6184	6152
6116	6077
6036	5984
5928	5855
5763	5648
5502	5318
5100	4856
4589	4319
4067	3837
3646	3491
3378	3299
3246	3210
3186	3167
3158	3149
3150	3157
3182	3220
3284	3368
3484	3631
3810	4023
4276	4558
4882	5240
5643	6082
6562	7081
7631	8200
8778	9353
9895	10400
10852	11237
11557	11809
12001	12144
12241	12307
12343	12359
12351	12327
12289	12236
12172	12104
12035	11967
11908	11853
11804	11748
11676	11574
11425	11210
10910	10515
10009	9405
8707	7953
7174	6409
5696	5073
4550	4151
3877	3731
3707	3804
4006	4310
4695	5150
5648	6177
6706	7228
7723	8184
8604	8986
9321	9611
9855	10057
10217	10342
10427	10485
10512	10517
10504	10466
10408	10328
10232	10120
9993	9859
9723	9591
9470	9366
9282	9224
9189	9187
9213	9278
9382	9541
9761	10059
10435	10898
11436	12034
12663	13289
13879	14405
14845	15195
15454	15637
15748	15813
15842	15841
15819	15783
15731	15666
15586	15496
15390	15271
15139	14992
14833	14662
14479	14289
14090	13881
13664	13432
13184	12906
12595	12169
11870	10965
11144	8975
10684	6487
