16094	16094
16094	16094
16094	16094
16094	16094
16094	16094
16094	16094
16093	16089
16083	16075
16057	16033
15990	15926
15832	15701
15518	15278
14976	14603
14163	13658
13103	12511
11899	11290
10707	10170
9696	9295
8974	8735
8572	8474
8432	8431
8462	8508
8565	8619
8668	8708
8735	8750
8758	8751
8738	8722
8703	8686
8667	8651
8639	8628
8623	8625
8627	8645
8674	8716
8773	8845
8935	9048
9181	9342
9534	9763
10032	10348
10714	11124
11576	12051
12548	13048
13532	13990
14408	14777
15093	15355
15564	15726
15846	15932
15992	16032
16057	16073
16082	16088
16093	16094
16094	16094
16094	16094
16094	16094
16094	16094
16094	16094
16094	16094
16094	16094
16094	16094
16094	16094
16094	16094
16094	16094
16094	16094
16093	16089
16083	16076
16060	16033
15994	15931
15843	15715
15540	15311
15017	14659
14232	13745
13206	12630
12032	11437
10863	10330
9858	9458
9132	8882
8707	8601
8547	8538
8561	8603
8654	8705
8757	8799
8830	8850
8857	8855
8845	8833
8816	8795
8779	8762
8750	8733
8726	8720
8725	8734
8757	8794
8849	8922
9015	9127
9269	9435
9637	9872
10151	10476
10843	11250
11698	12170
12660	13149
13621	14063
14469	14827
15133	15383
15585	15740
15856	15938
15996	16036
16059	16075
16082	16089
16093	16094
16094	16094
16094	16094
16094	16094
16094	16094
16094	16094
16094	16094
16094	16094
16094	16094
16094	16094
16094	16094
16094	16094
16094	16094
16093	16090
16084	16076
16063	16039
15999	15942
15855	15733
15570	15352
15072	14731
14324	13857
13341	12785
12208	11626
11066	10543
10071	9668
9333	9076
8890	8769
8705	8681
8694	8728
8773	8828
8875	8921
8955	8978
8992	8996
8991	8979
8963	8946
8928	8913
8894	8877
8861	8852
8848	8853
8872	8904
8952	9024
9116	9236
9383	9560
9769	10017
10306	10636
11005	11419
11859	12325
12803	13274
13731	14159
14547	14886
15179	15418
15610	15758
15868	15945
16002	16038
16061	16076
16083	16090
16093	16094
16094	16094
16094	16094
16094	16094
16094	16094
16094	16094
16094	16094
16094	16094
16094	16094
16094	16094
16094	16094
16094	16094
16094	16094
16093	16090
16084	16076
16063	16041
16007	15953
15871	15760
15602	15400
15139	14819
14435	13994
13503	12973
12418	11862
11313	10804
10335	9926
9588	9319
9118	8981
8896	8862
8864	8889
8930	8979
9030	9075
9114	9143
9163	9170
9172	9162
9153	9134
9116	9095
9077	9055
9036	9020
9008	9006
9019	9044
9091	9159
9254	9375
9530	9717
9939	10198
10497	10831
11209	11617
12056	12512
12977	13429
13866	14272
14642	14964
15239	15462
15642	15780
15881	15955
16008	16042
16064	16077
16084	16090
16093	16094
16094	16094
16094	16094
16094	16094
16094	16094
16094	16094
16094	16094
16094	16094
16094	16094
16094	16094
16094	16094
16094	16094
16094	16094
16093	16090
16086	16079
16065	16046
16013	15962
15888	15785
15643	15454
15214	14917
14561	14152
13689	13193
12664	12131
11602	11100
10638	10228
9882	9599
9382	9230
9133	9081
9068	9084
9121	9167
9217	9266
9312	9343
9371	9382
9388	9383
9374	9357
9343	9323
9297	9273
9249	9226
9207	9197
9197	9219
9261	9328
9423	9547
9709	9904
10137	10407
10714	11060
11440	11851
12282	12727
13171	13608
14022	14403
14748	15050
15304	15512
15678	15807
15900	15968
16016	16046
16066	16079
16085	16090
16093	16094
16094	16094
16094	16094
16094	16094
16094	16094
16094	16093
16093	16094
16094	16094
16094	16094
16094	16094
16094	16094
16094	16094
16094	16094
16093	16090
16086	16080
16070	16051
16020	15976
15910	15815
15687	15515
15297	15026
14700	14322
13893	13427
12932	12424
11917	11429
10975	10565
10210	9916
9683	9514
9401	9337
9309	9316
9345	9389
9441	9491
9539	9580
9611	9631
9640	9642
9635	9624
9605	9583
9557	9526
9494	9466
9440	9422
9420	9430
9465	9530
9625	9755
9919	10124
10367	10647
10963	11314
11695	12104
12526	12956
13385	13797
14187	14546
14866	15142
15376	15566
15716	15832
15919	15978
16024	16050
16068	16080
16086	16090
16093	16094
16094	16094
16094	16094
16094	16094
16093	16093
16093	16093
16093	16093
16094	16094
16094	16094
16094	16094
16094	16094
16094	16094
16094	16094
16094	16091
16086	16081
16072	16055
16030	15988
15930	15847
15733	15579
15384	15139
14841	14497
14106	13670
13208	12732
12246	11776
11330	10920
10561	10259
10015	9831
9700	9619
9584	9582
9606	9645
9696	9749
9802	9846
9884	9907
9922	9930
9924	9914
9902	9876
9849	9816
9780	9746
9711	9686
9670	9675
9705	9765
9856	9985
10154	10365
10614	10901
11223	11580
11964	12367
12778	13196
13605	13995
14358	14689
14982	15236
15450	15620
15757	15860
15937	15992
16031	16054
16071	16080
16086	16091
16093	16094
16094	16094
16094	16094
16093	16093
16093	16093
16093	16093
16093	16093
16093	16094
16094	16094
16094	16094
16094	16094
16094	16094
16094	16094
16094	16092
16089	16081
16072	16061
16038	16000
15950	15876
15774	15641
15463	15247
14980	14665
14310	13913
13481	13030
12573	12118
11683	11281
10921	10610
10356	10158
10015	9926
9880	9870
9890	9929
9978	10036
10093	10142
10184	10216
10235	10246
10248	10240
10227	10200
10172	10134
10092	10052
10012	9975
9955	9951
9973	10028
10115	10241
10413	10623
10875	11167
11491	11848
12231	12626
13029	13429
13815	14183
14523	14830
15098	15328
15520	15674
15793	15886
15954	16002
16037	16061
16073	16081
16088	16091
16094	16094
16094	16094
16094	16094
16093	16092
16092	16092
16092	16093
16092	16092
16093	16093
16093	16094
16094	16094
16094	16094
16094	16094
16094	16094
16094	16092
16090	16084
16078	16066
16044	16013
15968	15904
15812	15694
15538	15343
15103	14823
14496	14134
13737	13314
12879	12445
12023	11629
11271	10958
10697	10494
10348	10248
10196	10183
10198	10238
10292	10349
10409	10468
10513	10550
10575	10589
10594	10589
10574	10553
10519	10481
10436	10389
10342	10301
10269	10256
10269	10315
10397	10520
10684	10890
11141	11429
11755	12108
12480	12869
13259	13641
14010	14355
14671	14956
15198	15410
15581	15719
15826	15908
15970	16012
16043	16064
16075	16082
16089	16092
16094	16094
16094	16094
16094	16092
16092	16092
16091	16092
16091	16091
16089	16091
16093	16093
16093	16093
16093	16093
16094	16094
16094	16094
16094	16094
16094	16092
16090	16085
16079	16068
16049	16021
15983	15924
15846	15738
15601	15425
15209	14953
14657	14322
13954	13561
13149	12734
12330	11948
11596	11289
11030	10827
10674	10576
10522	10510
10526	10564
10622	10682
10748	10807
10860	10903
10932	10952
10959	10956
10945	10924
10889	10847
10800	10745
10693	10643
10605	10583
10587	10624
10692	10804
10958	11157
11399	11682
11998	12344
12705	13082
13457	13823
14174	14498
14795	15056
15281	15474
15629	15756
15855	15928
15981	16020
16046	16066
16078	16084
16090	16092
16094	16094
16094	16094
16092	16092
16092	16090
16089	16088
16086	16086
16085	16088
16093	16093
16093	16093
16093	16093
16093	16094
16094	16094
16094	16094
16094	16092
16090	16087
16080	16070
16055	16029
15991	15941
15866	15771
15642	15483
15289	15053
14778	14471
14124	13758
13368	12977
12591	12225
11884	11590
11337	11141
10995	10900
10851	10842
10864	10907
10968	11036
11105	11170
11229	11275
11309	11333
11344	11342
11333	11308
11278	11233
11182	11124
11066	11007
10961	10932
10923	10943
10998	11094
11231	11417
11646	11909
12214	12545
12894	13252
13613	13964
14295	14606
14882	15129
15339	15517
15663	15779
15872	15940
15989	16025
16052	16068
16079	16085
16090	16092
16093	16094
16094	16092
16092	16089
16087	16087
16083	16080
16077	16079
16076	16082
16092	16093
16092	16093
16093	16093
16093	16094
16094	16094
16094	16094
16094	16092
16090	16086
16080	16071
16056	16030
15996	15945
15877	15784
15667	15518
15334	15111
14857	14565
14241	13894
13530	13159
12792	12445
12127	11846
11611	11431
11298	11214
11175	11177
11207	11260
11329	11403
11477	11548
11612	11662
11701	11731
11741	11744
11734	11712
11680	11637
11581	11518
11452	11389
11332	11288
11264	11268
11305	11382
11496	11660
11864	12110
12393	12705
13038	13378
13721	14055
14374	14668
14932	15167
15369	15539
15679	15789
15878	15942
15991	16026
16053	16067
16079	16086
16090	16092
16093	16093
16093	16090
16087	16086
16082	16077
16071	16069
16061	16065
16054	16069
16091	16092
16092	16092
16092	16092
16092	16093
16094	16094
16094	16094
16094	16092
16090	16085
16079	16069
16055	16027
15992	15943
15873	15783
15665	15519
15342	15131
14882	14605
14298	13967
13624	13275
12933	12611
12313	12055
11847	11687
11572	11512
11493	11509
11553	11618
11695	11778
11860	11937
12004	12062
12103	12136
12153	12155
12147	12127
12090	12046
11987	11923
11855	11780
11713	11654
11613	11594
11609	11660
11749	11881
12059	12278
12533	12819
13128	13449
13776	14094
14399	14684
14939	15168
15365	15531
15671	15783
15868	15936
15987	16021
16047	16065
16076	16083
16089	16091
16092	16092
16091	16088
16085	16081
16073	16065
16056	16052
16039	16045
16025	16051
16089	16091
16090	16092
16092	16092
16092	16092
16092	16094
16094	16094
16094	16092
16088	16082
16077	16065
16047	16019
15981	15928
15855	15764
15643	15494
15314	15104
14862	14592
14294	13978
13653	13325
13009	12713
12444	12220
12041	11909
11825	11791
11796	11833
11894	11977
12067	12160
12253	12334
12407	12468
12516	12549
12568	12575
12565	12544
12508	12461
12402	12335
12257	12175
12093	12023
11962	11920
11906	11925
11981	12081
12225	12410
12635	12891
13174	13472
13781	14082
14375	14653
14905	15131
15331	15501
15644	15758
15850	15920
15975	16013
16040	16062
16074	16081
16088	16091
16092	16091
16088	16085
16079	16071
16059	16046
16029	16023
15996	16011
15969	16020
16086	16087
16088	16089
16090	16092
16092	16092
16092	16093
16093	16094
16092	16091
16088	16080
16073	16060
16038	16007
15964	15905
15824	15724
15595	15440
15255	15038
14793	14523
14233	13928
13620	13314
13022	12759
12525	12333
12189	12097
12047	12043
12079	12143
12228	12330
12437	12541
12643	12735
12810	12878
12927	12964
12986	12991
12985	12966
12931	12881
12819	12746
12662	12572
12479	12384
12305	12237
12195	12178
12198	12257
12363	12508
12694	12917
13172	13444
13734	14019
14307	14578
14833	15062
15267	15442
15597	15718
15819	15898
15957	16001
16032	16056
16071	16080
16087	16089
16090	16090
16085	16079
16071	16057
16038	16022
15989	15980
15931	15957
15878	15972
16086	16086
16086	16086
16089	16090
16091	16091
16092	16093
16093	16094
16092	16090
16085	16080
16069	16055
16027	15992
15942	15875
15787	15672
15534	15364
15168	14940
14689	14417
14129	13836
13538	13255
12989	12753
12557	12408
12305	12251
12244	12278
12348	12441
12554	12673
12797	12918
13027	13126
13212	13280
13336	13372
13397	13404
13399	13380
13344	13291
13228	13150
13061	12957
12853	12741
12637	12540
12464	12410
12392	12409
12466	12572
12720	12910
13130	13376
13646	13924
14200	14470
14726	14962
15175	15369
15529	15667
15778	15864
15934	15985
16022	16049
16066	16078
16084	16087
16087	16086
16080	16071
16056	16036
16007	15981
15931	15913
15828	15875
15731	15895
16080	16086
16082	16086
16085	16090
16091	16091
16091	16093
16093	16094
16092	16089
16083	16077
16065	16045
16014	15972
15915	15838
15737	15609
15453	15269
15054	14816
14554	14277
13988	13699
13416	13151
12913	12713
12553	12445
12387	12374
12411	12482
12589	12719
12858	13003
13146	13279
13401	13508
13596	13671
13726	13766
13791	13802
13794	13774
13740	13690
13622	13538
13440	13330
13210	13081
12953	12830
12719	12626
12565	12540
12554	12616
12722	12871
13062	13285
13530	13796
14064	14335
14598	14844
15074	15276
15454	15606
15728	15828
15906	15964
16007	16038
16059	16073
16080	16086
16086	16080
16076	16063
16041	16011
15969	15928
15847	15826
15681	15763
15511	15790
16079	16085
16082	16085
16083	16088
16089	16091
16091	16092
16092	16092
16090	16088
16080	16072
16058	16035
15999	15950
15884	15798
15680	15540
15367	15164
14931	14681
14405	14119
13825	13542
13268	13026
12813	12644
12524	12455
12439	12473
12551	12666
12811	12971
13139	13310
13469	13617
13747	13864
13958	14034
14092	14136
14161	14171
14165	14146
14110	14058
13989	13899
13796	13678
13545	13396
13247	13095
12949	12821
12719	12647
12621	12638
12702	12816
12977	13173
13401	13650
13919	14188
14458	14715
14957	15173
15368	15534
15672	15787
15875	15943
15995	16027
16056	16069
16079	16082
16082	16078
16069	16050
16021	15978
15918	15858
15735	15706
15480	15610
15199	15647
16076	16079
16080	16081
16082	16084
16088	16089
16091	16092
16092	16092
16090	16086
16080	16068
16051	16024
15984	15932
15854	15757
15628	15470
15279	15058
14810	14538
14251	13954
13662	13376
13118	12887
12702	12561
12477	12449
12472	12552
12670	12826
13006	13198
13394	13582
13759	13922
14063	14183
14282	14364
14423	14465
14492	14502
14499	14476
14443	14390
14319	14228
14117	13988
13843	13681
13508	13329
13155	12991
12849	12740
12670	12648
12675	12754
12881	13054
13267	13506
13769	14041
14320	14586
14841	15074
15283	15468
15621	15747
15845	15922
15976	16016
16047	16066
16077	16079
16080	16074
16060	16038
15998	15943
15856	15777
15598	15564
15221	15420
14791	15465
16072	16077
16076	16080
16081	16082
16086	16087
16090	16092
16092	16092
16090	16084
16079	16065
16045	16016
15971	15910
15827	15718
15576	15403
15196	14956
14693	14405
14103	13798
13501	13219
12969	12756
12591	12480
12424	12432
12496	12609
12766	12958
13168	13390
13609	13820
14015	14185
14338	14462
14564	14645
14705	14751
14776	14785
14782	14764
14725	14673
14602	14511
14399	14260
14104	13929
13735	13533
13328	13135
12958	12813
12707	12649
12642	12691
12792	12947
13138	13372
13630	13903
14182	14464
14729	14978
15205	15403
15570	15707
15817	15900
15964	16008
16041	16062
16073	16076
16079	16071
16054	16022
15975	15902
15787	15684
15442	15397
14916	15200
14300	15248
16067	16074
16072	16078
16078	16082
16084	16087
16089	16091
16092	16092
16090	16083
16075	16062
16041	16009
15960	15892
15802	15683
15527	15344
15121	14868
14588	14286
13975	13663
13360	13082
12836	12638
12489	12402
12373	12411
12505	12651
12842	13062
13303	13548
13789	14017
14225	14408
14563	14691
14796	14880
14940	14986
15008	15023
15018	14996
14963	14909
14836	14741
14626	14483
14316	14130
13921	13698
13474	13253
13048	12872
12732	12643
12608	12633
12712	12843
13030	13251
13507	13779
14069	14356
14635	14896
15133	15346
15524	15672
15791	15881
15950	15999
16034	16059
16070	16074
16077	16066
16046	16009
15950	15861
15718	15587
15273	15224
14585	14964
13757	15017
16064	16074
16070	16078
16076	16081
16083	16087
16089	16090
16092	16091
16089	16081
16073	16059
16036	16000
15950	15877
15777	15652
15492	15292
15061	14796
14502	14190
13869	13551
13246	12969
12729	12541
12408	12338
12336	12392
12512	12688
12902	13145
13407	13673
13929	14168
14387	14577
14739	14872
14978	15063
15124	15165
15193	15204
15199	15182
15146	15091
15018	14923
14803	14657
14484	14284
14067	13829
13584	13344
13115	12916
12754	12640
12582	12582
12645	12766
12935	13154
13405	13682
13975	14271
14556	14829
15077	15301
15489	15645
15770	15866
15941	15991
16030	16055
16070	16073
16073	16062
16040	15997
15926	15793
15650	15236
15107	13922
14252	11400
13202	7797
