6353	4994
5124	4306
3938	3463
3131	2894
2763	2728
2776	2902
3097	3360
3679	4045
4438	4832
5193	5495
5713	5843
5874	5802
5624	5335
4945	4467
3944	3413
2926	2523
2233	2069
2032	2112
2284	2511
2757	2990
3171	3302
3381	3428
3461	3500
3558	3649
3771	3914
4063	4191
4268	4277
4207	4070
3894	3703
3523	3370
3246	3147
3063	2993
2943	2929
2982	3142
3457	3979
4738	5735
6925	8226
9524	10705
11698	12468
13027	13421
13700	13915
14095	14258
14405	14543
14662	14772
14867	14947
15015	15073
15120	15146
15146	15100
14994	14794
14480	14022
13415	12665
11807	10887
9973	9118
8366	7741
7247	6878
6612	6443
6363	6377
6490	6709
7044	7491
8044	8687
9384	10095
10773	11379
11868	12215
12388	12378
12170	11772
11219	10559
9870	9224
8683	8268
7975	7772
7623	7500
7404	7336
7309	7324
7363	7414
7451	7456
7425	7365
7292	7222
7171	7144
7141	7163
7204	7264
7335	7423
7520	7634
7770	7926
8106	8304
8519	8738
8949	9144
9330	9517
9716	9942
10184	10425
10629	10771
10817	10774
10651	10469
10255	10032
9810	9600
9407	9230
9068	8932
8819	8739
8687	8665
8675	8707
8758	8825
8905	8993
9088	9185
9277	9362
9424	9464
9478	9464
9423	9362
9281	9190
9089	8987
8890	8801
8721	8662
8623	8606
8616	8626
8706	8619
8852	8472
8472	4936
5301	4262
3937	3434
3117	2888
2770	2746
2812	2954
3169	3445
3777	4149
4538	4919
5266	5547
5748	5855
5863	5764
5563	5251
4844	4362
3840	3324
2855	2469
2194	2035
1997	2066
2224	2436
2667	2882
3059	3184
3268	3321
3368	3423
3501	3610
3746	3898
4048	4170
4238	4233
4155	4019
3845	3661
3490	3347
3231	3134
3056	2986
2939	2925
2973	3123
3421	3920
4647	5614
6780	8067
9365	10563
11583	12384
12975	13396
13699	13927
14120	14283
14434	14569
14686	14788
14879	14956
15021	15079
15124	15154
15160	15132
15046	14880
14610	14213
13678	13009
12231	11387
10534	9723
8991	8363
7846	7429
7098	6849
6681	6599
6618	6746
6991	7357
7835	8404
9035	9692
10327	10906
11384	11746
11963	12021
11904	11614
11169	10601
9981	9373
8832	8398
8067	7826
7647	7511
7415	7358
7346	7379
7437	7498
7544	7553
7520	7458
7376	7293
7225	7181
7163	7173
7206	7255
7323	7403
7494	7604
7736	7890
8068	8272
8488	8710
8928	9133
9328	9532
9751	9998
10270	10543
10785	10957
11035	11014
10907	10733
10519	10283
10047	9814
9593	9385
9198	9029
8889	8778
8703	8659
8647	8664
8701	8760
8833	8919
9016	9119
9221	9317
9399	9453
9485	9491
9471	9427
9368	9291
9201	9106
9008	8915
8831	8759
8705	8675
8669	8661
8727	8619
8851	8445
8445	4853
5239	4197
3886	3397
3095	2884
2786	2783
2871	3036
3273	3570
3914	4288
4672	5039
5362	5618
5793	5868
5844	5713
5475	5133
4704	4215
3697	3201
2754	2395
2138	1991
1951	2011
2149	2340
2550	2748
2910	3034
3121	3181
3246	3320
3422	3552
3708	3868
4019	4132
4185	4167
4083	3942
3776	3603
3446	3314
3207	3117
3041	2976
2928	2915
2958	3095
3375	3838
4528	5453
6585	7851
9151	10369
11424	12267
12902	13365
13697	13948
14151	14325
14476	14609
14722	14819
14900	14971
15033	15086
15132	15166
15183	15170
15111	14984
14771	14450
14009	13444
12778	12039
11278	10535
9841	9229
8691	8226
7825	7485
7211	7015
6914	6925
7059	7314
7688	8156
8692	9261
9819	10334
10781	11137
11388	11515
11503	11343
11031	10598
10075	9527
9008	8561
8196	7917
7706	7556
7456	7412
7418	7471
7546	7622
7679	7694
7665	7595
7501	7401
7309	7240
7203	7193
7212	7251
7308	7378
7465	7566
7690	7840
8017	8222
8442	8668
8894	9110
9323	9543
9791	10072
10383	10703
10990	11210
11328	11346
11259	11099
10886	10641
10382	10123
9868	9625
9395	9187
9006	8861
8749	8676
8636	8627
8643	8683
8745	8826
8923	9031
9144	9254
9351	9430
9485	9517
9524	9509
9473	9418
9346	9261
9167	9073
8982	8898
8829	8776
8752	8720
8768	8630
8860	8416
8416	4755
5162	4123
3830	3355
3074	2885
2813	2837
2955	3149
3415	3733
4091	4464
4835	5180
5473	5695
5831	5873
5811	5640
5364	4991
4535	4038
3529	3050
2636	2305
2070	1937
1899	1949
2069	2238
2428	2607
2759	2875
2965	3037
3115	3212
3337	3488
3657	3824
3973	4071
4109	4078
3986	3846
3686	3528
3388	3271
3173	3094
3024	2964
2920	2905
2942	3065
3319	3746
4391	5268
6357	7601
8897	10138
11233	12128
12817	13320
13692	13971
14195	14377
14532	14662
14771	14858
14934	14996
15050	15101
15145	15185
15207	15212
15178	15095
14942	14701
14359	13914
13375	12764
12116	11465
10841	10259
9724	9227
8774	8351
7979	7670
7451	7339
7352	7485
7735	8082
8496	8941
9387	9804
10171	10484
10729	10902
10981	10945
10781	10488
10093	9633
9162	8726
8347	8041
7809	7646
7550	7513
7540	7606
7700	7789
7856	7878
7852	7776
7669	7545
7429	7330
7264	7231
7229	7251
7294	7354
7427	7519
7636	7781
7956	8158
8382	8614
8846	9076
9308	9554
9835	10155
10514	10885
11229	11504
11678	11738
11687	11543
11335	11084
10806	10520
10231	9945
9672	9421
9197	9005
8853	8733
8658	8614
8600	8614
8662	8730
8823	8932
9052	9174
9289	9390
9472	9534
9571	9585
9579	9550
9502	9435
9352	9261
9164	9072
8988	8915
8865	8803
8828	8657
8884	8394
8394	4648
5079	4042
3769	3315
3058	2899
2857	2915
3068	3298
3588	3927
4290	4658
5008	5323
5579	5766
5866	5868
5765	5554
5237	4828
4352	3844
3344	2892
2512	2212
2005	1885
1850	1892
1999	2147
2318	2482
2625	2739
2831	2912
3005	3120
3261	3427
3604	3772
3909	3992
4010	3967
3868	3732
3587	3443
3318	3215
3132	3061
2999	2942
2901	2888
2922	3030
3258	3648
4244	5070
6116	7330
8624	9886
11024	11971
12717	13274
13685	13994
14238	14435
14594	14725
14827	14910
14976	15032
15080	15126
15168	15206
15236	15251
15240	15193
15093	14929
14680	14351
13939	13465
12944	12408
11872	11351
10848	10356
9873	9403
8961	8570
8255	8042
7939	7958
8084	8300
8576	8880
9181	9457
9704	9921
10109	10271
10392	10447
10407	10255
9991	9643
9251	8856
8496	8193
7956	7793
7701	7676
7713	7791
7895	7995
8068	8096
8074	7996
7875	7730
7584	7453
7354	7289
7261	7264
7289	7330
7391	7472
7576	7715
7883	8086
8308	8545
8784	9028
9281	9556
9872	10235
10642	11070
11474	11815
12047	12162
12151	12035
11836	11584
11294	10985
10664	10342
10029	9734
9465	9226
9026	8864
8741	8655
8604	8587
8604	8655
8732	8837
8955	9086
9213	9331
9436	9524
9593	9639
9666	9668
9645	9600
9535	9450
9358	9261
9168	9078
9007	8917
8917	8705
8930	8385
8385	4541
4999	3963
3712	3283
3055	2927
2921	3018
3207	3471
3789	4141
4502	4854
5176	5451
5670	5813
5873	5839
5700	5451
5099	4658
4167	3657
3172	2741
2394	2126
1945	1842
1816	1853
1950	2088
2244	2400
2540	2652
2752	2839
2939	3064
3213	3379
3552	3705
3823	3886
3889	3834
3733	3604
3471	3346
3238	3152
3080	3014
2961	2911
2873	2863
2893	2990
3197	3550
4102	4879
5882	7068
8352	9636
10812	11813
12614	13224
13678	14020
14285	14496
14664	14795
14894	14970
15030	15074
15118	15158
15194	15232
15262	15284
15289	15268
15209	15104
14939	14709
14413	14064
13669	13254
12820	12386
11940	11488
11019	10545
10079	9651
9282	9000
8821	8748
8767	8862
9005	9159
9302	9416
9502	9575
9649	9737
9832	9916
9952	9905
9763	9531
9240	8919
8610	8338
8126	7981
7904	7895
7941	8031
8133	8236
8314	8348
8323	8245
8115	7952
7775	7611
7475	7377
7318	7293
7294	7319
7362	7427
7520	7648
7810	8008
8226	8462
8708	8966
9238	9542
9891	10300
10756	11241
11707	12111
12410	12581
12616	12533
12358	12114
11818	11499
11155	10807
10460	10128
9817	9533
9288	9078
8903	8768
8672	8617
8597	8619
8676	8763
8875	9000
9130	9259
9380	9487
9583	9659
9716	9748
9755	9736
9690	9625
9544	9449
9353	9254
9165	9051
9029	8777
9002	8396
8396	4436
4927	3888
3663	3258
3062	2974
3009	3146
3377	3673
4010	4365
4712	5036
5315	5547
5720	5823
5847	5777
5607	5328
4950	4495
3992	3488
3021	2619
2300	2061
1903	1817
1799	1841
1935	2067
2221	2376
2518	2637
2742	2837
2939	3060
3201	3351
3502	3628
3719	3760
3747	3685
3588	3473
3355	3248
3157	3082
3017	2960
2912	2869
2839	2831
2860	2948
3135	3460
3972	4705
5668	6828
8104	9401
10612	11662
12513	13171
13666	14042
14331	14555
14730	14863
14962	15035
15088	15127
15160	15189
15222	15256
15285	15308
15324	15318
15289	15222
15117	14963
14762	14519
14240	13933
13606	13260
12897	12510
12092	11656
11218	10797
10425	10120
9902	9771
9718	9721
9750	9775
9769	9720
9635	9536
9453	9408
9412	9448
9489	9495
9439	9311
9120	8896
8665	8457
8294	8187
8140	8151
8210	8301
8406	8508
8585	8620
8599	8518
8382	8202
8004	7805
7633	7494
7400	7344
7321	7319
7344	7392
7471	7585
7736	7921
8136	8371
8622	8887
9179	9507
9888	10335
10839	11379
11906	12376
12739	12968
13057	13017
12867	12642
12358	12034
11684	11316
10951	10590
10245	9926
9638	9380
9156	8971
8825	8719
8661	8643
8668	8729
8819	8928
9054	9181
9309	9429
9542	9641
9721	9780
9814	9821
9800	9756
9693	9614
9524	9422
9325	9192
9153	8861
9093	8423
8423	4343
4864	3822
3624	3245
3087	3038
3118	3303
3571	3893
4241	4585
4908	5190
5423	5602
5725	5781
5770	5670
5475	5180
4792	4331
3839	3350
2908	2535
2242	2032
1895	1825
1816	1864
1960	2096
2255	2418
2568	2699
2809	2907
3002	3108
3222	3343
3453	3547
3605	3620
3592	3529
3440	3341
3240	3148
3071	3006
2949	2900
2853	2818
2792	2787
2818	2901
3074	3375
3855	4550
5480	6613
7881	9191
10432	11522
12421	13122
13658	14063
14373	14610
14795	14932
15030	15096
15143	15176
15201	15226
15250	15275
15302	15323
15342	15344
15329	15290
15221	15119
14985	14818
14628	14411
14182	13926
13647	13338
12996	12627
12249	11878
11542	11261
11043	10893
10803	10751
10705	10634
10513	10331
10093	9828
9571	9362
9220	9145
9118	9109
9085	9020
8922	8790
8649	8519
8425	8372
8370	8413
8490	8589
8699	8798
8872	8907
8891	8811
8671	8483
8264	8037
7828	7652
7518	7422
7367	7340
7342	7372
7433	7533
7671	7842
8046	8274
8525	8795
9101	9451
9859	10341
10887	11476
12064	12593
13020	13311
13454	13461
13351	13153
12887	12575
12228	11861
11484	11106
10742	10393
10066	9768
9499	9261
9064	8913
8806	8742
8723	8746
8806	8890
8994	9110
9231	9353
9471	9580
9680	9759
9815	9848
9855	9838
9796	9738
9658	9567
9468	9323
9274	8948
9186	8457
8457	4254
4811	3766
3598	3247
3128	3126
3250	3480
3782	4122
4470	4796
5081	5311
5485	5605
5672	5686
5636	5515
5305	5005
4623	4180
3710	3254
2847	2503
2240	2051
1932	1875
1875	1928
2034	2178
2345	2519
2683	2823
2939	3032
3115	3189
3264	3336
3400	3449
3471	3466
3429	3367
3292	3208
3128	3052
2984	2926
2874	2828
2790	2760
2740	2740
2772	2851
3014	3297
3752	4419
5316	6429
7690	9007
10270	11398
12334	13076
13642	14074
14404	14657
14847	14989
15086	15153
15191	15219
15238	15253
15273	15293
15314	15333
15345	15349
15339	15312
15261	15189
15097	14980
14851	14705
14544	14364
14161	13930
13669	13382
13083	12786
12511	12277
12092	11959
11867	11793
11712	11592
11404	11137
10794	10399
9993	9617
9305	9076
8923	8831
8772	8726
8676	8619
8561	8520
8500	8515
8564	8645
8751	8868
8985	9087
9162	9201
9185	9113
8975	8781
8551	8303
8061	7848
7672	7539
7445	7389
7362	7372
7415	7498
7618	7776
7964	8184
8428	8699
9010	9377
9808	10316
10897	11529
12166	12757
13247	13600
13801	13857
13791	13628
13391	13099
12770	12411
12034	11654
11277	10908
10557	10224
9914	9632
9390	9184
9027	8915
8848	8824
8841	8888
8964	9056
9158	9270
9385	9498
9601	9694
9766	9819
9850	9859
9843	9807
9752	9673
9582	9435
9380	9031
9278	8495
8495	4180
4770	3723
3585	3265
3193	3234
3407	3675
4005	4360
4695	4993
5227	5398
5505	5560
5566	5531
5447	5302
5086	4797
4436	4032
3606	3196
2828	2525
2290	2123
2021	1975
1984	2046
2157	2308
2486	2671
2843	2987
3103	3182
3239	3275
3303	3322
3339	3339
3331	3309
3269	3216
3155	3090
3022	2960
2902	2846
2798	2758
2723	2698
2684	2689
2722	2801
2957	3227
3660	4302
5178	6271
7524	8847
10130	11284
12255	13028
13624	14079
14423	14687
14886	15030
15127	15193
15231	15254
15266	15278
15287	15303
15316	15329
15337	15338
15325	15298
15253	15192
15116	15028
14933	14830
14719	14594
14451	14286
14096	13886
13663	13445
13242	13070
12935	12836
12767	12708
12631	12504
12300	12003
11612	11148
10641	10133
9666	9267
8955	8729
8577	8484
8435	8416
8423	8453
8507	8592
8701	8830
8970	9115
9246	9358
9441	9487
9479	9412
9285	9097
8861	8599
8332	8085
7870	7693
7559	7467
7414	7396
7422	7482
7584	7722
7896	8097
8333	8602
8916	9287
9731	10259
10870	11538
12220	12865
13414	13830
14089	14203
14182	14060
13857	13595
13286	12947
12584	12210
11832	11457
11085	10728
10388	10069
9783	9533
9323	9162
9042	8968
8937	8940
8974	9031
9108	9200
9298	9398
9501	9597
9680	9746
9797	9826
9838	9826
9793	9733
9658	9513
9464	9093
9352	8524
8524	4116
4734	3690
3585	3304
3272	3366
3582	3888
4238	4594
4912	5170
5351	5453
5491	5476
5418	5331
5209	5046
4830	4561
4241	3885
3522	3171
2856	2596
2393	2252
2162	2126
2142	2211
2326	2482
2664	2852
3021	3164
3262	3322
3343	3337
3316	3284
3252	3218
3187	3154
3115	3075
3031	2982
2929	2877
2824	2775
2729	2691
2660	2637
2630	2638
2673	2752
2900	3159
3577	4200
5055	6132
7378	8704
10002	11179
12176	12976
13596	14064
14420	14691
14898	15044
15149	15214
15251	15271
15280	15285
15293	15298
15305	15312
15310	15303
15283	15246
15199	15137
15062	14984
14902	14824
14739	14650
14549	14432
14298	14150
13996	13843
13707	13595
13514	13462
13428	13403
13356	13259
13080	12806
12424	11948
11403	10818
10236	9690
9210	8825
8535	8344
8242	8217
8250	8331
8450	8595
8761	8943
9125	9302
9459	9591
9687	9744
9753	9701
9589	9412
9181	8915
8632	8357
8104	7890
7713	7586
7499	7454
7450	7489
7570	7687
7839	8026
8248	8508
8815	9188
9635	10173
10805	11500
12222	12915
13520	13996
14315	14484
14516	14436
14276	14049
13772	13458
13114	12754
12384	12011
11634	11261
10895	10549
10227	9936
9683	9473
9301	9176
9089	9043
9030	9048
9085	9146
9219	9305
9393	9486
9568	9643
9703	9751
9783	9794
9787	9748
9689	9557
9515	9135
9405	8541
8541	4055
4707	3672
3603	3359
3378	3516
3776	4112
4474	4820
5113	5329
5455	5493
5462	5376
5255	5113
4950	4764
4553	4307
4036	3743
3447	3166
2915	2704
2541	2421
2347	2324
2345	2419
2535	2689
2859	3038
3194	3314
3389	3417
3400	3352
3285	3214
3147	3091
3043	3008
2977	2950
2920	2885
2846	2801
2755	2712
2667	2631
2603	2586
2580	2592
2628	2705
2849	3100
3504	4111
4946	6010
7246	8574
9882	11079
12094	12911
13544	14027
14392	14668
14879	15032
15140	15211
15249	15269
15277	15275
15277	15276
15275	15272
15264	15246
15215	15167
15107	15032
14951	14868
14792	14716
14644	14572
14495	14411
14317	14214
14111	14012
13929	13870
13836	13833
13846	13860
13855	13801
13675	13453
13128	12697
12168	11569
10927	10277
9656	9107
8657	8330
8130	8053
8076	8182
8341	8538
8760	8990
9216	9429
9617	9774
9891	9970
9994	9964
9872	9712
9498	9238
8949	8657
8376	8124
7910	7740
7619	7540
7508	7521
7574	7668
7799	7966
8171	8419
8716	9082
9528	10072
10709	11427
12178	12912
13570	14097
14482	14705
14791	14761
14641	14450
14211	13924
13612	13272
12921	12554
12181	11799
11424	11059
10710	10386
10092	9838
9620	9443
9302	9204
9139	9109
9107	9128
9167	9226
9298	9375
9454	9527
9592	9650
9696	9730
9741	9723
9685	9563
9532	9146
9429	8540
8540	4007
4686	3669
3635	3436
3503	3688
3983	4341
4708	5043
5308	5479
5552	5536
5442	5293
5109	4912
4704	4495
4282	4060
3829	3602
3379	3171
2983	2825
2701	2610
2557	2543
2571	2642
2751	2892
3046	3198
3328	3417
3454	3444
3392	3308
3210	3114
3028	2959
2911	2878
2856	2842
2823	2799
2772	2735
2694	2653
2614	2581
2555	2540
2537	2550
2586	2661
2799	3042
3437	4026
4848	5895
7125	8447
9764	10970
11998	12830
13473	13962
14333	14613
14828	14988
15101	15175
15217	15239
15244	15242
15235	15227
15218	15207
15187	15157
15111	15050
14974	14883
14790	14698
14610	14532
14464	14400
14333	14270
14201	14130
14061	14005
13964	13947
13957	13993
14045	14100
14137	14133
14063	13911
13660	13305
12840	12278
11635	10935
10217	9531
8924	8442
8113	7942
7917	8012
8189	8429
8695	8974
9245	9495
9716	9903
10045	10143
10190	10184
10118	9988
9795	9551
9271	8971
8672	8392
8142	7932
7769	7654
7585	7568
7592	7660
7768	7915
8101	8333
8620	8973
9415	9952
10590	11317
12090	12857
13559	14144
14582	14866
15006	15023
14949	14800
14592	14343
14061	13752
13421	13074
12708	12331
11952	11575
11210	10861
10537	10244
9983	9758
9572	9418
9304	9226
9173	9153
9155	9178
9222	9279
9344	9409
9476	9537
9592	9638
9668	9668
9647	9541
9522	9135
9431	8522
8522	3972
4677	3682
3691	3536
3647	3874
4202	4572
4939	5255
5487	5621
5652	5590
5446	5247
5009	4759
4513	4272
4049	3841
3649	3471
3309	3166
3039	2933
2848	2788
2756	2754
2786	2855
2950	3069
3195	3313
3399	3451
3448	3406
3319	3216
3101	2997
2906	2838
2792	2768
2756	2748
2739	2727
2708	2678
2644	2607
2572	2540
2519	2503
2503	2514
2550	2621
2757	2995
3376	3956
4760	5794
7010	8328
9643	10852
11889	12729
13376	13868
14239	14524
14741	14906
15025	15108
15155	15181
15186	15182
15168	15151
15133	15108
15075	15030
14973	14897
14805	14701
14591	14484
14387	14301
14227	14162
14106	14053
14003	13955
13917	13888
13883	13899
13940	14011
14096	14181
14254	14292
14276	14187
14013	13742
13365	12877
12275	11576
10812	10030
9292	8659
8183	7893
7784	7841
8018	8279
8583	8903
9215	9507
9760	9976
10144	10265
10338	10358
10317	10217
10055	9838
9576	9286
8980	8680
8399	8150
7945	7789
7682	7629
7624	7661
7745	7873
8038	8254
8527	8870
9298	9825
10455	11182
11965	12757
13498	14132
14628	14968
15158	15230
15196	15087
14920	14711
14464	14188
13886	13558
13210	12849
12468	12088
11714	11350
11001	10681
10382	10116
9883	9686
9523	9395
9297	9229
9188	9176
9185	9212
9254	9308
9364	9425
9486	9536
9577	9591
9586	9493
9486	9105
9410	8493
8493	3946
4677	3713
3765	3652
3812	4077
4427	4804
5159	5454
5660	5760
5762	5668
5495	5258
4983	4688
4401	4132
3891	3680
3505	3358
3238	3145
3067	3008
2962	2932
2917	2926
2960	3021
3096	3190
3284	3359
3409	3417
3382	3308
3207	3092
2977	2875
2791	2734
2698	2681
2675	2674
2673	2670
2653	2631
2600	2569
2538	2510
2488	2477
2473	2486
2518	2588
2721	2952
3326	3893
4682	5700
6903	8209
9520	10727
11766	12604
13254	13746
14116	14400
14622	14792
14920	15008
15063	15090
15098	15088
15066	15041
15010	14970
14926	14871
14800	14710
14603	14486
14364	14247
14138	14047
13965	13900
13847	13806
13771	13747
13732	13732
13751	13796
13865	13957
14062	14169
14263	14328
14346	14309
14202	14009
13721	13317
12790	12134
11369	10538
9702	8940
8321	7897
7685	7674
7827	8097
8429	8790
9146	9475
9763	10003
10198	10340
10433	10477
10465	10398
10272	10087
9855	9581
9284	8972
8670	8389
8143	7944
7796	7704
7663	7673
7729	7834
7983	8181
8440	8766
9182	9693
10310	11024
11810	12616
13391	14071
14620	15014
15261	15378
15387	15320
15192	15019
14811	14573
14301	14005
13679	13329
12963	12586
12206	11835
11472	11128
10803	10502
10232	9998
9792	9620
9476	9363
9278	9220
9190	9188
9201	9234
9275	9327
9380	9438
9486	9511
9516	9434
9437	9064
9376	8456
8456	3940
4691	3764
3856	3791
3991	4286
4651	5026
5366	5639
5816	5897
5879	5772
5583	5330
5033	4711
4389	4088
3819	3594
3415	3280
3182	3114
3069	3039
3023	3017
3020	3038
3068	3115
3175	3241
3300	3341
3354	3330
3269	3179
3073	2958
2855	2764
2697	2653
2628	2615
2614	2616
2620	2616
2607	2591
2566	2538
2512	2486
2466	2450
2447	2453
2486	2554
2685	2912
3280	3836
4613	5617
6804	8096
9395	10598
11633	12474
13118	13607
13976	14258
14477	14650
14781	14876
14938	14970
14977	14963
14937	14897
14852	14803
14746	14677
14595	14494
14381	14255
14129	14003
13891	13790
13709	13645
13600	13573
13556	13553
13562	13587
13634	13700
13787	13893
14009	14123
14223	14298
14334	14328
14262	14137
13921	13603
13158	12569
11838	11000
10107	9246
8499	7942
7611	7516
7624	7884
8238	8636
9033	9402
9724	9994
10210	10371
10488	10549
10565	10529
10434	10289
10089	9845
9564	9256
8941	8637
8358	8118
7931	7796
7721	7698
7731	7808
7937	8119
8361	8673
9068	9561
10159	10856
11635	12449
13247	13968
14566	15015
15311	15473
15529	15499
15411	15275
15103	14901
14666	14402
14103	13776
13428	13059
12683	12309
11936	11578
11235	10913
10617	10346
10106	9895
9710	9552
9423	9320
9250	9205
9190	9194
9217	9254
9301	9354
9402	9436
9444	9371
9384	9016
9336	8417
8417	3951
4724	3834
3968	3946
4181	4498
4869	5238
5558	5801
5956	6021
5998	5892
5708	5458
5157	4820
4478	4151
3853	3599
3402	3254
3152	3088
3057	3042
3043	3048
3061	3079
3103	3138
3175	3218
3252	3264
3250	3207
3136	3043
2944	2845
2753	2681
2628	2596
2576	2569
2569	2575
2578	2576
2568	2559
2537	2517
2491	2468
2446	2429
2419	2428
2456	2526
2654	2877
3239	3788
4553	5541
6710	7991
9277	10472
11501	12336
12979	13461
13823	14103
14320	14489
14624	14723
14786	14821
14829	14812
14779	14729
14674	14608
14540	14459
14369	14264
14147	14022
13893	13771
13658	13561
13486	13432
13398	13387
13394	13420
13454	13508
13572	13657
13754	13863
13974	14082
14176	14244
14282	14285
14247	14155
14001	13752
13384	12867
12195	11377
10468	9534
8687	8003
7555	7361
7408	7649
8013	8438
8880	9287
9649	9947
10186	10370
10503	10585
10620	10612
10548	10438
10277	10066
9812	9518
9204	8884
8580	8308
8081	7913
7800	7749
7749	7803
7908	8070
8293	8586
8961	9431
10002	10680
11444	12259
13076	13831
14475	14973
15320	15526
15619	15630
15576	15479
15344	15177
14979	14747
14478	14181
13851	13499
13131	12761
12388	12021
11667	11329
11012	10720
10451	10205
9985	9788
9617	9473
9357	9275
9223	9197
9193	9211
9245	9287
9334	9367
9381	9317
9335	8974
9295	8382
8382	3980
4770	3922
4094	4110
4372	4703
5072	5424
5720	5940
6078	6132
6109	6016
5850	5617
5329	5001
4653	4305
3985	3698
3467	3288
3167	3088
3048	3032
3032	3039
3049	3063
3080	3098
3121	3142
3157	3154
3127	3075
3005	2923
2836	2753
2683	2626
2587	2562
2546	2539
2541	2542
2544	2543
2539	2528
2516	2494
2473	2449
2426	2405
2395	2399
2426	2493
2618	2839
3197	3736
4491	5465
6623	7890
9166	10352
11375	12203
12840	13317
13672	13944
14154	14321
14450	14547
14613	14652
14660	14642
14601	14545
14478	14402
14322	14235
14139	14034
13922	13803
13688	13574
13472	13387
13325	13287
13277	13289
13322	13374
13439	13518
13602	13695
13794	13896
13995	14086
14154	14203
14228	14225
14192	14124
14000	13802
13495	13046
12433	11658
10751	9783
8854	8064
7498	7203
7178	7384
7749	8204
8684	9140
9541	9875
10139	10344
10490	10587
10643	10654
10618	10540
10415	10242
10018	9752
9450	9130
8812	8519
8263	8063
7918	7833
7801	7826
7903	8041
8242	8512
8865	9305
9849	10500
11246	12058
12888	13673
14356	14900
15292	15541
15675	15715
15696	15629
15530	15396
15236	15036
14802	14532
14226	13894
13544	13180
12813	12447
12088	11743
11414	11105
10816	10549
10298	10068
9859	9675
9520	9396
9305	9244
9213	9208
9225	9254
9293	9322
9336	9274
9296	8938
9263	8352
8352	4023
4829	4024
4230	4278
4561	4898
5258	5590
5860	6057
6175	6225
6209	6130
5992	5792
5531	5225
4885	4533
4191	3880
3610	3398
3237	3131
3068	3035
3021	3017
3018	3020
3025	3029
3037	3044
3045	3033
3003	2954
2892	2826
2758	2694
2643	2601
2569	2547
2532	2522
2517	2515
2516	2516
2514	2506
2495	2478
2457	2433
2407	2385
2371	2373
2396	2462
2585	2802
3154	3686
4432	5392
6537	7792
9060	10239
11260	12082
12713	13182
13530	13790
13992	14149
14271	14365
14432	14468
14476	14460
14415	14356
14281	14201
14113	14022
13928	13829
13726	13625
13520	13427
13342	13282
13243	13233
13251	13295
13361	13444
13536	13632
13729	13825
13916	14004
14077	14137
14177	14196
14195	14175
14135	14063
13956	13785
13520	13125
12570	11837
10949	9964
8979	8100
7429	7032
6934	7094
7453	7931
8450	8951
9396	9770
10066	10292
10458	10568
10638	10664
10653	10603
10510	10370
10184	9949
9673	9364
9049	8746
8476	8252
8080	7964
7900	7891
7935	8040
8209	8452
8773	9183
9698	10322
11048	11856
12695	13503
14222	14808
15239	15527
15692	15767
15773	15737
15669	15568
15438	15274
15070	14830
14551	14244
13912	13564
13205	12845
12487	12142
11810	11492
11191	10905
10635	10377
10136	9917
9724	9561
9433	9337
9276	9243
9236	9251
9279	9300
9312	9248
9274	8917
9246	8335
8335	4086
4904	4138
4372	4449
4743	5078
5423	5730
5972	6144
6249	6296
6288	6233
6122	5956
5736	5461
5147	4807
4459	4126
3826	3575
3373	3231
3131	3071
3034	3012
2995	2981
2967	2958
2951	2951
2942	2930
2901	2860
2812	2760
2711	2671
2632	2601
2577	2552
2532	2518
2506	2501
2496	2497
2493	2487
2477	2463
2441	2416
2389	2365
2350	2348
2372	2432
2552	2764
3110	3631
4366	5318
6454	7698
8956	10134
11151	11973
12596	13059
13395	13644
13835	13981
14096	14185
14246	14282
14288	14272
14230	14173
14096	14015
13926	13839
13749	13663
13576	13491
13411	13341
13289	13258
13252	13273
13326	13406
13507	13615
13727	13836
13938	14030
14109	14170
14214	14240
14243	14232
14201	14154
14091	14009
13897	13734
13491	13134
12620	11927
11061	10071
9044	8091
7331	6844
6667	6780
7125	7619
8171	8721
9217	9632
9965	10218
10406	10535
10615	10655
10658	10627
10562	10457
10308	10111
9867	9586
9288	8995
8719	8483
8290	8145
8047	8000
8003	8070
8202	8406
8692	9071
9554	10151
10858	11657
12500	13327
14077	14696
15169	15490
15689	15791
15826	15813
15769	15695
15594	15458
15287	15074
14825	14542
14232	13902
13560	13212
12862	12520
12189	11868
11561	11264
10977	10701
10437	10190
9966	9770
9606	9475
9381	9319
9286	9282
9296	9305
9309	9242
9265	8908
9237	8327
8327	4162
4991	4263
4523	4617
4918	5244
5569	5849
6066	6213
6302	6346
6348	6308
6230	6102
5924	5694
5413	5099
4758	4418
4096	3811
3574	3388
3251	3157
3087	3042
3002	2969
2939	2914
2895	2881
2870	2852
2828	2795
2760	2725
2693	2667
2644	2621
2597	2574
2546	2522
2502	2490
2480	2480
2476	2473
2465	2452
2430	2403
2376	2351
2334	2330
2350	2405
2520	2725
3061	3577
4301	5240
6365	7604
8857	10032
11048	11865
12485	12937
13264	13501
13679	13818
13921	14002
14058	14091
14101	14086
14051	13999
13930	13857
13777	13697
13619	13544
13478	13416
13365	13326
13305	13309
13340	13404
13494	13606
13733	13863
13990	14103
14206	14285
14341	14378
14389	14379
14349	14302
14237	14159
14071	13967
13838	13671
13435	13093
12603	11937
11086	10094
9038	8030
7196	6630
6385	6452
6779	7281
7869	8460
9005	9466
9839	10122
10334	10480
10575	10625
10643	10627
10586	10510
10398	10238
10035	9792
9527	9252
8990	8753
8546	8374
8240	8149
8106	8127
8213	8379
8626	8969
9420	9990
10676	11465
12308	13151
13924	14577
15083	15441
15667	15792
15852	15860
15837	15784
15708	15597
15450	15271
15048	14792
14507	14196
13872	13539
13201	12867
12540	12223
11916	11619
11322	11034
10754	10488
10235	10010
9812	9650
9522	9429
9369	9342
9332	9331
9325	9251
9268	8913
9243	8335
8335	4261
5095	4402
4679	4788
5086	5400
5698	5948
6138	6264
6342	6381
6387	6367
6313	6220
6083	5897
5665	5379
5066	4731
4402	4093
3825	3605
3427	3296
3198	3120
3058	3002
2953	2913
2879	2855
2834	2813
2792	2764
2741	2721
2703	2690
2675	2659
2634	2605
2570	2539
2507	2486
2474	2469
2467	2462
2458	2444
2424	2397
2370	2343
2323	2320
2335	2385
2492	2691
3019	3524
4237	5166
6283	7515
8765	9935
10948	11761
12373	12818
13137	13360
13528	13654
13753	13824
13877	13907
13918	13908
13883	13841
13787	13725
13662	13599
13539	13486
13442	13407
13384	13376
13392	13431
13501	13599
13724	13863
14010	14152
14284	14395
14484	14545
14581	14589
14571	14528
14464	14384
14292	14186
14069	13938
13790	13607
13366	13024
12542	11883
11039	10037
8957	7907
7017	6392
6089	6117
6423	6931
7543	8176
8767	9275
9688	10009
10245	10412
10520	10584
10609	10608
10584	10535
10453	10336
10176	9979
9756	9516
9272	9042
8826	8632
8463	8329
8240	8211
8248	8365
8571	8877
9295	9837
10505	11280
12123	12972
13765	14448
14988	15376
15634	15785
15861	15888
15883	15847
15789	15700
15578	15422
15229	14999
14736	14450
14146	13829
13504	13184
12866	12555
12253	11955
11659	11367
11074	10794
10525	10276
10052	9857
9695	9570
9480	9424
9393	9371
9352	9271
9286	8932
9256	8355
8355	4387
5215	4557
4842	4957
5248	5543
5817	6036
6198	6305
6369	6403
6416	6404
6370	6308
6211	6072
5884	5645
5364	5052
4726	4411
4122	3867
3660	3491
3359	3252
3163	3084
3018	2955
2906	2866
2832	2807
2784	2764
2747	2735
2731	2725
2716	2702
2679	2644
2603	2559
2524	2495
2475	2466
2461	2457
2451	2440
2420	2394
2365	2338
2318	2310
2321	2368
2470	2658
2980	3477
4182	5102
6208	7429
8672	9833
10837	11645
12256	12687
12995	13214
13373	13490
13581	13649
13694	13724
13736	13736
13719	13696
13659	13619
13577	13537
13503	13475
13457	13446
13452	13478
13526	13600
13704	13836
13983	14142
14296	14443
14567	14667
14739	14782
14793	14776
14732	14660
14572	14465
14345	14212
14072	13917
13747	13545
13289	12937
12447	11778
10926	9912
8809	7730
6802	6134
5794	5789
6080	6588
7219	7883
8514	9066
9518	9875
10143	10329
10455	10529
10563	10576
10565	10537
10487	10405
10290	10143
9963	9765
9550	9331
9113	8903
8703	8528
8393	8310
8299	8367
8529	8798
9182	9697
10341	11098
11935	12791
13602	14313
14883	15307
15593	15771
15865	15908
15914	15894
15850	15778
15676	15544
15372	15166
14928	14663
14375	14080
13772	13466
13160	12861
12564	12277
11983	11690
11398	11108
10827	10560
10310	10087
9894	9738
9620	9533
9474	9433
9398	9305
9314	8961
9279	8393
8393	4542
5359	4731
5013	5127
5403	5675
5919	6114
6252	6338
6391	6416
6429	6425
6407	6369
6306	6207
6065	5872
5636	5355
5052	4740
4440	4168
3928	3731
3567	3430
3315	3213
3124	3042
2971	2914
2868	2832
2805	2784
2770	2767
2767	2767
2766	2755
2729	2690
2646	2596
2549	2512
2487	2474
2465	2459
2452	2442
2422	2396
2367	2341
2319	2308
2317	2358
2456	2637
2953	3445
4142	5053
6149	7357
8586	9735
10726	11520
12117	12546
12843	13050
13202	13316
13402	13466
13512	13544
13559	13567
13564	13557
13544	13530
13516	13503
13495	13495
13504	13525
13559	13616
13695	13803
13934	14086
14248	14412
14567	14699
14812	14895
14947	14964
14953	14913
14848	14756
14646	14520
14381	14230
14067	13894
13706	13486
13211	12837
12327	11637
10761	9726
8606	7506
6560	5872
5511	5486
5765	6268
6912	7597
8261	8850
9343	9732
10023	10235
10378	10463
10514	10533
10537	10527
10501	10455
10383	10281
10147	9987
9807	9605
9388	9163
8938	8727
8547	8418
8357	8379
8500	8727
9080	9562
10180	10918
11742	12603
13429	14164
14770	15227
15546	15746
15862	15917
15935	15925
15891	15836
15750	15634
15485	15303
15085	14842
14577	14296
14006	13715
13426	13138
12855	12574
12289	12003
11712	11421
11131	10851
10583	10335
10115	9926
9776	9659
9574	9508
9458	9354
9356	9008
9316	8453
8453	4733
5528	4924
5199	5302
5557	5800
6017	6182
6298	6368
6407	6428
6435	6435
6428	6409
6374	6309
6211	6064
5873	5633
5360	5068
4771	4489
4234	4007
3818	3653
3511	3384
3270	3165
3075	2996
2932	2885
2848	2827
2813	2810
2811	2816
2815	2805
2781	2743
2694	2643
2591	2547
2514	2495
2480	2474
2462	2449
2429	2402
2374	2347
2323	2310
2316	2354
2447	2631
2943	3434
4126	5033
6114	7307
8514	9642
10611	11385
11963	12378
12667	12871
13017	13127
13213	13278
13325	13360
13384	13400
13411	13423
13431	13443
13458	13476
13499	13526
13565	13617
13683	13772
13883	14014
14167	14329
14494	14649
14790	14908
14998	15057
15086	15084
15051	14993
14907	14802
14676	14538
14383	14219
14044	13858
13655	13421
13124	12728
12188	11466
10559	9498
8360	7259
6313	5625
5259	5227
5498	5996
6640	7342
8025	8641
9162	9578
9898	10131
10296	10398
10459	10490
10506	10511
10503	10484
10448	10385
10296	10176
10023	9839
9627	9393
9147	8905
8692	8520
8419	8398
8477	8669
8985	9432
10020	10733
11544	12397
13238	14001
14642	15137
15488	15718
15851	15923
15950	15950
15923	15877
15808	15707
15577	15411
15218	14994
14748	14483
14212	13939
13665	13394
13123	12854
12583	12305
12020	11730
11437	11147
10866	10598
10353	10136
9953	9808
9697	9605
9536	9421
9412	9071
9366	8534
8534	4960
5720	5135
5390	5478
5706	5918
6104	6245
6340	6397
6422	6435
6439	6440
6440	6436
6421	6385
6320	6219
6070	5876
5640	5378
5100	4820
4554	4311
4097	3906
3738	3586
3446	3317
3203	3102
3022	2958
2910	2882
2865	2859
2861	2864
2863	2853
2830	2795
2747	2695
2643	2596
2556	2530
2512	2494
2481	2465
2441	2415
2384	2356
2332	2320
2325	2360
2455	2640
2956	3447
4141	5040
6110	7281
8460	9554
10493	11244
11805	12201
12479	12676
12820	12931
13018	13085
13139	13177
13210	13235
13260	13286
13317	13353
13396	13444
13496	13558
13629	13710
13808	13924
14060	14215
14376	14545
14703	14845
14964	15058
15121	15155
15161	15136
15088	15011
14911	14795
14661	14511
14352	14180
13999	13807
13597	13350
13033	12611
12036	11278
10336	9251
8104	7007
6076	5405
5053	5026
5293	5789
6428	7132
7826	8455
8995	9433
9773	10028
10204	10325
10401	10446
10472	10488
10500	10502
10493	10467
10409	10322
10194	10029
9821	9580
9320	9058
8813	8612
8473	8418
8461	8615
8893	9307
9857	10544
11332	12180
13030	13820
14496	15030
15420	15679
15835	15923
15958	15967
15950	15913
15852	15768
15654	15509
15329	15128
14898	14655
14399	14140
13883	13626
13374	13118
12859	12588
12314	12028
11736	11441
11149	10865
10601	10361
10153	9978
9840	9725
9635	9507
9489	9157
9433	8640
8640	5217
5936	5365
5594	5652
5845	6025
6185	6300
6375	6417
6438	6443
6444	6444
6449	6452
6451	6438
6401	6336
6226	6075
5883	5657
5403	5141
4880	4629
4397	4186
3992	3813
3647	3494
3356	3234
3133	3055
2994	2954
2928	2917
2915	2915
2910	2901
2881	2848
2806	2757
2707	2655
2613	2578
2550	2527
2505	2483
2458	2430
2401	2372
2349	2334
2338	2380
2477	2668
2996	3499
4197	5094
6147	7290
8432	9484
10384	11100
11633	12017
12287	12478
12622	12731
12822	12894
12951	12999
13037	13074
13113	13154
13202	13258
13325	13400
13483	13574
13678	13793
13923	14070
14228	14396
14564	14727
14869	14991
15084	15151
15185	15197
15178	15134
15064	14976
14866	14740
14601	14444
14282	14105
13928	13734
13523	13268
12939	12488
11877	11078
10104	8994
7847	6767
5866	5230
4904	4894
5165	5655
6285	6979
7667	8299
8847	9297
9652	9920
10115	10250
10343	10398
10435	10464
10489	10511
10525	10520
10493	10429
10324	10169
9970	9724
9455	9175
8912	8689
8525	8441
8452	8574
8815	9189
9704	10352
11114	11952
12810	13621
14334	14910
15338	15630
15814	15916
15965	15979
15968	15938
15888	15814
15715	15586
15431	15243
15034	14807
14568	14326
14081	13843
13605	13366
13116	12861
12593	12316
12027	11733
11433	11141
10860	10602
10370	10171
10006	9868
9756	9619
9581	9264
9516	8771
8771	5496
6166	5601
5794	5823
5979	6125
6254	6348
6407	6437
6447	6449
6447	6447
6453	6465
6474	6476
6461	6420
6347	6235
6084	5896
5681	5439
5194	4946
4704	4479
4266	4066
3876	3697
3536	3392
3272	3172
3094	3042
3006	2985
2973	2963
2960	2947
2930	2904
2866	2823
2775	2724
2677	2635
2597	2565
2536	2509
2478	2451
2423	2396
2372	2358
2366	2413
2520	2727
3072	3586
4295	5190
6226	7334
8429	9436
10287	10964
11473	11839
12096	12286
12430	12543
12635	12710
12774	12829
12875	12919
12967	13019
13082	13154
13243	13342
13450	13572
13709	13858
14020	14192
14371	14550
14715	14865
14990	15086
15151	15189
15201	15186
15147	15085
15003	14899
14779	14646
14500	14342
14178	14006
13830	13645
13433	13177
12833	12358
11713	10880
9873	8750
7608	6554
5695	5105
4819	4835
5113	5597
6214	6889
7562	8184
8726	9177
9537	9812
10023	10174
10278	10348
10399	10439
10478	10513
10544	10559
10552	10506
10417	10273
10074	9831
9555	9266
8989	8748
8568	8462
8450	8540
8744	9079
9550	10160
10892	11712
12571	13403
14149	14765
15238	15566
15778	15900
15960	15981
15980	15956
15913	15852
15766	15654
15515	15348
15158	14948
14727	14499
14272	14046
13821	13593
13361	13115
12856	12587
12305	12010
11711	11415
11125	10851
10602	10385
10196	10037
9904	9751
9703	9391
9622	8921
8921	5783
6406	5842
5990	5985
6102	6212
6313	6387
6431	6454
6458	6457
6454	6455
6464	6474
6489	6500
6499	6477
6433	6352
6238	6093
5912	5706
5483	5248
5011	4777
4553	4334
4127	3929
3745	3584
3440	3319
3226	3156
3105	3071
3046	3029
3015	3003
2983	2959
2928	2887
2842	2793
2742	2695
2649	2608
2574	2539
2509	2479
2453	2431
2410	2400
2412	2467
2590	2815
3183	3721
4443	5334
6348	7416
8459	9405
10206	10842
11324	11670
11926	12112
12257	12372
12466	12548
12618	12676
12729	12780
12835	12894
12965	13049
13153	13273
13407	13562
13728	13909
14101	14293
14486	14667
14828	14960
15064	15134
15171	15181
15167	15130
15074	14997
14900	14788
14659	14518
14366	14210
14046	13880
13711	13532
13327	13069
12718	12222
11547	10681
9648	8515
7386	6370
5561	5026
4785	4832
5125	5603
6201	6853
7504	8104
8631	9076
9430	9714
9933	10095
10213	10295
10360	10413
10462	10509
10551	10583
10590	10559
10482	10346
10153	9911
9630	9335
9051	8799
8608	8489
8455	8520
8694	8987
9414	9977
10673	11470
12321	13167
13943	14601
15116	15484
15728	15873
15949	15981
15986	15970
15938	15883
15811	15715
15592	15445
15271	15081
14875	14662
14447	14236
14022	13805
13583	13347
13099	12839
12562	12277
11980	11681
11387	11106
10845	10612
10404	10225
10074	9908
9842	9542
9745	9092
9092	6069
6643	6073
6180	6136
6209	6288
6361	6416
6449	6465
6468	6465
6462	6464
6473	6488
6504	6522
6529	6522
6490	6437
6354	6239
6100	5930
5737	5527
5302	5074
4848	4622
4401	4190
3993	3809
3647	3508
3395	3304
3233	3182
3143	3113
3090	3068
3046	3024
2993	2958
2914	2864
2813	2756
2705	2656
2612	2576
2546	2520
2496	2477
2462	2462
2479	2548
2690	2944
3338	3901
4636	5520
6509	7528
8511	9395
10139	10735
11191	11528
11775	11965
12114	12233
12332	12414
12486	12548
12601	12656
12712	12777
12854	12947
13063	13200
13361	13543
13738	13949
14161	14370
14571	14748
14894	15010
15091	15133
15146	15133
15095	15036
14964	14871
14763	14641
14507	14359
14206	14047
13889	13730
13569	13401
13205	12949
12586	12071
11371	10476
9425	8290
7183	6209
5458	4980
4793	4872
5176	5654
6235	6864
7485	8060
8564	8990
9338	9620
9843	10014
10143	10242
10319	10382
10443	10501
10553	10595
10615	10595
10527	10398
10214	9972
9694	9397
9108	8854
8654	8524
8477	8520
8664	8918
9300	9816
10468	11231
12069	12919
13721	14415
14973	15384
15662	15833
15928	15976
15986	15977
15951	15908
15846	15764
15660	15530
15377	15201
15012	14814
14610	14407
14205	13998
13785	13559
13322	13069
12804	12522
12233	11938
11645	11360
11090	10848
10624	10428
10260	10080
9998	9701
9883	9264
9264	6337
6865	6284
6348	6268
6307	6350
6400	6438
6459	6472
6473	6472
6472	6475
6484	6502
6518	6537
6546	6546
6527	6491
6431	6350
6239	6106
5949	5768
5570	5356
5139	4919
4698	4481
4270	4077
3896	3741
3608	3494
3405	3332
3273	3229
3190	3160
3130	3102
3072	3034
2992	2941
2886	2824
2767	2712
2666	2628
2596	2572
2557	2541
2537	2545
2579	2665
2831	3116
3542	4131
4875	5750
6702	7665
8579	9396
10082	10635
11066	11397
11650	11846
12002	12125
12231	12314
12384	12443
12498	12551
12606	12674
12754	12853
12981	13133
13313	13518
13739	13968
14199	14417
14613	14784
14917	15012
15071	15092
15080	15043
14985	14912
14823	14721
14605	14471
14331	14181
14025	13869
13715	13562
13413	13255
13065	12805
12434	11904
11180	10261
9199	8069
6989	6060
5365	4947
4814	4930
5255	5728
6298	6901
7493	8037
8517	8922
9260	9534
9758	9935
10073	10182
10274	10349
10421	10487
10548	10600
10627	10620
10559	10446
10265	10027
9749	9453
9163	8907
8705	8571
8514	8541
8659	8878
9213	9679
10283	11006
11819	12664
13479	14209
14807	15261
15578	15778
15896	15955
15977	15977
15959	15928
15876	15807
15718	15605
15468	15312
15137	14953
14761	14569
14376	14176
13971	13753
13524	13283
13025	12753
12470	12182
11891	11607
11338	11083
10852	10640
10458	10262
10167	9871
10033	9443
9443	6571
7066	6468
6497	6382
6384	6399
6424	6449
6464	6472
6475	6476
6479	6483
6494	6510
6530	6546
6559	6561
6551	6526
6482	6421
6343	6239
6115	5967
5800	5615
5420	5214
5007	4794
4587	4383
4198	4025
3874	3740
3628	3534
3456	3388
3335	3291
3249	3210
3172	3131
3084	3031
2972	2907
2844	2785
2736	2697
2669	2651
2642	2636
2639	2659
2712	2822
3020	3338
3797	4408
5160	6012
6915	7813
8650	9393
10020	10532
10943	11269
11532	11741
11909	12044
12153	12240
12308	12365
12415	12465
12517	12582
12663	12767
12906	13071
13269	13492
13732	13975
14214	14431
14623	14778
14895	14970
15008	15009
14979	14925
14849	14759
14656	14543
14418	14284
14141	13989
13834	13679
13532	13388
13249	13094
12908	12647
12264	11713
10967	10031
8957	7837
6784	5905
5270	4912
4830	4983
5328	5807
6360	6944
7509	8027
8482	8869
9192	9460
9679	9860
10005	10126
10224	10315
10393	10470
10537	10595
10628	10631
10581	10474
10304	10075
9802	9508
9217	8965
8762	8630
8566	8584
8679	8866
9158	9575
10125	10802
11576	12408
13230	13983
14621	15119
15475	15710
15853	15932
15968	15976
15966	15940
15902	15844
15768	15671
15550	15412
15253	15081
14903	14721
14530	14339
14140	13932
13711	13478
13227	12968
12691	12409
12126	11846
11576	11319
11080	10860
10660	10453
10342	10043
10190	9614
9614	6765
7232	6618
6616	6471
6444	6432
6442	6454
6463	6468
6473	6476
6483	6491
6504	6519
6537	6556
6567	6570
6561	6543
6510	6468
6410	6333
6241	6126
5991	5842
5672	5495
5307	5112
4915	4717
4528	4350
4189	4038
3910	3796
3696	3609
3539	3473
3415	3362
3313	3259
3205	3145
3080	3012
2947	2883
2831	2793
2769	2754
2753	2756
2773	2812
2889	3027
3259	3611
4099	4724
5467	6285
7131	7949
8703	9368
9935	10411
10803	11130
11403	11629
11815	11969
12087	12182
12249	12306
12347	12392
12438	12501
12583	12693
12839	13018
13230	13466
13713	13961
14196	14406
14584	14722
14825	14882
14903	14887
14843	14773
14681	14578
14465	14345
14215	14078
13933	13785
13633	13486
13347	13215
13080	12933
12746	12471
12069	11495
10723	9770
8690	7584
6565	5732
5157	4859
4826	5018
5383	5869
6420	6987
7530	8026
8460	8829
9137	9397
9614	9792
9944	10073
10182	10279
10366	10448
10520	10583
10621	10630
10590	10495
10333	10114
9848	9558
9273	9021
8823	8690
8627	8635
8716	8876
9131	9496
9993	10615
11350	12156
12975	13744
14417	14955
15356	15627
15801	15898
15950	15969
15967	15951
15920	15875
15812	15729
15624	15497
15355	15199
15032	14857
14676	14491
14297	14095
13880	13654
13418	13162
12897	12625
12346	12073
11803	11546
11305	11075
10866	10646
10523	10215
10350	9776
9776	6911
7364	6727
6700	6531
6482	6451
6444	6447
6453	6459
6463	6472
6482	6492
6506	6523
6542	6558
6569	6569
6565	6549
6522	6491
6448	6394
6326	6243
6139	6022
5889	5744
5585	5416
5235	5054
4873	4698
4533	4381
4236	4111
3993	3892
3797	3715
3638	3566
3499	3436
3372	3303
3231	3158
3087	3021
2965	2923
2899	2888
2892	2908
2943	3003
3106	3278
3545	3929
4438	5061
5777	6540
7310	8039
8705	9289
9799	10236
10616	10945
11233	11479
11693	11868
12005	12109
12188	12243
12283	12324
12366	12425
12509	12625
12778	12967
13186	13427
13674	13918
14141	14339
14501	14622
14704	14749
14758	14731
14673	14593
14492	14380
14257	14129
13997	13860
13719	13575
13434	13297
13167	13041
12914	12765
12564	12273
11843	11237
10437	9465
8384	7294
6312	5532
5016	4776
4794	5023
5414	5910
6457	7012
7540	8020
8435	8792
9095	9346
9560	9739
9892	10025
10141	10246
10342	10427
10501	10566
10610	10619
10586	10499
10348	10139
9882	9600
9321	9073
8879	8748
8686	8689
8756	8896
9117	9440
9881	10450
11135	11905
12710	13491
14187	14770
15209	15525
15730	15857
15926	15961
15967	15960
15937	15901
15846	15777
15685	15575
15446	15305
15150	14985
14812	14632
14443	14243
14036	13819
13588	13343
13085	12824
12553	12284
12020	11764
11519	11284
11064	10836
10701	10379
10509	9921
9921	7013
7453	6801
6754	6564
6496	6453
6439	6435
6438	6446
6455	6464
6477	6489
6507	6525
6540	6554
6564	6567
6559	6547
6523	6498
6465	6426
6377	6318
6245	6160
6059	5949
5819	5682
5529	5372
5210	5049
4893	4740
4599	4464
4338	4221
4113	4015
3921	3832
3749	3672
3595	3517
3437	3356
3279	3204
3142	3094
3065	3054
3062	3091
3144	3227
3363	3568
3866	4266
4775	5380
6047	6735
7412	8044
8612	9122
9573	9981
10347	10684
10991	11266
11508	11714
11877	12005
12095	12156
12201	12239
12286	12347
12435	12555
12717	12910
13133	13371
13613	13842
14053	14230
14374	14477
14547	14579
14578	14542
14477	14386
14277	14159
14032	13900
13766	13634
13497	13366
13237	13112
12993	12879
12752	12592
12370	12045
11575	10929
10097	9106
8032	6969
6030	5307
4848	4664
4729	4996
5413	5921
6471	7022
7540	8009
8417	8765
9061	9310
9522	9700
9856	9992
10111	10218
10316	10403
10479	10542
10586	10596
10567	10484
10345	10148
9903	9630
9358	9117
8925	8797
8735	8735
8794	8915
9111	9394
9786	10300
10933	11662
12445	13221
13941	14556
15044	15403
15648	15805
15896	15944
15963	15962
15947	15918
15874	15816
15737	15641
15527	15396
15257	15102
14936	14764
14578	14385
14181	13970
13746	13512
13261	13005
12744	12482
12222	11972
11724	11486
11261	11017
10871	10532
10663	10049
10049	7071
7514	6835
6777	6571
6493	6442
6421	6416
6421	6428
6440	6453
6468	6483
6502	6518
6535	6547
6555	6556
6550	6536
6515	6492
6466	6437
6403	6359
6307	6248
6178	6097
6001	5895
5776	5648
5512	5375
5235	5096
4958	4827
4700	4580
4465	4357
4253	4153
4055	3963
3874	3788
3701	3611
3520	3436
3360	3298
3261	3246
3257	3293
3365	3476
3637	3868
4182	4587
5076	5631
6221	6817
7386	7914
8387	8823
9223	9600
9961	10309
10636	10947
11225	11469
11667	11822
11938	12018
12077	12126
12180	12251
12347	12479
12646	12845
13064	13296
13521	13735
13921	14079
14204	14289
14348	14370
14364	14322
14252	14157
14043	13919
13789	13659
13528	13402
13275	13156
13041	12932
12828	12718
12585	12408
12150	11775
11250	10554
9685	8680
7622	6599
5716	5054
4657	4526
4639	4940
5381	5906
6464	7014
7530	7993
8396	8743
9036	9286
9500	9679
9837	9975
10095	10202
10300	10387
10461	10523
10561	10570
10539	10461
10329	10141
9906	9645
9384	9150
8963	8834
8772	8766
8818	8926
9098	9350
9698	10159
10739	11419
12168	12936
13667	14315
14847	15256
15544	15739
15856	15924
15955	15965
15956	15936
15898	15848
15783	15698
15595	15479
15352	15207
15052	14882
14705	14516
14320	14112
13894	13664
13423	13170
12918	12663
12409	12162
11915	11673
11444	11191
11035	10673
10803	10156
10156	7095
7543	6844
6780	6564
6477	6421
6399	6393
6400	6414
6426	6443
6461	6478
6494	6510
6525	6536
6543	6542
6534	6520
6501	6479
6457	6433
6409	6378
6342	6299
6252	6197
6131	6054
5965	5870
5762	5652
5537	5419
5296	5176
5057	4941
4828	4720
4610	4504
4399	4302
4204	4106
4009	3912
3808	3706
3610	3533
3476	3449
3456	3501
3584	3712
3894	4138
4452	4834
5276	5757
6251	6735
7190	7610
7995	8360
8716	9070
9429	9788
10142	10485
10803	11089
11333	11530
11681	11796
11879	11953
12028	12115
12234	12379
12556	12758
12974	13194
13404	13592
13757	13891
13998	14071
14119	14136
14124	14077
14006	13908
13790	13665
13536	13407
13284	13165
13053	12947
12848	12753
12660	12550
12407	12196
11888	11452
10860	10105
9200	8195
7161	6191
5376	4787
4455	4377
4531	4865
5329	5868
6433	6986
7504	7964
8367	8719
9018	9274
9489	9674
9835	9972
10093	10199
10295	10381
10450	10504
10534	10539
10505	10429
10301	10120
9899	9651
9400	9172
8990	8863
8799	8789
8832	8926
9081	9302
9615	10025
10549	11176
11884	12630
13367	14042
14618	15079
15421	15654
15806	15895
15942	15963
15958	15945
15916	15874
15816	15747
15654	15553
15433	15302
15155	14993
14821	14638
14445	14242
14026	13804
13567	13324
13076	12829
12583	12336
12093	11849
11612	11347
11181	10796
10930	10242
10242	7095
7548	6835
6765	6540
6452	6394
6371	6371
6381	6392
6409	6427
6447	6465
6482	6498
6511	6519
6523	6522
6513	6500
6480	6460
6440	6419
6398	6375
6349	6322
6292	6257
6212	6162
6104	6038
5961	5878
5786	5690
5590	5484
5380	5276
5170	5069
4965	4860
4759	4658
4558	4460
4354	4245
4122	3998
3877	3768
3687	3643
3639	3678
3769	3904
4091	4330
4619	4955
5325	5713
6096	6461
6799	7117
7420	7722
8040	8376
8730	9105
9482	9856
10214	10546
10836	11085
11286	11445
11574	11691
11803	11926
12071	12243
12436	12647
12861	13068
13258	13423
13564	13677
13766	13830
13865	13878
13859	13813
13737	13638
13523	13398
13270	13149
13034	12928
12827	12735
12653	12573
12485	12370
12199	11942
11572	11057
10390	9575
8643	7645
6656	5758
5026	4512
4248	4224
4413	4774
5256	5807
6381	6941
7462	7927
8338	8695
9003	9269
9492	9684
9849	9990
10109	10214
10304	10382
10444	10492
10515	10510
10472	10392
10267	10098
9884	9650
9413	9194
9018	8893
8826	8808
8844	8925
9059	9256
9529	9894
10359	10932
11590	12307
13039	13739
14357	14873
15268	15552
15742	15858
15924	15953
15959	15949
15929	15891
15844	15781
15701	15609
15499	15380
15242	15088
14921	14747
14556	14358
14148	13928
13696	13462
13220	12978
12735	12494
12254	12008
11764	11486
11311	10898
11035	10295
10295	7077
7538	6814
6742	6516
6425	6370
6349	6351
6361	6374
6394	6413
6432	6450
6464	6478
6488	6496
6499	6497
6490	6474
6455	6435
6418	6398
6382	6362
6344	6325
6307	6282
6260	6230
6194	6150
6101	6042
5976	5903
5825	5737
5652	5562
5472	5380
5288	5193
5097	5003
4909	4807
4700	4578
4437	4284
4129	3986
3872	3795
3774	3802
3882	4011
4183	4394
4641	4914
5195	5477
5749	5999
6232	6456
6686	6938
7220	7535
7885	8263
8656	9054
9446	9816
10157	10459
10718	10938
11133	11307
11479	11657
11849	12055
12279	12500
12719	12915
13091	13233
13352	13444
13516	13566
13597	13603
13583	13535
13456	13357
13241	13120
13003	12890
12787	12692
12607	12531
12460	12385
12295	12161
11951	11638
11191	10593
9851	8982
8030	7058
6131	5318
4677	4248
4049	4069
4291	4670
5165	5724
6306	6873
7400	7874
8294	8662
8986	9263
9503	9704
9874	10017
10141	10241
10326	10395
10449	10487
10501	10488
10445	10360
10237	10076
9874	9653
9431	9224
9053	8929
8855	8833
8859	8926
9044	9215
9450	9770
10178	10689
11293	11973
12693	13404
14065	14634
15090	15430
15663	15813
15898	15940
15956	15950
15934	15903
15864	15807
15738	15652
15555	15441
15311	15168
15006	14836
14653	14460
14255	14036
13811	13581
13344	13106
12871	12632
12393	12146
11896	11600
11411	10955
11105	10289
10289	7051
7501	6785
6712	6488
6398	6345
6327	6328
6341	6358
6378	6396
6416	6431
6446	6456
6466	6470
6473	6470
6462	6447
6430	6413
6396	6378
6363	6347
6332	6319
6306	6295
6285	6272
6253	6229
6200	6163
6114	6062
5998	5932
5863	5790
5714	5639
5559	5480
5396	5309
5220	5125
5014	4880
4720	4538
4345	4159
4003	3889
3839	3843
3903	4007
4150	4316
4505	4696
4891	5071
5239	5389
5533	5682
5854	6055
6304	6595
6931	7300
7695	8104
8515	8917
9299	9653
9973	10270
10540	10796
11048	11297
11557	11816
12076	12321
12547	12740
12901	13029
13125	13202
13259	13299
13323	13321
13297	13245
13167	13066
12953	12841
12729	12631
12542	12463
12392	12328
12264	12193
12088	11925
11664	11282
10749	10068
9252	8344
7392	6464
5609	4895
4351	4005
3867	3926
4167	4554
5052	5615
6198	6772
7311	7799
8232	8618
8957	9252
9510	9728
9909	10058
10183	10282
10361	10420
10466	10493
10497	10479
10427	10343
10221	10065
9876	9671
9460	9268
9106	8986
8906	8877
8888	8940
9037	9185
9384	9655
10007	10455
11000	11636
12335	13058
13752	14376
14894	15291
15571	15757
15867	15927
15949	15952
15936	15911
15876	15827
15763	15686
15595	15487
15367	15230
15080	14911
14734	14544
14342	14130
13911	13685
13454	13222
12990	12755
12516	12262
12000	11680
11474	10950
11128	10176
10176	7022
7430	6753
6675	6462
6375	6323
6306	6312
6325	6342
6362	6381
6397	6413
6424	6431
6435	6442
6442	6440
6433	6420
6407	6392
6374	6361
6346	6332
6321	6310
6305	6302
6299	6295
6289	6279
6263	6241
6210	6169
6120	6070
6012	5955
5896	5838
5773	5705
5634	5561
5482	5389
5275	5133
4952	4738
4504	4273
4070	3916
3824	3795
3822	3892
3991	4107
4227	4344
4454	4550
4634	4709
4787	4878
4999	5163
5370	5631
5938	6284
6664	7066
7479	7895
8301	8700
9083	9453
9809	10161
10510	10855
11195	11526
11836	12114
12353	12548
12703	12815
12899	12959
13005	13037
13050	13046
13015	12958
12877	12778
12671	12566
12471	12387
12316	12251
12193	12139
12077	11996
11865	11658
11339	10877
10263	9504
8632	7699
6765	5893
5129	4508
4058	3788
3702	3791
4040	4426
4918	5474
6063	6643
7195	7697
8154	8559
8920	9236
9513	9749
9948	10106
10234	10332
10405	10459
10496	10513
10510	10482
10427	10341
10222	10074
9898	9706
9512	9333
9176	9057
8977	8938
8934	8972
9049	9165
9332	9555
9851	10237
10724	11313
11987	12712
13437	14107
14682	15141
15473	15694
15830	15907
15940	15948
15938	15916
15885	15840
15779	15707
15624	15523
15408	15277
15134	14971
14797	14612
14415	14208
13990	13772
13546	13322
13091	12860
12617	12353
12073	11711
11487	10844
11088	9877
9877	6984
7293	6716
6628	6435
6353	6307
6293	6298
6309	6327
6346	6364
6380	6392
6400	6406
6410	6412
6413	6412
6404	6395
6385	6370
6357	6343
6331	6320
6310	6305
6304	6305
6309	6313
6315	6311
6303	6288
6267	6238
6201	6162
6117	6072
6026	5976
5927	5872
5810	5748
5674	5588
5474	5319
5120	4873
4602	4326
4079	3879
3747	3677
3665	3692
3744	3805
3865	3918
3958	3993
4017	4042
4075	4127
4213	4340
4510	4729
4998	5310
5652	6025
6419	6827
7245	7675
8106	8550
8994	9448
9903	10355
10791	11199
11568	11886
12145	12349
12500	12605
12682	12732
12767	12789
12797	12786
12747	12687
12605	12507
12407	12313
12233	12163
12109	12059
12016	11965
11899	11799
11637	11379
10994	10455
9764	8937
8026	7087
6187	5378
4701	4175
3807	3605
3561	3666
3916	4290
4768	5320
5904	6491
7053	7577
8053	8484
8869	9211
9508	9763
9977	10149
10284	10385
10458	10502
10531	10540
10531	10498
10442	10359
10242	10100
9935	9760
9580	9413
9266	9147
9061	9012
9000	9019
9076	9165
9295	9476
9718	10046
10476	11018
11665	12386
13130	13847
14477	14988
15370	15632
15793	15888
15930	15943
15935	15918
15888	15848
15793	15723
15643	15547
15438	15313
15173	15016
14847	14667
14473	14272
14057	13841
13622	13403
13176	12943
12695	12415
12109	11686
11444	10598
10974	9297
9297	6943
7061	6674
6565	6410
6334	6294
6279	6285
6296	6312
6330	6346
6361	6371
6378	6382
6384	6386
6385	6386
6380	6373
6364	6353
6342	6332
6319	6311
6304	6303
6304	6310
6316	6324
6330	6332
6330	6323
6307	6285
6256	6223
6188	6151
6115	6076
6033	5987
5937	5878
5810	5723
5608	5443
5225	4953
4646	4330
4042	3803
3630	3523
3469	3456
3460	3476
3484	3488
3484	3479
3471	3466
3477	3503
3564	3654
3790	3966
4188	4450
4749	5083
5445	5830
6245	6687
7158	7658
8187	8737
9295	9853
10384	10870
11300	11660
11947	12163
12312	12418
12484	12529
12557	12573
12574	12557
12514	12448
12364	12272
12177	12093
12024	11972
11931	11896
11859	11811
11739	11617
11420	11111
10659	10051
9293	8420
7482	6553
5695	4953
4355	3912
3613	3459
3442	3556
3797	4157
4620	5157
5739	6329
6907	7449
7950	8403
8813	9177
9496	9773
10001	10187
10330	10434
10508	10548
10572	10574
10557	10523
10466	10384
10273	10141
9989	9825
9660	9501
9358	9242
9152	9093
9069	9074
9111	9176
9275	9416
9612	9890
10268	10767
11387	12099
12863	13614
14288	14847
15274	15570
15758	15866
15919	15937
15935	15917
15890	15851
15798	15733
15653	15562
15457	15336
15201	15050
14887	14707
14517	14319
14111	13902
13683	13468
13244	13009
12752	12451
12117	11609
11354	10201
10803	8392
8392	6903
6718	6633
6489	6389
6316	6281
6270	6275
6285	6301
6317	6333
6345	6352
6357	6360
6361	6360
6362	6361
6361	6355
6348	6341
6332	6321
6313	6307
6300	6300
6305	6312
6321	6332
6339	6346
6347	6342
6329	6311
6287	6260
6230	6202
6171	6140
6104	6062
6015	5959
5895	5810
5689	5518
5283	4992
4659	4314
3991	3716
3512	3370
3284	3235
3205	3179
3156	3126
3096	3067
3044	3026
3023	3042
3082	3148
3250	3390
3567	3780
4031	4318
4639	5002
5398	5844
6340	6883
7475	8104
8756	9400
10017	10579
11065	11464
11776	12003
12158	12262
12326	12367
12389	12400
12394	12372
12327	12258
12173	12081
11994	11921
11864	11825
11795	11770
11741	11691
11609	11469
11236	10881
10374	9708
8899	7990
7046	6135
5314	4631
4097	3715
3470	3352
3351	3466
3697	4041
4484	5009
5587	6185
6772	7331
7852	8328
8757	9144
9482	9772
10019	10213
10367	10474
10547	10586
10605	10602
10587	10550
10495	10415
10311	10183
10043	9892
9736	9586
9449	9328
9234	9169
9131	9125
9145	9190
9265	9374
9534	9773
10113	10576
11172	11876
12649	13424
14135	14733
15193	15520
15727	15850
15911	15933
15933	15918
15890	15854
15800	15738
15662	15572
15467	15351
15220	15072
14910	14736
14549	14354
14149	13942
13730	13516
13291	13058
12788	12468
12103	11495
11238	9698
10602	7238
7238	6866
6295	6598
6402	6372
6304	6275
6264	6270
6281	6295
6310	6325
6335	6343
6344	6346
6344	6345
6347	6350
6346	6344
6339	6331
6323	6317
6309	6303
6302	6302
6307	6316
6327	6338
6346	6355
6356	6352
6344	6328
6308	6284
6257	6233
6207	6179
6147	6107
6061	6007
5942	5857
5733	5556
5313	5005
4654	4287
3941	3644
3412	3246
3136	3063
3007	2958
2912	2865
2820	2781
2752	2733
2731	2740
2767	2817
2894	3004
3144	3318
3531	3779
4066	4397
4780	5220
5724	6301
6937	7627
8342	9055
9740	10355
10883	11315
11647	11883
12044	12147
12209	12246
12270	12276
12270	12243
12195	12123
12039	11948
11864	11797
11749	11719
11700	11683
11657	11606
11517	11358
11098	10707
10158	9452
8607	7680
6733	5838
5054	4412
3926	3587
3377	3278
3289	3402
3624	3953
4383	4897
5469	6069
6667	7240
7777	8271
8716	9115
9469	9772
10028	10236
10395	10505
10580	10618
10632	10629
10610	10573
10519	10444
10343	10224
10088	9945
9797	9653
9517	9396
9298	9228
9184	9170
9176	9208
9262	9350
9485	9694
10005	10445
11020	11719
12499	13289
14024	14649
15134	15480
15705	15838
15905	15929
15932	15919
15893	15854
15803	15738
15663	15575
15475	15360
15231	15084
14926	14755
14569	14375
14175	13969
13760	13547
13326	13084
12812	12468
12078	11374
11129	9189
10422	6054
