6247	6180
6196	6147
6138	6107
6093	6075
6065	6060
6064	6068
6080	6092
6101	6112
6115	6111
6096	6065
6011	5938
5830	5696
5526	5322
5093	4838
4572	4300
4033	3777
3546	3342
3173	3034
2937	2873
2844	2850
2892	2972
3087	3239
3427	3645
3888	4147
4403	4654
4881	5068
5209	5296
5319	5287
5199	5067
4900	4713
4524	4347
4201	4103
4066	4109
4234	4448
4757	5156
5632	6175
6763	7374
7987	8579
9131	9620
10036	10377
10633	10812
10917	10967
10976	10965
10954	10966
11023	11144
11332	11594
11922	12304
12713	13130
13527	13877
14166	14370
14485	14504
14424	14239
13974	13565
13175	12455
12124	10938
11028	9232
6236	6166
6183	6133
6125	6094
6080	6063
6052	6049
6052	6054
6065	6076
6090	6100
6104	6099
6085	6057
6004	5931
5826	5694
5526	5328
5103	4854
4590	4320
4057	3805
3574	3372
3202	3065
2962	2893
2862	2860
2897	2962
3066	3206
3377	3575
3798	4033
4271	4497
4707	4876
5006	5082
5108	5078
5001	4879
4731	4564
4396	4243
4120	4046
4031	4087
4227	4456
4773	5176
5655	6200
6786	7397
8010	8601
9152	9639
10058	10398
10654	10831
10934	10985
10990	10973
10960	10966
11017	11126
11306	11564
11886	12264
12672	13086
13484	13839
14129	14341
14458	14481
14404	14225
13961	13552
13161	12444
12111	10923
11016	9217
6218	6149
6166	6117
6110	6077
6064	6047
6039	6035
6039	6044
6054	6064
6077	6083
6090	6087
6074	6044
5996	5923
5823	5689
5530	5337
5117	4873
4617	4353
4091	3844
3616	3413
3243	3102
2999	2928
2886	2876
2901	2958
3047	3166
3315	3494
3691	3899
4108	4310
4494	4647
4764	4832
4856	4830
4763	4658
4532	4388
4247	4123
4030	3982
3989	4069
4225	4469
4796	5205
5687	6230
6815	7424
8036	8627
9175	9661
10083	10420
10678	10855
10957	11003
11003	10985
10960	10961
11000	11100
11275	11519
11838	12209
12615	13029
13428	13786
14080	14294
14420	14450
14374	14200
13936	13531
13141	12422
12092	10903
10996	9195
6194	6126
6144	6095
6088	6057
6046	6026
6020	6017
6019	6026
6034	6044
6058	6067
6072	6069
6057	6030
5983	5914
5817	5691
5536	5350
5137	4897
4649	4392
4136	3892
3666	3466
3295	3151
3044	2963
2916	2900
2909	2953
3027	3123
3251	3400
3568	3747
3931	4103
4260	4390
4491	4551
4571	4549
4494	4408
4306	4191
4081	3988
3929	3908
3947	4052
4230	4489
4825	5241
5726	6271
6853	7462
8071	8660
9203	9695
10110	10451
10706	10882
10984	11024
11020	10989
10958	10949
10978	11070
11231	11469
11773	12139
12541	12954
13353	13715
14015	14237
14369	14402
14334	14161
13905	13499
13111	12397
12064	10879
10964	9173
6173	6103
6122	6072
6067	6033
6021	6003
5997	5994
5998	6002
6012	6026
6036	6046
6050	6046
6036	6009
5967	5899
5809	5689
5544	5362
5158	4932
4691	4441
4192	3952
3730	3531
3359	3212
3100	3013
2956	2930
2930	2953
3008	3084
3186	3309
3445	3592
3738	3884
4013	4124
4201	4252
4271	4255
4214	4148
4071	3990
3911	3857
3827	3846
3912	4041
4241	4515
4867	5289
5775	6321
6902	7506
8111	8697
9241	9727
10144	10485
10741	10913
11011	11047
11039	10999
10957	10936
10954	11028
11177	11400
11700	12052
12451	12860
13262	13628
13934	14161
14303	14342
14283	14115
13862	13462
13075	12362
12027	10847
10933	9139
6146	6075
6093	6044
6042	6010
5997	5980
5972	5967
5971	5979
5990	5999
6006	6017
6022	6022
6012	5987
5949	5886
5805	5689
5552	5382
5187	4970
4740	4501
4262	4027
3807	3612
3438	3288
3166	3075
3009	2966
2952	2962
2994	3053
3126	3221
3327	3441
3556	3669
3774	3857
3921	3961
3977	3972
3941	3898
3845	3793
3751	3731
3740	3788
3886	4044
4267	4558
4918	5348
5840	6382
6961	7561
8161	8744
9283	9770
10184	10521
10772	10944
11037	11070
11051	11004
10951	10915
10919	10979
11112	11324
11607	11951
12344	12749
13153	13521
13833	14071
14217	14267
14214	14055
13806	13408
13027	12315
11983	10804
10891	9101
6117	6053
6066	6018
6010	5981
5968	5952
5942	5941
5942	5949
5960	5969
5980	5992
5995	5996
5985	5964
5927	5873
5792	5688
5561	5402
5221	5015
4799	4569
4338	4114
3900	3702
3529	3375
3247	3144
3070	3017
2989	2981
2996	3028
3082	3145
3221	3306
3391	3476
3550	3614
3662	3692
3707	3704
3691	3667
3640	3619
3613	3626
3668	3752
3880	4065
4309	4614
4988	5422
5916	6457
7033	7627
8220	8799
9333	9812
10225	10559
10810	10975
11064	11089
11061	11004
10941	10891
10876	10924
11038	11232
11503	11835
12221	12626
13025	13399
13717	13960
14115	14176
14128	13976
13732	13340
12963	12254
11924	10748
10837	9056
6087	6023
6039	5991
5981	5951
5937	5923
5915	5913
5915	5920
5927	5935
5949	5960
5964	5966
5957	5938
5905	5855
5782	5689
5569	5426
5257	5068
4864	4648
4426	4211
4003	3810
3633	3476
3343	3232
3143	3079
3038	3017
3013	3026
3052	3095
3144	3197
3255	3311
3361	3404
3439	3460
3474	3479
3477	3473
3472	3480
3505	3553
3627	3742
3900	4112
4373	4693
5077	5518
6012	6551
7122	7708
8295	8863
9391	9865
10274	10602
10846	11005
11090	11108
11069	10999
10921	10858
10829	10854
10954	11132
11386	11708
12082	12478
12879	13254
13578	13830
13991	14060
14020	13877
13637	13252
12876	12175
11847	10682
10769	9003
6061	5994
6010	5962
5955	5923
5908	5892
5885	5881
5884	5891
5897	5907
5916	5928
5934	5937
5929	5912
5881	5838
5772	5687
5581	5453
5296	5122
4930	4728
4524	4316
4116	3924
3750	3589
3452	3334
3238	3162
3106	3070
3051	3043
3052	3068
3093	3121
3151	3184
3213	3237
3262	3276
3287	3301
3309	3325
3348	3383
3435	3512
3621	3768
3952	4182
4465	4802
5194	5638
6132	6666
7230	7808
8386	8945
9465	9930
10328	10649
10884	11041
11116	11121
11076	10993
10902	10823
10777	10786
10867	11026
11261	11571
11933	12322
12722	13093
13421	13677
13846	13920
13895	13754
13524	13143
12772	12081
11754	10603
10684	8942
6033	5965
5982	5933
5926	5895
5882	5864
5855	5852
5851	5857
5865	5873
5884	5894
5900	5900
5896	5884
5856	5816
5763	5686
5593	5476
5336	5179
5004	4819
4626	4429
4235	4050
3878	3718
3576	3450
3347	3261
3194	3144
3107	3083
3073	3072
3075	3078
3090	3099
3109	3120
3131	3143
3154	3172
3193	3224
3267	3328
3408	3515
3651	3821
4030	4285
4585	4937
5335	5785
6276	6806
7362	7934
8496	9041
9550	10006
10393	10703
10928	11074
11137	11133
11077	10985
10880	10784
10721	10712
10773	10913
11131	11422
11770	12152
12540	12914
13241	13504
13681	13763
13740	13609
13385	13013
12648	11965
11642	10508
10585	8874
6008	5938
5957	5906
5900	5867
5854	5837
5827	5822
5822	5824
5833	5842
5851	5859
5865	5871
5866	5856
5832	5801
5753	5688
5603	5501
5377	5236
5080	4911
4734	4549
4364	4191
4020	3865
3718	3590
3477	3383
3303	3240
3192	3157
3125	3104
3089	3077
3067	3059
3049	3048
3049	3057
3069	3094
3125	3172
3234	3317
3422	3556
3718	3914
4149	4424
4742	5104
5510	5963
6456	6977
7521	8078
8632	9161
9652	10089
10465	10761
10974	11108
11161	11149
11077	10973
10853	10741
10661	10634
10677	10795
10995	11268
11598	11968
12350	12716
13043	13306
13486	13576
13561	13438
13220	12857
12496	11825
11508	10394
10468	8788
5981	5911
5930	5878
5873	5839
5826	5806
5797	5791
5791	5795
5799	5808
5817	5825
5831	5835
5832	5825
5809	5779
5739	5683
5613	5523
5417	5292
5155	5002
4841	4674
4505	4334
4172	4021
3875	3744
3629	3530
3440	3369
3307	3254
3211	3173
3140	3109
3081	3055
3037	3026
3020	3021
3037	3063
3106	3167
3247	3352
3478	3638
3823	4046
4301	4598
4931	5306
5722	6176
6663	7179
7714	8255
8790	9297
9774	10195
10550	10827
11027	11147
11186	11160
11078	10960
10830	10701
10607	10562
10580	10678
10859	11108
11420	11775
12147	12502
12825	13090
13274	13367
13357	13236
13027	12670
12319	11662
11349	10261
10331	8694
5957	5884
5904	5853
5848	5814
5802	5782
5774	5765
5763	5764
5772	5776
5786	5792
5796	5798
5800	5795
5780	5759
5724	5679
5618	5544
5452	5344
5225	5091
4946	4798
4643	4489
4336	4190
4051	3923
3806	3700
3607	3522
3451	3384
3328	3273
3221	3175
3131	3096
3065	3039
3028	3027
3043	3074
3127	3201
3297	3424
3574	3754
3964	4210
4488	4807
5156	5542
5967	6423
6903	7412
7930	8454
8968	9458
9909	10307
10639	10902
11083	11186
11214	11175
11083	10952
10808	10667
10555	10491
10490	10566
10722	10950
11241	11577
11931	12280
12594	12854
13037	13130
13125	13013
12810	12464
12116	11473
11164	10108
10166	8587
5933	5863
5881	5830
5825	5793
5778	5758
5748	5740
5735	5740
5743	5747
5753	5760
5767	5770
5771	5763
5753	5738
5711	5671
5620	5560
5481	5392
5291	5177
5049	4920
4783	4646
4507	4372
4240	4118
4001	3897
3797	3705
3623	3544
3471	3402
3335	3274
3214	3165
3123	3089
3072	3069
3086	3125
3187	3273
3385	3529
3700	3904
4140	4408
4709	5047
5412	5812
6243	6697
7178	7676
8178	8684
9174	9636
10062	10433
10743	10980
11144	11232
11248	11194
11089	10948
10789	10637
10509	10426
10406	10458
10590	10793
11062	11376
11712	12045
12349	12604
12783	12877
12874	12764
12568	12227
11887	11262
10953	9938
9981	8467
5916	5844
5863	5809
5805	5769
5757	5734
5725	5713
5712	5711
5716	5723
5724	5730
5736	5738
5740	5736
5730	5713
5694	5663
5622	5572
5510	5437
5349	5252
5149	5038
4925	4804
4685	4563
4444	4329
4218	4111
4009	3911
3818	3728
3640	3556
3473	3396
3323	3259
3205	3162
3142	3138
3157	3201
3270	3369
3498	3660
3853	4079
4339	4629
4954	5309
5695	6105
6539	6998
7473	7957
8445	8928
9395	9827
10225	10570
10852	11068
11211	11280
11279	11213
11098	10950
10777	10611
10469	10370
10326	10359
10464	10641
10884	11172
11490	11805
12096	12341
12513	12604
12601	12491
12298	11965
11635	11029
10722	9743
9772	8326
5889	5822
5840	5791
5784	5750
5732	5714
5701	5695
5690	5688
5691	5693
5698	5704
5709	5713
5713	5711
5703	5693
5678	5654
5621	5578
5530	5471
5403	5326
5244	5154
5061	4963
4862	4759
4658	4554
4449	4345
4243	4139
4037	3934
3833	3729
3632	3537
3453	3374
3309	3260
3236	3230
3247	3297
3375	3488
3631	3810
4023	4272
4556	4869
5216	5590
5991	6416
6858	7315
7782	8255
8722	9180
9619	10026
10391	10708
10963	11155
11278	11331
11314	11238
11111	10951
10773	10596
10438	10322
10261	10269
10349	10500
10716	10978
11272	11566
11842	12073
12239	12326
12319	12213
12017	11696
11364	10779
10466	9534
9533	8178
5873	5807
5823	5776
5764	5733
5720	5700
5685	5675
5672	5669
5668	5672
5675	5680
5684	5687
5688	5687
5679	5674
5661	5640
5615	5582
5543	5500
5447	5388
5327	5261
5190	5113
5039	4957
4871	4781
4686	4585
4484	4376
4264	4148
4031	3914
3800	3688
3588	3496
3424	3367
3334	3327
3349	3403
3493	3617
3773	3969
4199	4471
4777	5112
5481	5877
6294	6729
7177	7634
8093	8553
9001	9436
9847	10225
10561	10848
11074	11243
11348	11383
11354	11268
11134	10963
10775	10587
10418	10287
10206	10191
10243	10368
10557	10795
11060	11334
11591	11809
11963	12044
12033	11925
11733	11417
11081	10516
10190	9313
9264	8017
5858	5789
5805	5758
5751	5718
5703	5685
5673	5660
5655	5652
5650	5655
5656	5658
5662	5662
5664	5666
5661	5653
5646	5630
5610	5588
5558	5526
5489	5447
5406	5361
5311	5263
5207	5146
5081	5007
4923	4828
4726	4613
4494	4368
4234	4101
3971	3847
3730	3627
3540	3476
3441	3433
3457	3516
3612	3746
3918	4130
4382	4675
4999	5359
5748	6158
6591	7036
7487	7944
8395	8839
9273	9684
10064	10411
10719	10978
11180	11331
11414	11433
11392	11294
11155	10977
10783	10585
10406	10258
10158	10124
10155	10255
10415	10623
10865	11117
11355	11554
11699	11768
11755	11645
11448	11134
10794	10252
9900	9084
8969	7846
5843	5777
5793	5746
5738	5705
5689	5671
5659	5648
5640	5638
5638	5638
5638	5641
5643	5647
5648	5647
5644	5637
5629	5618
5603	5586
5567	5545
5521	5494
5470	5446
5420	5391
5362	5326
5277	5218
5146	5057
4955	4841
4714	4575
4431	4281
4137	3996
3866	3753
3657	3587
3546	3536
3561	3623
3728	3870
4055	4285
4554	4861
5207	5584
5993	6423
6865	7320
7776	8228
8675	9106
9516	9907
10266	10588
10866	11100
11283	11409
11473	11481
11429	11326
11178	10996
10794	10587
10397	10239
10125	10069
10079	10153
10287	10472
10692	10920
11138	11324
11455	11519
11497	11384
11182	10868
10520	9989
9605	8849
8650	7670
5831	5763
5782	5733
5729	5698
5682	5663
5649	5640
5632	5629
5626	5627
5628	5629
5629	5631
5631	5631
5628	5624
5616	5609
5600	5588
5574	5561
5546	5536
5527	5523
5516	5512
5499	5482
5453	5410
5349	5270
5167	5050
4915	4767
4612	4449
4286	4132
3987	3863
3760	3687
3639	3630
3658	3724
3835	3986
4182	4423
4707	5029
5393	5788
6212	6654
7110	7571
8032	8481
8920	9341
9739	10102
10439	10738
10992	11204
11365	11474
11526	11522
11462	11353
11201	11016
10807	10600
10398	10228
10100	10026
10017	10068
10183	10343
10538	10748
10950	11120
11240	11292
11264	11145
10936	10621
10254	9741
9311	8621
8315	7493
5822	5755
5773	5728
5721	5690
5675	5655
5641	5632
5624	5621
5619	5616
5615	5618
5619	5620
5619	5620
5617	5612
5608	5601
5592	5584
5577	5570
5567	5568
5571	5583
5596	5608
5614	5614
5601	5572
5519	5447
5349	5230
5088	4931
4764	4589
4418	4250
4095	3962
3850	3770
3722	3710
3739	3810
3924	4083
4289	4544
4836	5172
5551	5958
6396	6849
7315	7780
8245	8694
9125	9536
9916	10267
10586	10863
11103	11292
11438	11532
11572	11560
11495	11378
11224	11034
10824	10608
10402	10222
10083	9995
9966	10002
10096	10240
10416	10607
10794	10951
11061	11105
11071	10944
10727	10410
10021	9524
9038	8414
7987	7330
5815	5747
5767	5719
5715	5683
5670	5650
5639	5627
5620	5613
5609	5608
5610	5611
5613	5611
5611	5611
5608	5605
5600	5594
5588	5582
5578	5580
5581	5592
5607	5630
5657	5683
5706	5722
5721	5703
5659	5591
5495	5373
5229	5064
4889	4705
4520	4346
4185	4040
3927	3840
3790	3778
3806	3879
3999	4164
4377	4636
4941	5291
5677	6097
6542	7006
7475	7947
8412	8861
9286	9687
10058	10396
10695	10961
11182	11361
11494	11578
11610	11586
11520	11401
11240	11051
10839	10616
10406	10216
10072	9971
9932	9951
10030	10156
10320	10495
10669	10816
10918	10957
10914	10770
10558	10141
9823	8923
8798	7013
7680	4624
