16189	16189
16189	16189
16189	16189
16189	16189
16189	16189
16187	16184
16173	16143
16071	15910
15599	15065
14267	13235
12055	10863
9780	8876
8160	7609
7200	6923
6780	6781
6937	7246
7688	8227
8799	9336
9775	10100
10294	10368
10322	10156
9883	9536
9167	8828
8557	8374
8277	8269
8336	8454
8598	8748
8896	9039
9158	9236
9231	9119
8891	8546
8100	7564
6954	6294
5624	4996
4458	4043
3762	3602
3543	3591
3758	4088
4619	5363
6268	7236
8148	8919
9523	9993
10377	10720
11047	11388
11787	12284
12910	13626
14357	15000
15494	15821
16013	16109
16157	16176
16184	16188
16189	16189
16189	16189
16189	16189
16189	16189
16189	16189
16189	16189
16189	16189
16189	16189
16189	16189
16189	16189
16188	16185
16174	16149
16085	15947
15669	15187
14457	13487
12357	11181
10085	9143
8382	7790
7354	7063
6920	6937
7118	7448
7905	8434
8977	9466
9865	10154
10332	10411
10391	10272
10061	9781
9466	9156
8878	8652
8492	8404
8395	8457
8567	8707
8863	9019
9159	9234
9199	9020
8695	8243
7699	7100
6474	5842
5239	4696
4247	3907
3683	3557
3523	3575
3734	4039
4535	5241
6119	7084
8018	8832
9492	10011
10432	10799
11146	11512
11941	12471
13111	13822
14520	15124
15572	15868
16036	16121
16160	16179
16185	16188
16189	16189
16189	16189
16189	16189
16189	16189
16189	16189
16189	16189
16189	16189
16189	16189
16189	16189
16189	16189
16189	16185
16178	16159
16109	15994
15763	15356
14721	13850
12795	11656
10549	9558
8732	8082
7600	7281
7134	7161
7369	7723
8189	8702
9200	9632
9977	10221
10384	10466
10478	10417
10285	10091
9852	9588
9312	9037
8791	8600
8493	8479
8545	8676
8855	9055
9237	9329
9272	9015
8571	7972
7290	6593
5923	5312
4778	4336
3990	3745
3592	3514
3504	3567
3725	4017
4489	5161
6012	6971
7928	8790
9505	10077
10533	10927
11303	11709
12179	12753
13409	14106
14755	15293
15683	15930
16069	16137
16167	16181
16185	16189
16189	16189
16189	16189
16189	16189
16189	16189
16189	16189
16189	16189
16189	16189
16189	16189
16189	16189
16189	16189
16189	16186
16180	16165
16130	16046
15868	15544
15020	14273
13324	12248
11144	10106
9209	8480
7935	7574
7404	7430
7642	8006
8467	8957
9413	9791
10081	10287
10429	10517
10562	10556
10504	10401
10246	10038
9774	9462
9136	8837
8628	8530
8556	8693
8915	9189
9446	9594
9539	9226
8666	7915
7081	6256
5512	4887
4396	4027
3769	3600
3511	3482
3511	3602
3781	4084
4556	5220
6059	7015
7980	8863
9610	10209
10694	11112
11524	11976
12502	13113
13781	14440
15026	15485
15803	15996
16102	16153
16174	16183
16187	16189
16189	16189
16189	16189
16189	16189
16189	16189
16189	16189
16189	16189
16189	16189
16189	16189
16189	16189
16189	16189
16189	16189
16184	16174
16150	16091
15964	15721
15315	14704
13885	12901
11831	10768
9800	8984
8355	7929
7710	7700
7892	8236
8674	9132
9547	9885
10144	10326
10461	10557
10628	10668
10681	10652
10571	10421
10181	9855
9467	9085
8782	8619
8615	8771
9063	9438
9804	10039
10029	9703
9075	8211
7238	6277
5422	4732
4218	3866
3642	3522
3480	3499
3573	3715
3945	4304
4817	5506
6350	7288
8236	9102
9837	10430
10919	11359
11807	12310
12889	13532
14185	14791
15296	15670
15914	16058
16131	16164
16179	16184
16189	16189
16189	16189
16189	16189
16189	16189
16189	16189
16189	16189
16189	16189
16189	16189
16189	16189
16189	16189
16189	16189
16189	16189
16186	16181
16164	16126
16040	15869
15571	15092
14418	13552
12554	11499
10487	9589
8866	8346
8046	7964
8089	8377
8762	9179
9567	9888
10138	10321
10464	10574
10667	10743
10798	10825
10803	10702
10495	10171
9759	9325
8967	8758
8743	8933
9302	9781
10263	10603
10674	10396
9769	8866
7802	6722
5736	4926
4320	3908
3663	3547
3530	3593
3731	3954
4274	4717
5304	6034
6885	7790
8681	9484
10162	10722
11202	11661
12153	12708
13326	13972
14587	15123
15536	15824
16004	16103
16154	16175
16184	16188
16189	16189
16189	16189
16189	16189
16189	16189
16189	16189
16189	16189
16189	16189
16189	16189
16189	16189
16189	16189
16189	16189
16189	16189
16188	16184
16175	16151
16094	15983
15772	15421
14887	14167
13270	12270
11244	10287
9469	8840
8426	8232
8251	8438
8746	9106
9467	9783
10048	10255
10422	10558
10676	10776
10864	10927
10944	10886
10718	10420
10014	9575
9198	8974
8967	9191
9622	10186
10758	11191
11356	11169
10617	9757
8688	7537
6434	5475
4721	4189
3860	3709
3701	3812
4032	4355
4791	5342
6010	6778
7609	8454
9253	9958
10560	11079
11548	12034
12565	13159
13790	14409
14962	15409
15732	15945
16069	16136
16166	16180
16184	16189
16189	16189
16189	16189
16189	16189
16189	16189
16189	16189
16189	16189
16189	16189
16189	16189
16189	16189
16189	16189
16189	16189
16189	16189
16189	16185
16180	16166
16133	16062
15920	15674
15276	14702
13943	13036
12049	11066
10170	9431
8882	8550
8424	8478
8670	8953
9272	9586
9867	10111
10317	10491
10639	10770
10884	10971
11022	11003
10877	10625
10265	9861
9509	9309
9320	9566
10026	10621
11235	11723
11968	11892
11468	10726
9732	8592
7420	6330
5413	4723
4274	4060
4048	4209
4516	4957
5503	6154
6878	7648
8429	9178
9864	10466
10993	11475
11956	12470
13040	13648
14260	14819
15287	15641
15882	16031
16115	16157
16177	16184
16188	16189
16189	16189
16189	16189
16189	16189
16189	16189
16189	16189
16189	16189
16189	16189
16189	16189
16189	16189
16189	16189
16189	16189
16189	16189
16189	16188
16185	16176
16157	16111
16024	15859
15579	15146
14540	13763
12862	11903
10966	10131
9453	8965
8674	8570
8623	8795
9040	9322
9613	9887
10133	10354
10544	10710
10854	10973
11050	11070
10996	10808
10529	10200
9918	9762
9800	10055
10503	11076
11667	12161
12449	12469
12188	11613
10770	9725
8564	7403
6353	5510
4933	4638
4613	4819
5211	5746
6384	7088
7822	8550
9246	9882
10453	10966
11443	11918
12422	12971
13556	14152
14706	15184
15557	15820
15991	16089
16142	16170
16181	16185
16189	16189
16189	16189
16189	16189
16189	16189
16189	16189
16189	16189
16189	16189
16189	16189
16189	16189
16189	16189
16189	16189
16189	16189
16189	16189
16189	16189
16186	16181
16171	16145
16092	15988
15802	15494
15035	14411
13634	12751
11827	10940
10155	9521
9066	8787
8676	8708
8844	9061
9322	9598
9872	10129
10365	10572
10753	10908
11026	11092
11081	10979
10797	10578
10388	10301
10366	10613
11019	11523
12046	12492
12784	12870
12725	12326
11671	10782
9716	8567
7456	6509
5824	5461
5415	5648
6093	6685
7357	8057
8748	9394
9985	10514
10994	11449
11913	12406
12942	13511
14090	14633
15111	15491
15769	15953
16062	16126
16160	16175
16183	16188
16189	16189
16189	16189
16189	16189
16189	16189
16189	16189
16189	16189
16189	16189
16189	16189
16189	16189
16189	16189
16189	16189
16189	16189
16189	16189
16189	16189
16187	16184
16179	16164
16134	16073
15954	15750
15426	14954
14329	13564
12712	11826
10981	10233
9629	9183
8898	8763
8764	8871
9058	9294
9561	9831
10094	10340
10563	10757
10921	11039
11099	11092
11019	10917
10831	10821
10921	11151
11495	11911
12339	12711
12977	13098
13051	12805
12338	11641
10733	9683
8601	7626
6893	6479
6411	6640
7096	7682
8328	8973
9579	10130
10623	11071
11503	11943
12419	12940
13497	14060
14595	15065
15447	15732
15924	16045
16114	16152
16172	16182
16186	16189
16189	16189
16189	16189
16189	16189
16189	16189
16189	16189
16189	16189
16189	16189
16189	16189
16189	16189
16189	16189
16189	16189
16189	16189
16189	16189
16189	16189
16189	16187
16182	16174
16158	16122
16054	15926
15712	15378
14908	14294
13556	12736
11893	11086
10368	9774
9324	9019
8858	8822
8892	9045
9255	9499
9759	10019
10269	10500
10706	10882
11012	11091
11126	11132
11149	11208
11341	11553
11837	12168
12500	12795
13018	13143
13154	13021
12712	12202
11482	10592
9625	8712
7994	7576
7488	7693
8111	8647
9216	9771
10285	10748
11176	11586
12010	12468
12969	13508
14058	14581
15042	15421
15708	15904
16032	16105
16147	16168
16177	16183
16187	16189
16189	16189
16189	16189
16189	16189
16189	16189
16189	16189
16189	16189
16189	16189
16189	16189
16189	16189
16189	16189
16189	16189
16189	16189
16189	16189
16189	16189
16189	16189
16185	16182
16174	16154
16116	16041
15909	15691
15362	14900
14306	13606
12827	12027
11253	10555
9964	9504
9176	8980
8903	8933
9040	9211
9424	9660
9905	10151
10386	10602
10787	10941
11058	11156
11252	11369
11527	11726
11968	12229
12484	12713
12891	13004
13039	12972
12777	12421
11881	11181
10385	9610
8980	8603
8513	8686
9039	9489
9968	10435
10872	11287
11691	12107
12555	13039
13557	14082
14587	15037
15408	15693
15890	16021
16099	16142
16167	16177
16182	16186
16189	16189
16189	16189
16189	16189
16189	16189
16189	16189
16189	16189
16189	16189
16189	16189
16189	16189
16189	16189
16189	16189
16189	16189
16189	16189
16189	16189
16189	16189
16189	16189
16187	16185
16181	16171
16150	16110
16033	15899
15684	15366
14930	14371
13709	12976
12218	11478
10797	10207
9734	9381
9147	9022
8999	9052
9173	9342
9542	9763
9995	10224
10439	10633
10805	10962
11111	11271
11442	11634
11842	12055
12259	12436
12573	12668
12703	12667
12543	12301
11922	11411
10816	10222
9736	9445
9382	9529
9822	10196
10598	11001
11402	11807
12222	12669
13144	13644
14145	14628
15056	15413
15689	15887
16015	16095
16140	16166
16177	16181
16186	16188
16189	16189
16189	16189
16189	16189
16189	16189
16189	16189
16189	16189
16189	16188
16188	16188
16188	16189
16189	16189
16189	16189
16189	16189
16189	16189
16189	16189
16189	16189
16189	16189
16189	16187
16185	16180
16170	16148
16107	16030
15901	15697
15395	14988
14474	13860
13181	12464
11762	11102
10518	10029
9645	9367
9189	9105
9099	9163
9279	9437
9622	9823
10027	10225
10414	10591
10762	10934
11110	11292
11478	11659
11827	11970
12083	12153
12186	12166
12087	11927
11678	11341
10945	10550
10233	10057
10053	10199
10458	10785
11147	11532
11936	12361
12812	13282
13767	14247
14697	15100
15437	15697
15886	16012
16092	16136
16165	16177
16181	16186
16187	16189
16189	16189
16189	16189
16189	16189
16189	16189
16189	16189
16189	16189
16186	16186
16185	16186
16188	16188
16188	16189
16189	16189
16189	16189
16189	16189
16189	16189
16189	16189
16189	16189
16189	16189
16187	16184
16179	16168
16148	16106
16033	15913
15724	15450
15084	14613
14058	13432
12770	12105
11469	10892
10390	9974
9653	9421
9277	9212
9217	9274
9378	9511
9664	9826
9986	10143
10302	10460
10622	10785
10950	11106
11248	11373
11471	11537
11570	11569
11530	11443
11306	11123
10907	10702
10553	10506
10574	10753
11013	11334
11697	12098
12527	12982
13450	13923
14379	14801
15175	15481
15723	15899
16014	16090
16136	16162
16176	16181
16186	16187
16189	16189
16189	16189
16189	16189
16189	16189
16189	16189
16189	16189
16189	16186
16184	16181
16178	16179
16184	16184
16186	16186
16189	16189
16189	16189
16189	16189
16189	16189
16189	16189
16189	16189
16189	16189
16189	16186
16184	16179
16168	16149
16109	16042
15931	15763
15522	15198
14784	14291
13730	13125
12506	11898
11329	10813
10373	10014
9736	9540
9419	9360
9360	9396
9463	9549
9643	9746
9853	9969
10093	10226
10362	10499
10626	10740
10835	10910
10966	11001
11016	11007
10976	10924
10864	10822
10824	10895
11049	11276
11570	11918
12308	12734
13187	13649
14105	14538
14930	15268
15545	15762
15918	16025
16094	16138
16163	16176
16181	16186
16187	16189
16189	16189
16189	16189
16189	16189
16189	16189
16189	16189
16189	16189
16185	16182
16174	16167
16153	16160
16178	16181
16182	16185
16186	16189
16189	16189
16189	16189
16189	16189
16189	16189
16189	16189
16189	16189
16189	16189
16186	16184
16178	16169
16149	16114
16055	15958
15817	15612
15336	14981
14551	14058
13515	12943
12370	11815
11302	10850
10466	10155
9914	9739
9618	9540
9497	9479
9475	9486
9512	9556
9622	9709
9812	9927
10044	10158
10266	10369
10467	10560
10648	10730
10805	10874
10947	11038
11160	11338
11573	11863
12202	12582
12997	13434
13879	14313
14716	15075
15379	15623
15810	15945
16041	16101
16141	16163
16176	16181
16186	16187
16189	16189
16189	16189
16189	16189
16189	16189
16189	16189
16189	16189
16189	16186
16182	16170
16152	16129
16088	16110
16165	16170
16175	16179
16184	16187
16189	16189
16189	16189
16189	16189
16189	16189
16189	16189
16189	16189
16189	16189
16189	16186
16184	16180
16170	16153
16122	16073
15997	15877
15711	15481
15187	14820
14392	13909
13394	12861
12339	11844
11392	10997
10658	10372
10138	9942
9775	9633
9508	9401
9320	9269
9254	9285
9349	9440
9550	9668
9798	9946
10107	10283
10468	10654
10839	11023
11210	11410
11635	11895
12198	12537
12911	13310
13723	14138
14539	14907
15229	15497
15706	15867
15981	16060
16112	16145
16165	16177
16181	16186
16187	16189
16189	16189
16189	16189
16189	16189
16189	16189
16189	16189
16189	16189
16188	16185
16174	16149
16101	16044
15920	15981
16145	16157
16161	16172
16180	16184
16188	16189
16189	16189
16189	16189
16189	16189
16189	16189
16189	16189
16189	16189
16189	16189
16186	16185
16180	16174
16158	16136
16096	16036
15943	15809
15625	15379
15072	14705
14283	13823
13339	12855
12386	11942
11537	11167
10830	10520
10228	9953
9694	9454
9248	9087
8988	8951
8975	9040
9141	9268
9429	9628
9870	10144
10438	10741
11040	11335
11621	11913
12214	12537
12888	13257
13641	14030
14408	14766
15095	15378
15611	15793
15925	16020
16084	16127
16152	16169
16177	16181
16186	16187
16189	16189
16189	16189
16189	16189
16189	16189
16189	16189
16189	16189
16189	16189
16187	16181
16161	16114
16010	15881
15558	15719
16122	16140
16148	16164
16175	16182
16187	16189
16189	16189
16189	16189
16189	16189
16189	16189
16189	16189
16189	16189
16189	16189
16189	16186
16186	16181
16174	16163
16147	16117
16072	15999
15892	15739
15534	15272
14953	14583
14171	13728
13272	12822
12377	11950
11532	11127
10727	10333
9949	9582
9250	8983
8793	8696
8676	8722
8816	8953
9144	9398
9718	10090
10491	10907
11312	11702
12077	12440
12800	13166
13539	13914
14282	14633
14957	15250
15500	15704
15860	15979
16055	16106
16138	16158
16172	16178
16182	16186
16188	16189
16189	16189
16189	16189
16189	16189
16189	16189
16189	16189
16189	16189
16189	16189
16186	16174
16145	16066
15877	15639
14972	15303
16102	16124
16136	16157
16171	16180
16185	16189
16189	16189
16189	16189
16189	16189
16189	16189
16189	16189
16189	16189
16189	16189
16189	16189
16186	16186
16181	16178
16170	16157
16134	16095
16033	15936
15802	15617
15377	15080
14734	14343
13918	13473
13014	12553
12086	11614
11133	10650
10165	9701
9276	8921
8662	8514
8465	8493
8582	8729
8945	9243
9627	10076
10564	11064
11554	12017
12452	12864
13259	13648
14028	14395
14739	15052
15327	15561
15749	15898
16004	16076
16121	16149
16164	16174
16179	16184
16186	16187
16189	16189
16189	16189
16189	16189
16189	16189
16189	16189
16189	16189
16189	16189
16189	16189
16185	16171
16129	15998
15736	14582
14307	8874
