8166	7534
7271	6879
6679	6590
6563	6561
6577	6604
6646	6695
6749	6796
6823	6821
6788	6743
6708	6688
6663	6603
6489	6329
6155	5996
5874	5796
5760	5745
5724	5685
5637	5603
5603	5633
5675	5713
5743	5776
5827	5912
6024	6142
6241	6324
6400	6486
6577	6658
6718	6758
6783	6799
6803	6791
6758	6696
6603	6497
6386	6275
6155	6027
5903	5798
5714	5641
5581	5526
5475	5427
5379	5339
5324	5351
5422	5528
5649	5764
5861	5939
6006	6070
6130	6178
6225	6267
6317	6368
6408	6432
6466	6530
6645	6814
7026	7265
7516	7756
7960	8122
8256	8376
8490	8592
8658	8683
8685	8683
8678	8653
8605	8536
8463	8393
8330	8277
8235	8194
8154	8123
8147	8290
8607	9090
9674	10267
10811	11294
11743	12184
12621	13043
13442	13820
14187	14540
14877	15176
15426	15609
15735	15815
15865	15898
15924	15948
15971	15992
16017	16041
16059	16068
16064	16050
16032	16014
15990	15962
15925	15882
15833	15760
15648	15472
15235	14950
14639	14314
13989	13662
13326	12970
12596	12239
11945	11751
11654	11618
11598	11587
11601	11666
11782	11951
12146	12335
12500	12641
12775	12915
13051	13153
13185	13136
13025	12856
12644	12401
12162	11949
11783	11661
11581	11514
11437	11319
11175	11012
10856	10705
10561	10408
10243	10061
9877	9726
9626	9580
9578	9619
9725	9707
10036	9011
9011	7540
7274	6880
6680	6593
6563	6562
6573	6601
6642	6695
6748	6794
6820	6812
6779	6731
6696	6675
6651	6589
6474	6318
6147	5997
5881	5809
5771	5751
5724	5682
5635	5609
5613	5646
5689	5732
5766	5798
5850	5931
6036	6149
6251	6336
6418	6504
6590	6667
6724	6760
6785	6799
6802	6787
6750	6685
6592	6488
6376	6263
6145	6020
5899	5795
5713	5641
5580	5525
5474	5426
5385	5353
5347	5376
5447	5549
5663	5775
5873	5955
6028	6094
6154	6201
6243	6285
6334	6382
6420	6446
6478	6543
6659	6828
7034	7266
7509	7735
7929	8079
8202	8313
8420	8512
8576	8603
8610	8611
8608	8589
8545	8483
8414	8346
8283	8230
8186	8153
8132	8141
8212	8407
8758	9257
9838	10424
10955	11427
11871	12309
12741	13157
13551	13925
14278	14619
14942	15229
15463	15638
15753	15828
15875	15907
15934	15958
15978	15999
16019	16037
16049	16053
16044	16029
16008	15987
15960	15925
15876	15819
15749	15659
15523	15330
15078	14787
14471	14148
13822	13499
13167	12826
12474	12144
11877	11704
11619	11594
11595	11612
11654	11740
11871	12039
12226	12413
12575	12720
12852	12982
13105	13191
13212	13161
13048	12881
12669	12436
12210	12011
11857	11741
11661	11591
11505	11386
11239	11075
10913	10755
10597	10438
10268	10091
9918	9774
9679	9632
9625	9656
9753	9727
10046	9018
9018	7541
7275	6878
6682	6594
6568	6560
6571	6597
6640	6691
6745	6791
6813	6803
6764	6715
6679	6658
6631	6569
6453	6298
6135	5994
5892	5827
5788	5760
5726	5682
5640	5617
5625	5661
5711	5757
5797	5835
5886	5961
6058	6164
6265	6360
6447	6532
6614	6681
6730	6763
6786	6800
6800	6780
6739	6668
6575	6470
6359	6245
6130	6009
5894	5796
5711	5641
5578	5522
5469	5422
5387	5372
5378	5418
5486	5580
5684	5791
5892	5980
6059	6128
6185	6232
6273	6313
6354	6402
6438	6465
6497	6562
6678	6844
7047	7269
7496	7705
7879	8013
8122	8218
8310	8388
8444	8476
8490	8499
8500	8486
8451	8398
8338	8274
8210	8155
8114	8094
8111	8179
8329	8591
8991	9510
10088	10650
11160	11617
12052	12483
12909	13324
13711	14074
14416	14740
15041	15307
15521	15678
15780	15847
15890	15921
15950	15974
15994	16011
16025	16033
16034	16027
16013	15995
15971	15945
15911	15866
15801	15723
15629	15513
15352	15136
14865	14563
14239	13912
13583	13263
12940	12617
12297	12010
11783	11642
11579	11576
11607	11661
11744	11861
12007	12175
12355	12532
12698	12842
12970	13088
13187	13249
13258	13199
13082	12915
12710	12492
12285	12109
11972	11867
11786	11708
11614	11491
11338	11170
10999	10828
10653	10477
10301	10128
9965	9837
9748	9697
9678	9698
9787	9751
10060	9024
9024	7547
7277	6882
6682	6597
6570	6561
6570	6596
6638	6690
6744	6788
6804	6792
6748	6697
6657	6635
6608	6546
6430	6275
6121	5994
5908	5850
5812	5773
5731	5682
5645	5628
5645	5684
5736	5787
5835	5879
5930	5997
6083	6181
6284	6386
6481	6567
6641	6696
6736	6764
6786	6798
6797	6772
6724	6648
6556	6449
6337	6224
6108	5994
5887	5793
5710	5642
5579	5520
5465	5422
5396	5394
5419	5469
5536	5618
5714	5815
5919	6013
6098	6167
6227	6272
6305	6343
6383	6427
6462	6487
6518	6583
6698	6863
7059	7271
7478	7664
7816	7929
8015	8095
8167	8233
8282	8316
8339	8357
8364	8356
8334	8296
8243	8184
8122	8068
8036	8042
8108	8249
8484	8825
9276	9808
10371	10907
11388	11827
12250	12679
13103	13514
13897	14249
14574	14882
15161	15400
15589	15726
15814	15871
15912	15944
15968	15992
16010	16023
16027	16024
16013	15995
15974	15948
15919	15887
15842	15781
15699	15600
15483	15343
15159	14921
14633	14310
13975	13636
13308	12987
12676	12372
12089	11848
11675	11576
11551	11579
11644	11735
11858	12006
12169	12336
12508	12683
12847	12994
13119	13219
13290	13326
13315	13251
13128	12962
12767	12567
12382	12235
12119	12026
11942	11853
11746	11617
11461	11288
11106	10915
10718	10523
10333	10159
10005	9885
9799	9742
9715	9729
9814	9773
10079	9030
9030	7546
7276	6881
6681	6597
6569	6561
6570	6596
6639	6690
6743	6783
6798	6780
6731	6677
6635	6610
6579	6516
6400	6251
6107	5995
5924	5877
5837	5792
5740	5692
5656	5646
5667	5710
5764	5820
5874	5925
5979	6038
6113	6204
6308	6417
6517	6603
6667	6712
6743	6767
6786	6798
6791	6761
6704	6627
6533	6429
6316	6198
6083	5977
5879	5788
5710	5641
5578	5518
5465	5422
5406	5421
5464	5521
5591	5664
5748	5845
5950	6051
6139	6209
6266	6310
6342	6371
6410	6449
6480	6505
6539	6605
6720	6882
7071	7270
7461	7621
7746	7834
7898	7956
8009	8059
8100	8141
8174	8201
8214	8218
8208	8184
8140	8086
8029	7984
7967	8010
8136	8359
8676	9086
9573	10114
10658	11167
11626	12048
12463	12889
13314	13720
14094	14430
14741	15024
15278	15491
15655	15769
15845	15894
15931	15964
15991	16011
16028	16033
16031	16015
15991	15960
15928	15894
15856	15814
15757	15678
15575	15452
15315	15152
14951	14693
14383	14045
13692	13347
13014	12697
12397	12118
11871	11683
11563	11519
11538	11609
11706	11831
11984	12159
12338	12511
12676	12844
13008	13154
13276	13357
13399	13408
13380	13307
13182	13016
12830	12650
12493	12371
12274	12192
12103	12005
11884	11749
11587	11410
11212	10999
10778	10559
10350	10164
10014	9899
9814	9753
9720	9733
9824	9788
10101	9035
9035	7544
7277	6880
6680	6594
6565	6561
6573	6599
6640	6691
6740	6779
6790	6768
6717	6659
6612	6583
6553	6484
6373	6230
6096	5997
5937	5897
5858	5813
5761	5711
5678	5673
5695	5739
5791	5849
5908	5963
6020	6079
6148	6232
6333	6444
6548	6630
6688	6721
6745	6765
6782	6792
6784	6747
6687	6607
6516	6411
6293	6173
6058	5954
5863	5780
5707	5640
5577	5519
5467	5430
5423	5452
5508	5577
5644	5713
5789	5882
5987	6090
6176	6245
6299	6337
6368	6393
6428	6461
6494	6516
6552	6617
6731	6892
7078	7265
7436	7576
7673	7737
7778	7814
7847	7880
7916	7959
8002	8039
8067	8081
8086	8068
8034	7987
7939	7909
7924	8011
8201	8500
8893	9356
9869	10406
10936	11424
11869	12284
12695	13114
13534	13932
14291	14610
14896	15155
15380	15564
15705	15802
15866	15913
15952	15983
16009	16028
16037	16038
16027	16003
15969	15926
15880	15831
15778	15718
15644	15546
15422	15274
15111	14928
14705	14427
14102	13746
13386	13034
12703	12397
12115	11867
11665	11531
11471	11487
11560	11670
11797	11947
12119	12309
12499	12678
12843	13004
13162	13309
13422	13488
13508	13494
13448	13364
13236	13074
12901	12740
12610	12508
12427	12344
12248	12135
12006	11860
11696	11507
11296	11063
10815	10571
10340	10143
9988	9874
9790	9725
9692	9714
9821	9797
10125	9042
9042	7545
7277	6879
6679	6593
6565	6563
6579	6606
6644	6693
6739	6773
6781	6758
6707	6646
6596	6562
6524	6453
6346	6213
6090	6000
5947	5912
5879	5837
5788	5744
5711	5705
5724	5765
5817	5874
5933	5995
6059	6120
6187	6265
6360	6468
6569	6648
6696	6721
6738	6756
6776	6783
6772	6733
6670	6591
6502	6396
6273	6145
6026	5925
5842	5769
5704	5641
5580	5525
5479	5448
5450	5487
5550	5626
5700	5767
5840	5931
6035	6132
6214	6276
6324	6355
6380	6404
6430	6463
6490	6514
6548	6616
6730	6886
7066	7246
7403	7522
7598	7638
7657	7672
7686	7704
7734	7778
7832	7883
7924	7954
7965	7957
7927	7888
7855	7850
7903	8050
8308	8675
9122	9621
10149	10683
11201	11685
12124	12538
12945	13355
13759	14140
14483	14777
15034	15257
15451	15605
15724	15811
15871	15922
15966	15999
16022	16035
16035	16029
16011	15983
15940	15885
15822	15748
15672	15587
15490	15371
15225	15054
14865	14653
14408	14115
13778	13418
13053	12709
12388	12103
11851	11644
11493	11420
11425	11501
11624	11770
11924	12086
12263	12459
12654	12836
12998	13154
13310	13446
13546	13599
13603	13573
13512	13421
13291	13137
12977	12839
12726	12635
12555	12469
12361	12235
12092	11937
11763	11564
11336	11084
10816	10549
10300	10090
9929	9814
9732	9672
9651	9690
9820	9810
10151	9055
9055	7548
7279	6883
6676	6589
6561	6565
6582	6613
6650	6696
6738	6769
6776	6752
6701	6642
6589	6542
6498	6426
6324	6204
6092	6007
5952	5917
5891	5859
5822	5782
5751	5741
5757	5793
5843	5898
5960	6027
6098	6167
6233	6307
6393	6490
6584	6655
6699	6719
6734	6750
6763	6768
6755	6715
6653	6578
6490	6383
6255	6118
5995	5895
5819	5756
5698	5642
5587	5537
5498	5477
5485	5527
5596	5674
5751	5822
5899	5992
6091	6181
6255	6307
6344	6368
6388	6403
6426	6452
6478	6500
6538	6603
6712	6863
7039	7210
7355	7457
7515	7533
7533	7529
7526	7528
7548	7593
7656	7724
7784	7830
7849	7843
7814	7784
7773	7807
7914	8124
8451	8874
9364	9885
10420	10952
11465	11946
12390	12802
13198	13589
13973	14334
14649	14916
15139	15326
15484	15614
15719	15798
15863	15921
15967	16003
16020	16023
16014	15996
15975	15941
15893	15827
15740	15638
15527	15412
15288	15145
14976	14780
14566	14332
14069	13765
13427	13067
12713	12383
12087	11832
11624	11470
11384	11374
11442	11569
11730	11904
12075	12246
12423	12614
12806	12985
13147	13300
13439	13560
13646	13689
13688	13649
13579	13477
13346	13201
13058	12936
12837	12750
12660	12557
12429	12286
12130	11960
11775	11557
11317	11050
10769	10488
10231	10016
9857	9744
9668	9620
9614	9674
9820	9824
10173	9071
9071	7556
7286	6884
6677	6586
6560	6568
6591	6625
6660	6703
6740	6766
6770	6748
6700	6642
6584	6530
6474	6401
6307	6200
6097	6013
5955	5917
5897	5880
5853	5819
5788	5774
5785	5820
5870	5927
5986	6057
6134	6211
6282	6353
6429	6515
6598	6665
6705	6723
6733	6743
6754	6753
6735	6694
6635	6562
6474	6364
6229	6087
5963	5864
5798	5744
5697	5647
5601	5557
5524	5510
5525	5569
5639	5719
5798	5877
5965	6060
6156	6239
6301	6341
6368	6383
6397	6405
6420	6438
6462	6485
6523	6583
6687	6829
6995	7158
7293	7384
7426	7430
7412	7391
7372	7363
7371	7410
7479	7563
7642	7699
7723	7714
7689	7673
7695	7781
7953	8235
8623	9096
9612	10145
10683	11217
11732	12213
12652	13058
13435	13800
14159	14492
14781	15018
15208	15363
15491	15600
15691	15769
15839	15903
15954	15986
15996	15984
15961	15936
15905	15867
15811	15730
15616	15483
15337	15189
15038	14871
14678	14460
14225	13975
13705	13400
13067	12718
12383	12076
11816	11605
11449	11358
11337	11393
11513	11676
11863	12056
12239	12412
12588	12769
12950	13124
13285	13432
13557	13658
13732	13764
13757	13715
13637	13528
13399	13263
13137	13030
12935	12843
12734	12603
12452	12288
12113	11927
11715	11480
11223	10949
10670	10396
10145	9939
9785	9683
9616	9581
9593	9670
9827	9835
10183	9085
9085	7567
7291	6888
6676	6582
6560	6571
6600	6638
6676	6715
6748	6770
6772	6750
6702	6644
6583	6521
6457	6383
6296	6200
6104	6016
5954	5916
5900	5894
5881	5853
5821	5804
5814	5848
5899	5953
6017	6089
6171	6253
6330	6396
6463	6540
6620	6685
6724	6742
6746	6746
6747	6737
6714	6673
6615	6542
6450	6335
6198	6058
5936	5848
5787	5744
5702	5660
5618	5581
5556	5547
5564	5612
5680	5757
5840	5928
6024	6124
6220	6297
6348	6379
6398	6406
6413	6415
6422	6434
6453	6476
6511	6568
6659	6788
6940	7089
7212	7292
7324	7317
7291	7260
7230	7208
7207	7241
7311	7403
7490	7549
7573	7564
7547	7559
7626	7779
8027	8382
8829	9337
9871	10411
10950	11484
11994	12472
12905	13296
13652	13991
14319	14620
14880	15086
15247	15374
15483	15577
15661	15738
15810	15872
15919	15941
15940	15913
15879	15840
15799	15749
15679	15579
15445	15282
15105	14929
14752	14564
14350	14114
13867	13611
13339	13043
12721	12389
12079	11806
11587	11428
11330	11303
11348	11456
11618	11809
12011	12209
12398	12577
12748	12915
13086	13252
13411	13552
13666	13750
13804	13829
13818	13773
13687	13574
13444	13314
13200	13104
13008	12901
12769	12609
12428	12239
12039	11826
11588	11331
11061	10793
10532	10283
10055	9869
9733	9641
9586	9566
9591	9672
9829	9837
10178	9094
9094	7577
7298	6890
6676	6584
6563	6580
6612	6652
6695	6733
6765	6785
6782	6757
6708	6649
6584	6517
6448	6373
6291	6202
6110	6022
5954	5915
5903	5906
5904	5886
5857	5840
5846	5879
5924	5980
6038	6113
6199	6289
6369	6435
6498	6572
6649	6718
6761	6776
6772	6760
6742	6721
6693	6653
6593	6519
6417	6295
6158	6027
5916	5841
5788	5751
5717	5679
5639	5605
5584	5581
5602	5647
5712	5792
5879	5973
6074	6177
6273	6344
6390	6415
6426	6432
6432	6432
6434	6445
6459	6481
6511	6560
6636	6743
6873	7007
7117	7187
7212	7199
7167	7129
7094	7067
7063	7092
7158	7248
7333	7389
7407	7406
7411	7460
7588	7815
8146	8566
9062	9594
10138	10683
11219	11748
12252	12721
13141	13520
13858	14172
14466	14731
14953	15125
15262	15374
15472	15558
15636	15706
15772	15823
15860	15867
15850	15810
15763	15714
15658	15587
15496	15372
15215	15033
14838	14641
14446	14242
14015	13770
13512	13255
12987	12701
12395	12089
11809	11580
11410	11306
11269	11302
11403	11554
11745	11952
12161	12364
12555	12737
12903	13060
13216	13376
13529	13665
13768	13838
13878	13888
13873	13821
13732	13613
13482	13356
13245	13145
13044	12918
12757	12564
12353	12132
11904	11658
11394	11119
10846	10598
10371	10160
9970	9808
9692	9617
9578	9571
9602	9681
9829	9828
10163	9093
9093	7581
7303	6892
6679	6587
6568	6589
6627	6670
6716	6756
6785	6802
6796	6764
6713	6652
6583	6514
6444	6369
6288	6202
6110	6024
5951	5911
5905	5915
5922	5913
5892	5877
5881	5907
5946	5994
6052	6127
6219	6315
6398	6465
6529	6602
6686	6762
6811	6824
6810	6779
6743	6709
6674	6630
6571	6488
6380	6250
6117	5996
5905	5841
5803	5771
5739	5701
5665	5631
5615	5616
5641	5688
5756	5835
5925	6021
6123	6224
6316	6383
6427	6448
6457	6459
6457	6458
6463	6472
6487	6504
6528	6563
6622	6702
6806	6917
7012	7073
7092	7073
7036	6994
6956	6932
6929	6959
7024	7106
7176	7223
7239	7249
7285	7391
7591	7902
8309	8792
9318	9867
10418	10962
11494	12011
12501	12956
13367	13732
14056	14353
14613	14833
15009	15149
15266	15367
15458	15543
15615	15680
15731	15765
15778	15765
15730	15678
15621	15557
15479	15387
15268	15123
14949	14753
14546	14339
14133	13917
13683	13429
13170	12913
12652	12380
12093	11821
11586	11403
11291	11243
11269	11354
11498	11683
11892	12104
12315	12519
12713	12891
13052	13199
13348	13496
13645	13773
13871	13928
13954	13952
13925	13864
13767	13644
13510	13380
13261	13152
13030	12878
12687	12460
12215	11961
11702	11429
11144	10861
10606	10388
10205	10039
9886	9756
9662	9603
9584	9588
9620	9688
9821	9811
10140	9083
9083	7582
7305	6895
6684	6592
6577	6596
6638	6686
6734	6774
6803	6813
6803	6767
6714	6652
6584	6516
6444	6366
6288	6202
6112	6026
5954	5913
5907	5919
5934	5934
5923	5914
5918	5937
5969	6010
6065	6143
6239	6338
6425	6494
6558	6636
6723	6807
6860	6872
6847	6800
6747	6699
6657	6613
6553	6463
6344	6208
6079	5972
5898	5852
5823	5798
5770	5734
5700	5670
5659	5667
5703	5755
5828	5909
5999	6094
6195	6294
6383	6450
6492	6512
6517	6518
6518	6520
6528	6539
6552	6564
6576	6592
6623	6677
6752	6837
6914	6964
6974	6951
6909	6864
6827	6806
6805	6841
6900	6976
7037	7075
7089	7119
7197	7370
7654	8049
8526	9051
9599	10152
10704	11245
11771	12275
12748	13184
13578	13934
14249	14521
14750	14925
15057	15163
15261	15352
15441	15523
15594	15647
15685	15696
15681	15644
15588	15525
15453	15377
15281	15164
15019	14851
14658	14453
14238	14025
13813	13592
13352	13097
12833	12578
12328	12072
11820	11588
11402	11282
11229	11245
11325	11459
11635	11839
12054	12268
12475	12679
12874	13050
13206	13347
13481	13618
13757	13876
13962	14010
14023	14011
13973	13901
13800	13673
13533	13391
13255	13119
12968	12782
12559	12295
12018	11732
11443	11151
10862	10594
10369	10194
10055	9927
9805	9701
9626	9591
9589	9603
9633	9690
9805	9788
10111	9066
9066	7576
7304	6899
6690	6601
6585	6606
6648	6698
6745	6786
6810	6815
6797	6757
6703	6645
6583	6515
6442	6364
6284	6199
6112	6028
5959	5916
5905	5915
5932	5937
5936	5934
5943	5962
5993	6034
6091	6169
6267	6368
6454	6522
6588	6665
6755	6840
6898	6905
6872	6813
6747	6689
6641	6598
6537	6444
6317	6178
6050	5957
5900	5870
5856	5838
5816	5787
5757	5737
5738	5764
5818	5894
5978	6065
6155	6250
6352	6455
6548	6620
6665	6683
6686	6680
6676	6677
6684	6693
6700	6700
6690	6677
6673	6691
6733	6793
6853	6887
6886	6855
6802	6752
6711	6687
6692	6727
6786	6857
6918	6952
6980	7032
7161	7406
7775	8246
8779	9332
9887	10440
10990	11532
12050	12538
12991	13405
13780	14116
14417	14670
14867	15005
15101	15176
15250	15332
15417	15497
15563	15610
15626	15611
15569	15507
15432	15352
15269	15173
15059	14920
14755	14568
14363	14148
13928	13712
13492	13265
13019	12759
12501	12254
12014	11785
11573	11398
11279	11223
11236	11309
11436	11607
11804	12016
12227	12437
12639	12844
13036	13213
13368	13500
13621	13749
13872	13976
14050	14087
14089	14063
14013	13932
13824	13690
13541	13385
13220	13048
12855	12632
12369	12077
11767	11455
11148	10849
10575	10340
10159	10028
9923	9825
9727	9640
9585	9570
9583	9607
9637	9686
9791	9767
10086	9047
9047	7573
7303	6906
6701	6615
6597	6614
6653	6700
6747	6783
6803	6799
6773	6731
6680	6629
6574	6513
6441	6360
6278	6195
6111	6035
5966	5919
5899	5903
5915	5924
5933	5943
5960	5988
6024	6071
6129	6209
6302	6397
6479	6546
6611	6686
6773	6855
6907	6914
6875	6808
6736	6673
6625	6582
6527	6434
6308	6169
6045	5962
5921	5909
5914	5917
5910	5893
5878	5874
5900	5960
6055	6162
6269	6366
6461	6564
6676	6794
6904	6989
7040	7058
7050	7032
7012	7001
6998	6997
6993	6971
6930	6874
6828	6807
6819	6851
6886	6897
6875	6823
6757	6691
6636	6602
6599	6625
6682	6751
6811	6853
6900	6994
7187	7510
7956	8488
9055	9623
10179	10727
11277	11813
12324	12798
13229	13615
13962	14271
14546	14774
14949	15064
15137	15186
15240	15305
15380	15455
15514	15549
15549	15511
15439	15353
15259	15160
15057	14942
14810	14654
14474	14276
14064	13843
13617	13393
13170	12932
12681	12421
12170	11933
11719	11526
11368	11259
11211	11224
11297	11424
11593	11789
11997	12205
12406	12606
12806	13010
13206	13389
13541	13666
13777	13885
13988	14071
14129	14152
14141	14103
14042	13952
13837	13699
13539	13356
13157	12938
12700	12434
12138	11815
11480	11150
10838	10557
10313	10126
9989	9894
9815	9734
9653	9580
9540	9539
9562	9594
9625	9671
9774	9748
10069	9034
9034	7565
7300	6906
6709	6626
6610	6620
6650	6692
6736	6770
6780	6767
6729	6685
6640	6601
6558	6506
6434	6353
6267	6187
6110	6039
5973	5923
5897	5888
5893	5903
5921	5944
5975	6012
6058	6112
6176	6253
6344	6431
6508	6570
6633	6702
6778	6850
6894	6894
6856	6789
6716	6652
6604	6567
6517	6433
6316	6183
6071	6004
5988	6006
6041	6076
6097	6110
6121	6144
6203	6309
6456	6612
6754	6873
6982	7097
7229	7367
7497	7595
7654	7664
7639	7594
7551	7515
7495	7484
7468	7425
7348	7250
7159	7103
7084	7090
7092	7073
7019	6938
6838	6738
6656	6598
6570	6579
6616	6668
6721	6773
6848	6998
7267	7669
8184	8758
9346	9915
10466	11011
11557	12089
12592	13046
13453	13808
14120	14393
14634	14836
14993	15097
15156	15190
15222	15273
15336	15400
15448	15467
15443	15382
15288	15178
15062	14941
14812	14675
14526	14360
14178	13974
13759	13531
13301	13073
12840	12600
12348	12091
11851	11641
11456	11310
11215	11178
11199	11279
11407	11579
11777	11992
12201	12399
12588	12779
12976	13182
13386	13570
13725	13845
13944	14031
14109	14170
14205	14214
14189	14138
14059	13958
13833	13686
13509	13298
13056	12786
12501	12196
11869	11525
11178	10843
10544	10292
10094	9953
9857	9786
9719	9651
9582	9524
9496	9499
9525	9559
9595	9645
9752	9733
10056	9023
9023	7558
7295	6907
6715	6638
6618	6625
6645	6680
6715	6744
6747	6724
6681	6635
6597	6566
6535	6488
6420	6336
6250	6173
6105	6042
5985	5935
5900	5882
5879	5894
5917	5951
5991	6037
6090	6149
6215	6294
6379	6461
6530	6589
6647	6707
6774	6831
6865	6858
6819	6757
6688	6626
6580	6543
6504	6438
6344	6237
6154	6121
6144	6206
6284	6359
6425	6472
6514	6568
6662	6812
7007	7216
7399	7546
7675	7810
7958	8114
8250	8353
8403	8397
8347	8274
8202	8144
8105	8088
8068	8019
7926	7804
7688	7610
7573	7558
7538	7489
7400	7282
7140	6995
6862	6759
6690	6653
6640	6649
6672	6720
6832	7048
7395	7876
8443	9045
9639	10206
10753	11294
11833	12360
12845	13280
13653	13972
14246	14482
14687	14865
15007	15105
15158	15183
15203	15240
15289	15336
15362	15352
15305	15223
15116	14987
14847	14698
14542	14379
14211	14039
13852	13649
13432	13206
12973	12741
12510	12269
12022	11783
11567	11385
11246	11155
11123	11152
11242	11377
11552	11758
11980	12204
12410	12601
12779	12960
13157	13364
13570	13756
13909	14027
14110	14176
14230	14265
14283	14273
14234	14164
14063	13939
13799	13636
13441	13197
12909	12588
12258	11921
11578	11225
10881	10558
10284	10070
9919	9820
9752	9692
9630	9569
9514	9472
9449	9454
9480	9513
9552	9612
9730	9717
10044	9012
9012	7547
7286	6903
6715	6642
6623	6627
6640	6664
6693	6712
6708	6682
6641	6597
6564	6535
6505	6460
6393	6311
6229	6155
6094	6041
5992	5949
5914	5894
5890	5905
5930	5968
6013	6063
6118	6178
6247	6324
6405	6482
6548	6605
6658	6711
6764	6807
6828	6817
6780	6720
6654	6595
6548	6520
6491	6454
6397	6342
6312	6338
6414	6527
6645	6760
6858	6934
6997	7068
7182	7360
7590	7837
8058	8234
8389	8540
8699	8851
8971	9047
9071	9044
8973	8882
8791	8720
8675	8661
8654	8622
8546	8432
8328	8256
8227	8214
8193	8137
8041	7902
7730	7538
7354	7191
7055	6940
6842	6767
6729	6756
6887	7155
7568	8107
8713	9335
9932	10496
11034	11569
12098	12611
13078	13488
13829	14111
14341	14541
14717	14870
14997	15088
15136	15158
15174	15201
15234	15256
15249	15207
15134	15037
14920	14780
14622	14442
14253	14063
13879	13695
13509	13309
13094	12863
12630	12401
12172	11943
11716	11501
11322	11184
11095	11064
11092	11185
11329	11510
11719	11948
12187	12416
12626	12808
12981	13159
13348	13552
13754	13936
14082	14190
14263	14313
14340	14357
14354	14332
14270	14171
14040	13888
13724	13540
13316	13037
12703	12339
11969	11613
11267	10927
10599	10303
10062	9885
9775	9711
9659	9602
9542	9486
9443	9417
9403	9408
9429	9464
9507	9576
9701	9694
10024	8993
8993	7533
7272	6894
6712	6641
6625	6628
6637	6653
6669	6679
6675	6653
6617	6581
6542	6509
6471	6421
6355	6281
6203	6135
6081	6036
5997	5967
5940	5926
5924	5937
5963	6000
6042	6090
6141	6202
6271	6347
6423	6496
6559	6614
6665	6712
6753	6784
6796	6784
6743	6689
6627	6572
6531	6509
6502	6503
6501	6510
6550	6638
6764	6907
7046	7166
7263	7338
7396	7464
7580	7766
8016	8284
8530	8735
8914	9077
9227	9350
9431	9467
9461	9418
9344	9257
9168	9096
9054	9051
9069	9073
9035	8966
8898	8863
8866	8885
8898	8882
8820	8707
8549	8353
8142	7930
7724	7512
7302	7116
6986	6961
7084	7374
7816	8380
9001	9627
10223	10780
11315	11839
12355	12845
13291	13671
13979	14223
14419	14581
14724	14851
14958	15042
15088	15111
15122	15136
15148	15140
15096	15022
14927	14819
14701	14554
14377	14176
13960	13747
13542	13346
13153	12951
12734	12504
12273	12049
11831	11623
11427	11255
11119	11035
11002	11026
11118	11266
11456	11672
11904	12148
12398	12633
12843	13029
13203	13375
13559	13751
13937	14105
14238	14333
14392	14423
14433	14430
14412	14366
14279	14146
13974	13786
13589	13378
13122	12807
12435	12031
11637	11274
10940	10629
10335	10076
9873	9734
9654	9607
9566	9512
9452	9402
9372	9357
9356	9364
9387	9420
9469	9540
9671	9668
9998	8969
8969	7513
7255	6879
6701	6632
6622	6625
6633	6640
6646	6648
6645	6631
6609	6577
6537	6488
6434	6374
6309	6242
6175	6114
6062	6024
5999	5983
5974	5970
5975	5984
6005	6035
6072	6116
6166	6223
6290	6362
6435	6504
6565	6618
6665	6708
6744	6766
6772	6755
6720	6670
6620	6575
6549	6548
6576	6619
6673	6733
6817	6932
7071	7206
7321	7405
7464	7496
7523	7578
7697	7896
8158	8438
8700	8923
9113	9276
9409	9495
9532	9536
9518	9483
9432	9368
9293	9231
9194	9204
9244	9280
9289	9273
9258	9269
9314	9378
9443	9488
9502	9470
9384	9249
9072	8862
8620	8339
8033	7743
7519	7423
7497	7752
8168	8705
9309	9924
10511	11061
11592	12105
12602	13069
13487	13835
14110	14318
14479	14609
14722	14820
14908	14970
15008	15025
15030	15029
15012	14973
14896	14797
14684	14571
14446	14295
14107	13890
13657	13425
13206	12997
12791	12583
12361	12133
11907	11693
11500	11326
11173	11051
10973	10945
10971	11053
11195	11389
11613	11850
12098	12356
12610	12851
13070	13262
13438	13606
13778	13957
14122	14266
14379	14458
14499	14509
14497	14469
14424	14348
14231	14057
13846	13617
13386	13140
12853	12507
12104	11676
11270	10913
10606	10333
10085	9872
9705	9596
9536	9505
9468	9415
9357	9312
9294	9294
9304	9323
9350	9387
9437	9511
9643	9640
9970	8949
8949	7493
7235	6858
6680	6620
6614	6621
6627	6627
6624	6621
6620	6618
6608	6582
6536	6474
6400	6329
6265	6206
6148	6094
6044	6013
6002	6003
6011	6020
6026	6035
6048	6070
6102	6140
6188	6242
6306	6374
6444	6508
6567	6617
6662	6702
6732	6752
6756	6742
6717	6689
6663	6653
6665	6706
6773	6850
6922	6984
7048	7126
7212	7291
7343	7365
7355	7331
7321	7374
7516	7749
8034	8326
8590	8818
9006	9159
9263	9319
9330	9327
9324	9328
9318	9286
9235	9183
9153	9169
9223	9285
9333	9364
9395	9441
9509	9596
9694	9792
9882	9948
9975	9951
9873	9735
9529	9249
8917	8579
8297	8130
8126	8296
8633	9097
9646	10224
10794	11338
11862	12360
12836	13274
13661	13979
14224	14400
14531	14630
14709	14778
14834	14874
14895	14899
14888	14867
14825	14754
14655	14537
14410	14283
14146	13985
13789	13568
13332	13096
12867	12647
12431	12210
11988	11765
11548	11353
11190	11062
10965	10905
10887	10918
10999	11133
11318	11545
11790	12044
12302	12563
12821	13068
13295	13496
13675	13841
14003	14156
14296	14416
14508	14566
14584	14568
14527	14464
14379	14265
14107	13895
13647	13384
13120	12841
12525	12150
11726	11288
10884	10549
10277	10047
9851	9683
9554	9471
9428	9402
9367	9316
9260	9224
9217	9230
9255	9289
9325	9364
9414	9488
9616	9615
9942	8935
8935	7478
7219	6838
6659	6601
6599	6611
6619	6615
6604	6599
6601	6606
6604	6579
6530	6455
6371	6294
6230	6178
6126	6072
6028	6005
6005	6021
6045	6061
6070	6074
6083	6098
6125	6162
6208	6259
6318	6385
6450	6513
6568	6616
6659	6699
6727	6747
6755	6758
6768	6788
6828	6887
6966	7065
7164	7245
7278	7267
7229	7200
7186	7177
7151	7099
7024	6952
6927	6996
7184	7456
7765	8060
8318	8533
8709	8841
8925	8960
8970	8985
9019	9067
9104	9106
9078	9041
9027	9049
9113	9191
9268	9329
9387	9445
9509	9578
9669	9779
9909	10043
10167	10259
10304	10283
10181	9985
9714	9413
9133	8931
8856	8929
9155	9521
9989	10514
11052	11584
12094	12582
13037	13451
13808	14098
14312	14465
14569	14639
14688	14722
14745	14757
14753	14733
14701	14658
14598	14511
14394	14260
14114	13964
13807	13631
13429	13210
12978	12745
12516	12290
12064	11845
11624	11409
11211	11045
10926	10854
10821	10825
10867	10953
11084	11259
11476	11726
11984	12243
12503	12765
13028	13279
13512	13722
13907	14070
14214	14343
14457	14551
14619	14649
14644	14599
14519	14412
14278	14116
13914	13667
13389	13097
12805	12496
12153	11760
11331	10897
10516	10207
9975	9794
9645	9519
9421	9360
9324	9301
9268	9218
9171	9145
9149	9176
9215	9261
9312	9360
9409	9476
9600	9595
9919	8928
8928	7475
7210	6826
6644	6579
6578	6590
6601	6599
6593	6587
6590	6596
6594	6568
6514	6436
6349	6269
6207	6158
6109	6059
6017	6000
6009	6037
6068	6086
6095	6096
6101	6115
6143	6179
6223	6273
6329	6393
6458	6518
6571	6618
6664	6703
6734	6760
6791	6840
6926	7053
7220	7405
7589	7752
7866	7903
7838	7682
7488	7311
7179	7071
6961	6827
6688	6577
6548	6645
6866	7163
7468	7745
7979	8175
8334	8453
8523	8558
8578	8618
8687	8774
8848	8883
8879	8864
8871	8910
8987	9079
9168	9245
9313	9361
9400	9436
9491	9578
9699	9852
10017	10186
10323	10409
10418	10344
10190	9993
9787	9614
9514	9517
9651	9919
10296	10751
11247	11752
12250	12727
13171	13570
13907	14173
14369	14503
14586	14633
14651	14652
14639	14616
14581	14539
14491	14433
14361	14259
14131	13978
13811	13636
13452	13256
13048	12830
12606	12379
12152	11923
11699	11482
11274	11081
10916	10792
10726	10717
10751	10818
10910	11039
11208	11413
11655	11916
12183	12442
12702	12963
13227	13480
13722	13938
14126	14282
14404	14509
14595	14664
14703	14710
14675	14597
14478	14320
14134	13918
13672	13393
13090	12778
12459	12128
11765	11366
10943	10536
10184	9915
9722	9583
9476	9384
9317	9266
9234	9208
9176	9135
9099	9086
9102	9140
9195	9260
9325	9378
9422	9478
9588	9581
9898	8930
8930	7484
7214	6822
6631	6560
6551	6560
6573	6581
6585	6587
6587	6585
6573	6542
6486	6415
6336	6262
6204	6154
6104	6053
6013	6002
6019	6052
6082	6095
6098	6099
6107	6123
6154	6191
6234	6283
6339	6404
6469	6531
6584	6636
6683	6730
6774	6826
6907	7050
7276	7588
7955	8324
8640	8869
8979	8942
8743	8425
8068	7750
7505	7292
7071	6825
6590	6415
6361	6446
6656	6917
7178	7410
7614	7800
7956	8073
8147	8190
8226	8286
8378	8487
8581	8638
8665	8683
8715	8775
8862	8963
9062	9145
9206	9241
9254	9265
9290	9345
9436	9563
9718	9890
10059	10197
10280	10298
10269	10196
10103	10011
9945	9937
10023	10218
10520	10899
11331	11793
12270	12739
13183	13583
13923	14187
14376	14502
14572	14599
14593	14562
14514	14456
14395	14333
14270	14202
14118	14006
13862	13696
13511	13312
13107	12896
12678	12459
12234	12010
11784	11556
11335	11130
10946	10789
10673	10607
10606	10662
10758	10875
11008	11168
11362	11591
11846	12112
12380	12641
12901	13165
13427	13686
13926	14147
14333	14476
14581	14656
14711	14748
14757	14731
14664	14551
14393	14191
13952	13688
13396	13090
12768	12436
12100	11750
11376	10983
10585	10214
9908	9680
9525	9423
9345	9284
9233	9192
9160	9131
9100	9070
9052	9059
9089	9144
9214	9295
9372	9423
9456	9492
9586	9574
9887	8939
8939	7500
7225	6823
6625	6544
6525	6527
6543	6563
6581	6590
6589	6574
6548	6511
6459	6398
6329	6265
6209	6159
6105	6054
6017	6008
6029	6061
6085	6094
6094	6094
6106	6127
6161	6201
6246	6297
6356	6420
6491	6558
6619	6676
6737	6802
6877	6985
7164	7460
7895	8452
9059	9627
10078	10369
10472	10369
10073	9632
9160	8744
8404	8081
7711	7296
6898	6587
6426	6420
6527	6689
6862	7038
7219	7410
7585	7728
7822	7884
7938	8012
8109	8222
8323	8401
8453	8500
8555	8630
8728	8835
8936	9018
9071	9095
9102	9108
9130	9177
9242	9328
9440	9573
9713	9837
9932	9996
10036	10064
10081	10084
10090	10122
10212	10381
10621	10923
11276	11673
12106	12557
13002	13423
13791	14087
14304	14440
14510	14529
14504	14446
14370	14287
14205	14126
14051	13972
13872	13744
13589	13406
13209	12998
12778	12555
12332	12104
11877	11648
11419	11193
10978	10793
10643	10536
10483	10493
10563	10685
10833	10987
11147	11328
11540	11783
12045	12316
12583	12843
13103	13363
13627	13884
14127	14345
14522	14652
14733	14778
14800	14802
14773	14709
14600	14455
14259	14019
13738	13432
13106	12770
12428	12083
11732	11369
10996	10618
10257	9936
9681	9497
9379	9302
9250	9207
9169	9135
9103	9074
9048	9036
9043	9078
9129	9197
9281	9376
9454	9497
9504	9515
9589	9571
9878	8950
8950	7513
7233	6822
6615	6529
6501	6500
6517	6547
6578	6597
6591	6565
6527	6480
6434	6381
6326	6271
6220	6168
6114	6060
6026	6017
6036	6063
6083	6090
6091	6093
6110	6139
6175	6217
6265	6315
6374	6445
6521	6597
6664	6733
6815	6925
7069	7286
7618	8117
8785	9571
10371	11081
11617	11951
12067	11966
11658	11205
10713	10269
9870	9440
8914	8296
7673	7147
6782	6582
6505	6504
6552	6655
6815	7020
7231	7410
7535	7623
7699	7786
7889	8000
8104	8189
8258	8317
8384	8467
8567	8674
8773	8850
8898	8919
8932	8961
9007	9066
9123	9184
9252	9331
9414	9489
9550	9605
9670	9745
9828	9908
9987	10081
10207	10378
10583	10818
11086	11398
11760	12166
12599	13042
13462	13827
14105	14291
14386	14408
14376	14305
14211	14112
14012	13920
13829	13728
13607	13460
13288	13095
12889	12671
12448	12222
11994	11761
11528	11297
11068	10848
10650	10488
10379	10337
10360	10451
10596	10776
10961	11138
11314	11510
11739	11992
12264	12534
12799	13056
13311	13572
13835	14090
14327	14533
14693	14800
14854	14871
14858	14817
14744	14629
14478	14290
14065	13794
13484	13143
12788	12427
12067	11714
11355	10993
10629	10276
9959	9693
9490	9351
9264	9209
9173	9141
9117	9090
9064	9041
9030	9039
9076	9140
9217	9308
9405	9503
9570	9588
9565	9547
9603	9579
9887	8965
8965	7524
7239	6825
6613	6519
6489	6484
6503	6540
6580	6601
6594	6560
6514	6463
6419	6371
6326	6276
6229	6180
6129	6077
6042	6032
6043	6065
6081	6089
6097	6105
6126	6155
6195	6236
6284	6336
6398	6471
6551	6634
6710	6796
6915	7092
7354	7735
8270	8977
9819	10717
11561	12273
12808	13164
13338	13331
13137	12800
12396	12001
11597	11113
10472	9689
8856	8099
7492	7049
6733	6522
6409	6406
6510	6701
6920	7121
7272	7389
7489	7594
7702	7816
7920	8012
8085	8149
8214	8294
8386	8488
8582	8651
8692	8714
8739	8793
8868	8952
9020	9074
9117	9153
9182	9206
9225	9256
9305	9377
9470	9580
9705	9847
10017	10202
10392	10584
10783	11013
11288	11619
12011	12456
12926	13374
13746	14012
14161	14213
14193	14130
14039	13935
13825	13714
13600	13472
13320	13149
12958	12753
12538	12318
12097	11874
11646	11412
11176	10947
10732	10532
10360	10237
10182	10205
10306	10476
10688	10913
11122	11316
11505	11717
11958	12228
12504	12772
13030	13281
13532	13792
14048	14297
14518	14704
14839	14913
14936	14915
14862	14781
14657	14491
14288	14063
13808	13516
13182	12820
12444	12066
11694	11334
10978	10627
10281	9964
9691	9478
9324	9225
9163	9124
9099	9082
9070	9061
9051	9044
9053	9092
9163	9258
9364	9473
9574	9661
9707	9694
9635	9591
9632	9603
9912	8977
8977	7527
7239	6823
6610	6514
6482	6478
6498	6536
6580	6604
6595	6558
6505	6453
6409	6368
6326	6283
6235	6191
6143	6098
6063	6047
6048	6062
6079	6098
6113	6131
6155	6181
6218	6260
6307	6361
6420	6491
6574	6658
6750	6858
7025	7295
7710	8288
9021	9868
10747	11562
12255	12814
13261	13626
13913	14094
14129	14016
13798	13517
13176	12708
12050	11211
10280	9381
8603	7963
7435	7007
6691	6513
6484	6574
6731	6892
7034	7160
7283	7409
7535	7654
7760	7852
7929	7992
8055	8126
8210	8300
8381	8441
8473	8490
8522	8593
8697	8803
8890	8946
8976	8985
8980	8971
8964	8969
8986	9025
9092	9190
9326	9495
9684	9878
10065	10236
10401	10578
10782	11031
11354	11761
12245	12748
13210	13570
13800	13907
13933	13900
13833	13739
13627	13501
13359	13199
13015	12817
12604	12383
12156	11936
11720	11503
11277	11047
10817	10602
10410	10250
10128	10060
10067	10156
10328	10560
10820	11073
11302	11504
11709	11935
12195	12479
12761	13028
13277	13518
13762	14014
14264	14498
14700	14854
14950	14988
14970	14911
14819	14692
14521	14302
14055	13787
13507	13196
12849	12474
12083	11694
11315	10959
10615	10283
9965	9686
9454	9288
9177	9112
9072	9048
9032	9028
9036	9051
9071	9096
9135	9204
9305	9429
9556	9674
9770	9836
9850	9803
9718	9654
9689	9652
9960	8997
8997	7530
7242	6825
6611	6516
6483	6478
6498	6537
6581	6604
6595	6555
6500	6447
6405	6363
6324	6282
6237	6197
6157	6117
6083	6062
6051	6059
6079	6106
6133	6158
6182	6210
6245	6286
6333	6383
6438	6501
6582	6673
6784	6928
7152	7523
8082	8822
9679	10538
11286	11851
12253	12565
12880	13252
13680	14106
14446	14633
14658	14548
14313	13928
13346	12577
11696	10824
10036	9335
8690	8096
7579	7177
6917	6791
6764	6792
6854	6948
7074	7211
7348	7478
7592	7687
7770	7839
7906	7973
8049	8128
8198	8247
8268	8275
8304	8382
8497	8620
8719	8779
8799	8791
8772	8752
8736	8723
8709	8707
8733	8808
8935	9102
9290	9476
9651	9815
9976	10138
10308	10501
10754	11099
11539	12041
12536	12959
13267	13457
13554	13585
13569	13506
13404	13267
13104	12914
12702	12473
12236	11997
11766	11542
11332	11122
10902	10680
10463	10272
10121	10016
9964	9971
10047	10196
10421	10692
10978	11246
11482	11698
11917	12163
12441	12736
13023	13288
13529	13762
13998	14240
14476	14689
14859	14971
15022	15012
14949	14850
14719	14550
14334	14072
13782	13485
13181	12860
12504	12122
11722	11327
10951	10604
10281	9976
9693	9447
9256	9127
9053	9011
8989	8978
8975	8992
9025	9079
9141	9206
9282	9382
9508	9650
9784	9896
9975	10008
9986	9909
9807	9740
9774	9723
10026	9018
9018	7530
7246	6829
6616	6521
6491	6487
6504	6540
6581	6600
6589	6550
6497	6444
6400	6359
6318	6277
6237	6200
6167	6133
6100	6074
6057	6059
6079	6117
6151	6183
6204	6230
6265	6313
6361	6408
6453	6512
6590	6699
6837	7023
7302	7745
8385	9188
10039	10782
11291	11552
11650	11722
11902	12266
12817	13481
14134	14648
14955	15048
14953	14680
14224	13603
12893	12192
11549	10944
10331	9686
9031	8415
7884	7459
7142	6928
6813	6800
6871	6995
7138	7278
7401	7509
7598	7679
7752	7825
7897	7968
8032	8076
8095	8099
8120	8187
8298	8421
8522	8581
8597	8580
8554	8536
8519	8495
8460	8429
8431	8485
8600	8753
8920	9081
9234	9391
9559	9729
9899	10076
10291	10572
10936	11366
11819	12240
12590	12857
13042	13163
13221	13211
13136	13004
12828	12620
12384	12131
11872	11619
11380	11161
10954	10748
10537	10330
10139	9984
9884	9851
9880	9968
10113	10318
10569	10854
11145	11418
11664	11896
12136	12400
12690	12992
13280	13541
13779	14004
14232	14458
14673	14854
14981	15045
15045	14984
14878	14738
14567	14362
14112	13817
13499	13180
12864	12530
12164	11774
11370	10974
10607	10278
9983	9712
9467	9258
9103	9003
8951	8928
8921	8923
8940	8982
9052	9149
9259	9370
9483	9611
9753	9898
10023	10111
10158	10160
10110	10017
9913	9850
9883	9811
10104	9040
9040	7533
7250	6838
6624	6535
6503	6501
6517	6548
6579	6595
6581	6543
6492	6439
6395	6352
6309	6266
6227	6193
6167	6138
6109	6084
6067	6068
6091	6126
6164	6194
6216	6243
6283	6336
6391	6443
6489	6546
6632	6761
6932	7155
7467	7922
8544	9288
10015	10567
10846	10874
10770	10687
10759	11073
11660	12472
13378	14209
14816	15141
15204	15044
14711	14254
13747	13269
12845	12432
11967	11404
10745	10021
9285	8581
7941	7409
7023	6803
6741	6798
6923	7069
7207	7321
7422	7511
7592	7665
7735	7804
7870	7922
7946	7954
7969	8021
8113	8222
8314	8367
8377	8363
8343	8325
8311	8284
8245	8208
8203	8251
8352	8485
8628	8761
8888	9024
9186	9369
9558	9753
9959	10198
10485	10813
11164	11520
11861	12168
12435	12650
12796	12858
12829	12713
12536	12316
12065	11795
11518	11257
11018	10797
10595	10393
10199	10017
9864	9760
9725	9762
9873	10039
10247	10490
10755	11037
11320	11596
11854	12109
12369	12646
12943	13239
13523	13783
14021	14244
14461	14663
14845	14982
15061	15071
15017	14907
14756	14575
14368	14130
13853	13543
13212	12885
12559	12215
11840	11438
11031	10639
10284	9976
9714	9481
9279	9110
8986	8913
8876	8869
8875	8899
8945	9022
9134	9273
9426	9578
9721	9865
10009	10141
10243	10303
10317	10289
10219	10119
10021	9964
9994	9899
10177	9061
9061	7531
7253	6845
6637	6548
6519	6519
6534	6557
6577	6583
6567	6532
6484	6432
6385	6341
6296	6252
6215	6182
6158	6136
6114	6095
6082	6084
6107	6138
6170	6196
6219	6247
6296	6358
6428	6494
6556	6630
6734	6883
7078	7317
7623	8032
8558	9153
9701	10074
10210	10143
9977	9834
9822	10030
10532	11348
12398	13490
14397	14977
15206	15157
14916	14581
14238	13946
13711	13493
13221	12830
12294	11623
10844	9996
9123	8291
7578	7055
6764	6685
6751	6891
7037	7163
7262	7350
7427	7494
7558	7625
7694	7759
7801	7823
7840	7875
7940	8021
8092	8138
8152	8149
8144	8141
8135	8114
8084	8057
8056	8097
8186	8302
8425	8534
8633	8747
8891	9071
9276	9490
9709	9931
10157	10394
10637	10904
11198	11511
11825	12113
12346	12489
12512	12423
12248	12016
11750	11468
11185	10917
10675	10457
10252	10063
9896	9755
9655	9615
9645	9753
9933	10165
10425	10691
10959	11231
11507	11784
12062	12339
12616	12902
13190	13477
13752	14009
14249	14474
14675	14850
14988	15071
15093	15048
14944	14791
14599	14379
14137	13872
13580	13259
12929	12599
12266	11912
11523	11111
10700	10314
9979	9699
9472	9283
9124	8996
8907	8854
8836	8842
8871	8923
9007	9126
9280	9457
9640	9818
9980	10128
10260	10365
10433	10460
10446	10394
10314	10214
10123	10071
10091	9973
10236	9074
9074	7526
7253	6850
6647	6559
6536	6534
6545	6560
6568	6567
6550	6515
6470	6423
6375	6327
6282	6238
6200	6168
6144	6130
6117	6106
6100	6107
6127	6153
6178	6199
6221	6254
6310	6385
6471	6562
6655	6759
6891	7058
7260	7491
7764	8099
8499	8929
9315	9567
9651	9587
9445	9296
9211	9271
9595	10291
11365	12634
13815	14657
15070	15119
14941	14671
14414	14218
14088	13995
13877	13671
13332	12846
12209	11424
10499	9480
8473	7609
7011	6715
6673	6774
6918	7044
7139	7214
7277	7328
7381	7441
7516	7592
7656	7695
7718	7743
7779	7825
7869	7902
7926	7948
7968	7990
8000	7997
7982	7969
7972	8006
8072	8171
8275	8372
8456	8547
8672	8841
9046	9266
9490	9704
9901	10076
10248	10440
10682	10974
11299	11630
11927	12141
12224	12168
11994	11745
11461	11163
10870	10599
10352	10130
9933	9764
9635	9554
9523	9554
9650	9819
10053	10333
10624	10906
11171	11434
11703	11987
12280	12575
12867	13155
13433	13701
13961	14216
14462	14679
14866	15006
15095	15123
15090	14996
14849	14653
14425	14167
13894	13604
13297	12973
12642	12311
11969	11601
11203	10786
10376	10002
9690	9448
9262	9118
9004	8917
8860	8835
8837	8868
8926	9016
9144	9307
9493	9693
9892	10078
10245	10386
10496	10568
10599	10590
10551	10486
10398	10299
10210	10155
10162	10022
10270	9076
9076	7516
7246	6847
6648	6562
6541	6541
6550	6556
6558	6547
6527	6495
6455	6411
6365	6318
6270	6225
6186	6156
6135	6124
6119	6117
6122	6134
6154	6175
6197	6215
6237	6276
6337	6422
6526	6641
6768	6912
7074	7256
7453	7662
7894	8153
8447	8750
9015	9192
9254	9211
9098	8951
8801	8720
8852	9373
10383	11754
13158	14247
14849	15001
14862	14609
14358	14165
14034	13959
13905	13825
13687	13456
13104	12568
11794	10774
9597	8439
7506	6931
6710	6730
6848	6968
7054	7115
7157	7190
7224	7272
7346	7429
7509	7566
7598	7614
7626	7640
7656	7676
7710	7757
7814	7864
7898	7915
7915	7912
7910	7928
7971	8047
8142	8237
8320	8405
8517	8673
8863	9072
9285	9489
9668	9820
9958	10116
10318	10579
10891	11231
11562	11829
11967	11948
11787	11528
11220	10898
10589	10309
10053	9828
9640	9508
9436	9428
9476	9578
9734	9948
10219	10526
10839	11129
11393	11648
11918	12205
12509	12817
13116	13401
13665	13916
14157	14405
14641	14852
15014	15119
15158	15137
15053	14915
14729	14499
14235	13946
13642	13330
13007	12678
12344	12006
11649	11272
10864	10451
10057	9710
9432	9226
9083	8983
8914	8868
8848	8856
8891	8957
9056	9191
9360	9555
9761	9967
10164	10343
10496	10618
10698	10737
10736	10702
10645	10570
10474	10371
10276	10209
10203	10040
10282	9066
9066	7503
7232	6837
6638	6556
6534	6534
6541	6545
6539	6525
6504	6475
6439	6399
6354	6309
6264	6218
6178	6149
6131	6123
6125	6132
6145	6163
6185	6208
6229	6250
6280	6321
6381	6466
6572	6705
6860	7040
7238	7438
7627	7816
8009	8209
8421	8626
8797	8903
8922	8858
8737	8570
8376	8203
8197	8574
9505	10918
12485	13789
14579	14838
14733	14460
14158	13882
13653	13480
13375	13335
13352	13392
13387	13226
12772	11944
10775	9448
8229	7350
6884	6757
6814	6917
6998	7049
7073	7089
7103	7139
7202	7286
7373	7442
7480	7493
7487	7476
7466	7477
7515	7587
7671	7748
7802	7829
7839	7836
7831	7831
7854	7911
7999	8097
8192	8288
8403	8544
8715	8901
9093	9280
9453	9604
9737	9878
10055	10284
10566	10887
11221	11512
11697	11731
11607	11359
11041	10700
10368	10067
9797	9569
9405	9318
9316	9387
9510	9676
9880	10129
10424	10747
11072	11366
11629	11879
12142	12429
12738	13050
13352	13632
13885	14115
14339	14566
14787	14976
15109	15175
15174	15106
14980	14801
14581	14315
14020	13700
13369	13031
12698	12358
12017	11665
11297	10905
10501	10102
9737	9430
9192	9031
8928	8873
8844	8842
8862	8913
8996	9114
9261	9441
9641	9852
10059	10252
10427	10586
10715	10811
10862	10869
10844	10795
10727	10642
10542	10428
10317	10235
10212	10037
10273	9049
9049	7481
7213	6819
6621	6540
6521	6522
6526	6526
6518	6501
6480	6452
6419	6384
6344	6302
6259	6214
6175	6150
6132	6130
6137	6151
6168	6194
6219	6249
6279	6312
6346	6388
6439	6511
6608	6742
6917	7131
7361	7580
7769	7931
8075	8214
8344	8452
8524	8536
8478	8360
8204	8020
7813	7622
7566	7870
8740	10162
11831	13309
14269	14647
14583	14287
13902	13492
13077	12702
12431	12334
12441	12728
13086	13349
13312	12818
11832	10502
9104	7940
7192	6858
6810	6876
6954	7001
7015	7011
7011	7032
7084	7165
7252	7325
7366	7376
7361	7334
7315	7319
7361	7442
7541	7627
7684	7712
7722	7720
7712	7708
7719	7763
7843	7947
8055	8167
8291	8430
8581	8741
8911	9083
9252	9408
9552	9690
9844	10035
10275	10557
10860	11145
11362	11455
11398	11204
10916	10578
10231	9901
9610	9383
9247	9214
9283	9428
9617	9833
10070	10340
10649	10985
11314	11613
11876	12124
12381	12664
12966	13276
13575	13849
14090	14303
14504	14701
14889	15044
15144	15173
15130	15021
14859	14642
14385	14091
13767	13419
13059	12703
12353	12008
11656	11295
10913	10518
10121	9745
9418	9153
8966	8848
8792	8776
8791	8829
8904	9013
9157	9334
9534	9745
9963	10172
10361	10526
10671	10796
10897	10963
10985	10970
10926	10870
10799	10710
10599	10472
10344	10244
10205	10025
10255	9031
9031	7460
7190	6795
6598	6519
6501	6502
6505	6503
6494	6478
6457	6432
6402	6371
6335	6299
6258	6217
6179	6152
6137	6138
6150	6168
6194	6225
6258	6294
6336	6377
6416	6449
6484	6534
6617	6752
6942	7179
7433	7659
7832	7954
8037	8091
8118	8114
8072	7984
7846	7679
7500	7322
7144	6988
6957	7253
8089	9496
11215	12815
13922	14423
14426	14129
13668	13104
12459	11802
11271	11022
11148	11628
12320	12997
13400	13312
12637	11459
10024	8660
7641	7070
6868	6874
6936	6975
6980	6958
6939	6944
6984	7053
7132	7203
7246	7260
7246	7223
7203	7204
7243	7319
7409	7484
7531	7549
7552	7557
7559	7569
7587	7627
7700	7799
7911	8029
8156	8293
8432	8572
8721	8885
9054	9223
9378	9521
9656	9811
9998	10226
10479	10737
10959	11099
11119	11016
10804	10512
10173	9830
9522	9294
9182	9203
9334	9540
9776	10021
10278	10561
10881	11224
11561	11862
12127	12372
12626	12897
13191	13489
13783	14046
14279	14474
14644	14805
14949	15062
15121	15110
15029	14884
14681	14432
14142	13821
13466	13092
12709	12332
11972	11622
11269	10903
10516	10122
9742	9398
9114	8903
8762	8692
8679	8705
8763	8852
8981	9154
9364	9600
9841	10077
10293	10484
10641	10775
10887	10982
11051	11088
11085	11049
10997	10937
10867	10774
10652	10510
10364	10246
10196	10009
10238	9016
9016	7438
7168	6770
6575	6499
6482	6484
6489	6485
6474	6457
6435	6412
6387	6361
6330	6296
6259	6222
6186	6158
6143	6146
6161	6189
6219	6257
6294	6338
6379	6420
6449	6465
6481	6521
6606	6751
6954	7199
7447	7651
7783	7843
7838	7792
7703	7586
7440	7275
7093	6912
6747	6606
6482	6391
6420	6748
7567	8941
10660	12321
13541	14162
14262	14002
13508	12814
11939	10979
10149	9688
9754	10344
11292	12323
13123	13441
13137	12229
10902	9472
8259	7467
7094	7004
7022	7037
7008	6954
6902	6878
6892	6937
6999	7059
7102	7123
7124	7115
7105	7109
7139	7192
7254	7302
7326	7330
7334	7349
7381	7420
7460	7509
7574	7656
7757	7871
7995	8124
8252	8377
8512	8665
8838	9018
9189	9336
9468	9592
9736	9913
10119	10337
10542	10700
10786	10778
10671	10466
10177	9848
9535	9312
9225	9286
9463	9708
9970	10227
10488	10777
11101	11456
11798	12108
12373	12618
12864	13124
13400	13687
13966	14222
14440	14613
14752	14871
14971	15040
15058	15009
14888	14701
14460	14177
13859	13511
13139	12741
12336	11941
11570	11217
10867	10506
10128	9749
9393	9087
8850	8688
8600	8578
8609	8680
8786	8928
9113	9345
9612	9892
10161	10404
10611	10775
10906	11006
11088	11156
11199	11208
11182	11132
11069	11004
10930	10831
10700	10541
10381	10253
10196	10005
10234	9013
9013	7424
7147	6745
6549	6478
6469	6474
6478	6473
6461	6442
6420	6400
6377	6355
6330	6303
6269	6232
6197	6167
6151	6151
6173	6203
6241	6282
6324	6356
6383	6398
6403	6404
6416	6465
6572	6741
6948	7173
7376	7522
7589	7567
7477	7333
7151	6945
6736	6536
6357	6205
6085	5996
5935	5917
6018	6387
7196	8517
10192	11853
13140	13874
14088	13911
13430	12659
11610	10399
9289	8596
8529	9127
10217	11496
12615	13292
13350	12771
11674	10329
9062	8136
7620	7418
7352	7295
7197	7075
6956	6868
6823	6819
6846	6884
6926	6956
6972	6978
6980	6988
7005	7037
7069	7085
7083	7075
7081	7112
7174	7248
7322	7385
7446	7515
7599	7701
7816	7933
8050	8162
8287	8429
8600	8783
8967	9128
9262	9379
9503	9646
9815	9998
10177	10333
10450	10510
10504	10403
10202	9926
9646	9438
9374	9460
9660	9916
10181	10434
10695	10981
11313	11670
12022	12338
12611	12856
13093	13337
13596	13863
14128	14366
14567	14717
14823	14903
14961	14990
14969	14883
14720	14492
14213	13896
13552	13189
12799	12391
11965	11550
11164	10805
10462	10114
9762	9415
9098	8836
8648	8538
8504	8529
8608	8727
8884	9077
9310	9585
9884	10186
10467	10712
10907	11052
11154	11228
11282	11322
11339	11324
11278	11213
11141	11067
10986	10877
10736	10569
10399	10266
10205	10014
10241	9020
9020	7413
7131	6722
6529	6464
6461	6471
6473	6466
6452	6433
6412	6392
6373	6356
6338	6314
6282	6247
6210	6180
6161	6165
6181	6217
6256	6293
6318	6329
6318	6297
6275	6269
6300	6386
6526	6709
6903	7076
7204	7267
7256	7168
7008	6800
6560	6317
6095	5907
5763	5662
5600	5566
5561	5608
5776	6184
6979	8231
9816	11434
12749	13579
13919	13853
13431	12648
11505	10131
8812	7900
7661	8172
9288	10704
12043	12990
13355	13100
12301	11178
10028	9109
8534	8237
8070	7900
7686	7442
7202	6991
6832	6732
6698	6709
6743	6777
6800	6810
6816	6826
6835	6847
6852	6846
6827	6808
6813	6856
6939	7045
7148	7230
7297	7363
7439	7532
7638	7748
7852	7955
8069	8203
8361	8540
8726	8901
9050	9174
9291	9425
9576	9740
9900	10044
10164	10260
10320	10314
10216	10032
9817	9658
9619	9717
9919	10169
10420	10658
10901	11185
11512	11875
12234	12558
12837	13082
13308	13537
13775	14022
14266	14485
14659	14783
14860	14906
14928	14920
14868	14740
14538	14266
13946	13598
13235	12861
12469	12049
11610	11175
10768	10404
10065	9743
9428	9127
8860	8653
8520	8467
8482	8559
8687	8855
9063	9302
9570	9866
10176	10482
10761	10997
11182	11312
11391	11438
11460	11470
11457	11423
11361	11283
11200	11116
11023	10903
10752	10579
10410	10275
10217	10026
10254	9034
9034	7410
7121	6706
6513	6456
6461	6472
6474	6465
6448	6426
6408	6391
6379	6366
6354	6329
6296	6256
6217	6185
6170	6174
6199	6232
6261	6274
6267	6234
6182	6128
6096	6106
6173	6301
6470	6648
6799	6895
6934	6914
6838	6703
6510	6280
6034	5804
5610	5463
5367	5317
5303	5314
5359	5467
5692	6126
6892	8051
9521	11058
12374	13284
13749	13807
13478	12733
11576	10126
8675	7585
7159	7531
8604	10074
11545	12668
13251	13253
12756	11936
11038	10284
9771	9459
9214	8934
8586	8181
7758	7354
7009	6766
6636	6609
6633	6664
6675	6671
6667	6667
6665	6663
6656	6640
6612	6581
6575	6611
6704	6824
6947	7043
7120	7190
7270	7365
7471	7578
7679	7778
7885	8008
8155	8323
8508	8686
8844	8975
9097	9225
9372	9530
9683	9825
9948	10058
10150	10212
10207	10130
10018	9934
9940	10053
10242	10468
10685	10897
11123	11395
11718	12078
12435	12764
13047	13290
13505	13719
13939	14166
14388	14581
14731	14824
14872	14884
14871	14831
14742	14581
14336	14024
13670	13296
12917	12539
12142	11720
11270	10818
10400	10027
9697	9399
9129	8884
8681	8534
8462	8469
8541	8670
8845	9063
9313	9591
9881	10183
10486	10779
11042	11268
11441	11556
11611	11624
11612	11582
11543	11486
11410	11325
11233	11137
11028	10899
10742	10570
10403	10269
10209	10017
10241	9029
9029	7409
7114	6695
6504	6452
6462	6477
6477	6465
6448	6427
6409	6397
6389	6384
6374	6347
6306	6259
6217	6190
6185	6200
6229	6254
6255	6221
6157	6075
5993	5934
5922	5969
6073	6225
6396	6542
6631	6646
6602	6517
6397	6243
6052	5837
5630	5444
5301	5203
5153	5144
5168	5216
5303	5455
5718	6160
6873	7920
9256	10699
12002	12981
13564	13747
13524	12859
11739	10280
8749	7514
6918	7153
8167	9663
11209	12426
13123	13292
13037	12520
11934	11440
11106	10876
10642	10313
9858	9293
8657	8005
7419	6983
6743	6672
6692	6717
6707	6675
6647	6624
6598	6571
6552	6536
6505	6459
6417	6421
6484	6599
6721	6827
6914	6996
7086	7193
7308	7428
7537	7639
7740	7855
7993	8154
8332	8505
8655	8783
8904	9030
9175	9334
9499	9657
9792	9913
10025	10124
10190	10219
10221	10240
10308	10439
10616	10809
10988	11163
11363	11617
11929	12280
12634	12959
13239	13472
13681	13880
14087	14296
14494	14662
14784	14848
14862	14838
14791	14712
14585	14385
14105	13763
13383	12993
12604	12217
11821	11396
10940	10484
10058	9688
9371	9100
8874	8689
8548	8472
8468	8536
8668	8850
9071	9329
9615	9913
10215	10512
10802	11076
11320	11526
11680	11773
11799	11775
11719	11657
11587	11513
11430	11339
11239	11129
11005	10866
10704	10532
10364	10225
10144	9924
10119	8904
8904	7411
7097	6689
6498	6451
6465	6481
6480	6468
6449	6429
6411	6401
6402	6401
6391	6358
6308	6253
6212	6195
6205	6235
6269	6278
6236	6141
6015	5891
5800	5765
5793	5881
6012	6164
6303	6399
6420	6368
6262	6130
5995	5847
5681	5509
5350	5223
5135	5084
5072	5094
5142	5216
5330	5514
5795	6218
6853	7780
8984	10336
11622	12656
13340	13638
13526	12957
11909	10467
8882	7530
6797	6932
7916	9446
11044	12301
13031	13274
13164	12878
12575	12361
12261	12200
12066	11773
11284	10600
9761	8852
8016	7381
7028	6920
6946	6972
6950	6895
6844	6782
6707	6636
6600	6588
6562	6489
6388	6318
6319	6388
6489	6594
6687	6784
6892	7015
7152	7289
7413	7521
7621	7731
7863	8021
8190	8352
8490	8606
8717	8843
8992	9159
9341	9518
9679	9815
9940	10061
10179	10293
10407	10529
10672	10832
10999	11154
11290	11427
11599	11833
12133	12477
12818	13134
13403	13627
13822	14014
14207	14402
14581	14728
14819	14853
14835	14778
14693	14574
14405	14166
13858	13493
13103	12702
12306	11912
11509	11080
10626	10175
9758	9399
9100	8860
8672	8537
8461	8452
8513	8645
8832	9062
9323	9612
9919	10231
10534	10828
11106	11362
11583	11760
11885	11949
11939	11875
11786	11695
11603	11514
11425	11328
11221	11098
10959	10809
10643	10468
10294	10120
9961	9596
9683	8272
8272	7414
7021	6686
6495	6450
6465	6482
6481	6468
6450	6429
6413	6406
6410	6412
6400	6360
6300	6239
6204	6199
6230	6275
6308	6295
6209	6057
5881	5730
5650	5651
5724	5843
5982	6117
6219	6258
6224	6118
5971	5821
5685	5558
5427	5294
5183	5105
5062	5051
5066	5107
5168	5253
5386	5584
5864	6250
6813	7627
8722	9998
11269	12345
13104	13494
13479	13002
12026	10611
8987	7544
6714	6790
7779	9354
10999	12269
12992	13234
13188	13035
12927	12938
13055	13179
13189	12989
12525	11779
10790	9676
8628	7833
7392	7264
7300	7343
7329	7272
7201	7096
6959	6832
6775	6772
6751	6641
6465	6298
6209	6215
6282	6375
6477	6587
6712	6854
7010	7168
7305	7421
7519	7628
7758	7917
8079	8233
8353	8457
8559	8686
8839	9020
9217	9413
9597	9755
9894	10029
10182	10357
10556	10766
10973	11161
11323	11450
11549	11651
11798	12017
12309	12642
12975	13278
13532	13747
13929	14111
14296	14480
14644	14768
14836	14845
14800	14712
14592	14434
14230	13961
13629	13253
12857	12457
12055	11653
11241	10806
10357	9917
9517	9179
8900	8684
8526	8434
8410	8457
8577	8759
8992	9259
9553	9863
10180	10493
10796	11088
11359	11602
11800	11948
12043	12073
12031	11941
11825	11711
11603	11505
11411	11312
11196	11062
10913	10749
10580	10402
10207	9963
9625	8881
8713	6626
6626	7413
6816	6684
6492	6450
6466	6483
6483	6468
6450	6429
6414	6407
6413	6417
6402	6356
6289	6229
6198	6206
6250	6305
6337	6303
6187	5996
5789	5629
5564	5592
5695	5834
5974	6089
6157	6156
6082	5946
5783	5625
5498	5386
5280	5177
5101	5053
5040	5051
5085	5133
5199	5289
5428	5631
5902	6258
6761	7504
8525	9754
11015	12116
12919	13369
13417	13010
12086	10690
9040	7542
6651	6701
7708	9323
10999	12277
12980	13204
13168	13071
13070	13221
13481	13738
13864	13751
13329	12562
11490	10248
9071	8178
7686	7549
7600	7661
7662	7617
7539	7403
7214	7044
6971	6973
6951	6815
6573	6322
6155	6101
6135	6219
6326	6449
6584	6739
6911	7081
7231	7349
7447	7553
7686	7842
8005	8148
8261	8355
8456	8582
8744	8931
9137	9350
9549	9721
9871	10021
10191	10402
10652	10915
11166	11377
11534	11643
11717	11795
11925	12134
12422	12750
13077	13371
13616	13819
13995	14169
14348	14526
14680	14791
14843	14835
14772	14663
14516	14332
14103	13812
13467	13086
12690	12290
11887	11477
11059	10621
10174	9746
9363	9041
8781	8580
8443	8376
8386	8470
8627	8842
9106	9394
9706	10026
10351	10664
10966	11252
11524	11754
11941	12070
12141	12144
12082	11971
11841	11713
11599	11494
11397	11296
11177	11033
10876	10706
10536	10350
10134	9804
9244	7977
7482	4369
