15865	15799
15767	15686
15614	15516
15413	15298
15179	15049
14913	14766
14612	14452
14287	14128
13974	13843
13740	13678
13651	13673
13730	13819
13928	14047
14163	14268
14355	14422
14466	14496
14511	14521
14527	14538
14555	14578
14613	14649
14699	14753
14812	14873
14940	15014
15096	15181
15270	15365
15454	15544
15621	15701
15748	15817
15859	15792
15759	15675
15605	15505
15402	15286
15168	15036
14900	14761
14605	14450
14290	14135
13984	13856
13754	13687
13663	13676
13729	13810
13911	14024
14135	14232
14315	14376
14421	14445
14465	14474
14481	14497
14518	14544
14584	14629
14684	14745
14807	14877
14945	15019
15101	15186
15271	15358
15444	15531
15597	15681
15715	15797
15851	15778
15747	15661
15589	15488
15385	15271
15152	15021
14890	14748
14603	14449
14296	14142
13996	13868
13767	13700
13671	13676
13722	13796
13888	13993
14094	14185
14261	14318
14358	14385
14403	14414
14424	14443
14469	14504
14548	14603
14667	14733
14803	14874
14948	15026
15105	15189
15271	15354
15428	15512
15563	15649
15662	15766
15842	15768
15735	15647
15573	15471
15365	15251
15132	15005
14873	14736
14592	14448
14298	14151
14006	13881
13781	13709
13673	13674
13711	13773
13855	13947
14038	14122
14189	14246
14286	14308
14325	14344
14358	14380
14412	14455
14510	14571
14643	14718
14795	14874
14953	15034
15113	15190
15265	15339
15400	15475
15502	15599
15567	15715
15831	15754
15723	15629
15556	15451
15343	15228
15109	14985
14855	14722
14583	14442
14298	14152
14014	13891
13789	13715
13675	13666
13691	13743
13812	13889
13971	14045
14106	14156
14193	14217
14238	14257
14279	14309
14352	14404
14467	14541
14619	14702
14786	14873
14955	15036
15115	15187
15250	15310
15347	15418
15401	15518
15421	15637
15820	15741
15707	15611
15536	15427
15321	15204
15085	14962
14835	14704
14570	14432
14294	14156
14020	13896
13794	13714
13667	13647
13661	13698
13754	13822
13889	13958
14012	14055
14092	14121
14141	14169
14196	14235
14286	14350
14422	14505
14594	14688
14779	14872
14956	15038
15111	15177
15224	15271
15274	15336
15259	15406
15199	15530
15812	15726
15692	15596
15519	15408
15301	15179
15063	14937
14814	14688
14560	14423
14290	14151
14022	13899
13793	13707
13653	13625
13625	13648
13690	13744
13804	13860
13908	13951
13983	14015
14043	14074
14111	14161
14220	14296
14377	14471
14571	14672
14773	14868
14957	15037
15105	15159
15186	15214
15170	15219
15055	15251
14883	15379
15796	15715
15676	15581
15500	15388
15277	15158
15039	14917
14793	14670
14543	14414
14280	14147
14018	13895
13788	13697
13634	13592
13580	13592
13619	13659
13710	13758
13801	13844
13879	13909
13943	13981
14030	14088
14159	14242
14337	14441
14549	14658
14765	14865
14958	15033
15094	15134
15133	15138
15038	15079
14798	15059
14474	15195
15789	15703
15666	15566
15485	15372
15260	15140
15020	14896
14771	14652
14527	14401
14270	14139
14011	13889
13777	13683
13609	13562
13537	13538
13552	13583
13621	13663
13700	13741
13774	13813
13853	13898
13954	14021
14104	14197
14302	14415
14532	14647
14758	14861
14951	15028
15077	15101
15073	15051
14883	14915
14488	14835
13974	14975
15783	15695
15657	15556
15474	15357
15244	15123
15001	14879
14756	14636
14515	14388
14261	14132
14004	13879
13764	13668
13585	13531
13495	13485
13488	13509
13539	13577
13612	13652
13687	13729
13772	13825
13888	13966
14056	14159
14271	14393
14517	14639
14755	14860
14951	15018
15060	15065
15008	14958
14717	14740
14156	14596
13424	14738
15776	15688
15647	15547
15461	15346
15232	15110
14986	14864
14741	14622
14502	14378
14253	14123
13993	13868
13751	13649
13563	13500
13455	13438
13434	13447
13470	13503
13536	13574
13614	13657
13707	13766
13834	13919
14017	14127
14247	14376
14505	14631
14748	14857
14946	15010
15039	15001
14945	14611
14552	13447
13819	11065
12864	7592
