16276	16276
16276	16276
16276	16276
16276	16276
16276	16276
16276	16275
16273	16267
16258	16248
16240	16236
16234	16228
16210	16163
16079	15949
15791	15636
15515	15442
15403	15369
15327	15281
15234	15193
15159	15124
15098	15082
15083	15100
15124	15143
15138	15109
15068	15029
15001	14984
14967	14943
14900	14831
14735	14612
14453	14232
13913	13491
13043	12747
12823	13326
14089	14824
15337	15601
15698	15712
15698	15667
15610	15458
15084	14342
13202	11915
10972	10797
11420	12481
13505	14196
14423	14091
13121	11625
10071	9135
9244	10168
11132	11362
10667	9569
8903	9175
10173	11135
11349	10690
9707	9143
9320	9863
10114	9785
9271	9206
9792	10533
10815	10538
10255	10566
11518	12632
13385	13584
13342	12841
12129	11165
9978	8867
8327	8670
9666	10593
10772	10137
9313	9071
9656	10578
11037	10627
9648	8844
8750	9276
9851	10011
9808	9649
9784	10063
10210	10247
10495	11202
12281	13414
14334	14951
15315	15512
15605	15635
15634	15623
15593	15489
15224	14732
14073	13467
13180	13313
13736	14212
14592	14847
15007	15109
15169	15199
15220	15237
15255	15276
15293	15307
15317	15321
15333	15349
15375	15412
15453	15492
15524	15539
15538	15526
15521	15540
15603	15698
15818	15938
16038	16111
16165	16202
16229	16249
16263	16270
16275	16276
16276	16276
16276	16276
16276	16276
16276	16276
16276	16276
16276	16276
16276	16276
16276	16276
16276	16276
16276	16276
16276	16276
16276	16276
16276	16276
16276	16275
16272	16265
16255	16241
16233	16229
16225	16218
16191	16130
16012	15832
15611	15395
15232	15141
15112	15112
15111	15102
15089	15076
15064	15052
15043	15045
15058	15083
15113	15138
15147	15133
15100	15066
15034	15009
14983	14954
14906	14839
14739	14609
14438	14203
13874	13462
13049	12826
12965	13494
14231	14916
15382	15619
15703	15714
15698	15668
15613	15473
15139	14464
13402	12166
11226	11014
11602	12642
13660	14329
14521	14156
13165	11663
10109	9175
9285	10216
11187	11421
10727	9622
8952	9225
10227	11192
11394	10717
9711	9131
9297	9841
10093	9766
9253	9188
9766	10507
10788	10517
10249	10565
11497	12541
13162	13191
12798	12229
11573	10757
9738	8756
8285	8651
9650	10569
10738	10104
9287	9057
9638	10527
10924	10449
9434	8622
8537	9088
9742	10072
10118	10194
10456	10726
10753	10593
10603	11106
12077	13218
14208	14896
15303	15519
15617	15652
15649	15636
15607	15504
15242	14757
14100	13494
13207	13339
13753	14218
14584	14829
14988	15093
15162	15201
15224	15240
15258	15276
15291	15303
15312	15319
15330	15347
15374	15411
15452	15489
15518	15532
15530	15518
15515	15536
15599	15695
15816	15932
16035	16110
16164	16201
16229	16249
16263	16270
16275	16276
16276	16276
16276	16276
16276	16276
16276	16276
16276	16276
16276	16276
16276	16276
16276	16276
16276	16276
16276	16276
16276	16276
16276	16276
16276	16276
16276	16275
16271	16263
16251	16237
16226	16220
16218	16205
16166	16068
15883	15602
15260	14934
14699	14590
14587	14638
14699	14748
14784	14811
14834	14858
14886	14920
14959	15000
15048	15090
15124	15134
15125	15100
15075	15045
15015	14975
14923	14847
14744	14606
14426	14174
13834	13427
13063	12921
13141	13702
14409	15030
15436	15638
15707	15715
15700	15670
15621	15501
15212	14617
13649	12471
11512	11222
11732	12734
13742	14405
14577	14190
13194	11698
10152	9221
9332	10266
11246	11489
10796	9689
9014	9287
10296	11260
11450	10751
9720	9125
9280	9823
10077	9755
9238	9165
9734	10469
10747	10483
10221	10531
11419	12347
12773	12568
12004	11416
10916	10350
9565	8726
8299	8663
9640	10540
10695	10060
9257	9046
9631	10485
10819	10275
9212	8383
8309	8916
9716	10316
10698	11056
11449	11685
11562	11164
10881	11098
11894	13003
14059	14827
15286	15522
15630	15666
15666	15653
15620	15524
15273	14807
14170	13582
13292	13407
13791	14226
14566	14796
14955	15069
15148	15199
15228	15245
15259	15274
15286	15297
15305	15312
15323	15342
15371	15410
15449	15486
15510	15522
15517	15507
15507	15534
15598	15694
15812	15928
16031	16107
16163	16200
16228	16249
16263	16270
16275	16276
16276	16276
16276	16276
16276	16276
16276	16276
16276	16276
16276	16276
16276	16276
16276	16276
16276	16276
16276	16276
16276	16276
16276	16276
16276	16276
16276	16274
16271	16263
16250	16234
16223	16214
16212	16192
16129	15975
15677	15225
14679	14175
13832	13702
13742	13870
14012	14138
14239	14322
14397	14470
14549	14627
14705	14786
14866	14947
15017	15068
15092	15099
15090	15072
15044	15002
14945	14865
14758	14618
14433	14173
13815	13406
13075	13005
13302	13895
14573	15130
15478	15648
15705	15713
15700	15677
15633	15533
15287	14768
13883	12746
11737	11321
11699	12623
13609	14280
14463	14099
13136	11684
10171	9257
9365	10294
11281	11541
10862	9758
9077	9346
10351	11312
11498	10790
9745	9137
9287	9829
10087	9770
9248	9161
9710	10433
10708	10446
10180	10465
11282	12064
12269	11837
11147	10634
10381	10125
9572	8827
8392	8707
9640	10512
10654	10020
9236	9052
9652	10499
10804	10220
9121	8271
8203	8887
9880	10780
11479	12056
12512	12688
12446	11879
11357	11301
11882	12901
13968	14781
15274	15525
15637	15674
15676	15662
15630	15540
15311	14882
14292	13732
13438	13515
13845	14229
14538	14757
14916	15038
15132	15191
15226	15245
15259	15270
15279	15288
15294	15305
15319	15340
15371	15407
15445	15479
15500	15506
15499	15494
15503	15537
15603	15698
15811	15925
16028	16105
16161	16200
16228	16249
16263	16270
16275	16276
16276	16276
16276	16276
16276	16276
16276	16276
16276	16276
16276	16276
16276	16276
16276	16276
16276	16276
16276	16276
16276	16276
16276	16276
16276	16276
16276	16274
16270	16263
16250	16235
16223	16215
16208	16180
16086	15854
15400	14701
13862	13091
12582	12403
12487	12701
12944	13167
13360	13522
13673	13817
13963	14102
14236	14366
14497	14629
14755	14857
14935	14988
15023	15040
15032	15006
14953	14875
14773	14637
14456	14192
13823	13404
13093	13074
13430	14048
14698	15202
15505	15650
15701	15710
15702	15686
15650	15568
15358	14900
14083	12971
11891	11315
11497	12275
13195	13861
14083	13788
12927	11586
10165	9288
9396	10311
11298	11581
10933	9849
9162	9410
10391	11345
11541	10851
9818	9209
9348	9883
10149	9841
9319	9211
9727	10429
10700	10442
10165	10404
11132	11774
11788	11180
10432	10033
10039	10049
9673	8980
8511	8764
9646	10492
10632	10009
9248	9091
9721	10597
10934	10373
9271	8392
8307	9041
10190	11316
12219	12884
13318	13433
13152	12550
11941	11722
12121	13007
14007	14802
15287	15531
15638	15677
15679	15667
15634	15552
15347	14960
14420	13893
13594	13624
13890	14222
14506	14715
14877	15009
15111	15180
15222	15243
15256	15265
15274	15281
15290	15301
15321	15344
15376	15409
15443	15469
15485	15487
15484	15484
15501	15544
15613	15705
15813	15925
16023	16101
16158	16199
16227	16249
16263	16270
16275	16276
16276	16276
16276	16276
16276	16276
16276	16276
16276	16276
16276	16276
16276	16276
16276	16276
16276	16276
16276	16276
16276	16276
16276	16276
16276	16276
16276	16275
16271	16263
16252	16239
16228	16222
16211	16172
16044	15723
15090	14110
12918	11808
11059	10760
10825	11086
11410	11733
12025	12295
12546	12789
13027	13251
13463	13664
13866	14068
14259	14427
14570	14690
14789	14864
14910	14920
14899	14843
14759	14635
14458	14188
13809	13381
13084	13114
13522	14162
14796	15261
15528	15653
15697	15708
15705	15694
15666	15598
15420	15016
14268	13192
12058	11308
11239	11780
12547	13160
13424	13252
12579	11445
10185	9384
9486	10363
11336	11653
11070	10031
9347	9550
10477	11406
11628	10995
10014	9417
9536	10048
10320	10037
9531	9398
9866	10529
10799	10552
10265	10451
11083	11604
11496	10789
10015	9693
9846	10013
9750	9112
8641	8855
9697	10520
10668	10075
9347	9212
9867	10793
11218	10756
9705	8793
8628	9305
10470	11660
12604	13250
13623	13711
13478	12980
12447	12228
12538	13297
14181	14895
15329	15548
15638	15674
15679	15670
15637	15556
15365	15000
14488	13976
13667	13664
13894	14197
14467	14679
14848	14986
15094	15171
15216	15241
15255	15263
15270	15278
15290	15308
15333	15358
15386	15412
15435	15452
15461	15463
15464	15473
15501	15549
15624	15712
15814	15921
16021	16099
16157	16197
16227	16249
16263	16270
16275	16276
16276	16276
16276	16276
16276	16276
16276	16276
16276	16276
16276	16276
16276	16276
16276	16276
16276	16276
16276	16276
16276	16276
16276	16276
16276	16276
16276	16275
16271	16264
16254	16242
16233	16229
16216	16171
16016	15627
14850	13632
12127	10681
9630	9109
9029	9213
9518	9866
10223	10577
10927	11274
11619	11951
12264	12566
12868	13163
13443	13697
13924	14124
14309	14462
14579	14658
14692	14685
14631	14529
14354	14073
13674	13246
12981	13079
13558	14238
14869	15309
15549	15658
15698	15708
15707	15699
15675	15619
15473	15131
14477	13490
12361	11474
11144	11381
11904	12400
12686	12670
12254	11413
10391	9702
9785	10583
11503	11854
11368	10425
9766	9900
10724	11596
11851	11322
10443	9882
9964	10427
10693	10460
9996	9847
10241	10842
11107	10898
10617	10742
11270	11694
11528	10801
10018	9678
9824	10018
9833	9296
8893	9104
9894	10679
10841	10305
9625	9505
10151	11113
11654	11354
10415	9486
9160	9621
10594	11656
12506	13081
13417	13527
13401	13082
12748	12664
13001	13681
14437	15034
15393	15566
15644	15675
15681	15673
15642	15558
15355	14977
14444	13916
13602	13599
13834	14149
14432	14653
14827	14971
15084	15161
15211	15238
15254	15263
15270	15282
15299	15327
15356	15384
15403	15418
15425	15432
15432	15435
15442	15461
15499	15556
15629	15719
15817	15921
16020	16098
16155	16197
16226	16248
16262	16270
16273	16276
16276	16276
16276	16276
16276	16276
16276	16276
16276	16276
16276	16276
16276	16276
16276	16276
16276	16276
16276	16276
16276	16276
16276	16276
16276	16276
16276	16275
16273	16266
16258	16247
16241	16235
16222	16174
16013	15604
14782	13471
11808	10142
8822	8003
7629	7557
7666	7891
8188	8530
8906	9305
9718	10138
10556	10968
11385	11800
12197	12567
12905	13215
13500	13753
13965	14130
14243	14301
14297	14219
14039	13732
13310	12890
12694	12902
13500	14257
14913	15343
15566	15662
15699	15708
15706	15698
15675	15626
15510	15243
14722	13890
12871	11957
11435	11373
11617	11948
12226	12356
12208	11687
10936	10381
10431	11094
11902	12259
11902	11118
10527	10594
11265	12024
12293	11901
11181	10691
10734	11114
11359	11188
10799	10642
10943	11445
11694	11545
11303	11378
11787	12119
11952	11273
10508	10106
10136	10269
10146	9755
9467	9678
10374	11073
11243	10792
10200	10088
10679	11608
12230	12115
11354	10448
9940	10071
10688	11468
12150	12652
12984	13149
13131	12991
12881	12999
13425	14064
14705	15182
15454	15588
15649	15674
15685	15679
15650	15554
15325	14895
14306	13732
13412	13439
13726	14087
14398	14635
14818	14964
15076	15156
15208	15238
15253	15262
15271	15289
15315	15352
15388	15413
15426	15424
15414	15405
15399	15403
15419	15447
15495	15557
15633	15720
15819	15921
16020	16096
16154	16196
16225	16246
16260	16270
16273	16276
16276	16276
16276	16276
16276	16276
16276	16276
16276	16276
16276	16276
16276	16276
16276	16276
16276	16276
16276	16276
16276	16276
16276	16276
16276	16276
16276	16275
16273	16268
16260	16251
16244	16240
16229	16186
16043	15676
14926	13714
12134	10467
9008	7908
7152	6669
6407	6337
6421	6613
6880	7209
7592	8011
8462	8938
9441	9954
10469	10963
11434	11878
12291	12664
12990	13260
13470	13609
13664	13616
13430	13094
12650	12260
12175	12554
13327	14205
14917	15357
15574	15665
15698	15707
15704	15693
15669	15622
15533	15346
14978	14365
13563	12763
12187	11933
11947	12114
12346	12555
12594	12330
11826	11403
11406	11893
12529	12849
12625	12046
11578	11595
12083	12665
12915	12666
12148	11772
11789	12070
12271	12159
11858	11703
11889	12256
12476	12405
12241	12281
12563	12795
12657	12096
11419	10982
10890	10944
10872	10629
10453	10630
11169	11724
11882	11552
11087	10989
11470	12278
12898	12940
12391	11589
10971	10791
11031	11487
11974	12408
12750	12960
13016	12997
13056	13330
13827	14425
14952	15316
15515	15612
15656	15681
15691	15687
15654	15546
15281	14788
14119	13491
13164	13242
13598	14017
14366	14621
14811	14958
15071	15153
15206	15235
15252	15262
15275	15297
15336	15380
15421	15444
15444	15427
15401	15377
15367	15374
15398	15438
15492	15554
15631	15716
15816	15918
16014	16090
16147	16190
16218	16239
16255	16265
16271	16275
16276	16276
16276	16276
16276	16276
16276	16276
16276	16276
16276	16276
16276	16276
16276	16276
16276	16276
16276	16276
16276	16276
16276	16276
16276	16276
16276	16275
16273	16268
16260	16252
16246	16243
16234	16203
16095	15815
15236	14282
12994	11546
10137	8867
7759	6826
6113	5650
5418	5352
5404	5543
5767	6064
6428	6854
7333	7857
8412	8977
9546	10102
10635	11129
11577	11964
12287	12524
12655	12643
12462	12111
11672	11357
11441	12057
13057	14097
14887	15353
15574	15664
15696	15706
15702	15689
15662	15619
15551	15435
15212	14830
14296	13714
13223	12920
12808	12855
13015	13209
13304	13169
12824	12495
12450	12755
13198	13446
13328	12960
12651	12646
12951	13327
13503	13368
13057	12833
12861	13070
13221	13144
12902	12723
12775	12997
13178	13198
13137	13168
13332	13469
13364	12971
12455	12064
11911	11903
11869	11739
11636	11743
12086	12467
12604	12408
12100	12029
12375	12995
13527	13656
13310	12685
12090	11755
11735	11955
12288	12656
12983	13197
13280	13314
13449	13777
14262	14768
15179	15435
15571	15637
15671	15688
15699	15694
15658	15530
15225	14668
13925	13245
12917	13045
13471	13952
14338	14610
14804	14953
15064	15148
15203	15232
15248	15263
15280	15310
15353	15405
15447	15465
15455	15423
15382	15351
15339	15350
15383	15429
15485	15548
15620	15706
15804	15905
16000	16077
16135	16176
16206	16230
16245	16259
16267	16272
16275	16276
16276	16276
16276	16276
16276	16276
16276	16276
16276	16276
16276	16276
16276	16276
16276	16276
16276	16276
16276	16276
16276	16276
16276	16276
16276	16275
16273	16268
16261	16252
16246	16243
16239	16221
16152	15972
15595	14957
14056	12967
11764	10485
9157	7865
6753	5919
5372	5037
4840	4743
4735	4819
4994	5250
5583	5988
6452	6966
7515	8085
8658	9215
9742	10228
10653	10992
11197	11232
11071	10738
10363	10205
10538	11457
12731	13956
14839	15340
15568	15660
15695	15706
15703	15691
15665	15626
15576	15509
15393	15195
14899	14547
14213	13964
13829	13811
13887	13996
14024	13871
13555	13249
13149	13317
13602	13777
13726	13532
13381	13390
13538	13706
13769	13696
13560	13505
13611	13810
13933	13852
13596	13332
13227	13301
13464	13589
13647	13685
13748	13794
13733	13510
13182	12887
12729	12695
12690	12634
12559	12573
12734	12961
13089	13030
12875	12833
13057	13485
13898	14052
13860	13423
12953	12643
12574	12718
12988	13307
13595	13786
13865	13916
14054	14343
14728	15100
15378	15540
15624	15665
15689	15703
15709	15699
15652	15502
15151	14531
13717	12994
12675	12860
13354	13890
14310	14597
14796	14945
15055	15140
15198	15228
15246	15262
15285	15323
15371	15422
15457	15468
15450	15415
15371	15338
15327	15344
15379	15425
15477	15530
15593	15674
15772	15873
15973	16052
16112	16154
16185	16210
16229	16245
16260	16268
16273	16275
16276	16276
16276	16276
16276	16276
16276	16276
16276	16276
16276	16276
16276	16276
16276	16276
16276	16276
16276	16276
16276	16276
16276	16276
16276	16275
16273	16267
16260	16251
16244	16241
16240	16232
16198	16100
15893	15529
14985	14258
13330	12165
10777	9295
7929	6844
6076	5545
5157	4858
4637	4501
4457	4497
4621	4817
5085	5420
5811	6252
6728	7225
7730	8224
8682	9064
9309	9374
9245	8973
8742	8829
9507	10798
12385	13813
14798	15333
15570	15663
15698	15709
15707	15697
15676	15644
15608	15567
15514	15429
15294	15116
14925	14760
14649	14602
14602	14592
14476	14182
13761	13380
13224	13327
13537	13665
13649	13575
13555	13601
13637	13611
13534	13460
13460	13590
13848	14125
14257	14127
13760	13326
13032	12984
13156	13406
13580	13627
13602	13583
13568	13488
13306	13081
12927	12891
12921	12913
12836	12757
12778	12917
13075	13135
13091	13069
13208	13515
13839	13986
13865	13552
13225	13056
13109	13347
13677	14009
14273	14437
14517	14575
14690	14899
15152	15383
15543	15632
15675	15696
15711	15720
15720	15706
15642	15458
15054	14360
13479	12725
12429	12672
13240	13832
14285	14588
14793	14937
15049	15135
15191	15225
15243	15265
15295	15340
15389	15433
15459	15461
15439	15405
15365	15338
15330	15345
15377	15413
15447	15480
15529	15601
15701	15812
15919	16008
16075	16125
16159	16187
16209	16231
16249	16263
16270	16275
16276	16276
16276	16276
16276	16276
16276	16276
16276	16276
16276	16276
16276	16276
16276	16276
16276	16276
16276	16276
16276	16276
16276	16276
16276	16275
16272	16266
16257	16246
16239	16235
16238	16238
16227	16183
16083	15898
15605	15154
14474	13473
12141	10620
9155	7962
7097	6479
5996	5579
5217	4927
4712	4575
4512	4510
4564	4672
4836	5056
5326	5642
5991	6366
6737	7055
7259	7302
7184	6999
6959	7369
8458	10158
12065	13691
14765	15331
15577	15669
15702	15712
15711	15705
15689	15664
15637	15613
15589	15558
15504	15423
15320	15219
15135	15074
15010	14876
14577	14069
13446	12937
12739	12851
13069	13184
13168	13155
13239	13331
13284	13077
12839	12730
12844	13180
13656	14079
14238	14018
13466	12802
12307	12169
12384	12752
13022	13067
12979	12929
12975	12998
12884	12658
12474	12446
12527	12564
12463	12293
12221	12337
12552	12698
12708	12684
12790	13068
13367	13487
13346	13049
12809	12801
13072	13538
14040	14461
14750	14919
15009	15080
15174	15309
15458	15581
15661	15700
15718	15725
15734	15739
15737	15712
15631	15414
14952	14178
13229	12447
12182	12496
13139	13785
14270	14588
14794	14939
15047	15131
15188	15225
15247	15273
15309	15356
15403	15438
15452	15445
15425	15397
15368	15345
15338	15345
15362	15371
15376	15379
15404	15465
15567	15695
15825	15940
16026	16088
16132	16162
16191	16217
16241	16258
16268	16274
16276	16276
16276	16276
16276	16276
16276	16276
16276	16276
16276	16276
16276	16276
16276	16276
16276	16276
16276	16276
16276	16276
16276	16276
16276	16275
16271	16264
16253	16239
16231	16230
16235	16241
16241	16224
16178	16088
15929	15648
15137	14284
13052	11573
10111	8908
8036	7414
6917	6469
6053	5689
5391	5162
4987	4860
4767	4706
4676	4690
4742	4830
4959	5124
5308	5464
5536	5490
5344	5225
5378	6108
7594	9670
11848	13625
14760	15342
15585	15674
15705	15715
15714	15710
15698	15680
15660	15641
15629	15616
15595	15555
15496	15425
15353	15275
15157	14910
14427	13689
12852	12227
12041	12230
12496	12586
12529	12533
12689	12827
12710	12332
11930	11773
12000	12568
13289	13876
14062	13725
12963	12069
11411	11215
11477	11933
12261	12298
12180	12161
12294	12396
12283	11990
11749	11735
11879	11957
11820	11564
11435	11562
11830	12006
12000	11964
12096	12416
12723	12784
12537	12163
11936	12062
12567	13304
14044	14616
14976	15174
15284	15366
15451	15545
15632	15693
15728	15744
15747	15750
15752	15756
15751	15721
15627	15377
14857	14015
13005	12213
11985	12368
13075	13769
14280	14609
14817	14958
15057	15136
15193	15232
15260	15289
15328	15373
15411	15428
15428	15413
15391	15369
15345	15323
15305	15292
15277	15252
15216	15184
15179	15230
15342	15501
15677	15836
15961	16047
16104	16144
16176	16205
16231	16252
16266	16272
16275	16276
16276	16276
16276	16276
16276	16276
16276	16276
16276	16276
16276	16276
16276	16276
16276	16276
16276	16276
16276	16276
16276	16276
16276	16274
16271	16263
16250	16237
16228	16224
16232	16241
16244	16238
16212	16164
16066	15868
15457	14707
13562	12142
10713	9532
8684	8094
7624	7194
6784	6415
6102	5854
5652	5489
5342	5209
5088	4983
4888	4809
4749	4716
4698	4665
4568	4389
4173	4073
4360	5332
7112	9447
11796	13641
14791	15362
15595	15677
15707	15718
15718	15712
15702	15688
15672	15658
15647	15640
15628	15603
15559	15498
15425	15332
15165	14823
14187	13257
12269	11606
11501	11800
12101	12135
11998	11986
12194	12365
12183	11646
11095	10911
11264	12063
13004	13713
13886	13422
12478	11425
10670	10460
10750	11244
11579	11605
11507	11574
11832	12017
11885	11515
11223	11236
11450	11557
11369	11035
10867	11010
11286	11421
11355	11315
11522	11924
12227	12174
11766	11267
11020	11239
11936	12913
13875	14602
15041	15272
15402	15492
15573	15647
15706	15744
15762	15767
15766	15768
15768	15768
15762	15730
15624	15350
14784	13890
12847	12062
11882	12321
13074	13790
14311	14646
14852	14987
15078	15148
15202	15245
15275	15308
15339	15369
15385	15382
15360	15331
15300	15270
15236	15200
15162	15118
15066	15001
14923	14854
14821	14865
14999	15208
15455	15686
15870	15994
16073	16123
16162	16193
16223	16248
16264	16272
16275	16276
16276	16276
16276	16276
16276	16276
16276	16276
16276	16276
16276	16276
16276	16276
16276	16276
16276	16276
16276	16276
16276	16276
16276	16274
16270	16263
16249	16235
16224	16223
16230	16241
16246	16242
16223	16188
16114	15952
15595	14908
13822	12443
11037	9865
9033	8462
8025	7624
7243	6899
6611	6387
6212	6069
5941	5816
5691	5561
5424	5280
5131	4986
4838	4665
4430	4126
3821	3690
4028	5122
7054	9508
11902	13733
14845	15386
15602	15681
15708	15718
15719	15714
15705	15692
15676	15666
15656	15651
15640	15618
15580	15524
15448	15340
15137	14716
13961	12902
11844	11224
11237	11641
11948	11898
11680	11656
11907	12099
11853	11188
10531	10355
10848	11842
12934	13681
13786	13194
12115	10971
10195	10006
10314	10804
11109	11124
11076	11262
11664	11940
11818	11417
11120	11176
11445	11552
11312	10922
10736	10872
11099	11126
10980	10960
11274	11758
12024	11820
11236	10634
10374	10667
11498	12638
13744	14568
15056	15305
15438	15531
15612	15678
15730	15760
15773	15776
15776	15776
15775	15775
15767	15734
15622	15328
14729	13801
12750	11990
11857	12340
13109	13831
14349	14681
14884	15012
15096	15159
15206	15241
15269	15290
15300	15298
15278	15240
15193	15140
15089	15035
14977	14912
14841	14764
14677	14573
14458	14354
14300	14338
14504	14785
15135	15473
15746	15928
16039	16104
16146	16182
16216	16243
16261	16271
16274	16276
16276	16276
16276	16276
16276	16276
16276	16276
16276	16276
16276	16276
16276	16276
16276	16276
16276	16276
16276	16276
16276	16276
16276	16274
16270	16263
16250	16236
16226	16223
16230	16241
16246	16240
16223	16187
16121	15979
15654	15006
13957	12600
11192	10010
9164	8597
8172	7799
7446	7133
6880	6689
6555	6457
6371	6288
6199	6101
5990	5859
5710	5549
5366	5137
4830	4447
4061	3875
4199	5323
7285	9739
12091	13854
14904	15407
15609	15681
15708	15717
15718	15714
15705	15692
15680	15669
15660	15654
15645	15628
15595	15542
15466	15348
15109	14625
13776	12634
11555	11001
11129	11605
11896	11782
11520	11519
11827	12038
11740	10993
10285	10159
10789	11923
13067	13764
13747	13018
11840	10659
9901	9753
10084	10558
10822	10815
10808	11105
11636	12013
11945	11579
11332	11446
11741	11822
11525	11099
10913	11031
11165	11054
10818	10832
11251	11797
12009	11659
10936	10275
10046	10423
11357	12582
13748	14592
15081	15322
15449	15538
15616	15682
15732	15761
15775	15780
15780	15779
15778	15778
15773	15739
15618	15306
14680	13723
12666	11930
11837	12347
13119	13831
14339	14665
14865	14990
15066	15120
15157	15181
15188	15180
15150	15098
15030	14951
14866	14782
14702	14619
14525	14421
14313	14201
14080	13938
13781	13636
13548	13577
13780	14164
14664	15166
15573	15843
15996	16079
16131	16173
16209	16241
16260	16271
16274	16276
16276	16276
16276	16276
16276	16276
16276	16276
16276	16276
16276	16276
16276	16276
16276	16276
16276	16276
16276	16276
16276	16276
16276	16274
16270	16263
16250	16237
16228	16225
16232	16240
16243	16236
16215	16178
16118	15989
15684	15062
14038	12688
11265	10054
9182	8602
8178	7818
7489	7204
6976	6817
6713	6647
6598	6552
6503	6447
6378	6293
6190	6065
5906	5685
5366	4948
4516	4281
4563	5661
7593	9994
12267	13954
14948	15423
15612	15682
15708	15717
15718	15715
15705	15692
15680	15670
15663	15656
15648	15635
15608	15562
15491	15360
15090	14542
13614	12408
11328	10834
11038	11546
11820	11673
11433	11501
11878	12111
11793	11011
10319	10279
11026	12227
13335	13907
13734	12871
11609	10406
9677	9574
9940	10404
10635	10601
10621	10992
11616	12077
12089	11801
11634	11806
12102	12130
11776	11337
11164	11260
11287	11035
10717	10753
11247	11827
11978	11513
10704	10040
9896	10395
11432	12709
13866	14674
15124	15337
15446	15527
15601	15667
15721	15757
15772	15779
15779	15781
15781	15782
15774	15737
15609	15277
14620	13626
12538	11797
11709	12224
12996	13699
14202	14527
14726	14851
14926	14972
14996	14996
14970	14912
14828	14721
14598	14471
14348	14230
14114	13990
13852	13698
13540	13379
13206	13012
12797	12590
12450	12467
12730	13269
13992	14738
15339	15733
15951	16060
16118	16164
16203	16237
16258	16270
16274	16276
16276	16276
16276	16276
16276	16276
16276	16276
16276	16276
16276	16276
16276	16276
16276	16276
16276	16276
16276	16276
16276	16276
16276	16275
16270	16265
16254	16243
16232	16231
16235	16243
16240	16228
16202	16164
16107	15990
15704	15104
14097	12745
11304	10062
9160	8558
8132	7780
7469	7202
6995	6853
6763	6712
6680	6654
6628	6596
6559	6514
6457	6377
6259	6066
5765	5349
4901	4635
4882	5937
7816	10150
12357	13996
14961	15425
15612	15682
15708	15718
15719	15715
15705	15692
15680	15670
15664	15657
15653	15642
15621	15583
15510	15369
15062	14456
13459	12213
11155	10724
10975	11485
11723	11571
11386	11548
11999	12261
11944	11181
10557	10621
11450	12642
13645	14051
13715	12726
11404	10201
9509	9451
9840	10302
10506	10469
10521	10945
11624	12133
12197	11981
11890	12098
12369	12330
11926	11488
11340	11414
11348	10982
10606	10657
11186	11756
11836	11283
10433	9814
9796	10462
11623	12938
14054	14792
15176	15347
15435	15502
15573	15643
15703	15743
15767	15775
15778	15781
15781	15781
15770	15728
15589	15239
14545	13497
12348	11542
11410	11895
12654	13357
13864	14190
14398	14526
14602	14637
14641	14609
14541	14432
14291	14124
13948	13769
13598	13435
13270	13089
12883	12658
12423	12184
11935	11663
11374	11102
10923	10966
11351	12124
13162	14220
15069	15616
15906	16042
16109	16159
16200	16234
16258	16270
16274	16276
16276	16276
16276	16276
16276	16276
16276	16276
16276	16276
16276	16276
16276	16276
16276	16276
16276	16276
16276	16276
16276	16276
16276	16275
16270	16265
16255	16244
16236	16236
16239	16243
16240	16222
16192	16150
16098	15991
15721	15143
14148	12798
11342	10073
9144	8524
8087	7738
7440	7190
6994	6860
6772	6720
6685	6661
6639	6617
6596	6576
6548	6500
6412	6243
5963	5562
5115	4836
5049	6050
7865	10143
12317	13951
14928	15406
15606	15679
15706	15717
15718	15715
15705	15692
15680	15670
15664	15658
15654	15645
15628	15591
15520	15363
15023	14359
13317	12080
11094	10759
11062	11532
11704	11524
11386	11631
12146	12429
12129	11423
10904	11074
11945	13077
13931	14162
13671	12590
11246	10080
9443	9421
9813	10255
10449	10437
10557	11050
11758	12262
12329	12143
12087	12304
12527	12412
11962	11535
11416	11476
11346	10915
10534	10614
11149	11660
11642	11004
10139	9598
9742	10589
11879	13215
14270	14916
15226	15353
15411	15467
15534	15609
15675	15729
15758	15770
15775	15779
15779	15778
15764	15715
15563	15190
14453	13332
12079	11154
10909	11320
12045	12741
13257	13597
13816	13955
14030	14051
14024	13948
13825	13659
13455	13229
12993	12748
12512	12276
12037	11776
11485	11168
10842	10516
10191	9855
9525	9244
9112	9277
9885	10968
12360	13743
14829	15515
15873	16031
16107	16154
16198	16233
16258	16270
16274	16276
16276	16276
16276	16276
16276	16276
16276	16276
16276	16276
16276	16276
16276	16276
16276	16276
16276	16276
16276	16276
16276	16276
16276	16275
16270	16265
16255	16245
16239	16239
16242	16243
16236	16215
16179	16137
16088	15992
15740	15183
14204	12861
11396	10106
9154	8514
8068	7716
7424	7185
6999	6864
6771	6709
6668	6634
6606	6582
6565	6553
6540	6509
6431	6278
6015	5628
5189	4897
5064	5990
7726	9954
12131	13813
14844	15364
15587	15672
15704	15717
15718	15715
15705	15692
15680	15670
15664	15657
15653	15644
15629	15594
15519	15347
14974	14270
13210	12028
11178	10989
11344	11753
11803	11551
11422	11723
12274	12571
12297	11668
11269	11538
12421	13459
14157	14225
13610	12465
11139	10044
9484	9497
9876	10279
10460	10498
10716	11292
12017	12484
12508	12304
12250	12449
12611	12424
11935	11525
11435	11489
11317	10881
10553	10701
11229	11643
11491	10770
9915	9475
9778	10789
12170	13500
14477	15032
15274	15356
15387	15428
15491	15571
15650	15710
15748	15768
15774	15777
15777	15774
15757	15700
15534	15133
14344	13128
11726	10618
10193	10470
11124	11801
12328	12687
12922	13069
13132	13122
13043	12909
12718	12479
12202	11902
11589	11273
10958	10639
10317	9978
9616	9238
8860	8494
8149	7833
7567	7405
7462	7886
8804	10211
11893	13495
14722	15478
15860	16028
16102	16151
16192	16231
16255	16270
16274	16276
16276	16276
16276	16276
16276	16276
16276	16276
16276	16276
16276	16276
16276	16276
16276	16276
16276	16276
16276	16276
16276	16276
16276	16275
16271	16265
16257	16248
16243	16242
16245	16245
16234	16211
16173	16130
16085	15998
15765	15231
14280	12953
11488	10180
9201	8535
8072	7714
7424	7188
7006	6870
6769	6698
6646	6606
6568	6539
6519	6510
6498	6469
6396	6251
5995	5622
5184	4868
4971	5791
7420	9595
11803	13574
14704	15298
15557	15661
15701	15716
15717	15715
15705	15692
15680	15670
15664	15657
15653	15644
15630	15597
15518	15333
14931	14198
13149	12063
11383	11359
11767	12087
11981	11615
11455	11774
12340	12646
12411	11877
11600	11952
12824	13760
14315	14249
13539	12362
11069	10062
9590	9646
10014	10375
10535	10607
10896	11534
12267	12700
12688	12470
12410	12578
12678	12422
11905	11511
11446	11486
11291	10876
10640	10870
11391	11696
11421	10646
9839	9513
9943	11043
12457	13749
14647	15123
15309	15355
15366	15395
15457	15539
15625	15695
15741	15764
15772	15774
15774	15770
15750	15683
15503	15069
14213	12872
11273	9906
9221	9289
9823	10460
10990	11368
11620	11757
11793	11731
11589	11378
11111	10796
10446	10079
9706	9337
8968	8610
8251	7895
7534	7175
6840	6538
6287	6112
6036	6142
6524	7307
8548	10188
11983	13606
14801	15521
15875	16026
16095	16143
16187	16227
16255	16269
16274	16276
16276	16276
16276	16276
16276	16276
16276	16276
16276	16276
16276	16276
16276	16276
16276	16276
16276	16276
16276	16276
16276	16276
16276	16275
16273	16266
16259	16250
16246	16245
16247	16247
16236	16212
16176	16131
16088	16006
15790	15286
14372	13073
11615	10287
9273	8578
8095	7727
7434	7200
7017	6880
6773	6693
6635	6586
6542	6508
6481	6464
6448	6416
6342	6199
5953	5585
5149	4799
4819	5508
7004	9118
11371	13258
14521	15209
15520	15647
15695	15713
15716	15715
15705	15692
15680	15670
15663	15657
15653	15646
15630	15598
15518	15326
14910	14170
13160	12190
11681	11796
12224	12441
12183	11699
11481	11781
12342	12663
12489	12066
11910	12328
13166	13997
14424	14260
13494	12313
11067	10146
9761	9874
10249	10580
10699	10750
11038	11674
12398	12831
12837	12649
12599	12737
12777	12466
11941	11571
11522	11532
11300	10899
10728	11014
11522	11749
11408	10655
9944	9733
10226	11334
12707	13934
14763	15184
15333	15357
15356	15375
15434	15517
15610	15684
15735	15761
15771	15772
15774	15766
15742	15669
15470	15001
14062	12564
10720	9037
8015	7798
8147	8694
9202	9585
9836	9958
9957	9847
9648	9386
9072	8721
8347	7968
7597	7243
6904	6584
6283	6004
5742	5509
5314	5176
5118	5167
5373	5818
6586	7729
9222	10926
12616	14042
15048	15631
15911	16029
16087	16133
16180	16222
16251	16266
16274	16276
16276	16276
16276	16276
16276	16276
16276	16276
16276	16276
16276	16276
16276	16276
16276	16276
16276	16276
16276	16276
16276	16276
16276	16275
16273	16268
16260	16251
16248	16246
16248	16247
16238	16214
16181	16138
16096	16019
15819	15348
14479	13220
11770	10418
9366	8632
8124	7748
7449	7213
7030	6891
6781	6698
6632	6578
6530	6488
6456	6430
6404	6364
6289	6144
5904	5545
5104	4719
4652	5201
6556	8601
10897	12913
14319	15110
15479	15632
15689	15712
15716	15715
15705	15692
15680	15670
15663	15657
15653	15644
15627	15595
15518	15329
14924	14216
13288	12454
12091	12283
12688	12803
12434	11867
11593	11843
12373	12711
12623	12328
12279	12722
13493	14201
14520	14296
13535	12405
11242	10413
10117	10291
10686	10984
11045	11026
11234	11791
12474	12926
13003	12892
12877	12987
12972	12637
12130	11798
11752	11724
11439	11020
10852	11136
11601	11794
11478	10833
10270	10158
10653	11678
12939	14071
14836	15219
15348	15360
15352	15367
15424	15507
15601	15678
15731	15760
15772	15772
15773	15763
15734	15654
15438	14924
13892	12229
10128	8114
6728	6186
6299	6708
7154	7508
7741	7845
7829	7707
7511	7262
6980	6676
6363	6061
5776	5518
5289	5090
4924	4790
4694	4641
4640	4707
4861	5142
5621	6378
7479	8895
10504	12112
13535	14636
15367	15775
15963	16045
16089	16132
16177	16221
16251	16267
16274	16276
16276	16276
16276	16276
16276	16276
16276	16276
16276	16276
16276	16276
16276	16276
16276	16276
16276	16276
16276	16276
16276	16276
16276	16275
16273	16268
16262	16253
16252	16250
16250	16251
16242	16221
16189	16149
16107	16034
15848	15411
14593	13379
11943	10568
9470	8696
8162	7769
7467	7229
7047	6906
6795	6709
6640	6579
6527	6478
6434	6398
6362	6313
6232	6087
5851	5502
5061	4654
4508	4930
6150	8121
10450	12583
14125	15020
15446	15619
15686	15711
15716	15715
15705	15692
15680	15670
15663	15657
15651	15638
15617	15583
15510	15339
14981	14362
13569	12890
12639	12851
13188	13221
12812	12235
11933	12116
12579	12918
12920	12753
12783	13199
13850	14415
14638	14402
13717	12726
11724	11030
10820	11032
11414	11671
11673	11571
11669	12097
12691	13144
13301	13279
13295	13375
13317	12986
12540	12266
12221	12152
11828	11379
11175	11383
11779	11958
11734	11259
10871	10834
11275	12144
13229	14221
14902	15244
15358	15363
15351	15364
15418	15502
15596	15675
15729	15758
15770	15772
15773	15761
15729	15639
15404	14842
13722	11905
9585	7292
5607	4787
4675	4938
5293	5600
5808	5904
5906	5831
5703	5544
5370	5190
5011	4843
4695	4577
4487	4433
4418	4441
4509	4622
4789	5021
5336	5788
6452	7423
8736	10290
11888	13311
14424	15194
15664	15910
16023	16071
16103	16140
16185	16224
16253	16267
16274	16276
16276	16276
16276	16276
16276	16276
16276	16276
16276	16276
16276	16276
16276	16276
16276	16276
16276	16276
16276	16276
16276	16276
16276	16275
16274	16269
16263	16258
16254	16253
16254	16253
16246	16228
16201	16166
16121	16051
15879	15477
14712	13547
12129	10731
9585	8762
8197	7789
7481	7244
7064	6924
6815	6727
6655	6588
6528	6469
6414	6365
6317	6259
6173	6030
5802	5463
5036	4616
4417	4738
5839	7737
10080	12304
13959	14945
15419	15613
15684	15712
15716	15715
15705	15692
15680	15670
15663	15656
15648	15631
15604	15563
15497	15359
15074	14592
13984	13478
13307	13486
13733	13717
13346	12849
12572	12688
13052	13352
13412	13344
13411	13749
14238	14643
14781	14579
14043	13281
12518	12003
11875	12080
12402	12597
12562	12420
12430	12718
13179	13576
13767	13808
13843	13886
13803	13516
13166	12965
12929	12835
12511	12079
11840	11952
12243	12397
12270	11971
11740	11755
12104	12773
13626	14425
14985	15273
15367	15368
15355	15364
15413	15495
15587	15667
15725	15758
15772	15774
15772	15760
15721	15622
15365	14756
13547	11606
9134	6679
4831	3860
3621	3788
4084	4357
4553	4664
4708	4707
4681	4643
4604	4563
4527	4495
4474	4472
4495	4550
4641	4772
4943	5162
5432	5749
6147	6675
7428	8498
9898	11485
13003	14230
15081	15600
15882	16019
16078	16105
16126	16160
16196	16231
16255	16270
16274	16276
16276	16276
16276	16276
16276	16276
16276	16276
16276	16276
16276	16276
16276	16276
16276	16276
16276	16276
16276	16276
16276	16276
16276	16275
16274	16270
16266	16260
16257	16257
16258	16257
16252	16238
16212	16178
16137	16067
15908	15543
14829	13717
12321	10904
9707	8833
8229	7807
7492	7258
7083	6952
6849	6765
6687	6613
6538	6465
6394	6329
6267	6196
6104	5964
5749	5436
5032	4622
4394	4642
5644	7467
9799	12082
13825	14884
15399	15611
15685	15712
15716	15715
15705	15692
15680	15670
15662	15656
15646	15625
15591	15548
15487	15385
15187	14857
14443	14105
13996	14111
14264	14235
13966	13610
13401	13465
13713	13937
14013	14003
14069	14298
14615	14865
14943	14798
14441	13943
13451	13122
13058	13214
13440	13567
13522	13397
13368	13538
13845	14143
14315	14382
14418	14433
14347	14135
13892	13766
13741	13653
13384	13027
12805	12833
13002	13104
13038	12874
12758	12797
13044	13507
14105	14681
15095	15313
15383	15381
15363	15368
15410	15490
15578	15659
15720	15755
15771	15775
15771	15756
15714	15600
15319	14658
13369	11328
8771	6266
4409	3443
3213	3386
3690	3974
4189	4329
4415	4475
4527	4581
4642	4702
4763	4820
4874	4933
5008	5108
5241	5407
5614	5868
6164	6503
6909	7445
8216	9317
10738	12304
13731	14807
15481	15846
16019	16095
16123	16141
16158	16184
16215	16242
16260	16271
16274	16276
16276	16276
16276	16276
16276	16276
16276	16276
16276	16276
16276	16276
16276	16276
16276	16276
16276	16276
16276	16276
16276	16276
16276	16276
16275	16273
16271	16266
16263	16262
16263	16263
16258	16244
16221	16191
16149	16084
15940	15608
14951	13897
12528	11091
9839	8904
8259	7819
7503	7275
7114	6997
6905	6821
6737	6649
6557	6463
6374	6288
6207	6120
6021	5886
5690	5407
5043	4660
4432	4630
5556	7302
9599	11905
13708	14826
15382	15608
15686	15714
15716	15715
15705	15692
15680	15670
15662	15656
15646	15624
15590	15546
15494	15422
15297	15097
14850	14644
14574	14631
14709	14685
14524	14317
14190	14219
14360	14501
14562	14573
14619	14746
14914	15046
15083	14998
14800	14530
14264	14088
14058	14153
14283	14352
14320	14243
14215	14302
14480	14666
14793	14859
14893	14900
14836	14699
14559	14489
14473	14410
14227	13985
13820	13797
13860	13894
13843	13756
13710	13753
13916	14202
14577	14943
15216	15362
15411	15402
15382	15378
15412	15480
15567	15647
15714	15753
15775	15779
15776	15757
15706	15580
15268	14553
13177	11052
8448	5976
4216	3374
3257	3521
3895	4237
4495	4674
4790	4881
4966	5059
5156	5258
5352	5441
5514	5584
5659	5753
5870	6024
6219	6459
6738	7056
7440	7960
8731	9847
11274	12809
14162	15134
15703	15983
16100	16144
16162	16171
16185	16204
16228	16249
16265	16272
16275	16276
16276	16276
16276	16276
16276	16276
16276	16276
16276	16276
16276	16276
16276	16276
16276	16276
16276	16276
16276	16276
16276	16276
16276	16276
16276	16274
16273	16272
16270	16269
16269	16267
16263	16249
16228	16198
16158	16095
15969	15672
15075	14083
12748	11292
9981	8977
8287	7826
7517	7304
7161	7066
6984	6903
6808	6700
6584	6465
6351	6240
6135	6030
5921	5786
5610	5368
5054	4718
4506	4685
5550	7219
9465	11763
13603	14767
15359	15603
15687	15714
15717	15715
15705	15692
15680	15670
15663	15656
15647	15628
15597	15557
15511	15457
15382	15268
15132	15015
14965	14980
15009	14993
14916	14816
14756	14768
14835	14909
14944	14957
14978	15038
15108	15165
15177	15138
15048	14924
14804	14723
14709	14750
14811	14846
14836	14801
14791	14832
14922	15026
15109	15166
15203	15213
15181	15112
15043	15010
15000	14958
14857	14722
14619	14577
14569	14543
14489	14434
14417	14459
14563	14730
14946	15157
15322	15412
15442	15430
15403	15391
15412	15473
15556	15638
15707	15752
15776	15782
15778	15757
15702	15561
15215	14434
12971	10760
8138	5734
4114	3437
3473	3861
4334	4751
5063	5273
5405	5500
5586	5674
5767	5859
5946	6024
6087	6140
6191	6252
6338	6457
6623	6831
7081	7371
7732	8248
9032	10174
11620	13139
14435	15333
15835	16065
16153	16183
16192	16197
16206	16222
16238	16256
16267	16273
16275	16276
16276	16276
16276	16276
16276	16276
16276	16276
16276	16276
16276	16276
16276	16276
16276	16276
16276	16276
16276	16276
16276	16276
16276	16276
16276	16276
16275	16274
16274	16273
16272	16271
16265	16253
16227	16196
16153	16098
15989	15737
15200	14277
12977	11507
10132	9058
8314	7836
7531	7342
7229	7154
7083	6999
6889	6758
6614	6469
6326	6188
6056	5927
5799	5662
5506	5307
5051	4773
4601	4788
5615	7220
9404	11670
13516	14711
15331	15594
15685	15713
15717	15715
15705	15692
15680	15670
15663	15657
15649	15634
15608	15572
15531	15488
15433	15365
15290	15220
15184	15172
15174	15164
15132	15095
15069	15076
15102	15131
15148	15154
15161	15182
15208	15226
15228	15213
15177	15129
15081	15044
15034	15044
15065	15084
15090	15086
15087	15108
15149	15203
15259	15314
15356	15380
15376	15352
15323	15308
15295	15270
15220	15160
15104	15062
15014	14952
14883	14839
14835	14874
14945	15047
15171	15293
15394	15456
15476	15460
15427	15408
15421	15475
15550	15634
15703	15751
15776	15784
15781	15759
15700	15543
15158	14307
12750	10466
7832	5506
4027	3501
3666	4158
4713	5193
5552	5784
5922	6011
6081	6154
6224	6295
6356	6413
6454	6488
6516	6549
6607	6700
6840	7024
7249	7517
7873	8406
9227	10417
11890	13396
14643	15478
15924	16121
16188	16208
16212	16214
16220	16231
16246	16259
16268	16273
16275	16276
16276	16276
16276	16276
16276	16276
16276	16276
16276	16276
16276	16276
16276	16276
16276	16276
16276	16276
16276	16276
16276	16276
16276	16276
16276	16276
16276	16276
16276	16276
16275	16272
16265	16252
16224	16188
16142	16094
16006	15798
15328	14474
13216	11732
10298	9148
8349	7847
7551	7389
7304	7252
7193	7102
6975	6818
6646	6473
6300	6130
5964	5807
5655	5514
5374	5216
5018	4809
4704	4928
5758	7319
9437	11650
13475	14674
15309	15584
15682	15712
15717	15714
15705	15692
15680	15670
15663	15657
15652	15639
15616	15586
15548	15506
15460	15410
15357	15313
15278	15260
15247	15237
15224	15211
15203	15206
15213	15224
15230	15233
15235	15240
15246	15251
15252	15244
15231	15211
15189	15168
15156	15152
15161	15171
15183	15194
15201	15213
15234	15268
15313	15365
15413	15448
15464	15463
15455	15445
15433	15414
15390	15366
15339	15297
15236	15157
15082	15039
15036	15069
15125	15197
15279	15361
15433	15485
15503	15487
15455	15430
15437	15483
15557	15636
15705	15752
15778	15786
15783	15760
15697	15524
15097	14174
12531	10186
7561	5312
3944	3521
3768	4322
4924	5444
5830	6073
6214	6297
6359	6414
6467	6518
6562	6600
6629	6651
6666	6688
6728	6807
6934	7105
7315	7581
7949	8513
9393	10642
12146	13634
14827	15594
15991	16157
16215	16228
16228	16225
16230	16237
16247	16260
16268	16273
16275	16276
16276	16276
16276	16276
16276	16276
16276	16276
16276	16276
16276	16276
16276	16276
16276	16276
16276	16276
16276	16276
16276	16276
16276	16276
16276	16276
16276	16276
16276	16276
16276	16273
16266	16249
16221	16180
16136	16091
16025	15857
15450	14660
13447	11960
10478	9253
8396	7866
7574	7433
7378	7348
7299	7206
7060	6879
6680	6475
6271	6068
5870	5679
5500	5346
5220	5100
4964	4834
4818	5119
5987	7538
9599	11742
13510	14682
15310	15582
15681	15710
15714	15712
15703	15691
15680	15669
15662	15656
15651	15640
15620	15592
15556	15515
15473	15426
15383	15343
15313	15289
15274	15262
15255	15249
15248	15247
15250	15253
15254	15254
15255	15254
15257	15258
15258	15255
15246	15235
15220	15204
15188	15179
15181	15190
15204	15215
15225	15235
15250	15274
15316	15369
15425	15468
15494	15503
15505	15496
15485	15470
15459	15452
15437	15398
15331	15247
15169	15120
15114	15139
15190	15251
15320	15390
15456	15506
15525	15514
15479	15453
15457	15499
15567	15643
15709	15754
15781	15789
15784	15762
15690	15500
15028	14036
12323	9949
7355	5182
3887	3519
3796	4365
4988	5522
5919	6169
6315	6394
6452	6502
6548	6588
6623	6653
6679	6700
6716	6735
6772	6848
6969	7134
7343	7610
7996	8609
9556	10869
12402	13864
14992	15690
16039	16180
16227	16237
16237	16233
16236	16240
16251	16261
16269	16273
16275	16276
16276	16276
16276	16276
16276	16276
16276	16276
16276	16276
16276	16276
16276	16276
16276	16276
16276	16276
16276	16276
16276	16276
16276	16276
16276	16276
16276	16276
16276	16276
16276	16274
16266	16250
16221	16181
16136	16098
16048	15914
15558	14830
13666	12188
10665	9379
8462	7897
7597	7472
7440	7435
7398	7303
7143	6938
6710	6475
6243	6009
5774	5546
5340	5173
5053	4965
4896	4855
4945	5358
6311	7888
9906	11962
13644	14749
15336	15591
15681	15707
15711	15708
15701	15689
15677	15667
15659	15654
15649	15637
15621	15595
15560	15518
15476	15430
15389	15352
15320	15297
15279	15269
15262	15259
15256	15257
15258	15258
15257	15256
15256	15256
15256	15256
15256	15255
15249	15240
15226	15210
15195	15183
15180	15186
15198	15208
15217	15224
15238	15263
15304	15360
15419	15470
15502	15516
15521	15515
15507	15496
15492	15489
15478	15444
15378	15293
15211	15159
15147	15168
15211	15267
15330	15396
15462	15515
15542	15536
15507	15480
15483	15520
15583	15651
15713	15753
15777	15785
15783	15758
15678	15464
14947	13895
12140	9777
7245	5146
3893	3526
3789	4346
4962	5500
5898	6150
6297	6380
6442	6490
6538	6576
6611	6644
6674	6700
6722	6746
6787	6863
6985	7151
7360	7635
8050	8711
9731	11108
12662	14087
15145	15777
16078	16195
16234	16242
16240	16237
16238	16243
16252	16262
16269	16273
16275	16276
16276	16276
16276	16276
16276	16276
16276	16276
16276	16276
16276	16276
16276	16276
16276	16276
16276	16276
16276	16276
16276	16276
16276	16276
16276	16276
16276	16276
16276	16276
16276	16274
16268	16255
16228	16192
16152	16118
16075	15962
15649	14977
13866	12404
10860	9517
8546	7943
7632	7512
7499	7510
7486	7391
7219	6991
6737	6473
6213	5948
5682	5419
5185	5001
4885	4826
4815	4871
5092	5646
6717	8350
10342	12303
13862	14864
15387	15606
15680	15700
15702	15701
15693	15684
15672	15662
15654	15649
15643	15632
15615	15591
15556	15516
15476	15430
15391	15354
15323	15299
15283	15272
15265	15262
15260	15260
15259	15257
15254	15253
15253	15253
15253	15253
15254	15252
15250	15239
15228	15210
15196	15182
15177	15179
15187	15197
15203	15210
15223	15247
15289	15345
15407	15458
15496	15518
15526	15527
15521	15516
15510	15510
15500	15469
15407	15326
15246	15190
15167	15179
15211	15260
15321	15390
15462	15522
15557	15558
15535	15512
15511	15545
15598	15660
15713	15753
15773	15782
15778	15751
15659	15416
14853	13756
11993	9688
7253	5218
3971	3566
3776	4302
4902	5431
5825	6078
6225	6313
6380	6439
6487	6534
6575	6615
6653	6689
6718	6748
6795	6874
6999	7168
7380	7668
8110	8824
9914	11351
12918	14302
15287	15850
16111	16211
16239	16246
16245	16243
16241	16246
16254	16262
16269	16274
16275	16276
16276	16276
16276	16276
16276	16276
16276	16276
16276	16276
16276	16276
16276	16276
16276	16276
16276	16276
16276	16276
16276	16276
16276	16276
16276	16276
16276	16276
16276	16276
16276	16274
16270	16258
16237	16204
16171	16139
16103	16003
15723	15099
14039	12606
11048	9664
8643	8009
7684	7566
7567	7590
7573	7474
7289	7041
6760	6470
6184	5895
5599	5307
5042	4839
4720	4687
4737	4893
5253	5974
7197	8910
10878	12724
14133	15006
15440	15615
15671	15685
15685	15683
15677	15670
15663	15653
15646	15638
15632	15620
15604	15582
15550	15514
15474	15430
15391	15354
15323	15299
15283	15272
15265	15261
15260	15259
15256	15252
15249	15246
15245	15244
15244	15246
15248	15249
15247	15239
15228	15210
15194	15180
15172	15173
15179	15188
15195	15201
15212	15236
15276	15330
15392	15445
15485	15514
15533	15539
15538	15532
15527	15524
15515	15485
15432	15360
15285	15226
15194	15189
15207	15247
15303	15374
15453	15522
15568	15578
15564	15543
15541	15566
15610	15661
15707	15743
15764	15773
15771	15741
15638	15360
14752	13624
11898	9701
7386	5414
4138	3648
3780	4253
4824	5339
5724	5972
6122	6216
6293	6362
6424	6481
6536	6587
6638	6683
6722	6758
6810	6893
7021	7190
7411	7715
8186	8957
10114	11602
13167	14501
15413	15914
16138	16218
16243	16248
16246	16245
16243	16247
16254	16263
16269	16274
16275	16276
16276	16276
16276	16276
16276	16276
16276	16276
16276	16276
16276	16276
16276	16276
16276	16276
16276	16276
16276	16276
16276	16276
16276	16276
16276	16276
16276	16276
16276	16276
16276	16274
16271	16261
16244	16217
16190	16160
16128	16034
15781	15206
14197	12796
11233	9814
8753	8088
7755	7645
7650	7678
7661	7553
7354	7082
6779	6468
6157	5849
5532	5216
4925	4704
4580	4565
4666	4925
5438	6343
7735	9536
11475	13187
14423	15146
15489	15617
15655	15663
15663	15662
15660	15656
15651	15644
15634	15626
15614	15602
15586	15568
15542	15509
15470	15429
15389	15354
15323	15299
15283	15272
15265	15261
15260	15257
15254	15246
15242	15236
15234	15232
15233	15234
15239	15242
15242	15237
15226	15210
15194	15179
15172	15170
15178	15185
15193	15199
15209	15229
15265	15315
15374	15428
15473	15508
15535	15552
15555	15549
15539	15533
15521	15497
15455	15395
15329	15270
15224	15200
15199	15224
15275	15349
15433	15516
15573	15597
15591	15577
15572	15586
15619	15660
15698	15730
15749	15763
15761	15728
15610	15300
14649	13516
11866	9824
7662	5749
4410	3795
3810	4209
4737	5227
5597	5841
5995	6101
6188	6273
6350	6426
6499	6569
6635	6690
6739	6778
6831	6915
7042	7219
7448	7771
8284	9115
10340	11864
13412	14683
15518	15962
16154	16223
16245	16249
16249	16246
16246	16248
16255	16263
16269	16274
16275	16276
16276	16276
16276	16276
16276	16276
16276	16276
16276	16276
16276	16276
16276	16276
16276	16276
16276	16276
16276	16276
16276	16276
16276	16276
16276	16276
16276	16276
16276	16276
16276	16275
16271	16263
16247	16225
16200	16175
16143	16062
15828	15298
14342	12977
11416	9966
8865	8177
7835	7729
7740	7771
7745	7625
7406	7119
6796	6467
6142	5818
5486	5154
4851	4613
4479	4476
4625	4984
5651	6751
8316	10203
12094	13653
14701	15273
15522	15610
15633	15640
15640	15641
15639	15640
15637	15632
15624	15612
15597	15585
15572	15556
15533	15503
15469	15429
15389	15354
15323	15299
15283	15272
15264	15261
15259	15256
15249	15242
15233	15226
15222	15219
15221	15223
15230	15235
15238	15234
15225	15210
15194	15181
15174	15174
15181	15189
15198	15203
15211	15229
15259	15305
15356	15411
15461	15506
15541	15565
15571	15565
15551	15538
15523	15504
15473	15427
15372	15313
15255	15213
15189	15201
15247	15322
15416	15507
15578	15615
15620	15609
15600	15604
15625	15654
15686	15714
15735	15749
15751	15715
15580	15240
14558	13449
11923	10085
8103	6244
4817	4038
3893	4181
4645	5096
5444	5680
5839	5960
6066	6172
6274	6373
6468	6562
6643	6714
6768	6811
6860	6942
7066	7243
7482	7834
8401	9309
10600	12150
13661	14851
15608	15997
16163	16224
16245	16249
16250	16249
16249	16251
16257	16264
16269	16274
16275	16276
16276	16276
16276	16276
16276	16276
16276	16276
16276	16276
16276	16276
16276	16276
16276	16276
16276	16276
16276	16276
16276	16276
16276	16276
16276	16276
16276	16276
16276	16276
16276	16275
16272	16265
16251	16231
16209	16188
16159	16085
15874	15386
14484	13162
11606	10127
8981	8257
7903	7800
7816	7850
7819	7688
7454	7152
6814	6474
6138	5806
5468	5132
4821	4577
4435	4439
4627	5078
5893	7177
8903	10857
12685	14082
14946	15378
15547	15602
15615	15618
15619	15621
15623	15627
15627	15623
15611	15598
15583	15570
15557	15545
15525	15499
15466	15428
15389	15354
15323	15299
15283	15272
15264	15261
15258	15254
15245	15234
15224	15216
15210	15208
15210	15213
15220	15228
15234	15232
15226	15210
15195	15181
15176	15177
15185	15196
15203	15208
15217	15231
15256	15294
15343	15395
15449	15500
15544	15574
15586	15579
15559	15541
15525	15508
15487	15453
15406	15346
15280	15221
15184	15183
15221	15301
15399	15499
15578	15627
15639	15631
15621	15619
15628	15647
15673	15699
15723	15741
15744	15703
15553	15182
14491	13441
12083	10492
8720	6925
5392	4410
4065	4196
4558	4950
5266	5495
5662	5803
5934	6064
6194	6323
6447	6565
6666	6749
6807	6847
6893	6965
7084	7258
7509	7899
8537	9531
10895	12455
13912	15011
15681	16020
16165	16223
16243	16252
16252	16252
16252	16256
16259	16266
16270	16274
16275	16276
16276	16276
16276	16276
16276	16276
16276	16276
16276	16276
16276	16276
16276	16276
16276	16276
16276	16276
16276	16276
16276	16276
16276	16276
16276	16276
16276	16276
16276	16276
16276	16275
16272	16266
16255	16236
16220	16202
16175	16110
15923	15477
14634	13361
11816	10306
9103	8329
7945	7836
7860	7901
7870	7733
7490	7179
6833	6485
6142	5809
5472	5141
4837	4590
4446	4452
4668	5194
6135	7572
9429	11423
13182	14436
15147	15465
15573	15599
15604	15605
15607	15611
15615	15619
15622	15616
15606	15592
15576	15563
15551	15538
15522	15498
15466	15428
15389	15354
15323	15299
15283	15272
15265	15262
15258	15254
15244	15232
15220	15210
15204	15203
15201	15208
15215	15224
15230	15231
15224	15209
15196	15182
15177	15179
15190	15199
15208	15214
15221	15232
15257	15292
15335	15386
15443	15496
15546	15579
15592	15586
15564	15542
15524	15510
15494	15469
15425	15366
15294	15225
15178	15170
15207	15284
15387	15494
15579	15632
15651	15646
15635	15627
15629	15643
15666	15691
15713	15734
15737	15691
15525	15136
14448	13485
12331	11018
9487	7771
6133	4928
4332	4258
4477	4786
5067	5290
5469	5632
5795	5956
6117	6276
6433	6574
6697	6791
6855	6891
6926	6984
7088	7258
7526	7966
8687	9781
11215	12777
14163	15162
15749	16038
16167	16220
16245	16253
16256	16255
16256	16258
16264	16268
16273	16274
16276	16276
16276	16276
16276	16276
16276	16276
16276	16276
16276	16276
16276	16276
16276	16276
16276	16276
16276	16276
16276	16276
16276	16276
16276	16276
16276	16276
16276	16276
16276	16276
16276	16275
16273	16267
16259	16245
16232	16219
16197	16142
15977	15576
14797	13579
12053	10507
9234	8390
7960	7832
7862	7911
7892	7759
7518	7204
6855	6501
6157	5823
5493	5177
4883	4644
4497	4499
4730	5303
6332	7876
9815	11830
13531	14679
15287	15531
15597	15606
15602	15601
15602	15606
15611	15616
15618	15614
15603	15588
15573	15558
15545	15534
15519	15495
15464	15427
15389	15354
15323	15299
15283	15273
15267	15263
15259	15254
15245	15232
15219	15210
15203	15200
15200	15204
15212	15222
15230	15231
15225	15212
15197	15183
15179	15183
15193	15203
15212	15217
15225	15235
15257	15289
15331	15381
15438	15494
15545	15582
15598	15588
15566	15543
15526	15512
15499	15477
15436	15376
15301	15229
15175	15163
15198	15277
15381	15490
15578	15638
15657	15657
15641	15632
15631	15642
15660	15686
15708	15729
15730	15676
15494	15091
14424	13564
12627	11605
10336	8734
7015	5578
4697	4372
4415	4619
4856	5073
5267	5457
5652	5847
6042	6234
6419	6589
6733	6839
6906	6937
6959	6997
7087	7252
7542	8040
8856	10051
11549	13098
14407	15306
15812	16057
16167	16216
16244	16254
16258	16259
16261	16262
16267	16271
16273	16275
16276	16276
16276	16276
16276	16276
16276	16276
16276	16276
16274	16274
16271	16275
16275	16276
16276	16276
16276	16276
16276	16276
16276	16276
16276	16276
16276	16276
16276	16276
16276	16276
16276	16276
16274	16270
16263	16255
16246	16237
16221	16173
16031	15675
14963	13807
12309	10730
9377	8446
7954	7796
7824	7890
7889	7772
7539	7227
6878	6522
6178	5845
5529	5225
4951	4717
4567	4560
4788	5375
6445	8034
10008	12025
13698	14799
15361	15573
15620	15615
15607	15600
15600	15603
15608	15615
15617	15614
15604	15589
15573	15558
15544	15533
15518	15495
15464	15427
15390	15355
15326	15302
15288	15275
15269	15267
15264	15258
15247	15235
15221	15209
15203	15201
15200	15206
15214	15225
15234	15237
15230	15217
15201	15190
15184	15188
15197	15207
15214	15220
15226	15238
15256	15288
15328	15377
15434	15491
15543	15580
15598	15588
15566	15542
15525	15512
15502	15480
15443	15383
15307	15232
15177	15161
15194	15269
15373	15481
15575	15635
15661	15659
15649	15637
15633	15643
15661	15684
15707	15726
15724	15662
15465	15051
14408	13651
12918	12179
11174	9716
7948	6294
5123	4526
4371	4462
4648	4858
5071	5290
5519	5747
5976	6198
6410	6605
6769	6888
6960	6982
6987	7007
7078	7242
7559	8124
9038	10335
11884	13410
14636	15439
15874	16080
16175	16219
16244	16255
16260	16262
16265	16266
16270	16272
16274	16275
16276	16276
16276	16276
16276	16276
16276	16276
16274	16268
16260	16251
16241	16248
16248	16276
16273	16276
16276	16276
16276	16276
16276	16276
16276	16276
16276	16276
16276	16276
16276	16276
16276	16276
16275	16273
16268	16263
16257	16252
16240	16201
16080	15768
15118	14031
12561	10952
9524	8504
7940	7747
7768	7845
7865	7768
7550	7246
6899	6544
6199	5873
5566	5282
5021	4799
4644	4622
4831	5402
6458	8038
10000	12014
13692	14804
15376	15588
15632	15623
15609	15602
15599	15603
15608	15616
15619	15616
15607	15592
15575	15559
15545	15534
15520	15495
15465	15427
15390	15356
15329	15308
15295	15285
15280	15275
15273	15267
15257	15241
15227	15214
15207	15205
15206	15210
15219	15233
15242	15245
15239	15227
15211	15198
15194	15194
15203	15211
15219	15223
15229	15239
15258	15287
15326	15373
15427	15483
15536	15575
15592	15584
15565	15541
15525	15512
15502	15481
15446	15388
15314	15237
15179	15160
15190	15261
15363	15472
15565	15631
15661	15666
15656	15643
15638	15644
15660	15681
15705	15725
15717	15648
15437	15019
14401	13729
13168	12667
11911	10610
8834	7003
5557	4695
4344	4319
4458	4667
4901	5150
5409	5666
5921	6169
6404	6621
6802	6934
7006	7023
7013	7013
7070	7237
7588	8223
9236	10621
12205	13695
14841	15559
15933	16105
16185	16223
16246	16255
16261	16263
16266	16268
16270	16272
16274	16275
16276	16276
16276	16276
16276	16276
16276	16274
16268	16245
16202	16135
16084	16017
16017	16276
16246	16276
16276	16276
16276	16276
16276	16276
16276	16276
16276	16276
16276	16276
16276	16276
16276	16276
16276	16275
16273	16271
16268	16263
16255	16224
16122	15846
15253	14223
12782	11150
9657	8558
7929	7699
7711	7799
7837	7759
7557	7264
6920	6568
6222	5902
5607	5338
5091	4878
4719	4678
4859	5388
6396	7926
9852	11862
13573	14733
15347	15583
15634	15625
15607	15599
15597	15600
15608	15617
15623	15623
15612	15598
15579	15565
15550	15537
15521	15497
15466	15427
15390	15358
15333	15315
15305	15297
15293	15290
15286	15281
15269	15254
15239	15225
15217	15212
15214	15220
15231	15245
15258	15262
15255	15242
15228	15213
15206	15207
15212	15218
15225	15228
15236	15244
15259	15286
15322	15367
15418	15473
15527	15566
15585	15579
15562	15539
15523	15512
15502	15483
15451	15396
15324	15246
15186	15159
15183	15250
15348	15453
15551	15622
15663	15673
15667	15653
15645	15647
15662	15681
15704	15723
15712	15637
15421	15000
14404	13797
13362	13041
12485	11332
9575	7613
5946	4857
4327	4201
4305	4511
4766	5041
5328	5611
5884	6148
6401	6631
6829	6970
7046	7056
7031	7016
7063	7237
7623	8326
9429	10889
12497	13948
15019	15665
15988	16131
16198	16229
16247	16256
16261	16263
16267	16268
16270	16272
16274	16275
16276	16276
16276	16276
16276	16276
16275	16272
16248	16177
16012	15680
15482	14878
14878	16276
16101	16276
16274	16276
16276	16276
16276	16276
16276	16276
16276	16276
16276	16276
16276	16276
16276	16276
16276	16276
16276	16274
16273	16270
16264	16238
16148	15900
15350	14365
12948	11303
9761	8602
7927	7669
7670	7762
7814	7749
7562	7281
6944	6591
6250	5931
5646	5387
5153	4942
4780	4723
4873	5355
6302	7767
9657	11671
13425	14646
15308	15568
15631	15623
15605	15596
15594	15598
15608	15620
15627	15628
15619	15604
15586	15569
15554	15541
15523	15497
15466	15427
15391	15360
15338	15322
15315	15311
15308	15308
15303	15296
15283	15268
15251	15237
15225	15223
15224	15233
15246	15261
15275	15280
15275	15264
15247	15234
15223	15222
15224	15229
15232	15237
15240	15246
15261	15283
15317	15358
15408	15461
15514	15554
15575	15572
15554	15536
15522	15512
15502	15485
15456	15404
15334	15256
15192	15161
15177	15238
15328	15433
15534	15611
15662	15682
15678	15665
15653	15651
15663	15681
15704	15721
15710	15632
15413	14997
14418	13849
13490	13289
12874	11836
10107	8068
6246	4982
4323	4122
4196	4408
4681	4976
5280	5580
5866	6141
6399	6638
6846	6994
7072	7080
7042	7014
7055	7239
7659	8422
9598	11113
12732	14147
15157	15744
16030	16154
16208	16232
16247	16255
16260	16263
16267	16268
16270	16272
16274	16275
16276	16276
16276	16276
16276	16276
16274	16265
16214	16039
15606	14593
14070	11861
11861	16276
15706	16276
16268	16276
16276	16276
16276	16276
16276	16276
16276	16276
16276	16276
16276	16276
16276	16276
16276	16276
16276	16276
16276	16274
16269	16245
16165	15930
15408	14449
13048	11394
9826	8632
7932	7655
7649	7742
7798	7741
7565	7289
6957	6608
6268	5952
5673	5419
5194	4985
4821	4752
4879	5324
6223	7643
9505	11524
13312	14576
15273	15555
15623	15617
15603	15594
15592	15598
15609	15621
15631	15635
15625	15609
15592	15573
15558	15543
15525	15498
15466	15428
15392	15361
15341	15328
15324	15321
15321	15320
15317	15308
15296	15279
15261	15246
15235	15230
15234	15241
15257	15273
15290	15294
15293	15280
15264	15249
15238	15232
15232	15235
15238	15239
15243	15250
15261	15281
15310	15350
15398	15451
15503	15543
15565	15565
15550	15535
15521	15512
15503	15488
15462	15412
15344	15266
15199	15162
15171	15226
15313	15417
15520	15605
15663	15689
15690	15675
15660	15655
15663	15681
15704	15721
15708	15630
15413	15000
14428	13886
13564	13424
13088	12118
10415	8335
6425	5062
4325	4074
4132	4348
4634	4944
5260	5568
5860	6137
6399	6641
6854	7008
7088	7090
7048	7011
7050	7240
7686	8489
9710	11260
12884	14276
15245	15795
16056	16167
16213	16236
16249	16254
16259	16262
16266	16268
16270	16272
16274	16275
16276	16276
16276	16276
16276	16276
16274	16257
16177	15873
15100	13157
12222	7697
