5604	5564
5575	5557
5560	5559
5562	5564
5568	5568
5577	5604
5676	5820
6069	6435
6915	7467
8025	8517
8882	9089
9156	9128
9064	9020
9040	9141
9325	9578
9880	10208
10536	10849
11131	11369
11555	11675
11719	11673
11532	11293
10968	10583
10163	9745
9357	9020
8738	8487
8250	7999
7741	7371
7185	6564
5607	5567
5575	5558
5558	5557
5560	5562
5564	5564
5571	5597
5666	5811
6057	6425
6909	7467
8040	8555
8944	9186
9288	9291
9255	9233
9259	9356
9526	9758
10033	10330
10631	10917
11178	11397
11568	11677
11708	11651
11499	11249
10911	10511
10083	9659
9275	8946
8669	8430
8205	7964
7720	7358
7181	6568
5616	5570
5581	5559
5559	5555
5557	5558
5558	5557
5562	5587
5656	5799
6045	6417
6906	7476
8067	8606
9031	9312
9457	9504
9502	9500
9536	9630
9781	9986
10228	10490
10755	11011
11240	11440
11592	11686
11704	11632
11465	11197
10845	10428
9984	9556
9172	8849
8582	8354
8147	7922
7694	7343
7177	6573
5628	5577
5587	5562
5560	5555
5555	5554
5552	5551
5550	5576
5644	5787
6038	6414
6910	7496
8107	8674
9134	9456
9647	9735
9771	9795
9840	9926
10058	10233
10440	10664
10890	11114
11319	11494
11629	11705
11711	11626
11442	11156
10782	10349
9890	9453
9067	8748
8490	8278
8081	7876
7663	7329
7173	6579
5644	5588
5596	5568
5563	5556
5553	5549
5545	5541
5542	5565
5635	5783
6040	6424
6934	7535
8165	8757
9246	9607
9835	9960
10027	10070
10126	10205
10323	10468
10644	10833
11030	11223
11404	11558
11677	11740
11734	11638
11438	11136
10745	10288
9816	9366
8976	8657
8406	8205
8026	7832
7634	7313
7165	6585
5664	5602
5609	5577
5566	5559
5552	5547
5538	5532
5530	5556
5631	5784
6051	6452
6976	7591
8238	8849
9360	9746
10000	10154
10241	10302
10363	10439
10540	10667
10814	10976
11150	11319
11483	11626
11735	11788
11774	11666
11458	11142
10736	10264
9777	9315
8916	8591
8341	8145
7974	7791
7601	7289
7140	6581
5683	5614
5624	5586
5576	5561
5551	5543
5531	5525
5524	5552
5632	5799
6078	6492
7033	7665
8326	8948
9469	9866
10135	10303
10404	10475
10537	10611
10700	10812
10942	11087
11241	11404
11558	11693
11796	11844
11826	11712
11497	11174
10753	10271
9768	9294
8882	8548
8296	8098
7929	7744
7551	7245
7078	6549
5702	5631
5637	5597
5582	5564
5553	5540
5526	5517
5517	5550
5637	5815
6111	6544
7101	7747
8415	9041
9566	9964
10237	10409
10516	10592
10654	10724
10808	10908
11026	11162
11311	11465
11620	11755
11856	11905
11881	11766
11545	11216
10790	10301
9789	9300
8875	8534
8270	8064
7885	7697
7481	7173
6951	6483
5717	5642
5648	5606
5590	5567
5552	5539
5522	5513
5516	5554
5648	5839
6150	6599
7172	7831
8503	9129
9650	10042
10310	10482
10586	10661
10725	10789
10868	10962
11076	11208
11353	11512
11666	11802
11907	11958
11934	11817
11594	11265
10836	10341
9820	9323
8886	8530
8258	8041
7847	7639
7386	7064
6746	6368
5727	5654
5658	5613
5597	5571
5553	5538
5523	5511
5516	5556
5661	5860
6186	6649
7236	7901
8577	9201
9716	10096
10359	10523
10626	10699
10762	10825
10901	10995
11102	11234
11382	11541
11701	11843
11949	12001
11976	11860
11638	11305
10874	10375
9854	9349
8903	8539
8253	8023
7809	7575
7271	6929
6476	6215
5734	5660
5664	5619
5598	5572
5555	5537
5522	5509
5515	5559
5670	5878
6214	6688
7284	7956
8634	9252
9758	10135
10390	10550
10649	10720
10779	10841
10913	11003
11113	11245
11395	11560
11722	11869
11978	12034
12008	11890
11667	11335
10907	10408
9881	9371
8919	8546
8250	8006
7778	7466
7158	6236
6192	3755
