6004	5980
5988	5975
5968	5955
5929	5881
5804	5690
5529	5321
5069	4785
4485	4188
3917	3694
3531	3435
3409	3441
3521	3628
3743	3856
3952	4037
4125	4237
4409	4667
5036	5526
6130	6819
7555	8289
8974	9577
10084	10508
10864	11190
11510	11842
12176	12478
12711	12807
12749	12394
12054	11017
10864	8993
5982	5958
5967	5952
5948	5931
5907	5863
5791	5683
5532	5336
5095	4823
4534	4246
3980	3757
3585	3476
3432	3445
3502	3586
3684	3782
3875	3962
4062	4197
4390	4675
5066	5575
6189	6889
7622	8350
9025	9617
10108	10513
10853	11159
11461	11774
12092	12388
12608	12701
12644	12295
11960	10937
10786	8934
5954	5930
5936	5925
5919	5906
5882	5842
5777	5677
5537	5354
5131	4876
4599	4326
4068	3845
3670	3548
3482	3466
3498	3550
3627	3708
3795	3886
4003	4161
4386	4702
5125	5655
6288	6990
7724	8441
9102	9671
10144	10525
10840	11117
11394	11683
11980	12256
12468	12555
12497	12154
11823	10819
10670	8849
5920	5893
5902	5887
5885	5869
5850	5812
5756	5666
5541	5376
5174	4941
4687	4430
4184	3963
3784	3649
3561	3517
3513	3537
3585	3644
3723	3825
3959	4147
4409	4761
5219	5778
6426	7132
7860	8565
9205	9752
10191	10540
10822	11065
11310	11567
11835	12088
12286	12361
12302	11962
11639	10658
10509	8736
5880	5856
5862	5845
5844	5831
5815	5782
5733	5654
5547	5403
5225	5015
4788	4552
4324	4113
3930	3781
3673	3599
3559	3550
3568	3612
3685	3794
3950	4171
4472	4865
5358	5945
6608	7319
8038	8722
9333	9845
10253	10564
10803	11010
11212	11433
11668	11891
12065	12127
12060	11729
11406	10454
10298	8595
5841	5814
5822	5807
5804	5792
5778	5750
5709	5646
5554	5433
5280	5102
4901	4692
4486	4286
4106	3949
3819	3720
3648	3607
3595	3622
3688	3804
3985	4237
4578	5012
5541	6156
6833	7542
8246	8907
9484	9960
10326	10591
10787	10950
11107	11284
11479	11670
11815	11859
11780	11450
11126	10211
10037	8420
5801	5772
5783	5768
5765	5751
5741	5717
5685	5632
5559	5460
5334	5189
5021	4843
4656	4477
4301	4139
3995	3870
3770	3699
3662	3673
3733	3859
4062	4349
4726	5199
5761	6399
7084	7793
8478	9111
9652	10086
10405	10629
10777	10891
11000	11134
11284	11437
11551	11571
11476	11144
10806	9934
9719	8222
5769	5740
5748	5732
5730	5720
5708	5690
5663	5622
5564	5486
5390	5271
5139	4988
4830	4668
4503	4343
4186	4042
3917	3821
3763	3759
3815	3951
4171	4489
4901	5411
6002	6656
7352	8048
8718	9316
9824	10214
10490	10667
10771	10838
10904	10989
11098	11210
11290	11281
11165	10824
10464	9632
9353	7998
5739	5712
5719	5701
5698	5689
5677	5664
5643	5611
5569	5513
5437	5347
5240	5121
4989	4847
4696	4534
4373	4215
4071	3956
3882	3863
3919	4061
4301	4642
5083	5620
6235	6908
7607	8294
8940	9516
9985	10336
10572	10707
10770	10795
10819	10863
10930	11007
11050	11014
10865	10518
10113	9330
8949	7764
5716	5687
5696	5677
5674	5665
5656	5644
5628	5605
5573	5532
5477	5408
5329	5231
5125	5002
4861	4706
4540	4371
4217	4084
3995	3968
4022	4172
4423	4785
5250	5811
6444	7127
7827	8508
9138	9686
10123	10442
10644	10744
10771	10760
10751	10757
10790	10834
10846	10783
10604	10242
9788	9044
8544	7536
5698	5671
5677	5663
5657	5649
5638	5630
5616	5600
5577	5545
5507	5454
5393	5319
5230	5120
4991	4841
4673	4499
4332	4188
4092	4057
4111	4265
4527	4905
5388	5962
6611	7300
8001	8672
9289	9815
10232	10525
10699	10774
10775	10739
10699	10682
10687	10700
10687	10583
10391	9839
9508	7935
8171	4946
