16094	16094
16094	16094
16094	16094
16094	16094
16094	16094
16094	16094
16094	16094
16094	16094
16094	16094
16094	16094
16094	16094
16094	16094
16094	16093
16091	16086
16076	16064
16041	16003
15945	15858
15727	15552
15310	15005
14622	14164
13641	13057
12432	11790
11146	10531
9962	9451
9014	8653
8371	8160
8018	7933
7893	7893
7919	7972
8040	8124
8225	8344
8493	8673
8895	9165
9495	9877
10317	10809
11344	11907
12478	13045
13583	14079
14521	14898
15215	15462
15655	15796
15900	15970
16019	16050
16067	16079
16085	16090
16093	16094
16094	16094
16094	16094
16094	16094
16094	16094
16094	16094
16094	16094
16094	16094
16094	16094
16094	16094
16094	16094
16094	16094
16094	16094
16094	16094
16094	16094
16094	16094
16094	16094
16094	16094
16094	16094
16094	16094
16094	16094
16094	16094
16094	16094
16094	16093
16091	16086
16076	16064
16041	16006
15947	15858
15732	15557
15318	15017
14640	14189
13668	13096
12476	11841
11207	10597
10033	9528
9092	8730
8449	8237
8089	8000
7958	7955
7980	8029
8097	8184
8285	8408
8558	8742
8964	9238
9563	9944
10379	10868
11396	11951
12516	13077
13608	14101
14536	14911
15222	15467
15660	15801
15903	15971
16019	16050
16067	16079
16085	16090
16093	16094
16094	16094
16094	16094
16094	16094
16094	16094
16094	16094
16094	16094
16094	16094
16094	16094
16094	16094
16094	16094
16094	16094
16094	16094
16094	16094
16094	16094
16094	16094
16094	16094
16094	16094
16094	16094
16094	16094
16094	16094
16094	16094
16094	16094
16094	16093
16090	16086
16077	16064
16043	16007
15947	15864
15738	15565
15334	15036
14665	14221
13712	13144
12536	11911
11284	10683
10126	9623
9192	8831
8546	8329
8177	8081
8035	8027
8047	8100
8168	8252
8357	8487
8640	8827
9055	9326
9651	10031
10461	10942
11460	12010
12567	13119
13644	14128
14558	14924
15233	15475
15665	15804
15905	15973
16019	16050
16069	16079
16085	16090
16093	16094
16094	16094
16094	16094
16094	16094
16094	16094
16094	16094
16094	16094
16094	16094
16094	16094
16094	16094
16094	16094
16094	16094
16094	16094
16094	16094
16094	16094
16094	16094
16094	16094
16094	16094
16094	16094
16094	16094
16094	16094
16094	16094
16094	16094
16094	16093
16090	16087
16078	16065
16043	16009
15951	15867
15745	15580
15351	15063
14698	14265
13767	13210
12614	12000
11385	10791
10241	9744
9312	8951
8663	8441
8280	8180
8124	8110
8130	8174
8244	8334
8441	8574
8733	8926
9158	9431
9756	10133
10559	11034
11546	12089
12633	13177
13692	14166
14588	14950
15251	15487
15673	15810
15909	15975
16020	16051
16070	16080
16085	16090
16093	16094
16094	16094
16094	16094
16094	16094
16094	16094
16094	16094
16094	16094
16094	16094
16094	16094
16094	16094
16094	16094
16094	16094
16094	16094
16094	16094
16094	16094
16094	16094
16094	16094
16094	16094
16094	16094
16094	16094
16094	16094
16094	16094
16094	16094
16094	16093
16091	16087
16080	16066
16045	16011
15957	15876
15760	15596
15374	15093
14741	14320
13835	13292
12713	12109
11508	10922
10376	9884
9451	9087
8792	8563
8394	8282
8221	8199
8211	8255
8325	8416
8531	8668
8836	9034
9267	9547
9874	10249
10677	11147
11650	12182
12720	13251
13755	14219
14630	14983
15272	15505
15683	15818
15911	15977
16021	16051
16070	16080
16085	16091
16093	16094
16094	16094
16094	16094
16094	16094
16094	16094
16094	16094
16094	16094
16094	16094
16094	16094
16094	16093
16093	16094
16094	16094
16094	16094
16094	16094
16094	16094
16094	16094
16094	16094
16094	16094
16094	16094
16094	16094
16094	16094
16094	16094
16094	16094
16094	16093
16092	16087
16080	16068
16046	16015
15963	15884
15771	15616
15404	15135
14796	14388
13918	13391
12828	12239
11651	11074
10534	10042
9611	9240
8934	8693
8515	8391
8316	8286
8293	8334
8401	8497
8615	8761
8934	9141
9385	9673
10005	10380
10804	11274
11773	12295
12821	13338
13832	14279
14679	15022
15303	15528
15701	15829
15918	15982
16024	16053
16071	16080
16085	16091
16093	16094
16094	16094
16094	16094
16094	16094
16094	16094
16094	16094
16094	16094
16094	16094
16093	16093
16093	16093
16093	16093
16094	16094
16094	16094
16094	16094
16094	16094
16094	16094
16094	16094
16094	16094
16094	16094
16094	16094
16094	16094
16094	16094
16094	16094
16094	16093
16092	16087
16080	16068
16051	16018
15969	15896
15789	15639
15439	15181
14856	14465
14014	13509
12959	12387
11809	11245
10709	10217
9775	9397
9082	8829
8632	8496
8410	8371
8367	8404
8468	8564
8691	8845
9033	9249
9502	9796
10137	10519
10948	11413
11907	12424
12941	13445
13923	14358
14742	15070
15340	15553
15719	15841
15929	15987
16028	16056
16071	16080
16086	16091
16093	16094
16094	16094
16094	16094
16094	16094
16094	16094
16094	16094
16094	16094
16093	16093
16093	16093
16093	16093
16093	16093
16093	16094
16094	16094
16094	16094
16094	16094
16094	16094
16094	16094
16094	16094
16094	16094
16094	16094
16094	16094
16094	16094
16094	16094
16094	16094
16092	16087
16082	16071
16054	16024
15978	15908
15809	15668
15479	15236
14928	14557
14124	13639
13110	12553
11986	11428
10895	10398
9950	9557
9228	8956
8748	8590
8493	8436
8429	8459
8525	8624
8756	8917
9114	9345
9613	9920
10270	10663
11097	11563
12058	12567
13073	13566
14029	14446
14818	15129
15387	15588
15744	15858
15939	15992
16033	16057
16072	16081
16088	16091
16094	16094
16094	16094
16094	16094
16094	16094
16094	16094
16094	16094
16094	16094
16093	16092
16092	16092
16092	16093
16092	16092
16093	16093
16093	16094
16094	16094
16094	16094
16094	16094
16094	16094
16094	16094
16094	16094
16094	16094
16094	16094
16094	16094
16094	16094
16094	16094
16092	16088
16083	16074
16057	16031
15987	15924
15832	15702
15526	15296
15006	14656
14244	13781
13271	12728
12173	11622
11086	10585
10126	9720
9370	9083
8851	8677
8561	8493
8476	8499
8567	8665
8805	8978
9186	9430
9716	10038
10404	10809
11252	11723
12218	12719
13220	13696
14143	14547
14899	15194
15436	15625
15769	15875
15953	16003
16041	16061
16073	16082
16088	16092
16094	16094
16094	16094
16094	16094
16094	16094
16094	16094
16094	16094
16094	16092
16092	16092
16091	16092
16091	16091
16089	16091
16093	16093
16093	16093
16093	16093
16094	16094
16094	16094
16094	16094
16094	16094
16094	16094
16094	16094
16094	16094
16094	16094
16094	16094
16094	16094
16092	16090
16083	16076
16061	16038
15998	15942
15855	15736
15574	15363
15094	14764
14375	13931
13441	12916
12371	11820
11284	10773
10301	9879
9508	9197
8944	8751
8618	8537
8506	8525
8587	8694
8836	9019
9243	9504
9806	10149
10532	10953
11408	11888
12385	12885
13375	13840
14269	14653
14986	15265
15489	15667
15800	15896
15966	16013
16044	16065
16079	16084
16089	16092
16094	16094
16094	16094
16094	16094
16094	16094
16094	16094
16094	16094
16092	16092
16092	16090
16089	16088
16086	16086
16085	16088
16093	16093
16093	16093
16093	16093
16093	16094
16094	16094
16094	16094
16094	16094
16094	16094
16094	16094
16094	16094
16094	16094
16094	16094
16094	16094
16092	16090
16085	16077
16064	16044
16008	15956
15880	15773
15625	15428
15181	14870
14506	14085
13612	13103
12566	12021
11479	10958
10472	10026
9635	9300
9028	8814
8660	8565
8522	8536
8596	8703
8853	9051
9285	9566
9887	10249
10653	11091
11561	12052
12552	13048
13531	13983
14398	14765
15079	15338
15545	15707
15831	15920
15981	16022
16051	16069
16080	16085
16089	16092
16094	16094
16094	16094
16094	16094
16094	16094
16094	16094
16094	16092
16092	16089
16087	16087
16083	16080
16077	16079
16076	16082
16092	16093
16092	16093
16093	16093
16093	16094
16094	16094
16094	16094
16094	16094
16094	16094
16094	16094
16094	16094
16094	16094
16094	16094
16094	16094
16093	16091
16086	16080
16069	16052
16020	15973
15905	15806
15676	15495
15268	14982
14637	14237
13783	13289
12758	12213
11665	11137
10631	10166
9752	9393
9097	8861
8689	8580
8529	8534
8592	8702
8858	9063
9314	9611
9956	10341
10763	11223
11707	12211
12719	13214
13690	14130
14526	14875
15169	15413
15602	15752
15861	15941
15994	16033
16056	16072
16080	16088
16091	16092
16094	16094
16094	16094
16094	16094
16094	16094
16094	16093
16093	16090
16087	16086
16082	16077
16071	16069
16061	16065
16054	16069
16091	16092
16092	16092
16092	16092
16092	16093
16094	16094
16094	16094
16094	16094
16094	16094
16094	16094
16094	16094
16094	16094
16094	16094
16094	16094
16094	16091
16087	16081
16072	16055
16029	15988
15927	15840
15719	15560
15349	15083
14760	14379
13943	13458
12938	12397
11842	11301
10776	10291
9852	9473
9154	8896
8708	8583
8520	8518
8574	8686
8848	9065
9331	9648
10014	10421
10866	11347
11850	12362
12874	13370
13840	14269
14651	14982
15258	15481
15658	15792
15889	15960
16007	16041
16064	16075
16083	16089
16092	16093
16094	16094
16094	16094
16094	16094
16094	16094
16093	16092
16091	16088
16085	16081
16073	16065
16056	16052
16039	16045
16025	16051
16089	16091
16090	16092
16092	16092
16092	16092
16092	16094
16094	16094
16094	16094
16094	16094
16094	16094
16094	16094
16094	16094
16094	16094
16094	16094
16094	16092
16090	16082
16074	16062
16040	16002
15951	15873
15766	15620
15423	15179
14876	14512
14091	13620
13106	12560
12002	11450
10909	10406
9944	9541
9201	8923
8718	8580
8504	8494
8549	8663
8835	9062
9342	9677
10060	10489
10959	11457
11975	12501
13022	13517
13982	14399
14766	15082
15341	15549
15710	15830
15918	15981
16021	16049
16069	16080
16085	16089
16092	16093
16094	16094
16094	16094
16094	16094
16094	16094
16093	16091
16088	16085
16079	16071
16059	16046
16029	16023
15996	16011
15969	16020
16086	16087
16088	16089
16090	16092
16092	16092
16092	16093
16093	16094
16094	16094
16094	16094
16094	16094
16094	16094
16094	16094
16094	16094
16094	16094
16094	16092
16090	16086
16079	16067
16049	16015
15969	15902
15805	15670
15493	15264
14977	14629
14223	13763
13253	12705
12146	11573
11022	10497
10019	9593
9231	8938
8718	8566
8482	8465
8520	8633
8809	9046
9342	9692
10097	10544
11036	11553
12088	12624
13151	13646
14109	14515
14870	15170
15412	15605
15754	15863
15940	15995
16033	16057
16072	16080
16088	16090
16092	16094
16094	16094
16094	16094
16094	16094
16094	16094
16092	16090
16085	16079
16071	16057
16038	16022
15989	15980
15931	15957
15878	15972
16086	16086
16086	16086
16089	16090
16091	16091
16092	16093
16093	16094
16094	16094
16094	16094
16094	16094
16094	16094
16094	16094
16094	16094
16094	16094
16094	16092
16091	16086
16080	16071
16053	16027
15986	15923
15837	15715
15550	15336
15064	14729
14336	13883
13376	12829
12261	11681
11112	10577
10079	9637
9259	8947
8711	8548
8459	8437
8489	8605
8786	9034
9340	9707
10125	10594
11104	11639
12186	12732
13264	13760
14214	14615
14961	15248
15479	15659
15791	15891
15960	16008
16041	16065
16076	16083
16089	16092
16093	16094
16094	16094
16094	16094
16094	16094
16094	16092
16090	16087
16080	16071
16056	16036
16007	15981
15931	15913
15828	15875
15731	15895
16080	16086
16082	16086
16085	16090
16091	16091
16091	16093
16093	16094
16094	16094
16094	16094
16094	16094
16094	16094
16094	16094
16094	16094
16094	16094
16094	16093
16092	16088
16081	16072
16058	16035
15998	15943
15864	15751
15598	15392
15132	14812
14424	13978
13475	12929
12354	11767
11187	10635
10122	9666
9272	8949
8702	8526
8430	8403
8453	8572
8757	9012
9328	9710
10145	10632
11152	11705
12265	12821
13355	13853
14306	14699
15036	15310
15531	15697
15823	15915
15978	16021
16049	16068
16080	16086
16090	16092
16093	16094
16094	16094
16094	16094
16094	16094
16094	16092
16090	16082
16076	16063
16041	16011
15969	15928
15847	15826
15681	15763
15511	15790
16079	16085
16082	16085
16083	16088
16089	16091
16091	16092
16092	16093
16094	16094
16094	16094
16094	16094
16094	16094
16094	16094
16094	16094
16094	16094
16094	16093
16092	16090
16084	16077
16064	16040
16008	15959
15885	15777
15635	15438
15190	14875
14496	14053
13552	13007
12424	11831
11243	10676
10152	9683
9277	8941
8683	8503
8398	8370
8415	8536
8725	8988
9315	9707
10156	10655
11193	11757
12326	12894
13430	13931
14378	14770
15096	15362
15571	15733
15848	15934
15991	16029
16056	16071
16081	16087
16091	16093
16094	16094
16094	16094
16094	16094
16094	16094
16093	16091
16086	16080
16069	16050
16021	15978
15918	15858
15735	15706
15480	15610
15199	15647
16076	16079
16080	16081
16082	16084
16088	16089
16091	16092
16092	16093
16094	16094
16094	16094
16094	16094
16094	16094
16094	16094
16094	16094
16094	16094
16094	16094
16092	16090
16085	16080
16068	16049
16017	15968
15901	15800
15662	15475
15231	14921
14549	14110
13609	13060
12475	11877
11281	10707
10173	9691
9276	8934
8665	8478
8369	8335
8380	8501
8697	8964
9302	9702
10163	10673
11221	11793
12374	12945
13487	13985
14432	14821
15141	15401
15603	15757
15870	15947
16001	16036
16058	16072
16081	16088
16091	16093
16094	16094
16094	16094
16094	16094
16094	16094
16093	16090
16084	16076
16060	16038
15998	15943
15856	15777
15598	15564
15221	15420
14791	15465
16072	16077
16076	16080
16081	16082
16086	16087
16090	16092
16092	16093
16094	16094
16094	16094
16094	16094
16094	16094
16094	16094
16094	16094
16094	16094
16094	16094
16092	16091
16085	16080
16070	16051
16021	15978
15911	15817
15681	15498
15261	14959
14587	14148
13649	13102
12512	11908
11306	10725
10183	9696
9271	8920
8648	8452
8336	8304
8347	8470
8669	8939
9281	9692
10162	10681
11242	11821
12407	12983
13528	14030
14474	14857
15176	15430
15629	15775
15885	15957
16010	16041
16064	16078
16084	16090
16092	16093
16094	16094
16094	16094
16094	16094
16094	16094
16093	16088
16083	16073
16054	16022
15975	15902
15787	15684
15442	15397
14916	15200
14300	15248
16067	16074
16072	16078
16078	16082
16084	16087
16089	16091
16092	16093
16094	16094
16094	16094
16094	16094
16094	16094
16094	16094
16094	16094
16094	16094
16094	16094
16093	16091
16086	16081
16071	16054
16026	15983
15920	15828
15695	15516
15280	14979
14611	14173
13677	13125
12534	11927
11318	10733
10184	9692
9263	8905
8628	8430
8311	8274
8319	8441
8639	8918
9266	9681
10159	10685
11249	11841
12431	13010
13558	14059
14503	14882
15200	15451
15645	15788
15894	15967
16012	16046
16066	16078
16085	16090
16092	16094
16094	16094
16094	16094
16094	16094
16094	16094
16093	16088
16082	16069
16047	16009
15950	15861
15718	15587
15273	15224
14585	14964
13757	15017
16064	16074
16070	16078
16076	16081
16083	16087
16089	16090
16092	16093
16094	16094
16094	16094
16094	16094
16094	16094
16094	16094
16094	16094
16094	16094
16094	16094
16094	16091
16086	16081
16072	16056
16030	15987
15925	15834
15702	15525
15294	14994
14626	14190
13691	13139
12549	11938
11326	10735
10185	9687
9255	8894
8611	8410
8286	8249
8293	8415
8618	8898
9251	9673
10151	10687
11256	11849
12443	13027
13577	14078
14521	14901
15213	15462
15652	15797
15899	15969
16017	16048
16066	16079
16085	16090
16092	16094
16094	16094
16094	16094
16094	16094
16094	16094
16093	16087
16080	16065
16041	15997
15926	15793
15650	15236
15107	13922
14252	11400
13202	7797
