16026	16027
16027	16027
16026	16025
16022	16016
16006	15991
15961	15917
15850	15748
15607	15415
15164	14844
14462	14011
13511	12974
12425	11885
11393	10968
10648	10443
10371	10432
10626	10943
11356	11840
12373	12916
13453	13955
14406	14795
15120	15378
15581	15725
15829	15900
15946	15972
15986	15992
15991	15991
15987	15990
15980	15997
16026	16027
16027	16027
16026	16024
16022	16015
16003	15986
15956	15904
15832	15723
15568	15360
15093	14753
14345	13871
13345	12779
12208	11648
11139	10704
10373	10165
10092	10156
10359	10681
11106	11605
12158	12725
13287	13811
14288	14700
15046	15325
15537	15698
15812	15885
15932	15960
15970	15976
15972	15971
15956	15969
15944	15977
16026	16027
16027	16027
16026	16022
16022	16013
15999	15982
15947	15892
15809	15691
15523	15299
15004	14641
14206	13700
13140	12550
11949	11368
10840	10392
10051	9837
9762	9830
10038	10374
10815	11333
11906	12502
13088	13644
14149	14590
14957	15258
15490	15662
15785	15864
15916	15943
15953	15952
15938	15935
15911	15928
15884	15944
16026	16026
16027	16027
16025	16022
16020	16013
15997	15974
15938	15876
15785	15654
15469	15223
14905	14513
14042	13504
12915	12290
11663	11055
10508	10047
9697	9478
9404	9477
9693	10036
10492	11031
11627	12248
12865	13454
13989	14462
14860	15183
15433	15620
15753	15841
15893	15921
15923	15919
15892	15886
15836	15868
15782	15892
16026	16026
16026	16026
16025	16022
16020	16010
15993	15969
15925	15857
15758	15613
15412	15142
14799	14375
13873	13301
12678	12018
11363	10733
10166	9693
9339	9115
9040	9119
9338	9692
10162	10720
11339	11987
12635	13255
13826	14327
14754	15099
15372	15574
15720	15814
15867	15890
15887	15869
15826	15811
15728	15781
15632	15811
16023	16026
16024	16026
16023	16021
16017	16007
15990	15961
15914	15840
15729	15571
15352	15063
14692	14240
13704	13098
12439	11754
11072	10424
9838	9355
8994	8770
8696	8777
9004	9367
9849	10421
11060	11735
12407	13061
13663	14193
14649	15019
15312	15528
15682	15784
15835	15853
15835	15806
15733	15714
15567	15659
15397	15698
16021	16022
16022	16023
16020	16020
16014	16004
15987	15954
15904	15821
15704	15532
15295	14987
14591	14109
13547	12908
12220	11509
10803	10137
9542	9054
8689	8465
8394	8477
8709	9082
9569	10155
10811	11504
12204	12882
13508	14069
14549	14944
15252	15487
15647	15748
15802	15807
15772	15729
15608	15587
15352	15497
15073	15549
16021	16021
16022	16021
16019	16018
16013	16002
15981	15947
15891	15807
15679	15493
15247	14915
14499	13996
13403	12740
12030	11293
10571	9894
9293	8801
8432	8213
8146	8231
8467	8838
9335	9928
10597	11307
12027	12723
13376	13960
14461	14875
15199	15444
15614	15718
15763	15762
15702	15636
15461	15431
15081	15295
14652	15360
16019	16021
16021	16021
16019	16018
16012	16000
15978	15945
15882	15795
15657	15464
15200	14857
14422	13896
13285	12602
11870	11122
10386	9699
9094	8600
8239	8019
7954	8045
8280	8655
9156	9755
10431	11149
11885	12598
13268	13868
14387	14819
15159	15410
15584	15690
15727	15710
15624	15535
15293	15257
14762	15065
14146	15139
16019	16021
16019	16021
16019	16017
16010	16000
15976	15937
15876	15781
15638	15439
15166	14810
14359	13818
13191	12490
11745	10984
10241	9550
8947	8453
8094	7879
7815	7905
8147	8523
9022	9623
10303	11029
11770	12498
13183	13796
14328	14773
15121	15380
15560	15659
15692	15660
15545	15430
15114	15073
14416	14820
13589	14900
16019	16019
16019	16020
16017	16017
16010	15999
15975	15932
15871	15770
15628	15418
15140	14775
14315	13761
13120	12411
11657	10887
10138	9447
8843	8352
7995	7785
7724	7816
8054	8432
8932	9533
10212	10945
11693	12426
13121	13743
14286	14737
15093	15359
15535	15639
15663	15583
15471	15067
14940	13763
14075	11257
13025	7691
