7997	7111
7552	7022
7151	6889
6874	6760
6719	6673
6648	6632
6622	6610
6601	6585
6565	6533
6492	6444
6386	6322
6249	6177
6104	6030
5962	5894
5839	5790
5753	5725
5706	5701
5705	5720
5742	5775
5817	5867
5924	5988
6053	6121
6191	6260
6324	6384
6439	6484
6520	6545
6557	6555
6539	6514
6473	6422
6358	6288
6211	6130
6046	5960
5877	5799
5726	5662
5610	5560
5527	5507
5497	5501
5519	5550
5589	5636
5691	5752
5815	5881
5944	6011
6069	6128
6186	6245
6306	6371
6441	6520
6606	6706
6812	6930
7053	7180
7311	7440
7559	7679
7783	7876
7958	8028
8082	8126
8155	8178
8192	8197
8203	8208
8214	8232
8265	8319
8400	8511
8660	8849
9076	9348
9653	9992
10361	10750
11152	11559
11965	12364
12750	13122
13474	13805
14108	14387
14638	14863
15056	15225
15366	15482
15577	15654
15710	15755
15781	15802
15810	15809
15798	15779
15751	15713
15663	15607
15533	15446
15340	15221
15077	14914
14732	14530
14311	14077
13834	13585
13335	13089
12860	12643
12449	12285
12148	12044
11973	11937
11933	11955
12005	12073
12162	12260
12362	12469
12565	12654
12725	12784
12818	12830
12812	12773
12712	12631
12531	12420
12299	12166
12035	11900
11760	11621
11476	11330
11183	11032
10881	10729
10579	10434
10299	10174
10059	9965
9884	9814
9769	9717
9714	9651
9697	9609
9609	7117
7833	7029
7270	6894
6912	6762
6726	6674
6650	6632
6622	6609
6599	6583
6563	6529
6488	6439
6382	6318
6248	6175
6104	6029
5963	5899
5843	5798
5759	5729
5713	5710
5714	5727
5751	5787
5828	5880
5935	5998
6062	6130
6200	6268
6330	6389
6444	6489
6520	6546
6557	6552
6537	6511
6470	6418
6353	6284
6206	6125
6042	5958
5879	5798
5728	5665
5612	5568
5535	5516
5507	5514
5532	5561
5602	5652
5707	5767
5830	5895
5958	6020
6083	6142
6196	6254
6314	6377
6445	6521
6611	6705
6811	6924
7046	7169
7293	7416
7535	7646
7750	7838
7915	7982
8035	8079
8113	8133
8150	8156
8165	8177
8187	8214
8256	8315
8407	8530
8688	8887
9125	9404
9717	10064
10436	10826
11227	11633
12037	12432
12814	13182
13530	13852
14150	14425
14669	14887
15078	15245
15379	15492
15583	15656
15710	15749
15776	15789
15796	15789
15774	15754
15720	15677
15621	15559
15480	15386
15278	15151
15000	14835
14650	14447
14226	13993
13750	13505
13259	13021
12795	12589
12409	12252
12126	12035
11974	11946
11951	11981
12035	12110
12203	12298
12407	12508
12608	12695
12769	12818
12852	12859
12846	12802
12740	12660
12563	12449
12323	12196
12062	11924
11785	11641
11497	11350
11196	11045
10889	10733
10583	10440
10302	10175
10062	9964
9885	9815
9771	9717
9717	9654
9701	9611
9611	7125
7841	7036
7279	6900
6915	6764
6728	6675
6648	6632
6619	6608
6597	6583
6555	6526
6483	6435
6379	6315
6245	6172
6101	6030
5963	5902
5845	5801
5765	5741
5723	5720
5726	5738
5767	5797
5842	5892
5948	6012
6075	6143
6213	6279
6343	6397
6449	6493
6526	6545
6557	6551
6534	6506
6464	6411
6347	6277
6198	6119
6038	5954
5875	5798
5730	5668
5615	5574
5542	5527
5521	5530
5548	5580
5622	5670
5730	5788
5854	5916
5980	6042
6100	6156
6211	6267
6325	6386
6453	6530
6612	6703
6806	6916
7028	7152
7272	7387
7498	7608
7702	7789
7860	7923
7978	8017
8052	8073
8094	8106
8121	8135
8158	8196
8246	8320
8421	8557
8730	8942
9192	9479
9803	10154
10530	10923
11324	11729
12131	12521
12901	13258
13598	13914
14206	14472
14708	14919
15102	15259
15391	15500
15587	15655
15705	15741
15763	15772
15770	15763
15743	15713
15675	15625
15567	15491
15408	15307
15189	15056
14903	14733
14541	14334
14114	13881
13644	13402
13161	12935
12719	12527
12356	12211
12102	12024
11976	11960
11973	12014
12079	12159
12250	12355
12458	12564
12663	12746
12814	12866
12896	12902
12882	12839
12777	12696
12593	12483
12358	12229
12095	11956
11815	11668
11521	11370
11217	11056
10900	10744
10590	10443
10303	10176
10061	9964
9885	9814
9771	9719
9717	9656
9703	9614
9614	7132
7849	7045
7283	6905
6916	6767
6729	6674
6649	6630
6616	6606
6591	6577
6552	6518
6475	6429
6372	6308
6241	6168
6101	6029
5965	5905
5849	5809
5776	5748
5737	5734
5739	5753
5782	5815
5858	5909
5966	6028
6092	6158
6226	6289
6353	6408
6459	6497
6527	6547
6557	6550
6529	6500
6459	6405
6340	6269
6191	6114
6030	5953
5871	5799
5731	5672
5626	5584
5559	5542
5538	5551
5570	5602
5645	5696
5754	5814
5878	5941
6005	6066
6121	6177
6229	6284
6339	6398
6462	6535
6616	6706
6802	6907
7017	7128
7244	7356
7460	7558
7649	7726
7795	7855
7905	7947
7979	8006
8028	8046
8067	8089
8123	8168
8234	8324
8442	8596
8784	9010
9276	9577
9910	10267
10650	11043
11444	11845
12245	12628
12999	13350
13680	13988
14267	14525
14752	14955
15130	15281
15404	15506
15588	15649
15695	15727
15742	15746
15740	15724
15696	15661
15615	15557
15490	15410
15314	15204
15082	14937
14779	14599
14408	14200
13978	13747
13511	13277
13047	12831
12631	12451
12300	12172
12077	12015
11982	11981
12006	12057
12127	12217
12316	12420
12528	12630
12728	12809
12876	12925
12947	12952
12929	12883
12819	12734
12634	12520
12397	12267
12128	11987
11845	11696
11543	11388
11232	11068
10905	10747
10589	10441
10298	10173
10060	9961
9882	9813
9771	9722
9720	9659
9709	9618
9618	7140
7857	7051
7290	6910
6924	6771
6733	6677
6649	6631
6616	6601
6591	6571
6547	6513
6469	6421
6367	6303
6236	6166
6097	6029
5967	5909
5858	5816
5785	5762
5747	5748
5756	5770
5799	5835
5875	5928
5984	6047
6110	6176
6245	6305
6368	6420
6466	6503
6533	6551
6557	6547
6527	6494
6451	6397
6333	6262
6185	6108
6026	5947
5870	5798
5737	5679
5633	5597
5573	5562
5561	5575
5599	5632
5678	5732
5788	5851
5913	5973
6036	6094
6151	6205
6255	6306
6359	6418
6477	6547
6619	6706
6798	6896
7003	7106
7212	7316
7412	7502
7586	7658
7722	7777
7824	7862
7894	7925
7952	7974
8006	8036
8084	8144
8225	8332
8471	8642
8852	9095
9378	9692
10035	10401
10787	11185
11584	11984
12371	12752
13112	13454
13772	14069
14340	14585
14805	14994
15160	15303
15417	15512
15584	15640
15679	15702
15712	15710
15700	15676
15639	15595
15540	15473
15393	15302
15197	15079
14943	14796
14629	14445
14249	14039
13819	13590
13360	13135
12919	12714
12530	12371
12234	12130
12053	12008
11996	12010
12050	12110
12192	12288
12391	12500
12606	12709
12801	12882
12947	12987
13008	13009
12983	12935
12865	12780
12677	12559
12436	12303
12164	12022
11871	11720
11562	11402
11240	11073
10910	10747
10586	10435
10292	10165
10053	9954
9878	9809
9768	9717
9720	9661
9709	9621
9621	7144
7864	7054
7294	6914
6926	6771
6734	6679
6649	6631
6616	6601
6587	6568
6543	6508
6465	6413
6360	6297
6233	6162
6096	6031
5970	5916
5865	5827
5800	5774
5765	5767
5773	5791
5817	5854
5900	5950
6008	6068
6132	6199
6263	6325
6380	6434
6479	6513
6540	6555
6557	6548
6524	6487
6445	6389
6326	6255
6176	6100
6021	5944
5872	5803
5742	5691
5649	5618
5595	5587
5593	5608
5635	5674
5722	5775
5834	5894
5956	6020
6079	6136
6190	6239
6292	6337
6389	6440
6497	6561
6631	6709
6796	6887
6983	7083
7179	7273
7360	7443
7515	7581
7640	7690
7734	7772
7807	7836
7867	7899
7936	7981
8042	8121
8219	8349
8505	8699
8930	9193
9491	9821
10176	10552
10942	11341
11741	12134
12518	12887
13237	13567
13877	14159
14416	14647
14854	15034
15188	15320
15427	15511
15577	15626
15660	15673
15674	15663
15645	15610
15566	15508
15445	15367
15278	15177
15061	14931
14789	14630
14454	14265
14067	13855
13639	13413
13196	12980
12776	12588
12426	12283
12170	12086
12034	12010
12015	12048
12101	12179
12269	12370
12478	12588
12694	12797
12887	12963
13024	13060
13074	13066
13040	12987
12913	12822
12718	12599
12474	12338
12195	12048
11893	11735
11575	11410
11242	11069
10903	10734
10573	10420
10278	10149
10037	9941
9870	9801
9764	9715
9720	9659
9710	9623
9623	7147
7867	7058
7297	6917
6929	6776
6737	6680
6651	6630
6612	6599
6586	6563
6536	6500
6457	6407
6353	6291
6227	6160
6095	6030
5973	5921
5875	5834
5810	5788
5783	5782
5793	5810
5839	5877
5922	5970
6031	6091
6154	6219
6281	6343
6398	6446
6490	6524
6544	6555
6556	6544
6520	6483
6436	6379
6314	6246
6172	6095
6019	5946
5877	5812
5755	5708
5668	5643
5628	5625
5635	5652
5684	5723
5775	5831
5890	5951
6015	6074
6133	6188
6238	6288
6335	6378
6421	6472
6523	6583
6650	6718
6799	6883
6968	7059
7145	7229
7309	7381
7444	7501
7554	7598
7636	7672
7709	7742
7779	7818
7867	7925
8003	8098
8219	8370
8553	8769
9020	9305
9623	9969
10335	10721
11116	11512
11909	12297
12673	13032
13372	13686
13982	14250
14494	14708
14903	15069
15210	15329
15428	15503
15560	15598
15622	15628
15623	15604
15576	15532
15476	15410
15331	15245
15144	15028
14903	14764
14609	14444
14262	14069
13870	13658
13443	13227
13018	12818
12633	12467
12318	12204
12113	12055
12022	12021
12045	12094
12167	12254
12353	12459
12572	12683
12793	12890
12976	13051
13103	13132
13142	13131
13097	13039
12964	12867
12759	12634
12507	12364
12218	12062
11904	11742
11573	11403
11229	11056
10882	10714
10550	10397
10257	10130
10020	9927
9854	9791
9757	9709
9715	9660
9709	9624
9624	7153
7871	7064
7302	6922
6933	6779
6739	6684
6651	6632
6612	6597
6582	6558
6532	6494
6451	6401
6345	6283
6222	6159
6093	6034
5977	5927
5880	5846
5823	5807
5799	5800
5814	5835
5863	5902
5948	5999
6057	6118
6180	6243
6306	6365
6416	6466
6502	6535
6552	6560
6556	6542
6517	6477
6429	6372
6308	6238
6168	6093
6019	5949
5885	5824
5774	5732
5699	5680
5671	5672
5685	5710
5744	5790
5842	5900
5961	6025
6084	6145
6201	6257
6304	6350
6389	6433
6473	6515
6564	6616
6676	6740
6810	6886
6964	7043
7120	7193
7265	7324
7379	7427
7470	7508
7543	7578
7613	7652
7692	7743
7803	7877
7971	8089
8231	8404
8611	8853
9128	9434
9767	10131
10509	10901
11298	11696
12087	12468
12836	13182
13508	13808
14085	14340
14567	14771
14948	15099
15228	15334
15424	15488
15534	15564
15574	15574
15560	15528
15488	15434
15366	15288
15200	15097
14985	14859
14724	14572
14409	14237
14052	13853
13651	13445
13238	13034
12836	12654
12491	12344
12225	12129
12065	12030
12023	12042
12085	12158
12241	12339
12446	12558
12674	12785
12893	12988
13072	13135
13182	13207
13210	13192
13149	13087
13001	12905
12789	12662
12526	12377
12224	12067
11901	11728
11555	11380
11201	11026
10847	10678
10515	10360
10221	10098
9994	9903
9834	9776
9745	9701
9710	9656
9708	9623
9623	7154
7874	7066
7304	6924
6933	6780
6741	6684
6652	6630
6612	6595
6577	6553
6526	6488
6443	6393
6340	6280
6217	6155
6094	6036
5980	5931
5891	5858
5836	5822
5818	5820
5833	5857
5888	5926
5973	6025
6084	6143
6204	6264
6327	6381
6432	6479
6515	6542
6559	6562
6558	6541
6511	6473
6423	6368
6305	6236
6167	6098
6025	5963
5902	5848
5801	5769
5740	5728
5725	5734
5753	5784
5823	5871
5930	5990
6050	6116
6179	6235
6291	6341
6385	6427
6465	6502
6539	6579
6618	6664
6715	6775
6837	6901
6969	7037
7104	7166
7222	7272
7317	7360
7392	7423
7457	7488
7525	7566
7613	7671
7744	7833
7945	8082
8251	8452
8680	8947
9244	9574
9927	10301
10690	11088
11489	11884
12273	12643
12997	13332
13642	13928
14191	14426
14637	14822
14986	15122
15237	15331
15405	15458
15493	15512
15514	15502
15475	15435
15383	15317
15238	15149
15047	14930
14809	14670
14521	14362
14193	14012
13823	13626
13429	13227
13028	12841
12661	12497
12354	12233
12139	12069
12030	12022
12037	12082
12146	12227
12326	12431
12548	12666
12781	12896
12998	13092
13166	13224
13264	13279
13277	13248
13200	13126
13037	12932
12813	12675
12533	12377
12216	12047
11877	11701
11519	11338
11155	10974
10797	10625
10466	10317
10181	10063
9963	9875
9812	9757
9730	9689
9699	9648
9702	9621
9621	7156
7875	7068
7305	6926
6936	6782
6741	6685
6651	6630
6610	6593
6573	6548
6518	6481
6435	6386
6332	6275
6212	6151
6093	6037
5983	5938
5899	5870
5852	5838
5836	5841
5856	5880
5910	5954
5999	6053
6110	6168
6229	6291
6349	6404
6452	6495
6531	6550
6567	6570
6558	6543
6512	6469
6424	6366
6304	6240
6173	6104
6039	5983
5928	5879
5843	5816
5799	5789
5794	5810
5836	5872
5919	5973
6035	6096
6160	6228
6289	6349
6400	6448
6491	6528
6562	6596
6625	6659
6694	6735
6776	6826
6879	6935
6991	7048
7102	7154
7200	7238
7274	7304
7329	7356
7384	7412
7449	7490
7547	7613
7697	7806
7939	8094
8285	8509
8767	9056
9379	9726
10097	10483
10880	11283
11685	12075
12455	12815
13161	13477
13773	14042
14284	14507
14698	14868
15012	15135
15236	15316
15375	15416
15440	15450
15439	15412
15375	15324
15257	15181
15092	14988
14874	14745
14610	14461
14304	14136
13959	13777
13587	13395
13199	13009
12825	12651
12492	12351
12229	12135
12066	12026
12013	12028
12070	12131
12214	12315
12420	12537
12655	12779
12896	13005
13104	13191
13260	13312
13340	13350
13333	13300
13237	13163
13063	12949
12816	12674
12522	12359
12189	12012
11832	11650
11461	11275
11089	10908
10729	10563
10405	10261
10129	10015
9918	9842
9780	9733
9709	9673
9686	9640
9693	9614
9614	7157
7876	7070
7308	6928
6938	6785
6745	6684
6653	6629
6608	6590
6570	6543
6512	6474
6431	6379
6327	6270
6209	6149
6092	6039
5989	5945
5907	5884
5864	5856
5855	5861
5878	5903
5935	5978
6027	6078
6135	6192
6256	6312
6370	6423
6470	6509
6542	6566
6574	6577
6563	6544
6513	6472
6427	6372
6312	6250
6187	6125
6066	6012
5967	5925
5896	5876
5865	5864
5880	5905
5936	5982
6035	6096
6160	6227
6296	6362
6423	6482
6532	6579
6616	6653
6681	6706
6733	6763
6791	6824
6860	6899
6942	6989
7032	7083
7124	7164
7196	7227
7252	7270
7289	7308
7329	7359
7387	7438
7497	7572
7669	7791
7941	8125
8339	8585
8869	9178
9524	9890
10274	10675
11078	11480
11879	12265
12636	12985
13313	13617
13895	14146
14372	14570
14746	14897
15028	15135
15222	15286
15332	15363
15373	15367
15344	15305
15257	15189
15115	15022
14920	14805
14682	14541
14396	14236
14072	13898
13719	13535
13348	13158
12973	12795
12626	12472
12334	12219
12124	12057
12016	12002
12015	12057
12116	12198
12297	12406
12525	12650
12772	12896
13010	13118
13211	13289
13350	13392
13414	13411
13387	13340
13269	13181
13072	12948
12808	12654
12491	12317
12140	11954
11767	11574
11382	11190
11004	10820
10649	10484
10330	10193
10069	9961
9874	9803
9748	9707
9687	9658
9672	9630
9685	9605
9605	7160
7875	7071
7311	6930
6940	6785
6744	6684
6653	6623
6604	6587
6563	6536
6506	6467
6422	6373
6319	6263
6204	6144
6090	6039
5992	5949
5917	5894
5879	5871
5872	5883
5899	5927
5960	6001
6052	6105
6161	6221
6280	6338
6393	6446
6491	6529
6557	6579
6587	6585
6579	6553
6522	6484
6440	6387
6330	6272
6213	6160
6104	6060
6021	5989
5965	5955
5955	5963
5984	6019
6060	6113
6172	6240
6310	6381
6451	6519
6583	6641
6689	6735
6770	6798
6823	6847
6869	6890
6913	6937
6963	6995
7030	7066
7104	7138
7171	7198
7224	7240
7253	7265
7276	7287
7305	7326
7359	7404
7469	7553
7663	7798
7970	8170
8409	8681
8983	9319
9681	10062
10461	10867
11277	11679
12073	12452
12811	13150
13461	13748
14006	14241
14445	14629
14787	14921
15033	15120
15192	15243
15273	15289
15286	15267
15232	15182
15118	15041
14951	14845
14729	14606
14467	14321
14161	13998
13828	13651
13470	13289
13104	12927
12754	12592
12442	12309
12195	12106
12039	12002
11988	12000
12040	12103
12184	12283
12393	12511
12640	12771
12895	13016
13127	13228
13316	13384
13435	13466
13477	13463
13425	13368
13285	13186
13066	12929
12777	12615
12438	12256
12064	11873
11676	11480
11284	11091
10905	10724
10554	10394
10249	10118
10004	9904
9824	9760
9715	9677
9665	9637
9658	9618
9675	9598
9598	7159
7872	7070
7310	6930
6940	6785
6742	6682
6649	6623
6600	6582
6558	6531
6498	6460
6414	6366
6311	6257
6201	6143
6090	6038
5996	5955
5928	5905
5890	5885
5889	5901
5919	5946
5984	6026
6073	6128
6185	6248
6304	6362
6416	6466
6511	6547
6575	6594
6602	6602
6589	6568
6541	6504
6461	6413
6362	6311
6256	6204
6160	6121
6087	6066
6050	6048
6057	6076
6107	6147
6199	6261
6331	6404
6479	6556
6630	6699
6763	6821
6870	6909
6946	6974
6994	7011
7027	7044
7058	7081
7099	7122
7148	7176
7199	7225
7248	7267
7279	7291
7293	7295
7297	7299
7307	7327
7358	7406
7473	7563
7682	7833
8019	8241
8497	8792
9118	9471
9848	10245
10653	11065
11473	11875
12264	12630
12976	13299
13594	13865
14106	14321
14506	14670
14807	14924
15019	15095
15147	15181
15200	15198
15181	15150
15098	15038
14961	14870
14765	14651
14522	14383
14236	14081
13915	13748
13576	13397
13216	13040
12865	12704
12544	12401
12273	12163
12077	12016
11979	11969
11985	12023
12087	12170
12270	12381
12506	12634
12764	12895
13023	13139
13245	13336
13415	13476
13515	13531
13529	13501
13454	13381
13288	13172
13039	12890
12728	12550
12363	12168
11969	11765
11563	11362
11161	10968
10784	10608
10445	10294
10155	10036
9930	9843
9772	9715
9677	9647
9639	9617
9639	9601
9659	9585
9585	7159
7869	7071
7308	6929
6940	6783
6741	6679
6649	6617
6595	6576
6550	6520
6489	6447
6405	6357
6303	6248
6193	6139
6088	6039
5999	5961
5933	5917
5904	5902
5907	5923
5942	5971
6009	6053
6099	6154
6211	6269
6326	6386
6439	6486
6533	6568
6597	6615
6626	6625
6615	6599
6573	6539
6501	6458
6411	6365
6315	6274
6235	6203
6177	6160
6154	6159
6175	6206
6246	6294
6356	6428
6504	6587
6666	6747
6826	6901
6966	7022
7070	7109
7140	7162
7182	7198
7208	7219
7229	7244
7258	7274
7293	7313
7330	7347
7361	7367
7373	7372
7369	7360
7354	7353
7354	7367
7394	7438
7509	7605
7736	7898
8098	8336
8609	8923
9265	9635
10027	10433
10846	11262
11668	12065
12446	12803
13133	13440
13719	13968
14187	14384
14552	14696
14817	14914
14988	15049
15086	15104
15108	15093
15060	15012
14949	14872
14781	14678
14561	14431
14296	14148
13992	13831
13664	13490
13316	13140
12969	12800
12641	12489
12349	12231
12127	12045
11986	11953
11945	11963
12001	12067
12152	12255
12365	12494
12627	12760
12893	13025
13146	13257
13358	13439
13508	13555
13582	13587
13570	13527
13464	13377
13270	13137
12992	12828
12651	12460
12263	12055
11849	11639
11433	11224
11027	10835
10652	10484
10327	10185
10058	9946
9851	9774
9711	9668
9636	9612
9608	9592
9617	9584
9640	9570
9570	7157
7865	7069
7306	6928
6938	6782
6737	6678
6641	6612
6587	6565
6538	6510
6477	6440
6393	6345
6291	6239
6185	6134
6086	6040
6001	5968
5946	5926
5915	5916
5924	5940
5962	5991
6032	6074
6122	6179
6235	6292
6350	6409
6462	6513
6558	6593
6621	6644
6657	6663
6654	6642
6620	6596
6562	6523
6483	6443
6401	6364
6329	6303
6285	6277
6277	6288
6309	6346
6396	6456
6525	6603
6688	6775
6863	6950
7031	7105
7175	7229
7281	7318
7347	7368
7382	7392
7403	7408
7418	7426
7435	7446
7460	7472
7484	7493
7499	7501
7502	7491
7480	7465
7451	7440
7438	7444
7469	7513
7584	7682
7817	7989
8205	8457
8744	9069
9429	9809
10211	10623
11042	11455
11860	12249
12617	12961
13277	13564
13826	14056
14259	14431
14580	14706
14805	14889
14948	14985
15010	15012
14998	14965
14920	14857
14779	14688
14583	14466
14338	14199
14052	13899
13738	13571
13399	13228
13057	12888
12725	12570
12425	12292
12175	12078
12002	11948
11919	11918
11937	11981
12050	12136
12240	12358
12484	12619
12758	12896
13029	13156
13275	13376
13467	13539
13596	13628
13641	13628
13595	13538
13458	13353
13228	13087
12924	12744
12553	12352
12142	11924
11708	11493
11277	11073
10873	10692
10515	10351
10203	10073
9957	9858
9773	9708
9655	9619
9593	9578
9581	9569
9597	9564
9625	9555
9555	7156
7859	7068
7300	6926
6934	6779
6735	6673
6632	6604
6577	6556
6529	6499
6466	6425
6380	6333
6283	6230
6178	6129
6081	6040
6002	5974
5952	5938
5929	5931
5941	5958
5982	6015
6052	6097
6147	6203
6256	6316
6376	6433
6488	6540
6586	6627
6664	6688
6705	6714
6715	6711
6697	6679
6650	6620
6584	6548
6514	6481
6453	6431
6415	6409
6410	6428
6459	6498
6553	6621
6694	6778
6874	6968
7061	7151
7238	7314
7382	7441
7491	7525
7555	7574
7589	7598
7603	7608
7616	7621
7626	7636
7644	7650
7660	7666
7666	7665
7657	7643
7629	7609
7589	7572
7563	7564
7588	7626
7694	7797
7935	8113
8336	8595
8896	9233
9603	9989
10400	10813
11231	11642
12040	12415
12774	13102
13404	13672
13911	14125
14306	14461
14591	14696
14779	14841
14885	14907
14914	14897
14867	14820
14761	14681
14593	14485
14368	14239
14100	13952
13800	13638
13472	13302
13135	12966
12800	12640
12492	12351
12223	12115
12024	11951
11904	11881
11882	11904
11952	12027
12116	12219
12342	12477
12614	12756
12895	13036
13166	13288
13397	13491
13569	13628
13667	13686
13681	13655
13602	13531
13430	13314
13170	13009
12829	12636
12431	12216
11995	11770
11550	11330
11115	10908
10717	10536
10369	10219
10081	9961
9857	9771
9697	9641
9602	9571
9556	9546
9554	9546
9576	9547
9607	9542
9542	7150
7853	7064
7296	6922
6928	6772
6728	6664
6625	6596
6566	6542
6518	6488
6452	6411
6369	6321
6271	6221
6171	6123
6077	6038
6005	5981
5957	5946
5941	5945
5957	5976
6001	6033
6074	6121
6171	6222
6281	6339
6401	6459
6517	6570
6621	6669
6708	6743
6770	6789
6803	6804
6804	6791
6775	6752
6727	6693
6661	6631
6604	6581
6567	6560
6565	6581
6613	6658
6713	6786
6865	6956
7054	7152
7250	7343
7433	7512
7582	7642
7689	7728
7755	7775
7789	7797
7802	7807
7814	7819
7826	7829
7838	7844
7851	7854
7853	7848
7839	7822
7804	7780
7755	7737
7723	7719
7736	7772
7840	7943
8084	8267
8491	8757
9066	9407
9781	10175
10584	10998
11412	11815
12204	12571
12914	13228
13511	13762
13985	14175
14337	14473
14582	14668
14731	14774
14800	14805
14795	14764
14718	14657
14580	14488
14379	14263
14133	13994
13846	13692
13535	13365
13200	13034
12871	12707
12551	12407
12273	12150
12046	11960
11894	11854
11835	11838
11870	11921
12000	12090
12204	12328
12464	12606
12753	12898
13039	13174
13302	13415
13515	13597
13663	13709
13729	13730
13708	13659
13592	13495
13380	13243
13085	12905
12710	12502
12285	12060
11831	11601
11373	11152
10940	10739
10553	10380
10221	10081
9958	9848
9759	9685
9623	9578
9545	9524
9519	9517
9527	9523
9560	9530
9592	9526
9526	7145
7846	7057
7290	6916
6922	6767
6722	6659
6617	6585
6558	6531
6504	6472
6439	6399
6354	6309
6261	6212
6165	6118
6077	6041
6009	5985
5968	5957
5954	5960
5975	5994
6024	6056
6098	6142
6193	6250
6305	6367
6429	6492
6554	6614
6669	6726
6777	6821
6863	6894
6921	6939
6950	6951
6943	6930
6909	6882
6851	6821
6790	6765
6747	6736
6735	6747
6776	6818
6873	6945
7028	7122
7219	7319
7420	7519
7607	7690
7760	7819
7868	7908
7934	7957
7972	7984
7990	7993
7998	8005
8014	8021
8029	8038
8042	8046
8048	8043
8035	8020
8000	7977
7951	7929
7911	7904
7916	7951
8017	8117
8254	8437
8664	8934
9244	9587
9959	10354
10760	11173
11580	11972
12348	12704
13030	13329
13594	13830
14032	14203
14345	14460
14552	14622
14664	14694
14695	14685
14658	14612
14550	14474
14379	14276
14156	14027
13886	13737
13580	13421
13255	13091
12928	12767
12606	12454
12314	12184
12068	11968
11893	11830
11792	11783
11792	11826
11885	11963
12065	12179
12308	12448
12598	12748
12900	13045
13187	13315
13436	13539
13625	13693
13744	13770
13773	13756
13714	13648
13555	13445
13305	13150
12972	12777
12568	12349
12117	11884
11649	11415
11188	10969
10762	10569
10388	10225
10079	9950
9841	9746
9668	9603
9558	9518
9500	9487
9486	9487
9503	9501
9537	9513
9575	9509
9509	7139
7834	7051
7280	6906
6912	6759
6712	6646
6606	6572
6545	6515
6486	6455
6423	6381
6340	6293
6247	6200
6154	6110
6072	6039
6010	5988
5977	5968
5969	5976
5990	6010
6041	6075
6116	6165
6218	6272
6334	6394
6458	6528
6596	6664
6732	6798
6863	6923
6982	7032
7077	7113
7137	7154
7159	7153
7139	7115
7084	7052
7019	6985
6955	6934
6924	6928
6947	6981
7029	7098
7178	7265
7363	7463
7564	7659
7747	7830
7901	7963
8011	8054
8084	8109
8127	8140
8150	8159
8169	8176
8185	8196
8207	8218
8226	8232
8236	8236
8231	8222
8202	8180
8156	8132
8117	8109
8117	8150
8214	8310
8445	8625
8849	9114
9423	9764
10134	10523
10923	11326
11724	12106
12473	12813
13125	13406
13654	13870
14052	14207
14328	14428
14499	14548
14576	14585
14576	14547
14499	14441
14363	14269
14165	14044
13911	13773
13623	13467
13306	13144
12978	12816
12653	12501
12353	12216
12091	11981
11888	11817
11761	11732
11723	11739
11777	11840
11925	12028
12149	12285
12433	12590
12742	12897
13049	13195
13331	13454
13564	13654
13727	13779
13811	13816
13801	13763
13699	13611
13499	13364
13207	13032
12836	12626
12401	12171
11932	11690
11450	11215
10993	10775
10577	10392
10223	10072
9941	9825
9728	9648
9582	9530
9492	9468
9457	9451
9457	9460
9484	9482
9524	9497
9562	9497
9497	7135
7827	7048
7272	6901
6905	6751
6704	6637
6597	6562
6529	6501
6472	6442
6408	6367
6324	6280
6237	6190
6146	6106
6069	6038
6015	5996
5983	5977
5984	5989
6006	6032
6061	6095
6138	6185
6241	6299
6362	6429
6500	6574
6651	6730
6812	6892
6977	7058
7134	7209
7277	7334
7378	7412
7430	7434
7425	7403
7373	7333
7291	7243
7202	7165
7138	7126
7132	7151
7189	7244
7312	7394
7485	7580
7677	7768
7857	7938
8007	8068
8122	8162
8195	8222
8241	8260
8275	8288
8305	8317
8334	8346
8363	8377
8393	8403
8412	8416
8416	8407
8396	8378
8356	8338
8320	8315
8321	8353
8413	8507
8639	8814
9032	9294
9594	9928
10291	10671
11059	11454
11839	12213
12563	12887
13184	13451
13681	13881
14047	14183
14291	14370
14423	14457
14466	14458
14432	14389
14328	14247
14157	14049
13930	13799
13657	13509
13349	13187
13025	12859
12698	12540
12388	12247
12113	11993
11888	11802
11735	11689
11660	11659
11681	11724
11791	11881
11992	12118
12259	12414
12570	12734
12895	13051
13204	13341
13474	13583
13684	13756
13816	13846
13855	13847
13806	13744
13659	13547
13414	13257
13082	12885
12675	12450
12214	11973
11732	11483
11244	11014
10794	10585
10393	10222
10067	9929
9812	9713
9631	9561
9510	9472
9444	9430
9424	9427
9438	9446
9473	9473
9513	9489
9553	9488
9488	7126
7817	7036
7262	6893
6898	6742
6691	6625
6582	6549
6519	6489
6461	6427
6392	6354
6312	6269
6223	6183
6137	6102
6071	6042
6019	6002
5994	5989
5995	6006
6025	6052
6082	6118
6163	6211
6265	6327
6396	6464
6543	6625
6715	6806
6906	7009
7114	7218
7325	7423
7519	7596
7664	7718
7752	7769
7770	7745
7714	7666
7613	7549
7490	7431
7384	7349
7330	7330
7348	7382
7438	7506
7586	7671
7758	7845
7927	8002
8070	8130
8183	8228
8265	8293
8320	8344
8362	8382
8403	8423
8445	8464
8485	8508
8525	8543
8560	8571
8577	8576
8570	8558
8544	8525
8512	8508
8519	8548
8606	8696
8825	8993
9207	9462
9749	10074
10423	10791
11166	11545
11920	12280
12615	12929
13214	13463
13682	13866
14016	14134
14227	14290
14326	14342
14334	14311
14269	14206
14131	14042
13932	13814
13682	13540
13388	13230
13068	12907
12740	12577
12424	12272
12130	12002
11888	11790
11710	11646
11607	11586
11591	11617
11666	11740
11836	11948
12080	12225
12383	12550
12717	12884
13051	13206
13353	13490
13608	13710
13786	13850
13886	13897
13887	13852
13790	13704
13594	13459
13302	13126
12932	12719
12490	12254
12010	11762
11510	11264
11029	10804
10591	10397
10217	10059
9918	9797
9695	9611
9540	9489
9448	9422
9406	9400
9402	9411
9424	9437
9465	9466
9509	9484
9548	9484
9484	7120
7810	7030
7256	6884
6887	6732
6680	6617
6572	6536
6506	6474
6445	6415
6379	6339
6299	6257
6214	6175
6134	6101
6068	6041
6021	6008
6003	6001
6007	6021
6040	6069
6100	6137
6184	6236
6292	6359
6430	6509
6596	6688
6792	6905
7022	7149
7279	7412
7543	7676
7794	7906
7998	8070
8126	8154
8162	8143
8109	8054
7984	7907
7823	7741
7667	7604
7556	7528
7521	7531
7565	7611
7674	7738
7812	7889
7960	8028
8094	8151
8202	8247
8285	8320
8350	8379
8407	8434
8461	8489
8515	8542
8570	8596
8623	8646
8670	8687
8698	8706
8708	8704
8697	8689
8683	8680
8692	8726
8782	8868
8992	9152
9355	9596
9873	10185
10519	10874
11235	11602
11959	12304
12628	12929
13198	13436
13641	13814
13948	14056
14131	14182
14204	14207
14184	14146
14084	14010
13917	13815
13692	13563
13418	13268
13111	12945
12782	12615
12454	12299
12149	12012
11886	11777
11683	11609
11555	11520
11504	11516
11547	11604
11680	11782
11898	12034
12186	12349
12518	12694
12871	13040
13205	13363
13500	13625
13729	13815
13881	13920
13933	13928
13892	13831
13746	13635
13500	13345
13165	12969
12755	12528
12289	12041
11791	11536
11286	11046
10815	10597
10398	10214
10053	9906
9784	9680
9595	9523
9471	9432
9406	9388
9380	9384
9394	9404
9424	9439
9468	9469
9510	9485
9549	9481
9481	7115
7805	7025
7249	6877
6881	6724
6674	6604
6559	6524
6489	6462
6429	6399
6365	6326
6285	6246
6204	6165
6130	6097
6066	6041
6026	6015
6010	6014
6021	6037
6057	6086
6121	6160
6208	6260
6322	6391
6470	6558
6653	6764
6882	7014
7156	7306
7467	7630
7793	7954
8103	8244
8363	8463
8535	8581
8597	8588
8548	8486
8406	8308
8204	8095
7990	7896
7816	7754
7714	7696
7696	7718
7752	7801
7854	7910
7973	8027
8084	8134
8184	8228
8270	8308
8344	8380
8413	8446
8480	8514
8546	8580
8615	8648
8680	8712
8740	8765
8784	8799
8808	8816
8815	8813
8809	8817
8832	8866
8922	9005
9123	9281
9469	9701
9964	10259
10578	10916
11259	11608
11951	12284
12591	12882
13138	13368
13559	13723
13849	13946
14011	14047
14058	14044
14010	13955
13884	13794
13686	13569
13436	13294
13143	12985
12821	12656
12493	12330
12175	12029
11893	11769
11663	11575
11503	11454
11425	11421
11436	11476
11538	11620
11726	11850
11991	12145
12312	12488
12671	12851
13028	13200
13360	13507
13638	13748
13842	13908
13954	13971
13965	13931
13871	13788
13676	13541
13382	13203
13004	12789
12557	12314
12065	11812
11557	11302
11059	10822
10605	10397
10210	10045
9896	9771
9667	9580
9510	9455
9416	9390
9375	9370
9375	9383
9398	9415
9436	9452
9480	9483
9522	9494
9559	9489
9489	7111
7803	7020
7245	6870
6873	6713
6663	6594
6552	6514
6480	6448
6418	6387
6352	6315
6276	6239
6198	6158
6126	6093
6066	6045
6029	6022
6019	6025
6034	6049
6074	6105
6139	6183
6234	6288
6355	6429
6516	6612
6721	6845
6983	7137
7302	7479
7669	7860
8058	8249
8431	8598
8747	8869
8966	9029
9063	9060
9027	8960
8870	8760
8633	8498
8362	8235
8119	8022
7946	7889
7860	7843
7848	7866
7894	7929
7968	8010
8052	8095
8137	8180
8218	8258
8300	8339
8379	8416
8455	8497
8537	8575
8616	8657
8694	8730
8766	8797
8824	8845
8862	8875
8882	8888
8896	8910
8926	8966
9022	9105
9219	9364
9546	9764
10011	10290
10588	10906
11235	11567
11894	12212
12511	12786
13036	13256
13440	13595
13715	13803
13859	13887
13884	13862
13816	13750
13662	13561
13444	13314
13169	13020
12860	12698
12531	12368
12207	12048
11904	11769
11649	11544
11459	11393
11350	11329
11331	11352
11401	11467
11556	11667
11796	11937
12101	12270
12450	12637
12822	13008
13187	13353
13510	13647
13765	13861
13935	13984
14004	14000
13969	13911
13827	13713
13579	13418
13237	13035
12817	12586
12342	12090
11832	11576
11317	11068
10832	10605
10398	10205
10039	9887
9761	9653
9568	9496
9443	9407
9382	9372
9366	9374
9382	9397
9419	9437
9460	9477
9503	9502
9541	9510
9576	9501
9501	7103
7801	7013
7239	6864
6866	6705
6654	6584
6541	6503
6468	6440
6407	6376
6341	6306
6266	6229
6189	6155
6118	6088
6067	6051
6036	6030
6031	6036
6047	6067
6091	6122
6162	6206
6259	6321
6392	6474
6566	6673
6797	6935
7095	7264
7455	7659
7874	8096
8319	8542
8754	8951
9127	9276
9397	9480
9532	9542
9518	9455
9363	9241
9099	8940
8777	8621
8468	8333
8216	8121
8049	7996
7964	7945
7942	7949
7964	7985
8009	8038
8071	8107
8144	8183
8225	8267
8314	8356
8400	8446
8488	8534
8578	8624
8666	8707
8745	8785
8818	8846
8869	8889
8904	8919
8930	8950
8971	9014
9072	9152
9262	9400
9571	9775
10009	10264
10548	10846
11159	11474
11784	12089
12377	12643
12885	13100
13279	13429
13544	13627
13675	13698
13690	13658
13601	13523
13427	13313
13183	13045
12895	12735
12571	12405
12243	12082
11926	11780
11646	11525
11424	11344
11282	11241
11227	11235
11264	11319
11396	11488
11606	11741
11891	12054
12231	12413
12604	12796
12985	13170
13346	13504
13650	13776
13879	13957
14009	14037
14034	14008
13949	13864
13753	13616
13454	13275
13071	12848
12611	12367
12110	11849
11590	11329
11077	10836
10607	10396
10199	10028
9878	9749
9641	9555
9485	9436
9402	9381
9372	9371
9379	9392
9411	9434
9455	9476
9497	9510
9538	9534
9569	9535
9599	9518
9518	7103
7802	7011
7238	6860
6860	6700
6647	6577
6531	6494
6459	6430
6400	6367
6333	6299
6259	6222
6184	6150
6122	6093
6068	6053
6042	6040
6040	6048
6061	6083
6110	6144
6184	6234
6289	6354
6431	6522
6620	6738
6874	7029
7204	7397
7606	7834
8076	8322
8571	8816
9055	9276
9478	9654
9801	9912
9984	10019
10008	9960
9870	9746
9592	9419
9233	9046
8864	8688
8534	8399
8284	8191
8118	8061
8022	7992
7976	7971
7974	7982
8004	8027
8058	8093
8132	8177
8220	8267
8319	8365
8412	8463
8510	8558
8602	8649
8691	8732
8771	8803
8830	8856
8877	8898
8916	8941
8970	9014
9072	9151
9255	9390
9550	9739
9956	10199
10461	10743
11035	11331
11628	11917
12193	12453
12689	12899
13076	13225
13337	13419
13465	13485
13472	13436
13369	13284
13177	13057
12915	12768
12612	12449
12283	12118
11957	11803
11655	11524
11407	11305
11226	11168
11133	11123
11138	11172
11234	11315
11419	11541
11680	11836
12007	12188
12375	12567
12763	12958
13150	13329
13497	13647
13779	13888
13974	14030
14063	14062
14037	13979
13900	13788
13651	13489
13304	13099
12878	12638
12389	12129
11866	11603
11340	11088
10841	10609
10395	10196
10021	9869
9741	9628
9545	9475
9432	9398
9381	9378
9382	9394
9412	9435
9460	9482
9505	9526
9546	9559
9580	9572
9605	9567
9627	9545
9545	7102
7810	7007
7238	6856
6855	6693
6642	6570
6523	6485
6448	6419
6388	6356
6324	6289
6253	6217
6181	6149
6119	6091
6072	6056
6051	6050
6051	6062
6078	6100
6128	6166
6207	6258
6317	6389
6471	6565
6678	6808
6955	7126
7312	7521
7749	7994
8252	8518
8785	9049
9309	9554
9779	9980
10154	10293
10399	10457
10473	10442
10366	10250
10097	9915
9716	9506
9293	9089
8899	8725
8570	8434
8317	8220
8138	8071
8019	7980
7953	7941
7940	7953
7967	7996
8031	8071
8118	8164
8212	8263
8314	8365
8414	8462
8509	8558
8603	8647
8687	8722
8756	8786
8810	8835
8858	8888
8921	8965
9028	9104
9203	9329
9483	9658
9859	10086
10330	10589
10866	11146
11425	11704
11972	12221
12455	12659
12837	12985
13099	13181
13230	13246
13231	13191
13123	13029
12918	12787
12643	12490
12329	12164
11996	11837
11679	11536
11402	11285
11186	11108
11053	11021
11014	11034
11076	11143
11230	11339
11473	11619
11780	11954
12140	12332
12530	12732
12931	13125
13310	13485
13639	13778
13895	13985
14049	14084
14090	14067
14014	13932
13823	13687
13525	13340
13131	12908
12665	12414
12150	11885
11619	11350
11094	10847
10610	10394
10193	10016
9861	9728
9620	9534
9471	9423
9397	9384
9387	9396
9414	9437
9466	9494
9523	9549
9572	9593
9613	9619
9638	9622
9654	9608
9671	9579
9579	7099
7818	7004
7239	6850
6853	6690
6638	6563
6516	6477
6441	6410
6382	6348
6317	6280
6247	6210
6178	6147
6118	6095
6077	6063
6058	6060
6062	6074
6094	6117
6146	6187
6232	6284
6349	6426
6515	6615
6733	6874
7029	7211
7410	7630
7872	8126
8397	8673
8954	9230
9501	9762
10004	10230
10432	10603
10740	10834
10882	10879
10831	10734
10588	10413
10206	9983
9750	9519
9298	9088
8895	8719
8563	8423
8299	8192
8100	8025
7967	7924
7896	7886
7887	7903
7930	7963
8003	8052
8098	8150
8198	8251
8298	8350
8399	8445
8493	8535
8577	8616
8648	8680
8708	8737
8763	8794
8833	8880
8938	9014
9108	9230
9370	9532
9721	9930
10158	10401
10658	10923
11189	11455
11711	11957
12184	12384
12562	12712
12831	12914
12969	12987
12974	12932
12861	12766
12650	12515
12368	12209
12046	11884
11718	11562
11417	11287
11168	11070
10992	10940
10911	10907
10931	10979
11050	11147
11264	11396
11552	11719
11901	12091
12289	12492
12696	12898
13099	13291
13468	13629
13775	13898
13991	14062
14102	14115
14094	14043
13965	13855
13716	13555
13372	13161
12935	12693
12438	12172
11903	11631
11364	11101
10851	10613
10392	10192
10012	9854
9723	9612
9526	9462
9425	9399
9391	9398
9414	9437
9469	9503
9537	9571
9603	9630
9654	9670
9683	9685
9696	9679
9705	9651
9713	9616
9616	7099
7824	7005
7242	6850
6852	6687
6632	6557
6512	6472
6434	6404
6373	6343
6310	6275
6240	6207
6176	6146
6120	6099
6083	6070
6067	6069
6074	6088
6111	6134
6172	6207
6258	6316
6385	6464
6556	6665
6791	6936
7104	7288
7494	7722
7969	8227
8498	8778
9058	9337
9614	9886
10144	10390
10620	10822
10996	11130
11221	11256
11241	11169
11049	10882
10680	10453
10212	9963
9719	9480
9254	9045
8851	8671
8507	8357
8225	8112
8016	7936
7880	7844
7826	7824
7837	7862
7896	7935
7982	8028
8076	8127
8176	8220
8268	8314
8361	8405
8444	8483
8521	8550
8585	8609
8643	8673
8712	8759
8819	8891
8983	9095
9229	9380
9555	9745
9961	10185
10426	10671
10925	11177
11425	11662
11885	12085
12266	12420
12540	12631
12685	12712
12704	12661
12592	12495
12379	12241
12092	11933
11771	11610
11452	11307
11171	11056
10955	10882
10825	10801
10799	10826
10877	10956
11058	11179
11321	11481
11654	11842
12037	12241
12448	12658
12865	13068
13265	13446
13617	13766
13895	13997
14071	14120
14131	14118
14069	13993
13884	13750
13587	13403
13196	12965
12720	12464
12196	11923
11648	11379
11110	10859
10616	10394
10190	10007
9850	9715
9607	9523
9461	9423
9402	9398
9410	9434
9464	9505
9544	9588
9627	9664
9697	9723
9742	9756
9762	9761
9763	9739
9759	9701
9760	9654
9654	7097
7834	7003
7244	6844
6848	6680
6625	6551
6502	6463
6426	6397
6365	6335
6302	6270
6234	6202
6172	6145
6121	6104
6087	6078
6076	6078
6085	6103
6122	6152
6186	6229
6280	6344
6418	6499
6597	6711
6843	6991
7163	7349
7558	7786
8027	8280
8545	8817
9091	9366
9644	9915
10186	10448
10704	10939
11153	11331
11469	11549
11576	11545
11455	11309
11124	10899
10655	10398
10135	9879
9630	9390
9165	8951
8752	8566
8395	8240
8105	7993
7905	7836
7793	7767
7761	7770
7794	7828
7865	7907
7950	7995
8041	8086
8134	8177
8217	8259
8299	8334
8370	8402
8433	8463
8496	8527
8568	8612
8672	8744
8832	8936
9061	9200
9362	9540
9734	9948
10168	10403
10640	10881
11117	11349
11565	11767
11947	12104
12233	12328
12392	12422
12418	12382
12316	12225
12107	11971
11822	11666
11505	11352
11202	11069
10948	10851
10773	10721
10694	10697
10725	10780
10862	10967
11093	11241
11408	11587
11780	11982
12189	12403
12617	12832
13037	13238
13428	13601
13756	13889
13999	14078
14130	14150
14140	14095
14020	13915
13781	13619
13433	13225
12994	12749
12490	12219
11942	11669
11391	11122
10865	10622
10395	10189
10005	9844
9710	9602
9519	9458
9422	9406
9411	9425
9458	9497
9541	9591
9641	9687
9732	9773
9801	9826
9842	9846
9848	9835
9839	9801
9820	9748
9811	9694
9694	7098
7844	7002
7244	6844
6847	6679
6619	6544
6495	6456
6420	6388
6357	6328
6297	6266
6233	6202
6173	6146
6123	6106
6094	6088
6086	6094
6097	6119
6142	6171
6209	6256
6310	6375
6448	6536
6640	6755
6887	7040
7206	7392
7595	7815
8044	8287
8538	8793
9052	9313
9579	9851
10127	10404
10680	10952
11202	11428
11614	11751
11824	11835
11783	11671
11506	11296
11055	10800
10532	10266
9998	9744
9495	9257
9026	8809
8604	8412
8240	8088
7964	7867
7790	7742
7715	7705
7715	7732
7759	7789
7829	7871
7911	7947
7989	8029
8072	8110
8146	8181
8214	8246
8276	8306
8337	8371
8409	8455
8512	8581
8663	8759
8874	9005
9156	9324
9504	9700
9907	10128
10350	10579
10807	11027
11238	11440
11620	11779
11911	12016
12088	12124
12130	12101
12040	11950
11841	11710
11563	11410
11261	11112
10977	10857
10754	10674
10623	10595
10595	10625
10682	10766
10875	11007
11160	11330
11517	11715
11921	12137
12354	12572
12789	13001
13205	13398
13578	13740
13877	13993
14082	14139
14165	14158
14117	14048
13942	13809
13647	13462
13253	13024
12775	12515
12246	11966
11684	11409
11135	10873
10627	10395
10188	10003
9841	9703
9598	9517
9457	9424
9414	9422
9444	9480
9526	9580
9638	9697
9755	9805
9852	9889
9914	9935
9942	9941
9939	9913
9908	9863
9877	9798
9857	9733
9733	7095
7851	6999
7245	6840
6842	6672
6617	6541
6490	6450
6411	6382
6351	6322
6290	6259
6228	6200
6173	6147
6126	6108
6099	6094
6095	6100
6109	6130
6155	6187
6226	6274
6333	6399
6478	6568
6669	6790
6921	7068
7230	7409
7600	7806
8018	8243
8470	8701
8939	9184
9433	9700
9973	10261
10559	10860
11153	11428
11663	11852
11980	12037
12029	11953
11812	11627
11397	11149
10882	10612
10344	10079
9821	9568
9318	9075
8843	8619
8417	8231
8072	7936
7833	7755
7700	7669
7658	7659
7674	7694
7720	7751
7783	7816
7853	7888
7925	7957
7994	8026
8056	8084
8114	8142
8173	8206
8244	8285
8343	8407
8485	8578
8687	8808
8946	9101
9271	9451
9646	9850
10060	10273
10493	10706
10912	11109
11289	11450
11587	11695
11778	11826
11836	11817
11765	11686
11581	11454
11316	11173
11032	10896
10772	10670
10588	10533
10503	10503
10532	10589
10676	10787
10921	11079
11251	11440
11642	11860
12075	12297
12522	12743
12961	13170
13369	13552
13720	13864
13983	14077
14142	14174
14172	14141
14070	13970
13840	13678
13491	13282
13052	12801
12541	12266
11986	11703
11423	11148
10885	10629
10398	10188
9998	9835
9702	9594
9514	9457
9432	9421
9432	9463
9505	9558
9620	9685
9754	9818
9879	9929
9977	10010
10033	10045
10047	10035
10021	9993
9978	9922
9930	9840
9902	9764
9764	7090
7853	6995
7242	6837
6839	6667
6610	6536
6482	6442
6404	6373
6342	6316
6285	6254
6227	6199
6170	6148
6129	6114
6105	6101
6103	6108
6121	6141
6168	6200
6242	6293
6352	6420
6500	6591
6694	6811
6940	7082
7234	7400
7580	7758
7953	8146
8346	8550
8761	8981
9214	9465
9739	10034
10351	10682
11012	11332
11620	11859
12041	12151
12183	12141
12032	11870
11660	11423
11166	10901
10637	10376
10117	9860
9607	9350
9102	8856
8627	8410
8218	8052
7917	7807
7727	7667
7637	7617
7614	7617
7631	7648
7673	7696
7723	7754
7783	7810
7838	7867
7898	7926
7951	7979
8007	8037
8076	8117
8169	8229
8303	8391
8492	8607
8736	8879
9035	9208
9387	9579
9779	9980
10186	10392
10592	10786
10963	11125
11265	11384
11474	11527
11552	11541
11497	11425
11331	11215
11089	10955
10828	10706
10600	10516
10456	10422
10420	10446
10501	10585
10696	10837
10995	11171
11366	11572
11789	12011
12239	12468
12696	12915
13129	13333
13524	13693
13843	13970
14071	14142
14180	14184
14157	14095
13995	13866
13709	13525
13315	13081
12832	12568
12291	12007
11724	11438
11162	10892
10639	10402
10189	9996
9834	9698
9587	9509
9459	9432
9427	9446
9481	9529
9591	9659
9737	9812
9882	9950
10011	10062
10103	10133
10153	10156
10150	10128
10105	10062
10039	9973
9978	9877
9938	9785
9785	7085
7852	6987
7240	6827
6832	6660
6601	6526
6475	6433
6397	6367
6337	6307
6280	6248
6222	6196
6170	6149
6131	6118
6112	6107
6109	6115
6131	6152
6178	6211
6256	6304
6367	6437
6516	6607
6710	6821
6946	7078
7215	7365
7516	7677
7843	8007
8175	8347
8529	8724
8937	9173
9445	9745
10076	10431
10797	11155
11492	11785
12015	12175
12251	12244
12166	12027
11837	11612
11371	11121
10869	10617
10371	10122
9875	9620
9367	9113
8865	8626
8407	8212
8045	7907
7797	7715
7653	7613
7585	7570
7564	7569
7578	7591
7605	7626
7649	7671
7695	7719
7744	7769
7791	7818
7843	7874
7907	7947
7998	8056
8126	8208
8300	8411
8531	8664
8811	8969
9139	9317
9504	9695
9893	10086
10282	10470
10647	10808
10954	11075
11170	11234
11269	11268
11240	11180
11098	10997
10881	10766
10650	10547
10461	10397
10359	10350
10374	10423
10505	10617
10755	10914
11093	11289
11500	11719
11945	12179
12411	12642
12863	13086
13290	13487
13660	13817
13955	14061
14137	14184
14196	14173
14116	14022
13898	13741
13555	13347
13113	12860
12595	12318
12032	11742
11457	11173
10904	10645
10405	10185
9992	9825
9687	9581
9502	9452
9430	9430
9454	9498
9554	9623
9703	9785
9867	9947
10025	10095
10151	10201
10236	10259
10268	10261
10244	10214
10180	10127
10094	10016
10015	9898
9965	9793
9793	7073
7841	6977
7228	6818
6825	6650
6596	6520
6468	6425
6391	6358
6329	6303
6275	6246
6219	6196
6171	6151
6135	6121
6115	6114
6115	6123
6137	6158
6183	6217
6260	6313
6373	6442
6523	6613
6709	6815
6930	7048
7174	7299
7429	7561
7695	7830
7963	8104
8254	8423
8614	8839
9100	9405
9751	10128
10523	10922
11302	11640
11915	12119
12234	12264
12215	12095
11925	11716
11491	11256
11024	10793
10568	10344
10113	9879
9632	9377
9123	8874
8636	8415
8223	8056
7915	7803
7716	7647
7597	7555
7531	7511
7505	7503
7508	7515
7527	7545
7561	7580
7599	7619
7637	7661
7686	7715
7748	7786
7831	7886
7951	8029
8119	8222
8332	8462
8599	8749
8907	9074
9248	9432
9616	9806
9990	10172
10346	10506
10648	10776
10880	10956
10996	11011
10994	10950
10883	10800
10701	10603
10507	10423
10356	10315
10301	10316
10359	10437
10543	10676
10834	11015
11213	11423
11650	11877
12111	12346
12583	12810
13034	13247
13444	13626
13788	13928
14042	14130
14182	14200
14185	14135
14049	13930
13775	13592
13382	13150
12894	12625
12346	12058
11764	11475
11190	10912
10651	10406
10183	9988
9819	9679
9572	9491
9443	9425
9429	9459
9511	9576
9653	9742
9834	9925
10013	10101
10176	10243
10295	10338
10367	10380
10379	10361
10335	10291
10245	10179
10138	10044
10041	9902
9980	9780
9780	7058
7817	6962
7213	6806
6813	6639
6586	6508
6459	6417
6382	6354
6324	6296
6269	6242
6218	6193
6171	6152
6136	6125
6118	6118
6120	6124
6139	6157
6184	6219
6260	6311
6372	6440
6517	6602
6696	6790
6891	6995
7099	7205
7307	7409
7513	7613
7717	7827
7947	8093
8266	8476
8734	9040
9395	9794
10213	10646
11064	11442
11759	12001
12148	12208
12184	12084
11929	11740
11527	11312
11098	10899
10704	10509
10310	10103
9876	9643
9397	9144
8896	8664
8447	8257
8088	7946
7829	7729
7647	7581
7528	7486
7455	7435
7427	7420
7424	7430
7437	7450
7467	7479
7495	7514
7536	7562
7590	7625
7667	7721
7784	7856
7942	8035
8147	8266
8394	8537
8686	8848
9014	9182
9359	9537
9718	9894
10062	10221
10368	10499
10603	10690
10744	10771
10769	10739
10691	10624
10547	10465
10391	10330
10287	10268
10274	10312
10381	10481
10609	10764
10939	11137
11346	11571
11804	12041
12281	12519
12754	12978
13196	13397
13586	13751
13901	14020
14112	14174
14203	14197
14154	14074
13959	13813
13631	13422
13193	12932
12666	12380
12089	11791
11498	11206
10926	10658
10409	10183
9982	9809
9665	9557
9476	9430
9413	9424
9459	9518
9591	9679
9774	9873
9977	10078
10169	10256
10332	10392
10442	10474
10494	10495
10481	10452
10410	10358
10297	10219
10165	10054
10050	9884
9977	9732
9732	7037
7781	6941
7189	6791
6797	6629
6576	6498
6452	6411
6375	6346
6317	6291
6265	6238
6216	6192
6171	6153
6141	6128
6123	6119
6119	6126
6138	6154
6180	6212
6251	6300
6360	6427
6498	6577
6661	6745
6833	6920
7004	7086
7163	7235
7307	7378
7449	7533
7629	7754
7909	8110
8363	8672
9033	9445
9891	10351
10796	11211
11562	11835
12013	12098
12091	12008
11866	11687
11487	11294
11107	10936
10776	10624
10466	10297
10110	9900
9672	9434
9189	8948
8717	8505
8314	8142
7990	7860
7746	7649
7566	7495
7441	7398
7368	7348
7335	7333
7329	7336
7340	7351
7366	7377
7395	7415
7443	7475
7513	7561
7620	7691
7774	7864
7968	8083
8206	8339
8483	8634
8793	8955
9122	9292
9464	9632
9799	9956
10101	10237
10348	10437
10506	10546
10559	10550
10520	10473
10415	10361
10307	10269
10249	10253
10283	10341
10435	10554
10698	10871
11064	11271
11494	11728
11968	12207
12449	12686
12917	13136
13344	13536
13711	13864
13993	14092
14164	14201
14204	14170
14101	13992
13851	13676
13471	13240
12984	12710
12425	12131
11826	11524
11232	10944
10670	10415
10183	9975
9797	9649
9534	9455
9408	9393
9405	9449
9510	9593
9691	9798
9908	10021
10128	10235
10330	10413
10482	10541
10577	10604
10607	10601
10574	10534
10479	10408
10338	10240
10179	10041
10041	9828
9956	9636
9636	7012
7713	6920
7150	6771
6776	6615
6561	6491
6442	6404
6371	6342
6314	6288
6261	6240
6213	6192
6173	6154
6143	6132
6123	6119
6117	6120
6131	6147
6167	6199
6237	6285
6336	6399
6468	6540
6614	6686
6757	6825
6887	6945
6996	7042
7083	7128
7173	7233
7308	7411
7556	7749
7997	8311
8680	9106
9569	10051
10523	10964
11343	11642
11844	11948
11955	11883
11749	11579
11394	11216
11053	10914
10795	10686
10575	10456
10313	10142
9948	9727
9495	9257
9023	8794
8580	8385
8201	8038
7888	7757
7639	7541
7455	7389
7335	7297
7269	7253
7242	7237
7237	7239
7241	7251
7266	7278
7301	7330
7366	7411
7468	7533
7610	7700
7802	7911
8031	8158
8297	8439
8589	8745
8904	9069
9233	9396
9557	9712
9857	9990
10108	10206
10284	10339
10369	10379
10368	10347
10315	10281
10253	10237
10241	10269
10320	10402
10508	10649
10812	10995
11201	11419
11652	11890
12132	12373
12616	12849
13072	13287
13482	13667
13822	13960
14070	14148
14195	14211
14186	14128
14031	13897
13728	13529
13301	13046
12772	12482
12181	11875
11566	11265
10971	10689
10428	10187
9972	9789
9636	9515
9431	9379
9365	9378
9426	9495
9583	9688
9807	9930
10054	10176
10294	10398
10492	10572
10636	10681
10712	10724
10717	10694
10655	10601
10531	10446
10361	10241
10175	9997
10014	9729
9914	9478
9478	6982
7612	6891
7093	6746
6747	6597
6547	6480
6433	6397
6365	6337
6309	6285
6261	6239
6213	6192
6173	6157
6144	6130
6119	6115
6112	6115
6120	6133
6151	6181
6214	6257
6306	6363
6422	6486
6548	6609
6664	6711
6753	6790
6812	6835
6853	6873
6896	6935
6996	7088
7224	7414
7657	7970
8347	8785
9263	9763
10255	10718
11117	11436
11658	11774
11791	11726
11596	11435
11259	11096
10958	10849
10769	10705
10650	10582
10492	10369
10218	10030
9818	9592
9356	9119
8891	8669
8457	8258
8072	7905
7750	7616
7502	7407
7331	7271
7226	7193
7169	7156
7146	7141
7137	7141
7146	7155
7174	7197
7230	7269
7324	7390
7464	7551
7644	7755
7867	7993
8123	8263
8409	8555
8710	8863
9021	9181
9336	9490
9634	9769
9892	10000
10086	10155
10202	10233
10242	10243
10237	10228
10225	10232
10260	10308
10382	10480
10605	10756
10931	11129
11342	11571
11805	12047
12293	12536
12772	12999
13221	13424
13611	13774
13923	14040
14130	14187
14211	14201
14154	14067
13947	13787
13596	13371
13121	12848
12558	12250
11941	11627
11315	11016
10723	10451
10200	9977
9784	9618
9495	9402
9348	9327
9344	9390
9464	9559
9675	9800
9936	10072
10209	10336
10456	10562
10649	10723
10776	10814
10831	10831
10812	10777
10725	10654
10573	10473
10373	10226
10156	9925
9966	9579
9849	9243
9243	6946
7468	6854
7020	6720
6712	6581
6532	6470
6423	6388
6360	6331
6306	6284
6259	6239
6216	6194
6175	6160
6144	6132
6116	6109
6106	6102
6105	6114
6129	6152
6185	6224
6268	6320
6371	6426
6473	6521
6559	6587
6611	6624
6628	6628
6625	6625
6631	6659
6705	6790
6918	7102
7351	7666
8048	8494
8982	9494
10007	10480
10900	11234
11467	11591
11616	11555
11429	11268
11101	10950
10830	10750
10711	10694
10691	10680
10646	10575
10469	10323
10140	9931
9703	9464
9221	8981
8742	8508
8290	8081
7890	7720
7574	7445
7346	7261
7200	7153
7117	7091
7069	7059
7050	7042
7041	7044
7056	7075
7101	7138
7187	7249
7322	7403
7499	7604
7715	7839
7968	8101
8240	8384
8533	8684
8836	8993
9142	9292
9436	9576
9703	9813
9911	9993
10058	10104
10139	10162
10180	10195
10218	10250
10299	10367
10460	10575
10715	10876
11062	11265
11488	11719
11958	12203
12448	12685
12920	13142
13350	13543
13719	13872
14003	14102
14174	14210
14214	14179
14109	13998
13853	13671
13457	13214
12945	12653
12347	12033
11713	11392
11080	10778
10495	10231
9996	9790
9615	9478
9375	9314
9288	9298
9342	9416
9517	9635
9773	9919
10066	10219
10360	10493
10612	10714
10799	10861
10910	10934
10938	10928
10894	10845
10780	10697
10599	10481
10365	10187
10115	9812
9898	9361
9763	8902
8902	6901
7269	6812
6918	6685
6667	6560
6511	6456
6415	6385
6354	6329
6305	6282
6258	6235
6217	6196
6178	6160
6146	6129
6115	6104
6097	6090
6088	6090
6104	6122
6151	6184
6222	6268
6311	6356
6393	6424
6449	6462
6469	6461
6446	6427
6408	6393
6389	6400
6444	6520
6646	6832
7080	7398
7790	8239
8735	9258
9780	10272
10702	11049
11287	11421
11447	11388
11263	11103
10939	10796
10691	10638
10634	10664
10707	10753
10775	10760
10704	10597
10450	10262
10051	9814
9563	9304
9041	8779
8522	8278
8052	7843
7664	7507
7379	7274
7196	7132
7084	7044
7014	6990
6971	6959
6951	6947
6953	6963
6988	7021
7066	7126
7196	7279
7371	7472
7585	7702
7825	7957
8095	8233
8380	8523
8673	8821
8973	9119
9262	9401
9532	9650
9761	9851
9934	9998
10055	10097
10140	10180
10226	10282
10350	10438
10547	10675
10825	10999
11194	11400
11627	11861
12101	12345
12586	12821
13051	13267
13468	13652
13816	13956
14071	14153
14207	14223
14207	14150
14057	13923
13757	13554
13321	13060
12772	12468
12150	11825
11496	11175
10864	10563
10290	10035
9815	9626
9471	9358
9282	9245
9249	9286
9356	9453
9582	9721
9876	10038
10198	10358
10507	10643
10758	10858
10937	10992
11028	11042
11036	11012
10965	10905
10827	10730
10617	10478
10352	10133
10061	9666
9816	9076
9667	8456
8456	6854
7008	6766
6791	6651
6615	6536
6492	6445
6407	6377
6351	6326
6303	6279
6259	6238
6219	6199
6180	6160
6142	6128
6110	6096
6086	6076
6067	6068
6077	6092
6114	6143
6177	6215
6252	6286
6313	6332
6343	6340
6327	6306
6274	6244
6210	6184
6171	6179
6215	6290
6416	6605
6855	7179
7572	8027
8530	9058
9590	10088
10524	10878
11128	11262
11298	11234
11107	10945
10783	10648
10560	10526
10551	10617
10712	10806
10880	10919
10910	10850
10738	10575
10381	10149
9895	9623
9337	9050
8762	8479
8216	7977
7765	7581
7427	7303
7204	7124
7063	7013
6973	6939
6915	6892
6875	6866
6862	6869
6887	6918
6959	7018
7082	7165
7255	7358
7464	7583
7706	7836
7967	8107
8245	8391
8532	8681
8827	8973
9115	9256
9387	9512
9629	9735
9830	9915
9987	10051
10116	10178
10247	10322
10408	10513
10633	10777
10937	11115
11316	11529
11755	11988
12230	12473
12710	12941
13165	13373
13569	13743
13896	14023
14120	14189
14226	14226
14189	14113
14002	13850
13664	13444
13194	12916
12616	12297
11973	11636
11307	10980
10669	10375
10104	9863
9656	9484
9352	9259
9206	9194
9221	9283
9378	9503
9646	9806
9978	10151
10324	10490
10641	10775
10893	10985
11057	11103
11130	11132
11116	11079
11023	10951
10858	10750
10623	10462
10325	10061
10002	9487
9724	8727
9558	7897
7897	6807
6690	6722
6638	6619
6556	6517
6472	6436
6399	6374
6348	6324
6302	6280
6260	6239
6221	6200
6180	6161
6143	6124
6104	6091
6074	6059
6052	6047
6050	6062
6080	6104
6133	6166
6194	6219
6238	6246
6242	6227
6204	6165
6124	6078
6039	6007
5988	5991
6029	6103
6233	6420
6675	7002
7395	7854
8363	8897
9431	9937
10380	10739
10992	11133
11163	11101
10975	10809
10646	10514
10436	10424
10474	10574
10707	10844
10964	11055
11090	11071
10992	10861
10681	10457
10201	9918
9616	9305
8987	8679
8383	8112
7868	7658
7481	7337
7220	7127
7054	6995
6945	6905
6869	6840
6814	6798
6789	6790
6804	6828
6870	6921
6987	7068
7160	7257
7366	7483
7605	7733
7861	7997
8136	8276
8418	8561
8706	8850
8993	9135
9269	9401
9524	9639
9748	9845
9934	10023
10102	10184
10270	10363
10466	10585
10718	10870
11038	11224
11425	11640
11865	12101
12340	12580
12815	13046
13262	13467
13653	13819
13958	14074
14165	14220
14239	14225
14170	14080
13950	13784
13580	13344
13080	12790
12480	12151
11817	11479
11142	10816
10506	10217
9953	9724
9527	9369
9256	9183
9150	9161
9209	9290
9407	9549
9712	9886
10070	10258
10436	10606
10758	10894
11009	11093
11157	11198
11214	11209
11183	11136
11071	10986
10884	10764
10625	10447
10296	9980
9939	9286
9630	8328
9449	7254
7254	6762
6326	6677
6470	6584
6492	6497
6453	6427
6396	6369
6346	6321
6303	6280
6261	6239
6222	6200
6178	6159
6139	6121
6101	6080
6062	6046
6032	6026
6026	6034
6047	6071
6094	6120
6144	6162
6169	6168
6155	6130
6093	6049
5997	5945
5897	5859
5839	5841
5878	5956
6087	6276
6534	6863
7261	7722
8230	8768
9308	9817
10266	10626
10886	11029
11060	10998
10866	10700
10538	10410
10338	10338
10406	10534
10696	10876
11035	11160
11238	11252
11207	11099
10932	10722
10465	10174
9860	9529
9189	8853
8530	8236
7967	7734
7536	7373
7242	7138
7054	6985
6932	6880
6837	6800
6770	6745
6731	6729
6737	6760
6795	6845
6914	6988
7076	7178
7285	7402
7524	7648
7776	7911
8048	8185
8326	8469
8613	8756
8896	9038
9178	9315
9442	9567
9684	9793
9900	10000
10096	10195
10297	10405
10523	10653
10794	10952
11124	11313
11515	11734
11958	12194
12432	12669
12901	13128
13339	13537
13717	13875
14010	14118
14195	14236
14247	14217
14153	14048
13901	13724
13506	13259
12984	12681
12361	12027
11687	11344
11006	10681
10373	10088
9830	9609
9424	9281
9180	9122
9108	9133
9203	9304
9436	9593
9769	9958
10151	10342
10528	10701
10857	10988
11101	11182
11240	11271
11281	11266
11231	11177
11105	11011
10901	10768
10621	10420
10267	9894
9875	9079
9541	7908
9346	6563
6563	6720
5941	6638
6295	6554
6433	6479
6434	6419
6389	6366
6345	6321
6302	6281
6262	6240
6222	6200
6181	6160
6138	6116
6097	6074
6054	6033
6019	6007
6006	6011
6022	6041
6059	6085
6101	6112
6113	6105
6085	6051
6007	5956
5897	5843
5787	5749
5724	5730
5766	5849
5979	6172
6432	6762
7162	7625
8139	8676
9216	9725
10179	10544
10803	10945
10978	10914
10784	10615
10455	10324
10260	10268
10353	10499
10688	10892
11087	11244
11354	11398
11374	11288
11140	10934
10681	10387
10062	9715
9353	8999
8657	8338
8050	7795
7583	7409
7266	7151
7058	6979
6917	6863
6816	6772
6735	6709
6689	6682
6688	6705
6740	6789
6852	6928
7017	7115
7224	7338
7460	7586
7714	7848
7982	8119
8256	8399
8538	8681
8824	8966
9110	9245
9381	9511
9636	9758
9871	9984
10096	10208
10321	10441
10569	10705
10856	11017
11195	11387
11592	11807
12034	12267
12502	12735
12969	13189
13397	13592
13769	13919
14049	14144
14216	14249
14249	14210
14135	14021
13867	13674
13451	13193
12907	12601
12274	11936
11589	11244
10906	10577
10272	9991
9739	9526
9348	9214
9126	9082
9081	9124
9204	9318
9463	9630
9820	10016
10216	10414
10602	10777
10931	11065
11171	11251
11302	11330
11333	11314
11269	11209
11128	11030
10909	10771
10612	10398
10236	9816
9818	8880
9459	7497
9254	5888
