16189	16189
16189	16189
16189	16189
16189	16189
16189	16189
16189	16189
16189	16189
16189	16189
16189	16189
16189	16189
16189	16189
16189	16189
16189	16189
16189	16189
16189	16189
16189	16189
16189	16189
16189	16189
16189	16189
16189	16187
16186	16181
16174	16162
16142	16110
16059	15984
15891	15769
15625	15456
15273	15086
14923	14801
14735	14732
14785	14889
15030	15193
15361	15521
15667	15798
15908	16000
16065	16114
16143	16161
16174	16180
16184	16186
16189	16189
16189	16189
16189	16189
16189	16189
16189	16189
16189	16189
16189	16189
16189	16189
16189	16189
16189	16189
16189	16189
16189	16189
16189	16189
16189	16189
16189	16189
16189	16189
16189	16189
16189	16189
16189	16189
16189	16189
16189	16189
16189	16189
16189	16189
16189	16189
16189	16189
16189	16189
16189	16189
16189	16189
16189	16189
16189	16189
16189	16189
16189	16189
16189	16189
16189	16189
16189	16189
16189	16189
16189	16189
16189	16186
16182	16175
16163	16140
16095	16026
15920	15778
15601	15394
15160	14905
14638	14378
14152	13985
13897	13884
13948	14076
14256	14477
14716	14961
15198	15423
15624	15795
15929	16025
16091	16133
16158	16172
16180	16184
16188	16189
16189	16189
16189	16189
16189	16189
16189	16189
16189	16189
16189	16189
16189	16189
16189	16189
16189	16189
16189	16189
16189	16189
16189	16189
16189	16189
16189	16189
16189	16189
16189	16189
16189	16189
16189	16189
16189	16189
16189	16189
16189	16189
16189	16189
16189	16189
16189	16189
16189	16189
16189	16189
16189	16189
16189	16189
16189	16189
16189	16189
16189	16189
16189	16189
16189	16189
16189	16189
16189	16189
16189	16189
16187	16183
16178	16165
16136	16086
15998	15856
15651	15381
15062	14706
14330	13948
13565	13208
12902	12679
12552	12530
12600	12761
12991	13286
13622	13986
14366	14739
15091	15402
15656	15851
15984	16071
16124	16155
16172	16182
16186	16189
16189	16189
16189	16189
16189	16189
16189	16189
16189	16189
16189	16189
16189	16189
16189	16189
16189	16189
16189	16189
16189	16189
16189	16189
16189	16189
16189	16189
16189	16189
16189	16189
16189	16189
16189	16189
16189	16189
16189	16189
16189	16189
16189	16189
16189	16189
16189	16189
16189	16189
16189	16189
16189	16189
16189	16189
16189	16189
16189	16189
16189	16189
16189	16189
16189	16189
16189	16189
16189	16189
16189	16189
16185	16181
16170	16144
16089	15994
15824	15564
15196	14735
14202	13641
13083	12544
12039	11584
11202	10924
10763	10726
10799	10979
11255	11622
12063	12567
13113	13679
14237	14751
15187	15532
15782	15952
16058	16123
16160	16175
16183	16188
16189	16189
16189	16189
16189	16189
16189	16189
16189	16189
16189	16189
16189	16189
16189	16189
16189	16189
16189	16189
16189	16189
16189	16189
16189	16189
16189	16189
16189	16189
16189	16189
16189	16189
16189	16189
16189	16189
16189	16189
16189	16189
16189	16189
16189	16189
16189	16189
16189	16189
16189	16189
16189	16189
16189	16189
16189	16189
16189	16189
16189	16189
16189	16189
16189	16189
16189	16189
16189	16189
16189	16187
16183	16175
16152	16104
16009	15835
15548	15111
14521	13800
13002	12200
11442	10761
10158	9638
9211	8903
8720	8663
8730	8913
9213	9625
10146	10764
11472	12238
13026	13783
14456	15011
15440	15741
15942	16063
16130	16163
16179	16185
16189	16189
16189	16189
16189	16189
16189	16189
16189	16189
16189	16189
16189	16189
16189	16189
16189	16189
16189	16189
16189	16189
16189	16189
16189	16189
16189	16189
16189	16189
16189	16189
16189	16189
16189	16189
16189	16189
16189	16189
16189	16189
16189	16189
16189	16189
16189	16189
16189	16189
16189	16189
16189	16189
16189	16189
16189	16189
16189	16189
16189	16189
16189	16189
16189	16189
16189	16189
16189	16189
16189	16185
16179	16162
16124	16040
15878	15590
15132	14469
13603	12589
11517	10482
9562	8778
8130	7596
7174	6865
6677	6610
6664	6832
7122	7536
8083	8765
9577	10503
11495	12494
13431	14246
14906	15403
15744	15959
16080	16143
16172	16183
16187	16189
16189	16189
16189	16189
16189	16189
16189	16189
16189	16189
16189	16189
16189	16189
16189	16189
16189	16189
16189	16189
16189	16189
16189	16189
16189	16189
16189	16189
16189	16189
16189	16189
16189	16189
16189	16189
16189	16189
16189	16189
16189	16189
16189	16189
16189	16189
16189	16189
16189	16189
16189	16189
16189	16189
16189	16189
16189	16189
16189	16189
16189	16189
16189	16189
16189	16189
16189	16189
16187	16184
16172	16146
16076	15938
15675	15233
14559	13631
12476	11181
9866	8662
7642	6831
6201	5709
5333	5058
4888	4822
4855	4995
5248	5624
6137	6810
7644	8639
9761	10951
12129	13221
14161	14907
15444	15796
16002	16109
16157	16178
16185	16189
16189	16189
16189	16189
16189	16189
16189	16189
16189	16189
16189	16189
16189	16189
16189	16189
16189	16189
16189	16189
16189	16189
16189	16189
16189	16189
16189	16189
16189	16189
16189	16189
16189	16189
16189	16189
16189	16189
16189	16189
16189	16189
16189	16189
16189	16189
16189	16189
16189	16189
16189	16189
16189	16189
16189	16189
16189	16189
16189	16189
16189	16189
16189	16189
16189	16189
16189	16189
16186	16180
16161	16114
16005	15784
15388	14751
13825	12619
11194	9675
8211	6928
5903	5137
4579	4174
3873	3658
3521	3461
3486	3594
3794	4101
4533	5122
5889	6848
7990	9277
10638	11982
13213	14245
15029	15562
15883	16055
16136	16171
16183	16187
16189	16189
16189	16189
16189	16189
16189	16189
16189	16189
16189	16189
16189	16189
16189	16189
16189	16189
16189	16189
16189	16189
16189	16189
16189	16189
16189	16189
16189	16189
16189	16189
16189	16189
16189	16189
16189	16189
16189	16189
16189	16189
16189	16189
16189	16189
16189	16189
16189	16189
16189	16189
16189	16189
16189	16189
16189	16189
16189	16189
16189	16189
16189	16189
16189	16189
16189	16189
16185	16174
16145	16069
15904	15579
15016	14149
12958	11486
9849	8195
6690	5442
4501	3842
3396	3095
2883	2732
2639	2601
2621	2699
2845	3071
3399	3859
4485	5317
6369	7645
9090	10625
12120	13446
14500	15250
15719	15978
16104	16159
16178	16185
16189	16189
16189	16189
16189	16189
16189	16189
16189	16189
16189	16189
16189	16189
16189	16189
16189	16189
16189	16189
16189	16189
16189	16189
16189	16189
16189	16189
16189	16189
16189	16189
16189	16189
16189	16189
16189	16189
16189	16189
16189	16189
16189	16189
16189	16189
16189	16189
16189	16189
16189	16189
16189	16189
16189	16189
16189	16189
16189	16189
16189	16189
16189	16189
16189	16189
16189	16187
16182	16166
16120	16011
15773	15321
14565	13452
12003	10308
8534	6857
5416	4300
3512	3000
2685	2493
2374	2291
2243	2230
2251	2309
2408	2553
2770	3081
3537	4178
5061	6217
7644	9273
10968	12558
13886	14869
15509	15876
16061	16141
16174	16184
16188	16189
16189	16189
16189	16189
16189	16189
16189	16189
16189	16189
16189	16189
16189	16189
16189	16189
16189	16189
16189	16189
16189	16189
16189	16189
16189	16189
16189	16189
16189	16189
16189	16189
16189	16189
16189	16189
16189	16189
16189	16189
16189	16189
16189	16189
16189	16189
16189	16189
16189	16189
16189	16189
16189	16189
16189	16189
16189	16189
16189	16189
16189	16189
16189	16189
16189	16185
16178	16154
16091	15937
15611	15019
14062	12710
11029	9176
7349	5737
4455	3537
2947	2608
2434	2352
2315	2299
2299	2314
2341	2385
2443	2522
2634	2804
3070	3497
4153	5117
6427	8052
9862	11657
13227	14443
15263	15750
16001	16116
16162	16180
16186	16189
16189	16189
16189	16189
16189	16189
16189	16189
16189	16189
16189	16189
16189	16189
16189	16189
16189	16189
16189	16189
16189	16189
16189	16189
16189	16189
16189	16189
16189	16189
16189	16189
16189	16189
16189	16189
16189	16189
16189	16189
16189	16189
16189	16189
16189	16189
16189	16189
16189	16189
16189	16189
16189	16189
16189	16189
16189	16189
16189	16189
16189	16189
16189	16189
16189	16185
16174	16141
16053	15850
15433	14691
13538	11973
10111	8163
6365	4895
3830	3150
2781	2623
2590	2616
2659	2706
2750	2793
2831	2865
2891	2912
2931	2971
3065	3270
3682	4406
5526	7054
8884	10807
12574	13996
14995	15606
15934	16089
16153	16177
16185	16189
16189	16189
16189	16189
16189	16189
16189	16189
16189	16189
16189	16189
16189	16189
16189	16189
16189	16189
16189	16189
16189	16189
16189	16189
16189	16189
16189	16189
16189	16189
16189	16189
16189	16189
16189	16189
16189	16189
16189	16189
16189	16189
16189	16189
16189	16189
16189	16189
16189	16189
16189	16189
16189	16189
16189	16189
16189	16189
16189	16189
16189	16189
16189	16189
16186	16181
16167	16123
16009	15751
15241	14357
13025	11282
9295	7327
5622	4346
3527	3106
2959	2981
3084	3212
3332	3435
3517	3588
3637	3662
3665	3636
3582	3508
3445	3449
3617	4081
4968	6328
8098	10070
11975	13569
14728	15461
15864	16056
16141	16173
16185	16188
16189	16189
16189	16189
16189	16189
16189	16189
16189	16189
16189	16189
16189	16189
16189	16189
16189	16189
16189	16189
16189	16189
16189	16189
16189	16189
16189	16189
16189	16189
16189	16189
16189	16189
16189	16189
16189	16189
16189	16189
16189	16189
16189	16189
16189	16189
16189	16189
16189	16189
16189	16189
16189	16189
16189	16189
16189	16189
16189	16189
16189	16189
16189	16189
16185	16178
16157	16103
15961	15651
15047	14034
12553	10678
8627	6690
5128	4074
3513	3333
3399	3584
3808	4026
4210	4362
4479	4568
4623	4646
4629	4566
4456	4296
4105	3935
3882	4093
4725	5880
7527	9485
11465	13185
14478	15319
15793	16027
16129	16169
16182	16187
16189	16189
16189	16189
16189	16189
16189	16189
16189	16189
16189	16189
16189	16189
16189	16189
16189	16189
16189	16189
16189	16189
16189	16189
16189	16189
16189	16188
16188	16188
16188	16189
16189	16189
16189	16189
16189	16189
16189	16189
16189	16189
16189	16189
16189	16189
16189	16189
16189	16189
16189	16189
16189	16189
16189	16189
16189	16189
16189	16189
16189	16189
16189	16189
16185	16176
16151	16080
15911	15548
14865	13739
12141	10179
8110	6252
4859	4027
3704	3742
3985	4302
4619	4900
5135	5325
5468	5573
5636	5655
5626	5540
5392	5171
4895	4591
4361	4354
4748	5683
7175	9064
11068	12870
14265	15194
15728	15999
16120	16165
16181	16187
16189	16189
16189	16189
16189	16189
16189	16189
16189	16189
16189	16189
16189	16189
16189	16189
16189	16189
16189	16189
16189	16189
16189	16189
16189	16189
16186	16186
16185	16186
16188	16188
16188	16189
16189	16189
16189	16189
16189	16189
16189	16189
16189	16189
16189	16189
16189	16189
16189	16189
16189	16189
16189	16189
16189	16189
16189	16189
16189	16189
16189	16189
16189	16188
16184	16173
16141	16057
15864	15454
14698	13486
11803	9796
7751	5996
4772	4144
4022	4229
4597	5000
5375	5696
5962	6175
6340	6457
6525	6541
6502	6401
6234	5987
5667	5291
4944	4771
4968	5698
7022	8816
10797	12638
14099	15095
15678	15977
16108	16161
16179	16186
16189	16189
16189	16189
16189	16189
16189	16189
16189	16189
16189	16189
16189	16189
16189	16189
16189	16189
16189	16189
16189	16189
16189	16189
16189	16186
16184	16181
16178	16179
16184	16184
16186	16186
16189	16189
16189	16189
16189	16189
16189	16189
16189	16189
16189	16189
16189	16189
16189	16189
16189	16189
16189	16189
16189	16189
16189	16189
16189	16189
16189	16189
16189	16187
16183	16170
16133	16042
15825	15376
14566	13288
11554	9533
7540	5896
4828	4368
4387	4703
5138	5579
5976	6317
6600	6831
7010	7137
7207	7216
7168	7058
6883	6637
6311	5921
5524	5257
5313	5878
7046	8727
10655	12497
13990	15023
15641	15958
16102	16158
16179	16185
16189	16189
16189	16189
16189	16189
16189	16189
16189	16189
16189	16189
16189	16189
16189	16189
16189	16189
16189	16189
16189	16189
16189	16189
16185	16182
16174	16167
16153	16160
16178	16181
16182	16185
16186	16189
16189	16189
16189	16189
16189	16189
16189	16189
16189	16189
16189	16189
16189	16189
16189	16189
16189	16189
16189	16189
16189	16189
16189	16189
16189	16189
16189	16187
16182	16169
16129	16028
15796	15321
14471	13157
11400	9397
7466	5934
4993	4649
4756	5114
5561	6000
6395	6742
7039	7290
7486	7619
7685	7682
7614	7488
7312	7078
6780	6421
6040	5748
5727	6177
7213	8781
10638	12448
13944	14990
15623	15950
16099	16158
16179	16185
16189	16189
16189	16189
16189	16189
16189	16189
16189	16189
16189	16189
16189	16189
16189	16189
16189	16189
16189	16189
16189	16189
16189	16186
16182	16170
16152	16129
16088	16110
16165	16170
16175	16179
16184	16187
16189	16189
16189	16189
16189	16189
16189	16189
16189	16189
16189	16189
16189	16189
16189	16189
16189	16189
16189	16189
16189	16189
16189	16189
16189	16189
16189	16187
16181	16166
16126	16020
15781	15292
14424	13096
11347	9378
7519	6080
5236	4960
5096	5444
5861	6269
6651	7002
7320	7596
7810	7952
8009	7984
7886	7733
7543	7323
7068	6774
6459	6201
6165	6549
7489	8953
10725	12482
13951	14988
15621	15949
16099	16157
16178	16185
16189	16189
16189	16189
16189	16189
16189	16189
16189	16189
16189	16189
16189	16189
16189	16189
16189	16189
16189	16189
16189	16189
16188	16185
16174	16149
16101	16044
15920	15981
16145	16157
16161	16172
16180	16184
16188	16189
16189	16189
16189	16189
16189	16189
16189	16189
16189	16189
16189	16189
16189	16189
16189	16189
16189	16189
16189	16189
16189	16189
16189	16189
16189	16187
16181	16166
16126	16019
15780	15286
14421	13099
11372	9453
7664	6302
5519	5271
5393	5697
6062	6427
6790	7153
7498	7804
8046	8195
8238	8180
8035	7842
7628	7417
7210	6993
6763	6579
6571	6936
7808	9189
10877	12573
13998	15012
15630	15954
16099	16159
16179	16186
16189	16189
16189	16189
16189	16189
16189	16189
16189	16189
16189	16189
16189	16189
16189	16189
16189	16189
16189	16189
16189	16189
16187	16181
16161	16114
16010	15881
15558	15719
16122	16140
16148	16164
16175	16182
16187	16189
16189	16189
16189	16189
16189	16189
16189	16189
16189	16189
16189	16189
16189	16189
16189	16189
16189	16189
16189	16189
16189	16189
16189	16189
16189	16187
16182	16168
16127	16023
15783	15297
14440	13139
11443	9574
7842	6536
5785	5541
5627	5879
6182	6511
6862	7239
7612	7955
8220	8377
8402	8307
8114	7874
7629	7419
7250	7105
6966	6861
6906	7272
8109	9426
11047	12681
14061	15045
15646	15958
16102	16159
16179	16187
16189	16189
16189	16189
16189	16189
16189	16189
16189	16189
16189	16189
16189	16189
16189	16189
16189	16189
16189	16189
16189	16189
16186	16174
16145	16066
15877	15639
14972	15303
16102	16124
16136	16157
16171	16180
16185	16189
16189	16189
16189	16189
16189	16189
16189	16189
16189	16189
16189	16189
16189	16189
16189	16189
16189	16189
16189	16189
16189	16189
16189	16189
16189	16187
16183	16169
16129	16027
15791	15312
14468	13187
11522	9686
7994	6724
5991	5735
5789	5989
6250	6547
6893	7279
7682	8053
8338	8497
8509	8382
8150	7869
7598	7388
7244	7154
7079	7044
7132	7515
8334	9611
11185	12773
14116	15077
15661	15967
16106	16160
16181	16187
16189	16189
16189	16189
16189	16189
16189	16189
16189	16189
16189	16189
16189	16189
16189	16189
16189	16189
16189	16189
16189	16189
16185	16171
16129	15998
15736	14582
14307	8874
