16208	16208
16208	16208
16208	16208
16208	16208
16208	16208
16208	16208
16205	16195
16167	16084
15860	15371
14493	13232
11766	10374
9254	8435
7827	7346
6963	6685
6526	6500
6611	6880
7334	7968
8691	9370
9898	10240
10434	10506
10450	10236
9847	9337
8815	8392
8122	8002
7999	8093
8263	8477
8680	8843
8978	9108
9245	9373
9438	9410
9275	9035
8687	8212
7590	6832
5993	5177
4485	3982
3675	3523
3472	3498
3608	3880
4413	5275
6403	7597
8609	9313
9751	10061
10362	10685
11000	11279
11551	11934
12554	13416
14356	15155
15693	15985
16121	16176
16197	16205
16208	16208
16208	16208
16208	16208
16208	16208
16208	16208
16208	16208
16208	16208
16208	16208
16208	16208
16208	16208
16208	16208
16208	16208
16205	16199
16174	16106
15923	15506
14736	13586
12188	10791
9605	8700
8030	7512
7107	6810
6648	6640
6809	7158
7677	8315
8979	9566
10001	10287
10454	10533
10519	10385
10113	9732
9311	8927
8620	8395
8249	8199
8266	8417
8588	8730
8851	8985
9137	9252
9268	9123
8824	8398
7894	7325
6698	6019
5332	4694
4176	3809
3592	3486
3459	3479
3568	3787
4230	4971
5996	7151
8223	9060
9647	10073
10439	10781
11097	11379
11689	12140
12823	13699
14592	15313
15781	16026
16137	16182
16199	16205
16208	16208
16208	16208
16208	16208
16208	16208
16208	16208
16208	16208
16208	16208
16208	16208
16208	16208
16208	16208
16208	16208
16208	16208
16206	16201
16186	16136
16002	15683
15065	14085
12813	11437
10171	9145
8368	7784
7338	7022
6858	6889
7132	7575
8153	8777
9350	9808
10128	10342
10476	10562
10593	10555
10422	10206
9929	9628
9309	8981
8660	8418
8318	8365
8480	8598
8728	8908
9118	9265
9229	8938
8401	7712
6977	6275
5636	5060
4557	4137
3820	3612
3497	3446
3440	3463
3533	3704
4056	4678
5598	6718
7856	8838
9584	10137
10568	10927
11238	11546
11930	12486
13245	14116
14922	15528
15897	16080
16160	16190
16202	16206
16208	16208
16208	16208
16208	16208
16208	16208
16208	16208
16208	16208
16208	16208
16208	16208
16208	16208
16208	16208
16208	16208
16208	16208
16208	16204
16196	16165
16077	15857
15402	14627
13530	12229
10914	9760
8843	8153
7648	7301
7135	7196
7503	8013
8619	9203
9679	10023
10244	10394
10499	10585
10652	10687
10674	10605
10475	10284
10005	9618
9153	8718
8437	8352
8401	8516
8706	9003
9351	9595
9559	9147
8384	7409
6406	5525
4828	4316
3954	3707
3549	3459
3420	3413
3429	3466
3541	3703
4030	4609
5482	6593
7772	8832
9673	10288
10745	11100
11420	11782
12275	12948
13763	14586
15272	15744
16007	16131
16180	16199
16204	16208
16208	16208
16208	16208
16208	16208
16208	16208
16208	16208
16208	16208
16208	16208
16208	16208
16208	16208
16208	16208
16208	16208
16208	16208
16208	16207
16202	16186
16131	15992
15684	15114
14230	13072
11773	10518
9451	8626
8028	7630
7438	7496
7810	8324
8918	9460
9875	10149
10321	10432
10521	10605
10690	10764
10822	10854
10840	10752
10537	10148
9598	9015
8574	8371
8367	8512
8819	9299
9854	10259
10298	9854
8957	7765
6512	5404
4563	3999
3665	3486
3402	3373
3376	3399
3441	3510
3633	3858
4256	4892
5801	6913
8075	9115
9934	10526
10955	11298
11647	12099
12716	13484
14303	15033
15578	15918
16092	16167
16196	16204
16208	16208
16208	16208
16208	16208
16208	16208
16208	16208
16208	16208
16208	16208
16208	16208
16208	16208
16208	16208
16208	16208
16208	16208
16208	16208
16208	16208
16206	16196
16168	16085
15891	15501
14839	13873
12673	11386
10194	9216
8491	8001
7741	7729
7974	8425
8967	9481
9887	10161
10337	10451
10540	10625
10713	10804
10897	10977
11030	11014
10860	10495
9914	9247
8701	8412
8382	8582
9027	9709
10474	11061
11233	10873
9993	8735
7316	5984
4906	4155
3701	3467
3368	3348
3370	3420
3507	3649
3878	4242
4789	5553
6523	7613
8685	9607
10313	10818
11191	11532
11945	12511
13237	14047
14806	15408
15810	16037
16145	16188
16202	16206
16208	16208
16208	16208
16208	16208
16208	16208
16208	16208
16208	16208
16208	16208
16208	16208
16208	16208
16208	16208
16208	16208
16208	16208
16208	16208
16208	16208
16206	16202
16185	16140
16026	15779
15317	14572
13544	12321
11067	9951
9070	8445
8064	7927
8034	8351
8803	9282
9709	10036
10267	10422
10540	10637
10730	10829
10930	11028
11112	11133
11023	10695
10129	9443
8851	8514
8477	8732
9295	10128
11041	11761
12074	11875
11162	10017
8596	7115
5790	4754
4053	3644
3448	3394
3422	3518
3688	3956
4353	4911
5635	6519
7506	8505
9416	10160
10714	11121
11460	11839
12348	13025
13811	14587
15236	15693
15968	16112
16175	16198
16206	16208
16208	16208
16208	16208
16208	16208
16208	16208
16208	16208
16208	16208
16208	16208
16208	16208
16208	16208
16208	16208
16208	16208
16208	16208
16208	16208
16208	16208
16208	16205
16197	16172
16109	15963
15666	15135
14327	13253
12036	10838
9806	9012
8470	8166
8092	8233
8544	8952
9379	9765
10076	10314
10487	10624
10739	10847
10952	11056
11147	11190
11115	10839
10333	9693
9121	8787
8757	9048
9667	10546
11494	12258
12664	12639
12173	11280
10030	8561
7070	5754
4738	4065
3697	3561
3598	3771
4077	4522
5122	5867
6726	7645
8558	9398
10106	10663
11085	11432
11796	12262
12877	13621
14391	15067
15569	15889
16065	16151
16187	16202
16206	16208
16208	16208
16208	16208
16208	16208
16208	16208
16208	16208
16208	16208
16208	16208
16208	16208
16208	16208
16208	16208
16208	16208
16208	16208
16208	16208
16208	16208
16208	16206
16202	16190
16155	16072
15896	15552
14969	14111
13028	11842
10711	9749
9021	8526
8260	8204
8336	8611
8978	9374
9750	10071
10332	10537
10702	10843
10963	11074
11172	11231
11195	10997
10601	10080
9601	9322
9319	9616
10210	11025
11884	12588
13010	13116
12888	12302
11345	10059
8573	7080
5779	4803
4204	3957
4001	4281
4754	5392
6168	7028
7917	8765
9525	10163
10675	11080
11428	11790
12239	12818
13517	14256
14936	15462
15814	16015
16122	16172
16196	16204
16207	16208
16208	16208
16208	16208
16208	16208
16208	16208
16208	16208
16208	16208
16208	16208
16208	16208
16208	16208
16208	16208
16208	16208
16208	16208
16208	16208
16208	16208
16208	16207
16204	16198
16180	16137
16040	15836
15452	14830
13957	12892
11751	10673
9761	9069
8604	8348
8280	8378
8612	8941
9316	9692
10034	10327
10567	10765
10929	11064
11181	11269
11284	11178
10930	10586
10264	10084
10121	10396
10902	11565
12255	12826
13203	13366
13316	13007
12378	11392
10085	8594
7129	5901
5070	4693
4738	5117
5738	6514
7368	8225
9026	9724
10295	10749
11113	11439
11791	12237
12808	13483
14194	14856
15391	15761
15982	16099
16156	16185
16199	16205
16208	16208
16208	16208
16208	16208
16208	16208
16208	16208
16208	16208
16208	16208
16208	16208
16208	16208
16208	16208
16208	16208
16208	16208
16208	16208
16208	16208
16208	16208
16208	16208
16205	16202
16192	16172
16121	16010
15782	15376
14742	13877
12839	11740
10707	9838
9173	8715
8443	8345
8397	8586
8878	9231
9601	9959
10277	10549
10780	10971
11132	11260
11338	11337
11241	11084
10936	10877
10958	11198
11592	12079
12576	12997
13298	13475
13524	13412
13064	12406
11395	10083
8633	7288
6297	5809
5829	6257
6937	7734
8540	9287
9928	10450
10857	11184
11478	11812
12241	12803
13472	14175
14824	15353
15728	15962
16088	16149
16180	16195
16202	16206
16208	16208
16208	16208
16208	16208
16208	16208
16208	16208
16208	16208
16208	16208
16208	16208
16208	16208
16208	16208
16208	16208
16208	16208
16208	16208
16208	16208
16208	16208
16208	16208
16208	16204
16201	16190
16167	16110
15987	15747
15334	14706
13860	12861
11810	10828
9988	9329
8853	8551
8413	8424
8563	8808
9124	9478
9831	10160
10460	10723
10951	11143
11292	11388
11428	11425
11427	11472
11597	11806
12101	12443
12787	13084
13311	13474
13563	13558
13403	13017
12318	11287
10019	8731
7708	7163
7141	7538
8165	8860
9522	10102
10577	10958
11265	11549
11868	12283
12821	13471
14159	14804
15329	15706
15947	16080
16148	16179
16193	16200
16204	16208
16208	16208
16208	16208
16208	16208
16208	16208
16208	16208
16208	16208
16208	16208
16208	16208
16208	16208
16208	16208
16208	16208
16208	16208
16208	16208
16208	16208
16208	16208
16208	16208
16208	16207
16204	16201
16190	16162
16100	15972
15730	15324
14716	13912
12969	11979
11033	10201
9530	9029
8700	8520
8479	8561
8745	9005
9313	9640
9967	10280
10572	10835
11059	11243
11387	11502
11609	11732
11888	12085
12319	12572
12820	13036
13213	13341
13428	13453
13391	13169
12717	11976
10983	9902
8992	8473
8419	8728
9223	9758
10250	10672
11024	11332
11623	11956
12371	12899
13520	14181
14802	15314
15688	15932
16074	16146
16181	16195
16202	16204
16208	16208
16208	16208
16208	16208
16208	16208
16208	16208
16208	16208
16208	16208
16208	16208
16208	16208
16208	16208
16208	16208
16208	16208
16208	16208
16208	16208
16208	16208
16208	16208
16208	16208
16208	16208
16207	16204
16200	16187
16157	16094
15967	15734
15348	14779
14035	13158
12220	11299
10474	9792
9273	8907
8682	8580
8592	8700
8884	9127
9408	9714
10026	10328
10608	10859
11074	11265
11441	11615
11798	11994
12202	12410
12605	12775
12908	13002
13055	13063
13012	12864
12561	12054
11351	10562
9879	9483
9432	9654
10014	10396
10751	11073
11382	11700
12060	12500
13030	13633
14259	14843
15327	15687
15921	16062
16138	16178
16195	16203
16204	16208
16208	16208
16208	16208
16208	16208
16208	16208
16208	16208
16208	16208
16208	16208
16208	16208
16208	16208
16208	16208
16208	16208
16208	16208
16208	16208
16208	16208
16208	16208
16208	16208
16208	16208
16208	16208
16208	16207
16204	16199
16185	16154
16096	15975
15757	15404
14889	14214
13401	12514
11631	10826
10141	9595
9184	8901
8733	8670
8695	8796
8964	9185
9444	9723
10007	10272
10518	10744
10955	11158
11357	11554
11749	11933
12101	12238
12340	12398
12414	12389
12320	12195
11985	11656
11218	10734
10325	10104
10109	10289
10553	10839
11127	11435
11781	12185
12658	13200
13793	14389
14931	15379
15709	15927
16061	16134
16173	16192
16202	16204
16208	16208
16208	16208
16208	16208
16208	16208
16208	16208
16208	16208
16208	16208
16208	16208
16208	16208
16208	16208
16208	16208
16208	16208
16208	16208
16208	16208
16208	16208
16208	16208
16208	16208
16208	16208
16208	16208
16208	16208
16207	16204
16199	16186
16158	16103
15990	15794
15482	15030
14424	13691
12880	12055
11276	10580
9997	9535
9193	8957
8821	8767
8793	8883
9031	9223
9438	9661
9877	10088
10289	10488
10678	10864
11041	11206
11353	11474
11554	11596
11596	11560
11497	11402
11271	11093
10877	10659
10501	10455
10539	10718
10951	11220
11528	11899
12342	12854
13411	13993
14553	15052
15455	15753
15950	16071
16138	16174
16192	16201
16204	16208
16208	16208
16208	16208
16208	16208
16208	16208
16208	16208
16208	16208
16208	16208
16208	16208
16208	16208
16208	16207
16208	16208
16208	16208
16208	16208
16208	16208
16208	16208
16208	16208
16208	16208
16208	16208
16208	16208
16208	16208
16208	16206
16204	16199
16186	16159
16107	16009
15844	15583
15196	14679
14041	13319
12554	11803
11098	10485
9974	9573
9278	9078
8962	8918
8934	9003
9109	9237
9374	9518
9668	9818
9971	10123
10274	10418
10553	10665
10748	10796
10816	10808
10792	10760
10722	10678
10635	10611
10634	10721
10884	11106
11376	11701
12092	12560
13096	13667
14232	14750
15196	15549
15806	15977
16083	16143
16177	16192
16201	16204
16208	16208
16208	16208
16208	16208
16208	16208
16208	16208
16208	16208
16208	16208
16208	16208
16208	16208
16208	16205
16202	16202
16205	16206
16206	16208
16208	16208
16208	16208
16208	16208
16208	16208
16208	16208
16208	16208
16208	16208
16208	16208
16208	16208
16207	16204
16199	16186
16163	16116
16039	15907
15699	15388
14964	14426
13794	13097
12381	11690
11060	10516
10073	9732
9482	9308
9198	9141
9123	9133
9164	9210
9268	9344
9432	9539
9657	9780
9903	10016
10114	10193
10262	10320
10378	10436
10498	10565
10647	10750
10888	11078
11324	11627
11981	12396
12872	13404
13959	14497
14972	15361
15661	15871
16010	16097
16147	16178
16193	16202
16204	16208
16208	16208
16208	16208
16208	16208
16208	16208
16208	16208
16208	16208
16208	16208
16208	16208
16208	16206
16202	16194
16178	16177
16196	16198
16202	16206
16208	16208
16208	16208
16208	16208
16208	16208
16208	16208
16208	16208
16208	16208
16208	16208
16208	16208
16208	16206
16203	16197
16186	16167
16135	16078
15981	15824
15584	15246
14800	14261
13648	12998
12345	11728
11180	10722
10349	10053
9818	9632
9486	9363
9263	9184
9128	9097
9105	9156
9240	9345
9459	9576
9690	9817
9957	10108
10265	10431
10599	10774
10953	11148
11376	11656
11988	12377
12813	13287
13787	14297
14779	15199
15533	15778
15946	16053
16118	16156
16181	16194
16202	16205
16208	16208
16208	16208
16208	16208
16208	16208
16208	16208
16208	16208
16208	16208
16208	16208
16208	16208
16207	16203
16188	16156
16093	16095
16171	16179
16190	16200
16206	16208
16208	16208
16208	16208
16208	16208
16208	16208
16208	16208
16208	16208
16208	16208
16208	16208
16208	16208
16206	16203
16199	16192
16180	16160
16121	16052
15936	15755
15491	15138
14697	14184
13621	13040
12477	11959
11501	11097
10745	10423
10131	9854
9596	9354
9141	8971
8869	8850
8899	8990
9092	9207
9348	9534
9772	10051
10350	10653
10953	11243
11530	11817
12129	12480
12880	13314
13767	14220
14656	15059
15409	15686
15888	16018
16098	16145
16171	16187
16195	16201
16204	16208
16208	16208
16208	16208
16208	16208
16208	16208
16208	16208
16208	16208
16208	16208
16208	16208
16208	16208
16206	16193
16154	16066
15886	15899
16129	16145
16168	16189
16202	16207
16208	16208
16208	16208
16208	16208
16208	16208
16208	16208
16208	16208
16208	16208
16208	16208
16208	16208
16208	16207
16205	16202
16198	16192
16178	16151
16103	16018
15879	15678
15407	15063
14652	14187
13695	13199
12713	12247
11796	11353
10910	10467
10029	9600
9195	8850
8616	8516
8528	8598
8694	8805
8976	9238
9606	10040
10513	10983
11437	11862
12258	12636
13012	13405
13817	14232
14629	14994
15315	15587
15805	15964
16071	16134
16168	16184
16194	16199
16202	16205
16208	16208
16208	16208
16208	16208
16208	16208
16208	16208
16208	16208
16208	16208
16208	16208
16208	16208
16208	16207
16202	16179
16099	15922
15548	15586
16086	16110
16146	16180
16199	16206
16208	16208
16208	16208
16208	16208
16208	16208
16208	16208
16208	16208
16208	16208
16208	16208
16208	16208
16208	16208
16207	16206
16205	16203
16199	16189
16170	16129
16059	15948
15791	15574
15293	14949
14551	14111
13644	13157
12653	12122
11565	10987
10400	9804
9234	8735
8381	8206
8185	8240
8325	8438
8636	8972
9454	10040
10662	11280
11862	12401
12886	13326
13738	14138
14527	14889
15211	15481
15699	15873
16004	16096
16150	16181
16193	16201
16203	16205
16206	16208
16208	16208
16208	16208
16208	16208
16208	16208
16208	16208
16208	16208
16208	16208
16208	16208
16208	16208
16208	16207
16199	16165
16044	15488
15199	9859
