16276	16276
16276	16276
16276	16276
16276	16276
16276	16276
16276	16276
16276	16276
16276	16276
16276	16276
16276	16276
16276	16276
16276	16276
16276	16276
16276	16276
16276	16276
16276	16276
16276	16276
16276	16276
16276	16276
16276	16276
16276	16276
16274	16269
16249	16199
16084	15851
15425	14759
13850	12822
11871	11204
10900	10890
11018	11152
11225	11240
11209	11146
11033	10873
10672	10487
10381	10414
10564	10739
10798	10648
10325	9973
9761	9777
9969	10176
10245	10172
10130	10364
11002	11973
13078	14106
14930	15516
15895	16108
16213	16256
16271	16274
16276	16276
16276	16276
16276	16276
16276	16276
16276	16276
16276	16276
16276	16276
16276	16276
16276	16276
16276	16276
16276	16276
16276	16276
16276	16276
16276	16276
16276	16276
16276	16276
16276	16276
16276	16276
16274	16264
16240	16172
16026	15746
15272	14552
13592	12492
11462	10745
10467	10558
10779	10872
10728	10430
10182	10165
10424	10847
11237	11436
11411	11254
11110	11094
11233	11475
11738	11949
12080	12143
12162	12150
12097	12001
11914	11951
12232	12799
13572	14384
15090	15613
15945	16133
16222	16259
16272	16276
16276	16276
16276	16276
16276	16276
16276	16276
16276	16276
16276	16276
16276	16276
16276	16276
16276	16276
16276	16276
16276	16276
16276	16276
16276	16276
16276	16276
16276	16276
16276	16276
16276	16276
16276	16276
16276	16276
16276	16276
16276	16276
16276	16276
16276	16276
16276	16276
16276	16276
16276	16276
16276	16276
16276	16276
16276	16276
16276	16276
16276	16276
16276	16276
16276	16276
16276	16276
16276	16276
16276	16276
16276	16276
16276	16276
16276	16276
16276	16276
16276	16276
16274	16273
16271	16271
16268	16260
16232	16159
15991	15664
15116	14326
13361	12377
11568	11067
10886	10927
11051	11160
11210	11199
11140	11032
10876	10693
10519	10407
10387	10456
10561	10620
10563	10384
10149	9970
9940	10081
10327	10536
10592	10485
10355	10406
10788	11514
12472	13492
14422	15166
15686	15998
16161	16235
16261	16270
16272	16272
16272	16272
16272	16272
16271	16272
16271	16271
16271	16271
16272	16272
16273	16273
16273	16273
16274	16274
16276	16276
16276	16276
16275	16274
16273	16274
16273	16274
16274	16275
16275	16274
16272	16271
16266	16248
16202	16091
15864	15460
14837	13989
12994	11994
11183	10718
10642	10838
11091	11203
11091	10814
10529	10389
10456	10697
10995	11228
11321	11279
11175	11110
11156	11322
11556	11791
11972	12086
12146	12163
12137	12062
11963	11931
12076	12479
13124	13904
14674	15318
15774	16047
16185	16244
16266	16271
16272	16274
16275	16276
16276	16276
16276	16276
16276	16276
16276	16276
16276	16276
16276	16276
16276	16276
16276	16276
16276	16276
16276	16276
16276	16276
16276	16276
16276	16276
16276	16276
16276	16276
16276	16276
16276	16276
16276	16276
16276	16276
16276	16276
16276	16276
16276	16276
16276	16276
16276	16276
16276	16276
16276	16276
16276	16276
16276	16276
16276	16276
16276	16276
16276	16276
16276	16276
16276	16276
16276	16276
16276	16276
16276	16276
16276	16276
16276	16276
16275	16273
16271	16265
16262	16258
16254	16237
16186	16064
15804	15339
14623	13703
12708	11835
11233	10944
10900	10982
11087	11155
11162	11109
11000	10836
10640	10459
10344	10324
10381	10447
10462	10390
10255	10113
10038	10076
10238	10493
10762	10956
10995	10873
10672	10533
10611	10995
11695	12624
13635	14562
15284	15764
16040	16175
16233	16255
16262	16260
16261	16260
16260	16260
16259	16260
16258	16257
16256	16257
16260	16261
16264	16264
16265	16266
16267	16268
16269	16270
16270	16269
16268	16267
16266	16266
16266	16266
16267	16267
16267	16263
16261	16254
16238	16200
16105	15904
15534	14944
14130	13169
12207	11416
10926	10781
10925	11214
11477	11594
11521	11294
11005	10755
10612	10615
10742	10942
11126	11222
11208	11138
11097	11158
11331	11563
11796	11976
12098	12165
12179	12131
12031	11929
11918	12108
12562	13251
14065	14847
15469	15878
16102	16205
16245	16258
16263	16268
16271	16273
16275	16276
16276	16276
16276	16276
16276	16276
16276	16276
16276	16276
16276	16276
16276	16276
16276	16276
16276	16276
16276	16276
16276	16276
16276	16276
16276	16276
16276	16276
16276	16276
16276	16276
16276	16276
16276	16276
16276	16276
16276	16276
16276	16276
16276	16276
16276	16276
16276	16276
16276	16276
16276	16276
16276	16276
16276	16276
16276	16276
16276	16276
16276	16276
16276	16276
16276	16276
16276	16276
16276	16276
16276	16276
16276	16275
16273	16267
16259	16249
16241	16233
16218	16182
16086	15878
15482	14850
13984	12993
12061	11371
11000	10896
10947	11038
11104	11115
11066	10954
10785	10581
10386	10251
10217	10264
10325	10326
10239	10108
10006	9998
10111	10327
10605	10891
11135	11290
11319	11213
11000	10758
10594	10641
11006	11720
12687	13727
14650	15344
15791	16040
16162	16214
16231	16236
16236	16237
16236	16238
16237	16237
16234	16229
16227	16228
16232	16234
16234	16236
16237	16237
16238	16242
16245	16248
16248	16249
16245	16243
16240	16240
16243	16245
16247	16248
16247	16243
16233	16213
16173	16083
15899	15554
14993	14198
13240	12273
11480	10996
10859	10993
11280	11582
11814	11913
11877	11721
11482	11202
10930	10723
10641	10698
10861	11038
11140	11140
11088	11067
11146	11328
11568	11805
11998	12128
12195	12184
12098	11959
11839	11843
12085	12614
13390	14257
15034	15601
15948	16121
16199	16230
16243	16251
16259	16267
16271	16275
16276	16276
16276	16276
16276	16276
16276	16276
16276	16276
16276	16276
16276	16276
16276	16276
16276	16276
16276	16276
16276	16276
16276	16276
16276	16276
16276	16276
16276	16276
16276	16276
16276	16276
16276	16276
16276	16276
16276	16276
16276	16276
16276	16276
16276	16276
16276	16276
16276	16276
16276	16276
16276	16276
16276	16276
16276	16276
16276	16276
16276	16276
16276	16276
16276	16276
16276	16276
16276	16276
16276	16276
16276	16274
16270	16261
16246	16226
16209	16189
16159	16080
15903	15559
14993	14196
13242	12293
11530	11067
10896	10914
10997	11063
11077	11026
10911	10734
10524	10326
10186	10135
10157	10196
10179	10086
9961	9888
9931	10099
10357	10654
10940	11185
11369	11479
11509	11442
11280	11031
10753	10561
10600	10996
11760	12761
13798	14693
15352	15776
16012	16127
16173	16191
16193	16194
16196	16198
16197	16194
16185	16175
16170	16167
16166	16167
16167	16163
16159	16157
16159	16164
16170	16179
16185	16186
16184	16183
16183	16187
16194	16202
16208	16210
16207	16195
16171	16125
16033	15847
15518	14983
14225	13291
12327	11520
11021	10880
11025	11314
11625	11880
12042	12112
12099	12010
11848	11617
11327	11022
10767	10637
10660	10795
10958	11064
11084	11057
11061	11153
11340	11586
11832	12032
12157	12197
12146	12020
11862	11751
11808	12142
12783	13626
14487	15197
15686	15971
16113	16176
16206	16224
16243	16256
16268	16273
16276	16276
16276	16276
16276	16276
16276	16276
16276	16276
16276	16276
16276	16276
16276	16276
16276	16276
16276	16276
16276	16276
16276	16276
16276	16276
16276	16276
16276	16276
16276	16276
16276	16276
16276	16276
16276	16276
16276	16276
16276	16276
16276	16276
16276	16276
16276	16276
16276	16276
16276	16276
16276	16276
16276	16276
16276	16276
16276	16276
16276	16276
16276	16276
16276	16276
16276	16276
16276	16276
16276	16276
16276	16274
16267	16253
16230	16201
16170	16132
16064	15913
15610	15092
14342	13422
12479	11680
11148	10904
10874	10943
11012	11033
10994	10883
10706	10490
10283	10142
10090	10104
10119	10077
9960	9829
9768	9845
10062	10361
10674	10950
11174	11347
11472	11549
11583	11565
11474	11290
11017	10719
10524	10596
11032	11820
12815	13823
14686	15322
15730	15956
16063	16108
16124	16130
16130	16131
16125	16112
16092	16068
16046	16031
16021	16010
15993	15975
15957	15946
15942	15949
15962	15982
16000	16014
16024	16031
16046	16065
16090	16112
16129	16137
16133	16110
16061	15964
15775	15444
14919	14189
13297	12367
11571	11062
10905	11041
11334	11652
11904	12074
12164	12201
12196	12158
12074	11926
11700	11406
11088	10810
10651	10638
10747	10898
11016	11062
11063	11078
11173	11364
11616	11866
12057	12159
12165	12084
11947	11799
11739	11884
12318	13022
13859	14660
15296	15723
15969	16091
16151	16189
16218	16244
16260	16271
16274	16276
16276	16276
16276	16276
16276	16276
16276	16276
16276	16276
16276	16276
16276	16276
16276	16276
16276	16276
16276	16276
16276	16276
16276	16276
16276	16276
16276	16276
16276	16276
16276	16276
16276	16276
16276	16276
16276	16276
16276	16276
16276	16276
16276	16276
16276	16276
16276	16276
16276	16276
16276	16276
16276	16276
16276	16276
16276	16276
16276	16276
16276	16276
16276	16276
16276	16276
16276	16276
16276	16276
16276	16272
16265	16248
16220	16180
16134	16064
15935	15674
15209	14496
13591	12629
11792	11209
10913	10835
10878	10943
10975	10948
10852	10689
10475	10264
10117	10067
10083	10098
10038	9902
9750	9677
9756	9993
10325	10662
10940	11143
11287	11390
11466	11526
11575	11601
11580	11482
11285	11000
10704	10531
10635	11093
11873	12842
13820	14658
15273	15666
15880	15983
16022	16033
16030	16017
15993	15952
15900	15838
15785	15736
15694	15648
15596	15541
15495	15462
15445	15451
15475	15515
15559	15604
15644	15684
15732	15790
15853	15914
15962	15991
15994	15961
15873	15689
15357	14836
14110	13242
12351	11596
11105	10942
11064	11349
11664	11916
12079	12161
12191	12199
12202	12196
12170	12104
11974	11762
11480	11160
10871	10682
10636	10716
10869	11005
11074	11086
11103	11198
11394	11650
11892	12064
12140	12130
12044	11917
11805	11804
12018	12502
13215	14026
14782	15372
15755	15972
16085	16149
16197	16233
16258	16270
16274	16276
16276	16276
16276	16276
16276	16276
16276	16276
16276	16276
16276	16276
16276	16276
16276	16276
16276	16276
16276	16276
16276	16276
16276	16276
16276	16276
16276	16276
16276	16276
16276	16276
16276	16276
16276	16276
16276	16276
16276	16276
16276	16276
16276	16276
16276	16276
16276	16276
16276	16276
16276	16276
16276	16276
16276	16276
16276	16276
16276	16276
16276	16276
16276	16276
16276	16276
16276	16276
16276	16276
16276	16273
16265	16247
16215	16168
16096	15978
15757	15351
14699	13817
12827	11928
11275	10921
10806	10823
10875	10906
10887	10804
10654	10455
10249	10096
10041	10063
10086	10031
9890	9729
9645	9710
9934	10262
10608	10897
11097	11218
11286	11325
11358	11402
11463	11538
11586	11578
11481	11285
11005	10733
10588	10707
11159	11917
12855	13804
14613	15202
15570	15767
15845	15859
15830	15779
15703	15604
15487	15361
15242	15134
15037	14937
14833	14730
14640	14576
14542	14545
14579	14645
14728	14820
14911	15006
15112	15233
15366	15498
15608	15692
15724	15688
15547	15248
14744	14032
13171	12297
11570	11115
10971	11090
11363	11671
11917	12068
12132	12134
12111	12096
12109	12141
12169	12173
12130	12019
11825	11552
11237	10932
10711	10635
10708	10870
11023	11097
11103	11113
11212	11416
11675	11909
12066	12132
12115	12034
11920	11833
11863	12113
12629	13366
14184	14922
15469	15811
16001	16110
16178	16224
16253	16268
16274	16276
16276	16276
16276	16276
16276	16276
16276	16276
16276	16276
16276	16276
16276	16276
16276	16276
16276	16276
16276	16276
16276	16276
16276	16276
16276	16276
16276	16276
16276	16276
16276	16276
16276	16276
16276	16276
16276	16276
16276	16276
16276	16276
16276	16276
16276	16276
16276	16276
16276	16276
16276	16276
16276	16276
16276	16276
16276	16276
16276	16276
16276	16276
16276	16276
16276	16276
16276	16276
16276	16276
16276	16273
16266	16247
16212	16149
16043	15853
15510	14936
14106	13113
12144	11396
10961	10798
10791	10831
10856	10835
10755	10609
10411	10208
10053	9995
10017	10052
10011	9880
9722	9638
9700	9909
10217	10544
10829	11031
11145	11185
11176	11134
11099	11109
11192	11325
11461	11553
11568	11488
11308	11053
10800	10669
10787	11220
11948	12850
13756	14518
15057	15371
15502	15501
15418	15285
15118	14925
14717	14506
14311	14138
13983	13830
13677	13532
13409	13320
13274	13272
13312	13396
13511	13646
13786	13936
14101	14295
14511	14733
14940	15106
15201	15181
14990	14572
13915	13090
12232	11520
11082	10962
11100	11376
11677	11917
12058	12099
12057	11969
11884	11849
11885	11974
12075	12150
12181	12152
12055	11874
11612	11288
10967	10725
10637	10715
10888	11040
11099	11086
11096	11209
11430	11695
11928	12078
12141	12116
12033	11912
11826	11879
12180	12768
13561	14395
15098	15593
15892	16063
16159	16219
16252	16267
16274	16276
16276	16276
16276	16276
16276	16276
16276	16276
16276	16276
16276	16276
16276	16276
16276	16276
16276	16276
16276	16276
16276	16276
16276	16276
16276	16276
16276	16276
16276	16276
16276	16276
16276	16276
16276	16276
16276	16276
16276	16276
16276	16276
16276	16276
16276	16276
16276	16276
16276	16276
16276	16276
16276	16276
16276	16276
16276	16276
16276	16276
16276	16276
16276	16276
16276	16276
16276	16276
16276	16276
16274	16272
16263	16245
16200	16116
15957	15668
15171	14416
13450	12436
11586	11045
10815	10782
10814	10835
10808	10723
10576	10369
10146	9975
9906	9933
9980	9960
9844	9694
9615	9679
9890	10187
10496	10761
10954	11066
11094	11047
10927	10759
10609	10562
10664	10892
11160	11385
11530	11581
11525	11368
11127	10883
10746	10844
11249	11934
12773	13602
14266	14682
14853	14821
14657	14420
14147	13859
13572	13302
13067	12867
12690	12523
12360	12212
12091	12006
11963	11962
12002	12082
12195	12330
12482	12639
12826	13049
13312	13605
13894	14145
14311	14321
14105	13619
12913	12128
11454	11037
10933	11084
11371	11674
11914	12050
12082	12006
11846	11645
11479	11420
11498	11675
11877	12042
12146	12186
12164	12072
11901	11643
11316	10982
10731	10642
10728	10896
11029	11063
11040	11062
11202	11450
11732	11964
12105	12151
12112	12005
11872	11797
11902	12295
12973	13816
14640	15293
15729	15987
16131	16208
16247	16266
16273	16276
16276	16276
16276	16276
16276	16276
16276	16276
16276	16276
16276	16276
16276	16276
16276	16276
16276	16276
16276	16276
16276	16276
16276	16276
16276	16276
16276	16276
16276	16276
16276	16276
16276	16276
16276	16276
16276	16276
16276	16276
16276	16276
16276	16276
16276	16276
16276	16276
16276	16276
16276	16276
16276	16276
16276	16276
16276	16276
16276	16276
16276	16276
16276	16276
16276	16276
16276	16276
16274	16273
16271	16268
16258	16232
16175	16052
15815	15390
14720	13806
12771	11827
11165	10837
10762	10796
10829	10803
10713	10560
10346	10105
9904	9803
9819	9875
9880	9787
9647	9567
9634	9851
10150	10450
10702	10880
10988	11014
10950	10776
10492	10140
9831	9702
9833	10185
10636	11049
11361	11550
11624	11580
11423	11181
10926	10775
10843	11199
11807	12532
13194	13647
13828	13764
13540	13231
12904	12586
12299	12055
11856	11699
11569	11450
11332	11229
11146	11096
11074	11080
11110	11165
11237	11324
11419	11527
11658	11835
12063	12337
12631	12906
13100	13132
12926	12473
11876	11314
10960	10893
11060	11357
11663	11900
12037	12069
11989	11801
11516	11203
10964	10890
11009	11267
11571	11840
12028	12137
12174	12155
12072	11910
11655	11322
10974	10717
10636	10725
10887	11000
11016	10995
11045	11224
11500	11788
12009	12127
12151	12085
11958	11822
11784	11969
12463	13223
14096	14892
15485	15863
16076	16186
16237	16260
16267	16271
16271	16273
16274	16276
16276	16276
16276	16276
16276	16276
16276	16276
16276	16276
16276	16276
16276	16276
16276	16276
16276	16276
16276	16276
16276	16276
16276	16276
16276	16276
16276	16276
16276	16276
16276	16276
16276	16276
16276	16276
16276	16276
16276	16276
16276	16276
16276	16276
16276	16276
16276	16276
16276	16276
16276	16276
16276	16276
16276	16276
16276	16276
16276	16276
16276	16276
16275	16274
16271	16266
16261	16257
16247	16215
16130	15948
15597	15015
14171	13145
12127	11333
10876	10726
10742	10795
10796	10722
10569	10351
10095	9863
9726	9711
9763	9785
9717	9589
9506	9566
9780	10088
10396	10644
10811	10909
10936	10873
10681	10334
9838	9275
8799	8589
8746	9231
9883	10526
11043	11397
11598	11671
11617	11447
11192	10922
10743	10769
11038	11502
12008	12395
12559	12499
12286	12007
11733	11495
11309	11180
11097	11047
11010	10972
10927	10888
10859	10851
10859	10878
10896	10916
10933	10945
10955	10967
11001	11070
11185	11347
11539	11731
11868	11878
11714	11393
11039	10813
10816	11026
11346	11661
11896	12028
12053	11974
11791	11501
11139	10786
10540	10474
10596	10868
11215	11553
11825	12009
12111	12153
12141	12073
11914	11646
11288	10930
10682	10622
10728	10892
10991	10999
10994	11077
11289	11578
11856	12051
12144	12138
12048	11907
11780	11792
12072	12672
13510	14394
15141	15663
15978	16142
16218	16247
16258	16259
16263	16267
16271	16273
16275	16276
16276	16276
16276	16276
16276	16276
16276	16276
16276	16276
16276	16276
16276	16276
16276	16276
16276	16276
16276	16276
16276	16276
16276	16276
16276	16276
16276	16276
16276	16276
16276	16276
16276	16276
16276	16276
16276	16276
16276	16276
16276	16276
16276	16276
16276	16276
16276	16276
16276	16276
16276	16276
16276	16276
16276	16276
16276	16276
16276	16276
16273	16270
16263	16257
16249	16242
16225	16178
16052	15783
15289	14530
13544	12485
11571	10969
10705	10668
10718	10750
10714	10590
10383	10122
9867	9692
9642	9676
9701	9645
9522	9435
9481	9688
9998	10320
10577	10747
10834	10853
10790	10603
10246	9697
8993	8253
7662	7403
7580	8151
8967	9818
10554	11095
11445	11628
11683	11611
11432	11163
10880	10675
10632	10773
11027	11273
11410	11408
11300	11159
11031	10947
10914	10927
10970	11024
11071	11102
11112	11116
11121	11139
11167	11196
11216	11217
11192	11147
11087	11022
10969	10936
10930	10947
10982	11019
11032	10982
10858	10706
10625	10711
10971	11326
11665	11910
12038	12051
11963	11778
11507	11181
10862	10614
10478	10448
10516	10674
10924	11233
11543	11802
11985	12096
12148	12144
12069	11888
11590	11221
10871	10656
10634	10765
10930	11018
11024	11037
11147	11384
11675	11930
12093	12158
12122	12008
11849	11742
11822	12219
12938	13837
14705	15380
15821	16062
16176	16222
16237	16243
16249	16257
16265	16270
16275	16276
16276	16276
16276	16276
16276	16276
16276	16276
16276	16276
16276	16276
16276	16276
16276	16276
16276	16276
16276	16276
16276	16276
16276	16276
16276	16276
16276	16276
16276	16276
16276	16276
16276	16276
16276	16276
16276	16276
16276	16276
16276	16276
16276	16276
16276	16276
16276	16276
16276	16276
16276	16276
16276	16276
16276	16276
16276	16276
16276	16275
16270	16264
16254	16242
16232	16221
16194	16121
15933	15544
14885	13958
12886	11877
11135	10736
10617	10641
10684	10673
10588	10418
10175	9908
9701	9611
9623	9644
9589	9459
9355	9382
9577	9883
10213	10490
10675	10767
10776	10702
10516	10168
9620	8885
8039	7225
6615	6356
6529	7111
7983	8964
9880	10617
11138	11462
11631	11671
11593	11408
11145	10861
10637	10530
10550	10655
10768	10848
10884	10904
10931	10989
11070	11175
11283	11387
11470	11526
11552	11566
11575	11599
11635	11675
11702	11701
11665	11600
11514	11423
11340	11262
11188	11109
11023	10929
10823	10712
10616	10592
10698	10957
11310	11665
11931	12070
12082	11980
11778	11498
11195	10947
10824	10844
10932	10982
10937	10858
10851	10983
11229	11523
11786	11985
12104	12157
12137	12036
11829	11519
11156	10831
10649	10663
10816	10983
11064	11067
11100	11244
11496	11778
12005	12135
12163	12095
11949	11783
11721	11911
12447	13269
14192	15009
15593	15940
16111	16184
16208	16220
16232	16245
16258	16267
16273	16275
16276	16276
16276	16276
16276	16276
16276	16276
16276	16276
16276	16276
16276	16276
16276	16276
16276	16276
16276	16276
16276	16276
16276	16276
16276	16276
16276	16276
16276	16276
16276	16276
16276	16276
16276	16276
16276	16276
16276	16276
16276	16276
16276	16276
16276	16276
16276	16276
16276	16276
16276	16276
16276	16276
16276	16276
16276	16276
16275	16271
16266	16257
16243	16230
16215	16197
16153	16036
15759	15224
14392	13334
12253	11372
10830	10611
10589	10626
10634	10577
10438	10223
9965	9739
9611	9596
9610	9555
9411	9275
9264	9439
9747	10089
10379	10581
10691	10709
10630	10430
10079	9539
8818	7970
7099	6333
5797	5580
5727	6235
7041	8027
9041	9940
10649	11150
11469	11634
11671	11592
11425	11193
10946	10744
10642	10658
10760	10896
11029	11146
11252	11360
11474	11591
11700	11796
11869	11914
11933	11932
11933	11947
11985	12029
12065	12073
12046	11987
11912	11837
11769	11704
11629	11535
11416	11273
11123	10990
10918	10948
11111	11380
11688	11947
12103	12133
12032	11812
11498	11162
10920	10884
11098	11480
11839	11973
11813	11452
11099	10920
10976	11212
11525	11809
12015	12122
12154	12114
11995	11780
11466	11102
10789	10638
10691	10867
11034	11107
11118	11180
11355	11618
11883	12075
12169	12160
12056	11891
11742	11757
12080	12751
13649	14557
15286	15760
16014	16129
16173	16197
16214	16234
16253	16265
16272	16275
16276	16276
16276	16276
16276	16276
16276	16276
16276	16276
16276	16276
16276	16276
16276	16276
16276	16276
16276	16276
16276	16276
16276	16276
16276	16276
16276	16276
16276	16276
16276	16276
16276	16276
16276	16276
16276	16276
16276	16276
16276	16276
16276	16276
16276	16276
16276	16276
16276	16276
16276	16276
16276	16276
16276	16276
16276	16276
16273	16270
16260	16249
16231	16216
16198	16170
16097	15917
15522	14828
13843	12721
11707	10999
10647	10559
10583	10609
10579	10468
10274	10021
9776	9617
9572	9584
9543	9401
9223	9153
9283	9582
9942	10255
10475	10603
10640	10575
10378	10017
9467	8748
7912	7054
6271	5652
5250	5097
5201	5583
6234	7107
8101	9095
9978	10688
11196	11516
11674	11710
11654	11532
11366	11201
11094	11087
11173	11311
11454	11577
11676	11761
11842	11918
11985	12045
12090	12115
12115	12104
12093	12103
12137	12182
12221	12238
12222	12182
12131	12081
12046	12019
11983	11926
11838	11723
11598	11494
11446	11483
11611	11801
11995	12137
12184	12112
11903	11562
11150	10816
10737	11015
11611	12336
12918	13133
12902	12342
11673	11144
10894	10956
11225	11567
11854	12044
12131	12153
12107	11984
11750	11410
11027	10724
10610	10707
10911	11078
11142	11169
11263	11466
11733	11977
12135	12192
12148	12015
11837	11731
11851	12322
13115	14057
14910	15527
15887	16064
16141	16177
16202	16226
16246	16263
16271	16274
16276	16276
16276	16276
16276	16276
16276	16276
16276	16276
16276	16276
16276	16276
16276	16276
16276	16276
16276	16276
16276	16276
16276	16276
16276	16276
16276	16276
16276	16276
16276	16276
16276	16276
16276	16276
16276	16276
16276	16276
16276	16276
16276	16276
16276	16276
16276	16276
16276	16276
16276	16276
16276	16276
16276	16276
16276	16275
16273	16266
16256	16239
16222	16204
16181	16137
16022	15753
15223	14378
13287	12172
11281	10757
10555	10540
10576	10577
10506	10343
10101	9834
9626	9541
9545	9528
9406	9216
9088	9149
9410	9772
10115	10363
10506	10560
10521	10350
10002	9452
8716	7863
7000	6230
5617	5181
4927	4833
4900	5146
5606	6292
7175	8173
9184	10095
10822	11324
11618	11760
11802	11783
11720	11644
11589	11594
11663	11765
11869	11946
11995	12026
12049	12070
12089	12109
12121	12123
12108	12090
12077	12084
12111	12151
12186	12206
12202	12181
12158	12142
12142	12152
12157	12147
12112	12053
11984	11927
11902	11929
12002	12098
12189	12237
12204	12049
11736	11277
10793	10508
10636	11240
12167	13137
13855	14135
13923	13309
12479	11669
11089	10864
10970	11279
11624	11898
12068	12152
12174	12126
11975	11699
11318	10922
10644	10586
10737	10962
11118	11171
11211	11337
11568	11834
12054	12181
12203	12120
11954	11782
11745	12014
12652	13553
14485	15236
15722	15985
16107	16160
16194	16222
16245	16261
16271	16274
16276	16276
16276	16276
16276	16276
16276	16276
16276	16276
16276	16276
16276	16276
16276	16276
16276	16276
16276	16276
16276	16276
16276	16276
16276	16276
16276	16276
16276	16276
16276	16276
16276	16276
16276	16276
16276	16276
16276	16276
16276	16276
16276	16276
16276	16276
16276	16276
16276	16276
16276	16276
16276	16276
16276	16276
16276	16275
16272	16265
16253	16234
16214	16192
16159	16086
15910	15533
14862	13887
12752	11714
10985	10619
10515	10526
10543	10513
10396	10189
9921	9668
9524	9497
9497	9413
9231	9066
9054	9256
9599	9961
10239	10408
10478	10459
10326	10020
9498	8766
7890	6990
6190	5571
5145	4888
4751	4707
4745	4885
5178	5672
6396	7332
8400	9469
10399	11092
11529	11764
11874	11920
11932	11927
11928	11953
12007	12071
12125	12156
12159	12138
12098	12055
12021	11996
11975	11952
11928	11905
11894	11899
11919	11947
11973	11990
11993	11993
11996	12019
12064	12123
12177	12215
12227	12217
12192	12169
12164	12179
12212	12250
12278	12271
12194	11984
11595	11054
10525	10288
10571	11388
12512	13614
14415	14777
14675	14165
13355	12425
11583	11032
10860	11011
11332	11671
11938	12110
12197	12208
12130	11933
11608	11197
10806	10577
10588	10788
11018	11146
11187	11244
11405	11659
11922	12115
12206	12183
12054	11868
11740	11840
12295	13091
14041	14899
15518	15883
16064	16145
16186	16214
16240	16258
16269	16274
16276	16276
16276	16276
16276	16276
16276	16276
16276	16276
16276	16276
16276	16276
16276	16276
16276	16276
16276	16276
16276	16276
16276	16276
16276	16276
16276	16276
16276	16276
16276	16276
16276	16276
16276	16276
16276	16276
16276	16276
16276	16276
16276	16276
16276	16276
16276	16276
16276	16276
16276	16276
16276	16276
16276	16276
16276	16275
16272	16265
16251	16231
16207	16179
16128	16010
15748	15245
14434	13372
12264	11355
10793	10551
10492	10494
10477	10399
10240	9999
9736	9539
9466	9461
9417	9261
9074	9001
9133	9435
9800	10106
10306	10394
10395	10293
10038	9573
8879	8006
7075	6222
5550	5101
4843	4717
4662	4651
4672	4751
4937	5299
5894	6752
7825	8986
10057	10895
11441	11742
11888	11962
12008	12043
12081	12121
12164	12202
12229	12230
12195	12113
11996	11872
11767	11695
11650	11615
11587	11563
11554	11559
11571	11586
11597	11600
11596	11595
11618	11686
11799	11943
12078	12183
12239	12259
12259	12256
12255	12262
12275	12286
12291	12270
12183	11963
11554	10988
10439	10200
10495	11334
12481	13619
14493	14988
15076	14786
14153	13279
12320	11498
10988	10864
11047	11386
11733	12002
12166	12238
12217	12095
11853	11486
11057	10695
10537	10631
10871	11082
11169	11194
11273	11471
11742	11992
12151	12194
12117	11960
11801	11782
12061	12703
13597	14520
15264	15744
16002	16117
16172	16204
16232	16254
16267	16274
16276	16276
16276	16276
16276	16276
16276	16276
16276	16276
16276	16276
16276	16276
16276	16276
16276	16276
16276	16276
16276	16276
16276	16276
16276	16276
16276	16276
16276	16276
16276	16276
16276	16276
16276	16276
16276	16276
16276	16276
16276	16276
16276	16276
16276	16276
16276	16276
16276	16276
16276	16276
16276	16276
16276	16276
16276	16275
16272	16264
16248	16226
16199	16159
16077	15897
15525	14878
13940	12840
11817	11073
10669	10515
10473	10442
10379	10247
10039	9788
9565	9448
9432	9421
9307	9117
8983	9037
9285	9633
9959	10191
10308	10328
10247	10038
9636	9008
8174	7240
6345	5613
5105	4810
4670	4624
4614	4621
4642	4709
4869	5197
5756	6583
7645	8821
9928	10809
11386	11709
11862	11943
11999	12052
12104	12153
12195	12225
12239	12219
12137	11973
11739	11498
11310	11207
11170	11168
11168	11171
11177	11186
11197	11196
11180	11139
11077	11021
11020	11121
11335	11612
11883	12086
12204	12251
12261	12257
12257	12259
12264	12270
12273	12256
12184	11996
11632	11115
10584	10289
10445	11097
12088	13163
14102	14769
15112	15107
14756	14081
13172	12203
11398	10931
10860	11096
11469	11823
12077	12215
12250	12191
12026	11739
11337	10914
10610	10551
10728	10984
11144	11175
11185	11299
11538	11819
12043	12154
12147	12042
11891	11805
11933	12397
13182	14112
14951	15554
15901	16067
16145	16186
16219	16246
16263	16272
16275	16276
16276	16276
16276	16276
16276	16276
16276	16276
16276	16276
16276	16276
16276	16276
16276	16276
16276	16276
16276	16276
16276	16276
16276	16276
16276	16276
16276	16276
16276	16276
16276	16276
16276	16276
16276	16276
16276	16276
16276	16276
16276	16276
16276	16276
16276	16276
16276	16276
16276	16276
16276	16276
16276	16276
16276	16274
16271	16260
16243	16216
16181	16123
16001	15738
15233	14433
13395	12311
11416	10848
10580	10486
10440	10375
10255	10068
9823	9582
9427	9392
9403	9347
9182	9008
8980	9154
9468	9801
10061	10213
10259	10203
10026	9681
9118	8340
7430	6518
5742	5174
4822	4646
4583	4577
4587	4606
4645	4745
4967	5370
6000	6864
7914	9031
10063	10866
11392	11679
11821	11894
11952	12008
12068	12122
12168	12198
12207	12161
12014	11735
11354	10975
10710	10624
10678	10794
10905	10986
11041	11075
11086	11064
10986	10842
10639	10438
10339	10439
10753	11194
11631	11958
12148	12227
12246	12241
12235	12230
12230	12233
12239	12236
12193	12060
11789	11375
10911	10561
10510	10848
11532	12424
13358	14181
14789	15104
15085	14703
13985	13036
12051	11269
10873	10889
11191	11590
11928	12146
12239	12234
12136	11929
11599	11184
10792	10582
10634	10872
11097	11179
11150	11172
11342	11624
11901	12082
12145	12101
11985	11867
11880	12171
12810	13692
14593	15308
15757	15991
16099	16162
16204	16238
16260	16272
16274	16276
16276	16276
16276	16276
16276	16276
16276	16276
16276	16276
16276	16276
16276	16276
16276	16276
16276	16276
16276	16276
16276	16276
16276	16276
16276	16276
16276	16276
16276	16276
16276	16276
16276	16276
16276	16276
16276	16276
16276	16276
16276	16276
16276	16276
16276	16276
16276	16276
16276	16276
16276	16276
16276	16276
16276	16274
16268	16253
16229	16196
16150	16071
15899	15532
14880	13936
12832	11809
11070	10668
10508	10450
10395	10294
10127	9887
9620	9410
9329	9347
9349	9236
9057	8957
9052	9318
9647	9927
10109	10187
10161	10017
9715	9213
8495	7620
6706	5895
5278	4876
4657	4564
4543	4552
4575	4612
4698	4887
5244	5808
6576	7509
8527	9520
10380	11024
11437	11661
11775	11838
11892	11946
12008	12072
12130	12168
12171	12095
11882	11486
10957	10450
10146	10138
10374	10713
11027	11260
11407	11490
11504	11436
11252	10932
10500	10072
9815	9876
10263	10843
11417	11851
12102	12209
12235	12230
12209	12189
12176	12173
12186	12201
12192	12122
11955	11674
11312	10965
10748	10769
11077	11663
12453	13330
14152	14775
15097	15055
14619	13834
12833	11848
11134	10855
10978	11335
11732	12032
12196	12245
12197	12059
11812	11451
11038	10715
10616	10769
11018	11163
11148	11104
11188	11432
11732	11982
12114	12133
12058	11938
11871	12016
12494	13287
14205	15015
15571	15885
16041	16130
16189	16231
16257	16270
16274	16276
16276	16276
16276	16276
16276	16276
16276	16276
16276	16276
16276	16276
16276	16276
16276	16276
16276	16276
16276	16276
16276	16276
16276	16276
16276	16276
16276	16276
16276	16276
16276	16276
16276	16276
16276	16276
16276	16276
16276	16276
16276	16276
16276	16276
16276	16276
16276	16276
16276	16276
16276	16276
16276	16276
16276	16272
16263	16242
16210	16166
16105	15997
15759	15280
14480	13412
12284	11362
10789	10529
10442	10402
10332	10200
9992	9717
9449	9284
9258	9289
9246	9095
8954	8967
9178	9495
9795	10007
10114	10123
10017	9765
9315	8648
7805	6896
6058	5395
4948	4690
4566	4525
4526	4549
4588	4670
4844	5178
5722	6474
7380	8344
9275	10091
10739	11197
11476	11633
11715	11766
11807	11859
11932	12018
12098	12151
12152	12059
11804	11341
10723	10139
9823	9909
10346	10951
11530	11975
12261	12405
12410	12260
11913	11364
10674	10020
9622	9648
10073	10717
11348	11811
12079	12199
12228	12207
12159	12102
12056	12043
12071	12120
12155	12152
12075	11918
11681	11398
11118	10918
10887	11108
11621	12394
13297	14155
14796	15097
14996	14479
13614	12577
11634	11035
10887	11109
11502	11872
12116	12221
12219	12135
11962	11681
11302	10917
10678	10698
10908	11107
11147	11083
11087	11266
11567	11864
12062	12138
12109	12004
11894	11920
12240	12908
13800	14676
15340	15749
15969	16092
16169	16222
16253	16269
16274	16276
16276	16276
16276	16276
16276	16276
16276	16276
16276	16276
16276	16276
16276	16276
16276	16276
16276	16276
16276	16276
16276	16276
16276	16276
16276	16276
16276	16276
16276	16276
16276	16276
16276	16276
16276	16276
16276	16276
16276	16276
16276	16276
16276	16276
16276	16276
16276	16276
16276	16276
16276	16276
16276	16276
16274	16272
16260	16236
16195	16137
16056	15904
15584	14972
14032	12880
11788	10996
10579	10429
10386	10344
10257	10098
9856	9569
9322	9205
9203	9197
9090	8939
8886	9026
9322	9647
9898	10043
10086	10025
9827	9438
8827	8014
7103	6230
5520	5026
4730	4578
4519	4508
4528	4571
4652	4817
5132	5652
6396	7303
8269	9181
9960	10573
11015	11305
11477	11566
11607	11626
11647	11701
11799	11927
12048	12131
12149	12066
11822	11372
10759	10162
9832	9940
10486	11285
12104	12773
13218	13426
13401	13124
12582	11810
10933	10172
9759	9810
10253	10872
11450	11860
12090	12184
12192	12135
12024	11895
11795	11766
11820	11928
12038	12110
12125	12069
11951	11762
11514	11229
10980	10879
11055	11572
12387	13339
14219	14838
15083	14894
14277	13342
12299	11436
10976	10965
11268	11668
11987	12162
12208	12168
12059	11859
11543	11149
10807	10673
10782	10990
11105	11076
11038	11146
11415	11735
11990	12126
12142	12062
11938	11875
12043	12561
13379	14289
15060	15578
15878	16044
16146	16212
16250	16266
16274	16276
16276	16276
16276	16276
16276	16276
16276	16276
16276	16276
16276	16276
16276	16276
16276	16276
16276	16276
16276	16276
16276	16276
16276	16276
16276	16276
16276	16276
16276	16276
16276	16276
16276	16276
16276	16276
16276	16276
16276	16276
16276	16276
16276	16276
16276	16276
16276	16276
16276	16276
16276	16276
16276	16276
16274	16271
16257	16230
16179	16110
16000	15789
15357	14604
13540	12360
11351	10716
10437	10362
10333	10277
10161	9975
9716	9439
9238	9157
9137	9063
8913	8800
8861	9114
9455	9753
9951	10038
10025	9890
9579	9040
8272	7358
6444	5670
5112	4766
4588	4509
4488	4502
4545	4633
4799	5097
5589	6304
7205	8179
9105	9878
10468	10884
11157	11318
11397	11411
11378	11332
11314	11375
11529	11737
11935	12076
12136	12092
11909	11548
11027	10473
10106	10126
10594	11409
12348	13194
13790	14063
13986	13565
12842	11934
11029	10359
10087	10239
10680	11207
11658	11955
12107	12147
12099	11968
11765	11535
11359	11311
11400	11588
11797	11970
12078	12120
12096	12008
11839	11576
11252	10958
10839	11037
11606	12474
13452	14317
14886	15048
14750	14030
13033	12012
11257	10951
11072	11432
11805	12055
12162	12170
12113	11984
11742	11381
10978	10704
10671	10836
11008	11057
11028	11080
11296	11617
11914	12102
12164	12117
11992	11869
11902	12253
12957	13861
14722	15367
15764	15991
16121	16199
16245	16266
16274	16276
16276	16276
16276	16276
16276	16276
16276	16276
16276	16276
16276	16276
16276	16276
16276	16276
16276	16276
16276	16276
16276	16276
16276	16276
16276	16276
16276	16276
16276	16276
16276	16276
16276	16276
16276	16276
16276	16276
16276	16276
16276	16276
16276	16276
16276	16276
16276	16276
16276	16276
16276	16276
16276	16276
16274	16271
16257	16228
16175	16089
15938	15638
15071	14167
13011	11855
10984	10511
10345	10312
10279	10193
10046	9831
9569	9329
9183	9122
9051	8900
8738	8706
8886	9212
9551	9805
9949	9990
9925	9704
9262	8567
7676	6724
5872	5227
4815	4590
4490	4457
4464	4502
4587	4750
5045	5521
6210	7087
8061	8996
9785	10374
10772	11024
11169	11227
11203	11104
10945	10783
10704	10787
11036	11378
11706	11944
12077	12101
12005	11768
11382	10917
10516	10367
10608	11237
12116	13014
13705	14021
13897	13363
12554	11668
10932	10519
10489	10759
11176	11580
11878	12043
12102	12063
11928	11695
11388	11071
10845	10783
10901	11143
11436	11710
11922	12060
12129	12128
12049	11866
11577	11230
10933	10840
11089	11713
12620	13608
14449	14950
14996	14564
13730	12684
11719	11102
10962	11193
11571	11892
12082	12153
12150	12077
11901	11591
11180	10799
10611	10671
10861	11004
11035	11064
11220	11513
11829	12063
12169	12156
12044	11888
11813	11996
12551	13409
14339	15113
15626	15928
16095	16190
16240	16265
16273	16276
16276	16276
16276	16276
16276	16276
16276	16276
16276	16276
16276	16276
16276	16276
16276	16276
16276	16276
16276	16276
16276	16276
16276	16276
16276	16276
16276	16276
16276	16276
16276	16276
16276	16276
16276	16276
16276	16276
16276	16276
16276	16276
16276	16276
16276	16276
16276	16276
16276	16276
16276	16276
16276	16276
16274	16272
16258	16231
16174	16071
15860	15450
14724	13675
12472	11402
10697	10378
10293	10274
10217	10096
9910	9671
9425	9239
9147	9081
8943	8737
8607	8678
8953	9307
9615	9814
9908	9904
9778	9454
8873	8042
7077	6149
5403	4897
4608	4465
4412	4409
4441	4513
4659	4938
5402	6079
6944	7912
8859	9666
10273	10673
10913	11039
11077	11024
10858	10585
10244	9932
9783	9898
10270	10789
11302	11697
11945	12059
12058	11942
11701	11346
10954	10658
10615	10928
11562	12342
13006	13319
13178	12639
11907	11226
10802	10710
10902	11245
11600	11874
12033	12085
12039	11903
11669	11351
10998	10693
10503	10469
10573	10780
11055	11361
11647	11887
12052	12140
12145	12054
11851	11550
11202	10919
10861	11159
11850	12821
13839	14639
15030	14919
14328	13375
12305	11429
10987	11008
11320	11691
11971	12126
12179	12157
12035	11780
11390	10953
10627	10554
10710	10922
11040	11083
11186	11424
11735	11999
12149	12175
12087	11925
11774	11810
12202	12975
13938	14823
15464	15854
16066	16178
16236	16263
16272	16276
16276	16276
16276	16276
16276	16276
16276	16276
16276	16276
16276	16276
16276	16276
16276	16276
16276	16276
16276	16276
16276	16276
16276	16276
16276	16276
16276	16276
16276	16276
16276	16276
16276	16276
16276	16276
16276	16276
16276	16276
16276	16276
16276	16276
16276	16276
16276	16276
16276	16276
16276	16276
16276	16276
16274	16272
16260	16232
16170	16039
15759	15221
14336	13173
11971	11030
10498	10303
10264	10234
10149	9988
9766	9515
9299	9174
9117	9019
8815	8601
8541	8720
9059	9405
9659	9798
9840	9780
9571	9128
8413	7488
6509	5658
5042	4664
4464	4375
4347	4364
4425	4551
4797	5222
5876	6734
7711	8678
9514	10147
10568	10812
10930	10952
10877	10679
10329	9842
9298	8838
8627	8779
9274	9978
10699	11294
11706	11943
12044	12032
11913	11678
11351	10994
10740	10724
11008	11498
11982	12223
12113	11712
11230	10888
10811	10982
11296	11631
11896	12054
12099	12046
11901	11666
11359	11034
10775	10637
10624	10663
10704	10753
10853	11046
11319	11613
11870	12053
12149	12144
12034	11817
11496	11129
10846	10828
11231	12072
13167	14205
14903	15108
14791	14015
12958	11907
11173	10926
11100	11477
11839	12086
12204	12220
12139	11939
11597	11151
10732	10521
10591	10828
11031	11117
11182	11352
11627	11906
12096	12163
12115	11966
11780	11704
11941	12592
13539	14509
15272	15760
16030	16169
16234	16263
16272	16276
16276	16276
16276	16276
16276	16276
16276	16276
16276	16276
16276	16276
16276	16276
16276	16276
16276	16276
16276	16276
16276	16276
16276	16276
16276	16276
16276	16276
16276	16276
16276	16276
16276	16276
16276	16276
16276	16276
16276	16276
16276	16276
16276	16276
16276	16276
16276	16276
16276	16276
16276	16276
16276	16276
16275	16272
16260	16231
16157	15992
15629	14959
13935	12699
11552	10761
10382	10273
10247	10193
10070	9872
9624	9376
9198	9124
9074	8931
8691	8511
8550	8822
9186	9499
9693	9773
9753	9619
9303	8733
7904	6931
5996	5259
4777	4507
4376	4317
4305	4338
4437	4644
5023	5623
6446	7423
8425	9308
9985	10437
10700	10826
10848	10768
10554	10171
9610	8915
8210	7663
7431	7610
8175	8999
9898	10704
11318	11723
11947	12038
12022	11903
11677	11360
11020	10772
10707	10832
11029	11145
11099	10936
10800	10815
11008	11317
11643	11908
12071	12124
12071	11918
11676	11372
11071	10878
10871	11053
11306	11460
11417	11219
11014	10932
11039	11291
11598	11871
12061	12146
12120	11979
11707	11321
10906	10658
10810	11491
12591	13784
14725	15192
15130	14565
13611	12488
11521	10984
10952	11269
11685	12018
12203	12259
12211	12062
11781	11371
10910	10581
10534	10745
11007	11148
11198	11296
11518	11799
12024	12136
12128	12009
11819	11675
11777	12288
13168	14181
15052	15647
15986	16155
16232	16263
16272	16276
16276	16276
16276	16276
16276	16276
16276	16276
16276	16276
16276	16276
16276	16276
16276	16276
16276	16276
16276	16276
16276	16276
16276	16276
16276	16276
16276	16276
16276	16276
16276	16276
16276	16276
16276	16276
16276	16276
16276	16276
16276	16276
16276	16276
16276	16276
16276	16276
16276	16276
16276	16276
16276	16276
16275	16272
16260	16226
16136	15923
15476	14681
13549	12294
11234	10585
10322	10260
10225	10138
9977	9750
9486	9254
9121	9082
9017	8830
8589	8481
8621	8956
9314	9576
9711	9733
9644	9410
8967	8274
7371	6403
5558	4954
4592	4405
4321	4286
4290	4347
4505	4820
5354	6120
7074	8092
9026	9766
10271	10564
10706	10737
10659	10449
10065	9483
8731	7903
7142	6598
6393	6576
7134	7973
8952	9919
10741	11346
11740	11959
12049	12034
11915	11693
11383	11042
10748	10559
10478	10467
10492	10572
10738	11001
11327	11648
11909	12077
12140	12098
11945	11692
11378	11081
10914	10986
11340	11879
12392	12652
12541	12124
11594	11157
10959	11021
11274	11593
11877	12052
12099	12008
11768	11380
10924	10580
10611	11199
12282	13551
14625	15257
15384	15016
14211	13109
11988	11185
10902	11088
11501	11900
12155	12257
12247	12144
11931	11580
11125	10720
10550	10685
10964	11167
11226	11272
11430	11689
11937	12092
12127	12049
11879	11700
11693	12059
12840	13855
14812	15514
15933	16141
16229	16264
16273	16276
16276	16276
16276	16276
16276	16276
16276	16276
16276	16276
16276	16276
16276	16276
16276	16276
16276	16276
16276	16276
16276	16276
16276	16276
16276	16276
16276	16276
16276	16276
16276	16276
16276	16276
16276	16276
16276	16276
16276	16276
16276	16276
16276	16276
16276	16276
16276	16276
16276	16276
16276	16276
16276	16276
16275	16272
16257	16218
16107	15843
15301	14401
13200	11963
11005	10482
10293	10246
10185	10063
9870	9619
9353	9154
9068	9042
8944	8730
8521	8510
8744	9104
9429	9633
9713	9678
9512	9164
8585	7779
6836	5923
5200	4725
4467	4349
4297	4282
4304	4402
4638	5086
5779	6688
7704	8678
9484	10060
10406	10578
10619	10552
10351	9973
9394	8636
7774	6925
6225	5770
5625	5792
6263	7003
7948	8978
9955	10770
11372	11764
11986	12075
12059	11942
11724	11411
11050	10712
10466	10372
10445	10669
10988	11337
11658	11909
12076	12149
12115	11968
11713	11384
11073	10902
10994	11409
12107	12907
13568	13877
13745	13225
12486	11738
11183	10935
10994	11261
11587	11840
11948	11880
11646	11274
10857	10582
10676	11296
12377	13627
14697	15372
15592	15373
14732	13720
12538	11520
10965	10950
11296	11725
12045	12203
12240	12186
12040	11761
11347	10902
10623	10652
10910	11163
11257	11273
11370	11593
11852	12039
12116	12081
11943	11758
11674	11903
12564	13542
14559	15364
15864	16119
16224	16261
16273	16276
16276	16276
16276	16276
16276	16276
16276	16276
16276	16276
16276	16276
16276	16276
16276	16276
16276	16276
16276	16276
16276	16276
16276	16276
16276	16276
16276	16276
16276	16276
16276	16276
16276	16276
16276	16276
16276	16276
16276	16276
16276	16276
16276	16276
16276	16276
16276	16276
16276	16276
16276	16276
16276	16276
16274	16271
16255	16206
16069	15746
15115	14122
12886	11699
10847	10413
10265	10209
10125	9976
9753	9484
9234	9074
9032	9004
8871	8643
8495	8584
8881	9240
9514	9660
9689	9599
9346	8878
8170	7275
6334	5512
4918	4564
4385	4312
4287	4294
4345	4503
4842	5432
6272	7273
8283	9154
9804	10220
10441	10513
10465	10280
9915	9343
8583	7714
6845	6089
5531	5213
5131	5265
5617	6194
6998	7970
9006	9986
10806	11415
11811	12028
12112	12096
11977	11761
11459	11132
10867	10753
10836	11076
11392	11691
11928	12082
12150	12123
11989	11738
11399	11063
10868	10947
11374	12114
13029	13914
14570	14863
14750	14258
13485	12583
11738	11136
10885	10964
11235	11508
11646	11591
11362	11046
10783	10736
11058	11806
12873	14009
14950	15546
15770	15644
15154	14280
13127	11969
11156	10891
11096	11510
11884	12113
12205	12201
12115	11908
11551	11101
10737	10646
10845	11127
11278	11295
11338	11510
11760	11977
12097	12107
12007	11834
11702	11816
12352	13269
14317	15203
15785	16088
16217	16261
16274	16276
16276	16276
16276	16276
16276	16276
16276	16276
16276	16276
16276	16276
16276	16276
16276	16276
16276	16276
16276	16276
16276	16276
16276	16276
16276	16276
16276	16276
16276	16276
16276	16276
16276	16276
16276	16276
16276	16276
16276	16276
16276	16276
16276	16276
16276	16276
16276	16276
16276	16276
16276	16276
16276	16276
16275	16271
16253	16190
16021	15635
14916	13850
12601	11478
10725	10362
10228	10155
10047	9873
9632	9358
9128	9016
9004	8960
8793	8577
8503	8679
9016	9348
9566	9656
9641	9495
9155	8566
7742	6793
5889	5173
4705	4451
4334	4290
4283	4313
4411	4650
5112	5846
6801	7835
8776	9510
10005	10289
10410	10398
10248	9910
9358	8599
7715	6827
6046	5450
5068	4877
4847	4945
5179	5580
6188	7003
7987	9037
10033	10868
11477	11863
12071	12149
12123	12011
11822	11596
11401	11316
11376	11555
11776	11971
12100	12159
12132	12005
11761	11423
11069	10843
10890	11301
12044	12989
13945	14748
15285	15515
15433	15054
14390	13508
12526	11644
11045	10815
10891	11085
11206	11172
11011	10854
10862	11149
11755	12631
13627	14568
15292	15739
15916	15842
15481	14771
13712	12503
11479	10942
10949	11294
11704	12002
12157	12202
12167	12026
11732	11303
10879	10670
10780	11063
11269	11312
11315	11433
11665	11905
12068	12122
12068	11918
11764	11795
12216	13050
14096	15041
15696	16052
16205	16259
16273	16276
16276	16276
16276	16276
16276	16276
16276	16276
16276	16276
16276	16276
16276	16276
16276	16276
16276	16276
16276	16276
16276	16276
16276	16276
16276	16276
16276	16276
16276	16276
16276	16276
16276	16276
16276	16276
16276	16276
16276	16276
16276	16276
16276	16276
16276	16276
16276	16276
16276	16276
16276	16276
16276	16276
16274	16270
16245	16170
15963	15508
14703	13572
12332	11285
10617	10307
10184	10095
9967	9775
9518	9243
9040	8972
8978	8909
8717	8529
8534	8775
9123	9417
9583	9631
9572	9365
8933	8238
7329	6363
5521	4914
4550	4370
4295	4273
4282	4337
4498	4840
5439	6306
7333	8341
9174	9756
10114	10295
10335	10226
9944	9434
8698	7804
6883	6065
5438	5021
4789	4694
4695	4767
4913	5166
5574	6182
7012	8019
9100	10116
10948	11545
11913	12107
12174	12154
12069	11952
11845	11794
11824	11922
12040	12133
12176	12143
12019	11785
11452	11092
10841	10852
11230	11958
12905	13883
14725	15343
15719	15875
15824	15571
15084	14346
13401	12381
11495	10912
10671	10665
10725	10748
10762	10888
11247	11865
12682	13575
14421	15115
15609	15897
16014	15968
15717	15169
14260	13080
11918	11126
10893	11117
11530	11887
12106	12200
12207	12118
11888	11496
11040	10728
10729	10976
11229	11313
11304	11372
11578	11832
12032	12129
12113	11993
11839	11813
12129	12873
13888	14877
15598	16006
16189	16253
16271	16276
16276	16276
16276	16276
16276	16276
16276	16276
16276	16276
16276	16276
16276	16276
16276	16276
16276	16276
16276	16276
16276	16276
16276	16276
16276	16276
16276	16276
16276	16276
16276	16276
16276	16276
16276	16276
16276	16276
16276	16276
16276	16276
16276	16276
16276	16276
16276	16276
16276	16276
16276	16276
16276	16276
16274	16267
16238	16143
15890	15360
14473	13294
12073	11103
10520	10256
10139	10040
9898	9690
9419	9149
8977	8943
8947	8846
8638	8496
8573	8857
9193	9441
9564	9575
9474	9205
8688	7908
6961	6020
5257	4742
4455	4321
4269	4257
4283	4379
4617	5081
5823	6795
7845	8778
9473	9917
10158	10255
10206	9985
9538	8853
7970	7021
6149	5471
5017	4760
4637	4602
4623	4678
4770	4918
5163	5568
6191	7050
8096	9198
10216	11032
11607	11957
12138	12202
12200	12161
12115	12087
12092	12131
12170	12189
12152	12032
11806	11483
11124	10857
10841	11186
11889	12824
13806	14662
15303	15723
15953	16042
16015	15861
15541	14999
14207	13217
12179	11292
10701	10432
10402	10533
10815	11291
11974	12809
13675	14458
15084	15537
15830	16001
16067	16039
15875	15474
14732	13651
12432	11434
10954	11013
11381	11780
12056	12195
12237	12187
12013	11668
11206	10812
10695	10881
11157	11296
11298	11330
11502	11761
11992	12125
12144	12057
11911	11843
12070	12717
13689	14700
15482	15952
16167	16247
16270	16275
16276	16276
16276	16276
16276	16276
16276	16276
16276	16276
16276	16276
16276	16276
16276	16276
16276	16276
16276	16276
16276	16276
16276	16276
16276	16276
16276	16276
16276	16276
16276	16276
16276	16276
16276	16276
16276	16276
16276	16276
16276	16276
16276	16276
16276	16276
16276	16276
16276	16276
16276	16276
16276	16276
16274	16264
16227	16106
15806	15198
14230	13012
11824	10933
10427	10204
10095	9992
9837	9616
9334	9075
8934	8921
8904	8769
8562	8471
8613	8915
9223	9424
9510	9493
9351	9019
8435	7622
6693	5822
5138	4683
4429	4306
4260	4256
4301	4447
4780	5375
6247	7288
8308	9133
9690	10011
10159	10171
10019	9653
9036	8195
7235	6309
5559	5044
4749	4607
4556	4555
4585	4633
4699	4786
4920	5158
5577	6237
7136	8204
9312	10311
11106	11654
11985	12157
12231	12247
12238	12222
12211	12206
12193	12142
12022	11803
11491	11141
10874	10843
11162	11840
12761	13739
14604	15254
15685	15936
16066	16113
16095	16006
15810	15449
14859	14016
12992	11948
11096	10596
10496	10758
11309	12071
12943	13814
14570	15152
15554	15813
15967	16057
16090	16079
15974	15696
15114	14168
12967	11837
11126	10983
11261	11671
11995	12178
12250	12235
12105	11811
11362	10914
10687	10791
11066	11263
11298	11306
11441	11693
11948	12113
12162	12101
11966	11868
12014	12567
13485	14509
15352	15879
16137	16236
16267	16274
16276	16276
16276	16276
16276	16276
16276	16276
16276	16276
16276	16276
16276	16276
16276	16276
16276	16276
16276	16276
16276	16276
16276	16276
16276	16276
16276	16276
16276	16276
16276	16276
16276	16276
16276	16276
16276	16276
16276	16276
16276	16276
16276	16276
16276	16276
16276	16276
16276	16276
16276	16276
16276	16276
16274	16262
16213	16066
15708	15019
13976	12732
11588	10777
10343	10154
10053	9941
9777	9539
9253	9010
8898	8893
8845	8678
8482	8451
8644	8952
9223	9382
9433	9383
9204	8827
8223	7446
6615	5854
5242	4796
4511	4353
4282	4275
4343	4551
4990	5716
6689	7748
8696	9395
9823	10042
10111	10034
9763	9240
8461	7513
6544	5716
5118	4759
4586	4521
4511	4530
4564	4609
4658	4711
4784	4915
5171	5623
6318	7243
8318	9409
10383	11146
11671	11993
12166	12246
12271	12264
12239	12199
12125	11985
11757	11441
11086	10824
10789	11107
11778	12701
13684	14556
15217	15654
15911	16051
16120	16147
16136	16083
15966	15739
15337	14702
13826	12818
11889	11283
11160	11516
12222	13097
13966	14706
15262	15633
15855	15984
16056	16098
16116	16109
16044	15851
15410	14609
13484	12284
11384	11026
11172	11553
11913	12139
12243	12256
12166	11920
11501	11021
10704	10714
10969	11214
11287	11290
11390	11628
11899	12090
12166	12128
12002	11884
11964	12425
13281	14305
15200	15794
16098	16222
16262	16274
16276	16276
16276	16276
16276	16276
16276	16276
16276	16276
16276	16276
16276	16276
16276	16276
16276	16276
16276	16276
16276	16276
16276	16276
16276	16276
16276	16276
16276	16276
16276	16276
16276	16276
16276	16276
16276	16276
16276	16276
16276	16276
16276	16276
16276	16276
16276	16276
16276	16276
16276	16276
16276	16276
16272	16257
16195	16015
15597	14827
13715	12457
11361	10632
10262	10100
10001	9880
9700	9450
9166	8944
8860	8849
8770	8575
8411	8440
8676	8979
9210	9330
9348	9272
9057	8662
8095	7447
6803	6204
5649	5154
4758	4496
4357	4329
4417	4696
5244	6084
7117	8152
8994	9563
9882	10015
10008	9837
9436	8761
7860	6865
5956	5260
4814	4583
4494	4473
4482	4507
4543	4582
4623	4662
4705	4777
4925	5210
5695	6412
7343	8405
9472	10415
11153	11670
11992	12167
12244	12252
12215	12123
11961	11694
11325	10912
10592	10529
10857	11568
12544	13580
14492	15180
15630	15895
16039	16118
16159	16175
16168	16134
16062	15925
15674	15241
14591	13773
12960	12406
12305	12675
13365	14151
14852	15385
15732	15935
16041	16095
16126	16143
16151	16145
16102	15967
15631	14970
13949	12740
11691	11129
11109	11432
11807	12077
12215	12258
12198	11998
11617	11130
10744	10661
10873	11142
11257	11258
11329	11549
11834	12056
12156	12139
12028	11896
11922	12297
13080	14089
15030	15688
16047	16202
16256	16270
16275	16276
16276	16276
16276	16276
16276	16276
16276	16276
16276	16276
16276	16276
16276	16276
16276	16276
16276	16276
16276	16276
16276	16276
16276	16276
16276	16276
16276	16276
16276	16276
16276	16276
16276	16276
16276	16276
16276	16276
16276	16276
16276	16276
16276	16276
16276	16276
16276	16276
16276	16276
16276	16276
16272	16251
16176	15961
15480	14631
13455	12192
11153	10501
10185	10043
9942	9805
9609	9345
9065	8869
8802	8783
8669	8469
8347	8442
8714	9006
9202	9284
9271	9163
8922	8539
8077	7643
7268	6880
6389	5803
5236	4796
4528	4435
4534	4882
5537	6465
7516	8478
9201	9649
9873	9936
9854	9578
9045	8241
7267	6290
5484	4929
4617	4479
4442	4442
4460	4485
4517	4549
4584	4616
4651	4697
4783	4951
5261	5762
6486	7406
8450	9491
10420	11151
11669	11989
12148	12191
12130	11965
11668	11227
10689	10203
9976	10201
10923	12007
13202	14267
15063	15577
15868	16027
16113	16163
16193	16205
16200	16178
16131	16050
15899	15637
15218	14658
14074	13669
13613	13923
14461	15035
15507	15828
16016	16111
16156	16176
16187	16192
16192	16186
16156	16060
15803	15257
14349	13171
12024	11272
11079	11313
11695	12005
12181	12248
12219	12057
11719	11240
10807	10633
10783	11051
11199	11207
11251	11455
11755	12007
12141	12147
12049	11917
11892	12181
12879	13861
14836	15564
15982	16172
16244	16266
16272	16275
16276	16276
16276	16276
16276	16276
16276	16276
16276	16276
16276	16276
16276	16276
16276	16276
16276	16276
16276	16276
16276	16276
16276	16276
16276	16276
16276	16276
16276	16276
16276	16276
16276	16276
16276	16276
16276	16276
16276	16276
16276	16276
16276	16276
16276	16276
16276	16276
16276	16276
16276	16275
16269	16244
16152	15898
15350	14423
13196	11943
10961	10382
10116	9990
9881	9729
9510	9229
8953	8783
8733	8694
8554	8363
8300	8461
8757	9032
9197	9246
9206	9065
8804	8458
8143	7978
7925	7788
7392	6731
5969	5297
4837	4630
4705	5109
5849	6832
7862	8731
9329	9672
9819	9818
9654	9263
8601	7702
6705	5799
5116	4693
4487	4414
4403	4418
4438	4462
4487	4517
4544	4573
4603	4639
4696	4797
4981	5302
5808	6526
7438	8468
9504	10433
11166	11673
11959	12046
11958	11681
11205	10557
9853	9312
9203	9696
10756	12131
13489	14582
15318	15743
15963	16077
16147	16193
16220	16232
16230	16213
16183	16130
16045	15901
15667	15345
14999	14759
14742	14952
15295	15646
15911	16077
16164	16203
16221	16228
16230	16232
16230	16222
16199	16127
15928	15483
14686	13562
12360	11452
11087	11221
11589	11933
12149	12245
12238	12111
11813	11359
10891	10636
10707	10952
11117	11138
11166	11357
11672	11961
12127	12156
12077	11940
11876	12077
12686	13627
14630	15423
15907	16137
16226	16257
16268	16272
16275	16276
16276	16276
16276	16276
16276	16276
16276	16276
16276	16276
16276	16276
16276	16276
16276	16276
16276	16276
16276	16276
16274	16274
16271	16275
16275	16276
16276	16276
16276	16276
16276	16276
16276	16276
16276	16276
16276	16276
16276	16276
16276	16276
16276	16276
16276	16276
16276	16276
16276	16274
16267	16234
16122	15824
15204	14198
12927	11691
10777	10272
10050	9938
9819	9651
9410	9115
8845	8690
8647	8587
8427	8261
8266	8489
8803	9058
9191	9214
9147	8976
8699	8403
8251	8358
8621	8758
8504	7835
6930	6039
5347	4968
4968	5384
6171	7172
8150	8917
9405	9660
9744	9680
9425	8914
8132	7169
6197	5385
4830	4521
4391	4358
4368	4389
4413	4434
4457	4479
4503	4528
4557	4588
4633	4698
4810	5002
5325	5831
6545	7457
8491	9536
10461	11171
11607	11761
11627	11214
10541	9699
8864	8307
8285	8943
10191	11740
13237	14427
15226	15691
15939	16070
16153	16204
16236	16248
16248	16236
16214	16178
16126	16052
15941	15785
15616	15502
15504	15626
15813	15994
16125	16201
16236	16249
16253	16255
16257	16257
16256	16251
16233	16178
16022	15657
14965	13920
12698	11665
11138	11159
11496	11864
12118	12239
12255	12157
11902	11481
10998	10670
10648	10852
11031	11071
11093	11273
11597	11918
12119	12174
12112	11976
11873	11997
12520	13414
14432	15283
15827	16099
16208	16245
16262	16268
16273	16274
16276	16276
16276	16276
16276	16276
16276	16276
16276	16276
16276	16276
16276	16276
16276	16276
16276	16276
16274	16268
16260	16251
16241	16248
16248	16276
16273	16276
16276	16276
16276	16276
16276	16276
16276	16276
16276	16276
16276	16276
16276	16276
16276	16276
16276	16276
16276	16276
16276	16274
16263	16221
16084	15736
15041	13955
12644	11430
10589	10156
9980	9884
9760	9573
9312	9003
8741	8606
8560	8476
8302	8171
8241	8517
8841	9075
9179	9179
9086	8887
8601	8355
8354	8699
9234	9613
9545	8965
8028	6987
6079	5491
5354	5718
6500	7475
8380	9048
9443	9629
9660	9528
9175	8543
7662	6668
5750	5052
4618	4397
4318	4312
4333	4359
4384	4405
4429	4448
4468	4488
4512	4541
4579	4630
4704	4819
5015	5341
5850	6572
7496	8546
9588	10468
11058	11279
11097	10538
9695	8723
7845	7310
7328	8003
9256	10841
12443	13803
14800	15439
15812	16018
16136	16205
16243	16258
16260	16250
16231	16202
16170	16130
16083	16020
15954	15911
15918	15982
16073	16160
16217	16249
16263	16268
16270	16270
16270	16270
16268	16265
16251	16209
16088	15791
15194	14235
13025	11902
11227	11123
11410	11792
12076	12227
12266	12194
11983	11599
11115	10725
10616	10766
10955	11020
11048	11214
11540	11889
12120	12200
12153	12018
11894	11961
12406	13249
14268	15161
15753	16057
16186	16233
16252	16262
16268	16273
16275	16276
16276	16276
16276	16276
16276	16276
16276	16276
16276	16276
16276	16276
16276	16276
16276	16274
16268	16245
16202	16135
16084	16017
16017	16276
16246	16276
16276	16276
16276	16276
16276	16276
16276	16276
16276	16276
16276	16276
16276	16276
16276	16276
16276	16276
16276	16276
16275	16272
16260	16208
16049	15651
14882	13720
12372	11187
10413	10052
9918	9835
9706	9507
9230	8916
8661	8538
8487	8379
8196	8095
8220	8533
8862	9080
9165	9145
9030	8805
8510	8311
8435	8958
9688	10261
10382	9962
9107	8024
6958	6163
5850	6106
6824	7739
8558	9132
9455	9590
9576	9380
8934	8194
7237	6239
5394	4808
4473	4319
4272	4277
4302	4329
4354	4378
4398	4417
4435	4451
4472	4500
4532	4576
4632	4711
4830	5033
5365	5886
6634	7587
8642	9627
10338	10612
10385	9717
8770	7771
6940	6467
6485	7064
8173	9664
11312	12866
14133	15033
15602	15925
16103	16196
16243	16261
16263	16255
16237	16212
16183	16160
16141	16124
16106	16096
16105	16138
16182	16223
16250	16267
16272	16276
16276	16276
16276	16276
16275	16271
16261	16227
16131	15889
15378	14500
13324	12138
11332	11103
11328	11711
12027	12204
12266	12223
12051	11705
11229	10790
10601	10699
10892	10987
11023	11175
11496	11858
12114	12220
12189	12067
11935	11967
12353	13149
14153	15066
15689	16022
16164	16219
16243	16256
16264	16270
16274	16276
16276	16276
16276	16276
16276	16276
16276	16276
16276	16276
16276	16276
16276	16276
16275	16272
16248	16177
16012	15680
15482	14878
14878	16276
16101	16276
16274	16276
16276	16276
16276	16276
16276	16276
16276	16276
16276	16276
16276	16276
16276	16276
16276	16276
16276	16273
16273	16268
16255	16195
16015	15579
14754	13535
12162	10998
10279	9969
9868	9795
9667	9457
9167	8851
8605	8492
8434	8306
8118	8043
8206	8542
8871	9078
9150	9116
8981	8735
8436	8276
8489	9130
9981	10681
10954	10708
9992	8949
7803	6845
6362	6485
7110	7941
8685	9186
9454	9553
9503	9257
8731	7911
6900	5917
5144	4649
4389	4279
4247	4255
4278	4304
4331	4353
4375	4391
4407	4422
4440	4462
4495	4536
4585	4647
4730	4856
5065	5423
5992	6805
7804	8816
9591	9897
9644	8912
7939	6988
6262	5872
5878	6313
7218	8550
10183	11888
13412	14584
15363	15823
16063	16183
16237	16259
16261	16255
16240	16215
16187	16168
16162	16163
16166	16170
16178	16196
16221	16243
16261	16271
16274	16276
16276	16276
16276	16276
16276	16273
16265	16235
16158	15955
15509	14702
13561	12339
11430	11093
11257	11639
11977	12178
12259	12239
12096	11784
11314	10845
10594	10649
10845	10963
11008	11147
11455	11825
12102	12229
12216	12110
11981	11995
12345	13098
14081	15001
15645	15994
16146	16207
16233	16249
16260	16268
16273	16275
16276	16276
16276	16276
16276	16276
16276	16276
16276	16276
16276	16276
16276	16276
16274	16265
16214	16039
15606	14593
14070	11861
11861	16276
15706	16276
16268	16276
16276	16276
16276	16276
16276	16276
16276	16276
16276	16276
16276	16276
16276	16276
16276	16276
16274	16273
16271	16267
16250	16189
15998	15540
14678	13426
12038	10886
10199	9922
9842	9775
9645	9429
9133	8815
8577	8467
8403	8261
8072	8012
8196	8541
8870	9070
9136	9095
8949	8688
8387	8254
8519	9224
10136	10904
11273	11153
10556	9576
8404	7352
6744	6760
7307	8076
8758	9211
9451	9527
9457	9174
8601	7727
6692	5724
4999	4565
4352	4264
4239	4243
4265	4290
4316	4336
4358	4374
4390	4403
4421	4441
4473	4512
4559	4614
4680	4770
4912	5168
5613	6310
7237	8232
9028	9349
9082	8334
7373	6490
5862	5543
5533	5861
6599	7790
9378	11167
12868	14236
15177	15738
16031	16174
16234	16257
16262	16256
16239	16214
16186	16168
16167	16177
16188	16197
16205	16217
16233	16251
16264	16272
16275	16276
16276	16276
16276	16276
16276	16274
16266	16241
16173	15992
15584	14825
13713	12471
11498	11088
11210	11585
11940	12158
12252	12245
12123	11831
11369	10877
10590	10617
10813	10947
10998	11126
11426	11799
12089	12230
12232	12138
12017	12025
12350	13076
14044	14962
15615	15974
16134	16196
16227	16242
16258	16266
16273	16275
16276	16276
16276	16276
16276	16276
16276	16276
16276	16276
16276	16276
16276	16276
16274	16257
16177	15873
15100	13157
12222	7697
