16064	16064
16064	16064
16063	16057
16055	16046
16034	16012
15981	15934
15873	15792
15692	15569
15425	15262
15077	14874
14660	14437
14214	14004
13821	13678
13585	13553
13583	13675
13816	13998
14209	14431
14656	14871
15074	15261
15426	15571
15692	15792
15873	15935
15979	16010
16033	16046
16050	16053
16058	16059
16055	16056
16053	16056
16062	16064
16064	16063
16062	16056
16051	16040
16021	15992
15949	15888
15808	15702
15575	15425
15252	15059
14852	14633
14402	14171
13945	13734
13555	13414
13325	13293
13326	13415
13555	13738
13947	14175
14408	14641
14861	15067
15262	15432
15580	15707
15807	15887
15949	15990
16019	16038
16048	16050
16051	16048
16047	16046
16041	16050
16061	16061
16061	16060
16055	16052
16044	16028
16001	15962
15901	15819
15710	15573
15408	15220
15006	14779
14544	14298
14051	13810
13580	13370
13193	13059
12974	12946
12976	13066
13204	13383
13597	13829
14075	14324
14569	14808
15033	15241
15425	15585
15716	15822
15903	15961
16000	16023
16036	16040
16037	16035
16027	16029
16018	16034
16061	16061
16060	16059
16055	16050
16037	16015
15979	15922
15841	15730
15584	15404
15193	14955
14697	14428
14154	13880
13615	13365
13128	12920
12748	12620
12541	12518
12549	12636
12771	12949
13162	13403
13659	13931
14203	14476
14741	14993
15224	15427
15599	15738
15846	15923
15972	16005
16020	16023
16016	16009
15992	15994
15968	16004
16061	16061
16060	16057
16053	16044
16027	15996
15948	15872
15766	15618
15429	15201
14936	14641
14328	14011
13697	13395
13112	12849
12612	12407
12242	12122
12050	12028
12062	12147
12282	12457
12669	12913
13186	13473
13778	14092
14403	14704
14986	15241
15458	15635
15772	15872
15940	15983
15999	15999
15984	15964
15929	15936
15873	15950
16060	16061
16059	16055
16050	16039
16016	15975
15912	15815
15677	15492
15256	14970
14645	14289
13919	13553
13200	12867
12565	12294
12058	11859
11703	11591
11525	11511
11546	11628
11760	11930
12145	12395
12677	12988
13322	13670
14028	14380
14721	15028
15297	15518
15690	15819
15904	15951
15969	15961
15930	15897
15824	15833
15704	15856
16058	16060
16056	16055
16045	16032
16003	15952
15872	15753
15584	15356
15069	14727
14335	13919
13497	13080
12689	12333
12014	11739
11503	11313
11167	11063
11007	10996
11033	11116
11241	11413
11625	11876
12170	12494
12856	13240
13646	14051
14445	14808
15128	15393
15604	15759
15859	15915
15933	15913
15854	15796
15659	15681
15431	15710
16057	16058
16054	16053
16041	16021
15987	15929
15834	15691
15490	15220
14883	14482
14034	13561
13085	12624
12200	11823
11495	11217
10987	10804
10665	10573
10523	10517
10557	10637
10762	10930
11143	11395
11694	12035
12417	12834
13278	13732
14175	14592
14958	15270
15517	15696
15815	15877
15886	15846
15748	15659
15428	15462
15017	15494
16056	16057
16053	16049
16038	16016
15974	15910
15795	15633
15401	15094
14710	14259
13761	13234
12711	12216
11765	11371
11036	10759
10532	10357
10230	10143
10100	10101
10142	10225
10348	10512
10722	10977
11280	11630
12031	12476
12952	13444
13933	14393
14810	15160
15438	15642
15772	15839
15836	15773
15625	15491
15132	15190
14463	15215
16056	16057
16053	16048
16035	16010
15967	15889
15766	15581
15327	14987
14567	14074
13532	12962
12403	11876
11408	11002
10663	10387
10168	9998
9879	9800
9763	9767
9809	9893
10016	10175
10388	10640
10946	11304
11717	12177
12682	13206
13731	14230
14682	15065
15370	15592
15735	15801
15786	15696
15490	15308
14793	14883
13812	14897
16055	16057
16052	16047
16033	16006
15957	15874
15743	15546
15270	14906
14456	13932
13354	12754
12169	11623
11139	10726
10384	10111
9897	9736
9619	9547
9517	9521
9565	9649
9770	9931
10139	10392
10698	11061
11482	11958
12477	13029
13579	14108
14584	14994
15318	15554
15703	15772
15743	15580
15362	14633
14460	12153
13149	7863
