16143	16143
16142	16139
16120	16055
15865	15429
14613	13378
11852	10304
9023	8212
7943	8158
8681	9293
9790	10062
10075	9878
9552	9205
8948	8862
8943	9073
9056	8709
7972	6952
5869	4937
4314	4074
4267	4909
5961	7275
8642	9886
10975	11991
13008	13999
14859	15489
15862	16043
16114	16137
16142	16143
16143	16143
16143	16143
16142	16140
16127	16074
15921	15560
14862	13774
12373	10879
9572	8677
8300	8408
8838	9384
9849	10138
10212	10093
9827	9501
9226	9115
9200	9372
9400	9058
8268	7165
5998	5032
4423	4249
4519	5221
6300	7614
8964	10205
11315	12347
13348	14283
15060	15603
15919	16064
16122	16138
16142	16143
16143	16143
16143	16143
16143	16142
16132	16096
15991	15726
15196	14316
13109	11727
10411	9402
8850	8765
9028	9451
9869	10176
10332	10321
10153	9884
9624	9521
9640	9879
9987	9698
8901	7728
6474	5440
4829	4719
5081	5864
6968	8251
9554	10764
11867	12891
13844	14680
15326	15753
15987	16091
16129	16141
16142	16143
16143	16143
16143	16143
16143	16142
16138	16117
16053	15882
15520	14873
13915	12711
11444	10336
9573	9228
9239	9481
9805	10113
10339	10444
10404	10244
10068	10023
10200	10515
10718	10531
9815	8668
7383	6298
5669	5591
6034	6872
7972	9185
10398	11535
12588	13549
14404	15097
15593	15893
16047	16113
16135	16142
16143	16143
16143	16143
16143	16143
16143	16142
16141	16129
16094	15998
15774	15345
14647	13684
12550	11422
10486	9861
9574	9560
9723	9965
10215	10402
10489	10473
10433	10491
10729	11089
11362	11296
10742	9750
8563	7514
6897	6845
7316	8156
9197	10304
11395	12429
13384	14233
14937	15463
15808	16000
16091	16127
16140	16142
16143	16143
16142	16142
16143	16143
16143	16143
16142	16138
16121	16073
15951	15693
15232	14533
13613	12581
11577	10744
10163	9855
9777	9863
10038	10236
10399	10507
10596	10753
11029	11388
11678	11712
11358	10623
9677	8806
8291	8283
8751	9541
10489	11479
12444	13351
14165	14854
15383	15746
15962	16071
16118	16137
16142	16143
16142	16140
16137	16137
16141	16143
16143	16143
16143	16142
16136	16112
16053	15916
15646	15189
14528	13690
12762	11857
11087	10507
10154	9997
9995	10086
10219	10355
10500	10691
10961	11276
11547	11652
11499	11070
10467	9898
9594	9688
10161	10892
11741	12608
13443	14199
14847	15355
15709	15932
16053	16108
16133	16140
16141	16140
16134	16124
16111	16116
16137	16140
16141	16143
16143	16142
16140	16132
16105	16040
15900	15638
15220	14627
13889	13071
12255	11523
10937	10519
10267	10150
10122	10154
10227	10355
10552	10796
11039	11208
11246	11129
10907	10710
10688	10936
11450	12136
12893	13643
14326	14912
15377	15708
15922	16044
16104	16130
16140	16142
16141	16132
16111	16067
16000	16020
16131	16137
16137	16141
16143	16143
16142	16140
16129	16103
16038	15910
15676	15313
14806	14176
13462	12720
12016	11401
10906	10531
10259	10070
9957	9924
9993	10148
10371	10613
10841	11017
11162	11327
11595	12017
12587	13238
13901	14512
15030	15442
15735	15932
16045	16102
16128	16140
16142	16142
16136	16113
16041	15892
15611	15679
16122	16129
16133	16138
16142	16143
16143	16142
16140	16128
16104	16046
15936	15737
15434	15005
14455	13806
13097	12386
11719	11120
10599	10157
9809	9579
9494	9569
9782	10106
10501	10934
11374	11831
12332	12896
13507	14120
14683	15155
15521	15780
15950	16050
16103	16128
16139	16142
16143	16142
16130	16080
15908	15525
14735	14907
16116	16125
16130	16137
16141	16143
16143	16143
16142	16139
16130	16106
16055	15954
15775	15490
15080	14534
13876	13141
12385	11643
10946	10310
9774	9383
9183	9195
9406	9793
10316	10920
11554	12197
12840	13487
14115	14689
15170	15540
15796	15958
16054	16103
16129	16138
16142	16143
16143	16139
16123	16043
15748	14781
13608	8476
