16133	16133
16133	16133
16132	16131
16131	16127
16120	16107
16079	16031
15952	15824
15627	15342
14958	14462
13853	13152
12377	11569
10764	10004
9317	8742
8288	7970
7791	7744
7819	7996
8252	8560
8884	9200
9487	9719
9886	9982
10004	9964
9862	9719
9547	9364
9182	9017
8884	8791
8743	8741
8774	8836
8905	8962
8982	8944
8827	8623
8323	7937
7483	6980
6455	5933
5439	4999
4625	4340
4145	4053
4069	4203
4453	4819
5296	5864
6499	7176
7862	8535
9170	9759
10309	10824
11322	11817
12316	12826
13334	13836
14307	14739
15106	15412
15646	15820
15942	16021
16069	16100
16116	16124
16129	16131
16132	16133
16133	16133
16133	16133
16133	16133
16133	16133
16132	16131
16131	16127
16121	16107
16085	16040
15965	15844
15662	15394
15030	14559
13978	13302
12552	11758
10966	10205
9518	8932
8466	8130
7936	7873
7932	8094
8336	8632
8945	9250
9528	9755
9924	10025
10057	10031
9944	9817
9657	9480
9302	9134
8997	8892
8834	8822
8852	8912
8982	9046
9073	9037
8916	8703
8390	7987
7514	6987
6443	5912
5409	4971
4607	4328
4151	4074
4107	4255
4518	4892
5374	5944
6583	7260
7946	8619
9257	9852
10408	10931
11438	11937
12438	12945
13450	13942
14402	14812
15166	15457
15681	15843
15955	16029
16075	16103
16116	16125
16129	16131
16132	16133
16133	16133
16133	16133
16133	16133
16133	16133
16133	16131
16131	16128
16123	16112
16089	16049
15982	15875
15708	15462
15126	14687
14142	13502
12783	12016
11238	10485
9792	9193
8708	8352
8132	8046
8082	8222
8444	8715
9013	9307
9572	9798
9965	10073
10121	10107
10044	9937
9794	9630
9454	9288
9141	9027
8959	8939
8962	9022
9104	9173
9210	9179
9062	8839
8512	8089
7588	7038
6476	5924
5416	4972
4611	4348
4185	4128
4181	4350
4627	5014
5503	6077
6718	7393
8082	8753
9393	9991
10553	11086
11597	12102
12608	13112
13607	14086
14524	14916
15249	15516
15720	15870
15973	16039
16079	16105
16119	16126
16130	16131
16132	16133
16133	16133
16133	16133
16133	16133
16133	16133
16133	16132
16131	16129
16125	16114
16096	16061
16002	15908
15759	15541
15240	14838
14339	13742
13066	12331
11577	10834
10143	9529
9020	8636
8384	8262
8268	8373
8565	8811
9086	9359
9616	9832
10003	10119
10184	10192
10151	10066
9945	9797
9634	9470
9320	9196
9120	9090
9116	9180
9269	9355
9403	9386
9272	9048
8710	8267
7742	7165
6574	6001
5478	5029
4674	4418
4268	4234
4313	4503
4803	5203
5705	6284
6925	7598
8279	8947
9587	10188
10751	11289
11808	12318
12822	13316
13803	14256
14671	15037
15341	15584
15770	15903
15994	16051
16088	16110
16121	16127
16131	16131
16132	16133
16133	16133
16133	16133
16133	16133
16133	16133
16133	16132
16131	16129
16125	16117
16103	16072
16025	15943
15817	15629
15360	15006
14555	14014
13387	12695
11972	11246
10556	9929
9398	8979
8689	8523
8484	8550
8702	8910
9156	9406
9645	9854
10027	10153
10236	10268
10254	10197
10101	9973
9824	9667
9517	9395
9310	9283
9310	9383
9485	9588
9656	9654
9552	9333
8990	8533
7987	7388
6770	6174
5632	5172
4814	4564
4432	4421
4520	4736
5058	5479
5992	6574
7211	7877
8549	9210
9842	10439
11005	11547
12067	12576
13075	13560
14024	14455
14839	15172
15446	15662
15824	15938
16018	16066
16096	16113
16123	16128
16131	16131
16133	16133
16133	16133
16133	16133
16133	16133
16133	16133
16133	16132
16131	16131
16127	16120
16107	16084
16044	15977
15871	15713
15486	15177
14786	14300
13731	13092
12406	11706
11024	10387
9831	9377
9040	8827
8733	8742
8846	9011
9216	9435
9657	9856
10028	10164
10263	10320
10335	10307
10241	10140
10013	9869
9728	9611
9530	9507
9540	9624
9746	9866
9959	9979
9897	9687
9352	8894
8337	7718
7079	6460
5899	5423
5056	4811
4692	4699
4824	5064
5408	5847
6368	6953
7582	8237
8895	9538
10159	10750
11312	11851
12370	12872
13360	13828
14265	14663
15014	15311
15552	15739
15877	15974
16036	16078
16104	16118
16126	16129
16131	16132
16133	16133
16133	16133
16133	16133
16133	16133
16133	16133
16133	16132
16131	16131
16128	16124
16113	16096
16063	16011
15928	15798
15611	15352
15015	14590
14082	13501
12863	12195
11528	10892
10313	9826
9441	9169
9013	8958
9000	9109
9271	9453
9648	9833
10004	10147
10261	10341
10388	10388
10357	10284
10185	10062
9940	9833
9769	9752
9801	9901
10036	10182
10295	10342
10282	10098
9774	9326
8773	8150
7497	6864
6284	5796
5419	5173
5062	5083
5228	5490
5854	6309
6834	7418
8034	8674
9310	9933
10537	11117
11667	12196
12704	13197
13664	14109
14513	14878
15191	15450
15655	15813
15927	16006
16058	16089
16110	16121
16127	16131
16131	16132
16133	16133
16133	16133
16133	16133
16133	16133
16133	16133
16133	16133
16132	16131
16131	16126
16119	16105
16082	16040
15973	15871
15722	15509
15226	14863
14420	13902
13321	12694
12057	11428
10838	10319
9884	9555
9332	9209
9180	9223
9324	9466
9627	9792
9954	10101
10229	10329
10399	10436
10432	10394
10324	10234
10137	10053
10007	10009
10071	10189
10342	10505
10642	10711
10679	10524
10231	9807
9274	8660
8008	7371
6782	6279
5898	5647
5541	5573
5735	6014
6395	6856
7382	7957
8556	9172
9783	10382
10964	11521
12058	12573
13069	13538
13980	14392
14761	15084
15359	15581
15754	15882
15973	16035
16076	16099
16116	16124
16128	16131
16131	16132
16133	16133
16133	16133
16133	16133
16133	16133
16133	16133
16133	16133
16132	16131
16131	16127
16123	16112
16095	16064
16012	15935
15817	15648
15413	15113
14738	14286
13765	13192
12589	11981
11390	10849
10374	9988
9693	9499
9390	9366
9405	9489
9606	9744
9890	10032
10162	10281
10372	10436
10464	10460
10427	10373
10310	10257
10235	10259
10339	10470
10637	10817
10967	11061
11060	10935
10679	10293
9787	9204
8574	7944
7361	6858
6476	6226
6123	6163
6335	6625
7011	7474
7995	8551
9129	9716
10300	10872
11427	11963
12477	12971
13441	13884
14296	14667
14998	15278
15511	15696
15840	15942
16014	16061
16093	16111
16121	16127
16131	16131
16132	16133
16133	16133
16133	16133
16133	16133
16133	16133
16133	16133
16133	16133
16133	16131
16131	16130
16126	16119
16105	16083
16048	15988
15897	15765
15581	15335
15021	14637
14184	13673
13118	12537
11958	11406
10902	10469
10113	9843
9659	9555
9519	9544
9610	9707
9824	9953
10082	10200
10310	10394
10451	10478
10483	10462
10438	10421
10430	10480
10576	10719
10895	11084
11248	11359
11380	11290
11076	10735
10282	9742
9153	8551
7989	7499
7122	6877
6782	6826
7004	7294
7685	8139
8646	9184
9736	10293
10842	11383
11910	12418
12905	13371
13811	14221
14594	14926
15213	15453
15646	15796
15909	15987
16045	16079
16102	16115
16125	16127
16131	16131
16132	16133
16132	16132
16131	16131
16130	16131
16133	16133
16133	16133
16133	16133
16133	16132
16131	16131
16127	16123
16115	16099
16070	16031
15963	15865
15721	15526
15273	14954
14567	14118
13620	13083
12531	11984
11467	10995
10586	10250
9992	9812
9700	9653
9655	9702
9781	9883
9997	10110
10221	10320
10397	10454
10488	10506
10516	10535
10574	10647
10760	10912
11090	11279
11446	11568
11613	11557
11387	11102
10707	10225
9690	9138
8613	8155
7798	7572
7484	7537
7717	8008
8386	8831
9318	9830
10354	10879
11401	11910
12403	12881
13338	13772
14176	14546
14875	15166
15405	15605
15763	15881
15968	16029
16069	16096
16112	16121
16127	16131
16131	16132
16133	16132
16132	16130
16130	16128
16128	16130
16133	16133
16133	16133
16133	16133
16133	16133
16132	16131
16130	16127
16120	16111
16092	16061
16012	15941
15831	15682
15481	15223
14903	14521
14083	13602
13089	12566
12051	11560
11114	10724
10399	10145
9960	9836
9773	9760
9785	9843
9929	10024
10125	10225
10312	10386
10448	10494
10537	10586
10651	10743
10867	11020
11198	11381
11547	11674
11733	11710
11584	11353
11025	10619
10152	9670
9201	8792
8474	8275
8204	8267
8448	8734
9102	9527
9992	10476
10973	11467
11954	12430
12892	13340
13760	14153
14516	14844
15130	15372
15574	15733
15858	15949
16015	16059
16088	16107
16118	16125
16128	16131
16131	16131
16130	16129
16127	16128
16123	16126
16122	16126
16130	16133
16132	16133
16133	16133
16133	16133
16133	16131
16131	16129
16125	16117
16104	16084
16049	15999
15921	15805
15654	15448
15192	14878
14507	14085
13622	13136
12639	12151
11687	11262
10885	10567
10311	10114
9979	9898
9863	9871
9909	9969
10049	10133
10219	10297
10369	10433
10498	10568
10650	10754
10881	11035
11204	11377
11536	11663
11735	11734
11655	11485
11229	10898
10517	10112
9718	9375
9109	8951
8907	8983
9171	9451
9806	10213
10653	11114
11578	12040
12496	12941
13368	13777
14158	14511
14832	15111
15351	15551
15713	15837
15934	16002
16048	16081
16104	16115
16124	16128
16131	16130
16130	16130
16128	16127
16123	16122
16117	16121
16113	16121
16128	16129
16130	16131
16132	16133
16133	16133
16133	16132
16131	16131
16127	16122
16115	16100
16078	16039
15985	15906
15788	15632
15432	15180
14875	14519
14115	13679
13217	12746
12286	11843
11435	11067
10751	10490
10286	10134
10035	9977
9962	9977
10016	10073
10137	10205
10275	10343
10415	10487
10579	10681
10808	10949
11108	11265
11415	11538
11622	11645
11605	11492
11309	11061
10772	10457
10151	9886
9688	9579
9573	9672
9868	10146
10490	10879
11294	11729
12166	12598
13021	13432
13822	14188
14528	14833
15109	15341
15540	15698
15824	15922
15992	16042
16076	16097
16113	16120
16126	16130
16130	16129
16130	16129
16126	16122
16115	16112
16106	16104
16096	16107
16126	16128
16127	16129
16129	16131
16132	16133
16133	16133
16132	16131
16130	16126
16120	16113
16096	16073
16034	15978
15895	15780
15626	15431
15186	14894
14554	14176
13764	13331
12887	12450
12028	11634
11275	10962
10695	10475
10307	10188
10108	10067
10053	10064
10094	10136
10181	10235
10297	10363
10443	10538
10649	10778
10918	11063
11200	11321
11408	11460
11456	11402
11287	11127
10929	10714
10505	10328
10203	10155
10192	10323
10529	10807
11143	11516
11914	12322
12727	13131
13519	13891
14241	14565
14860	15120
15349	15539
15696	15818
15915	15985
16036	16072
16093	16109
16119	16126
16129	16131
16129	16130
16129	16127
16122	16112
16103	16094
16079	16077
16053	16080
16121	16122
16122	16124
16126	16127
16129	16130
16132	16133
16133	16132
16131	16129
16126	16120
16110	16094
16068	16028
15972	15890
15778	15630
15440	15210
14936	14618
14263	13879
13474	13056
12644	12241
11859	11507
11194	10917
10687	10500
10358	10250
10177	10134
10112	10110
10120	10141
10171	10215
10272	10346
10436	10542
10658	10786
10912	11030
11130	11201
11239	11238
11195	11119
11016	10895
10786	10699
10659	10676
10764	10924
11153	11438
11764	12123
12499	12879
13262	13630
13983	14316
14622	14901
15149	15365
15547	15695
15817	15911
15981	16032
16069	16093
16108	16117
16124	16127
16130	16130
16130	16130
16127	16120
16112	16097
16078	16059
16026	16028
15972	16032
16117	16121
16121	16122
16123	16127
16127	16130
16130	16132
16133	16132
16131	16130
16128	16125
16119	16107
16091	16064
16026	15969
15889	15782
15642	15465
15251	14995
14701	14371
14016	13637
13246	12855
12473	12100
11754	11437
11153	10909
10699	10528
10392	10285
10205	10143
10103	10076
10063	10067
10092	10127
10185	10266
10360	10467
10584	10699
10809	10901
10983	11034
11063	11070
11056	11034
11020	11023
11062	11149
11288	11483
11734	12026
12350	12696
13054	13408
13757	14088
14403	14694
14957	15189
15394	15565
15707	15824
15912	15984
16031	16066
16092	16108
16116	16123
16127	16130
16130	16130
16131	16127
16122	16113
16098	16074
16039	16006
15941	15943
15828	15949
16111	16117
16116	16121
16122	16126
16127	16130
16130	16132
16133	16133
16132	16131
16130	16127
16123	16117
16107	16090
16064	16026
15973	15897
15796	15665
15501	15301
15067	14796
14493	14164
13813	13447
13075	12704
12343	11998
11676	11383
11119	10888
10684	10512
10366	10241
10141	10056
9989	9942
9912	9911
9935	9979
10049	10140
10243	10361
10485	10604
10721	10829
10923	11005
11080	11151
11224	11315
11432	11582
11773	12005
12272	12572
12891	13225
13561	13889
14204	14499
14774	15021
15240	15431
15589	15725
15833	15917
15984	16032
16066	16091
16106	16116
16122	16127
16130	16131
16131	16131
16129	16125
16118	16104
16079	16042
15982	15926
15803	15812
15580	15819
16107	16113
16114	16117
16120	16121
16126	16127
16130	16130
16131	16133
16133	16132
16131	16130
16127	16123
16116	16107
16092	16066
16029	15980
15907	15815
15695	15544
15364	15147
14900	14620
14315	13982
13636	13278
12915	12560
12213	11884
11575	11290
11031	10795
10584	10396
10227	10081
9951	9849
9771	9718
9700	9709
9756	9826
9923	10042
10178	10327
10481	10641
10796	10955
11103	11255
11412	11578
11762	11974
12207	12472
12759	13065
13379	13697
14010	14312
14592	14851
15086	15292
15471	15622
15746	15846
15926	15988
16034	16068
16091	16106
16115	16122
16126	16130
16130	16132
16131	16131
16129	16124
16112	16090
16054	15995
15899	15812
15596	15623
15199	15622
16101	16108
16107	16115
16117	16119
16123	16126
16128	16130
16131	16132
16133	16133
16132	16131
16130	16127
16123	16116
16108	16092
16069	16035
15988	15920
15834	15725
15588	15422
15224	14990
14729	14440
14122	13787
13437	13078
12719	12365
12022	11699
11388	11099
10829	10577
10348	10139
9952	9790
9661	9565
9505	9482
9502	9559
9646	9769
9918	10091
10284	10489
10699	10918
11137	11360
11584	11816
12057	12314
12589	12881
13179	13489
13800	14103
14394	14667
14919	15142
15341	15507
15650	15768
15861	15934
15995	16037
16069	16090
16106	16115
16122	16126
16130	16130
16132	16132
16131	16130
16127	16120
16105	16075
16022	15941
15795	15667
15330	15376
14681	15364
16094	16104
16103	16112
16114	16119
16123	16126
16128	16130
16131	16132
16133	16133
16133	16132
16130	16130
16126	16123
16115	16108
16092	16069
16038	15994
15931	15855
15749	15621
15465	15276
15053	14798
14514	14203
13867	13517
13151	12787
12419	12064
11714	11383
11062	10761
10480	10216
9975	9763
9586	9448
9351	9303
9297	9342
9426	9550
9714	9913
10133	10376
10633	10903
11178	11455
11734	12016
12306	12601
12903	13213
13523	13835
14138	14427
14699	14947
15169	15365
15532	15667
15782	15874
15945	16000
16040	16071
16092	16107
16115	16121
16126	16129
16130	16132
16133	16132
16131	16130
16125	16116
16098	16062
15990	15880
15679	15510
15020	15096
14063	15066
16089	16100
16100	16108
16111	16118
16122	16125
16128	16130
16131	16132
16133	16133
16133	16133
16132	16130
16130	16126
16124	16115
16107	16091
16071	16040
15998	15938
15859	15760
15633	15476
15285	15060
14801	14511
14195	13853
13491	13118
12738	12357
11984	11619
11263	10924
10597	10292
10009	9758
9543	9369
9245	9173
9152	9183
9265	9394
9568	9781
10030	10303
10598	10904
11220	11535
11857	12177
12500	12822
13142	13465
13785	14093
14389	14668
14922	15150
15353	15521
15664	15781
15873	15947
15998	16041
16070	16092
16104	16114
16121	16126
16129	16130
16131	16133
16133	16132
16131	16130
16125	16115
16092	16048
15960	15779
15567	14851
14709	12383
13428	8036
