16158	16158
16158	16158
16158	16158
16158	16158
16158	16158
16158	16158
16158	16158
16158	16158
16158	16158
16158	16157
16157	16157
16156	16153
16149	16141
16129	16109
16076	16029
15959	15855
15711	15518
15267	14946
14560	14106
13588	13029
12431	11820
11213	10625
10073	9561
9095	8684
8320	7996
7717	7475
7264	7080
6934	6815
6728	6673
6652	6665
6711	6799
6923	7081
7276	7504
7760	8039
8334	8630
8922	9198
9453	9677
9871	10031
10149	10239
10289	10306
10288	10231
10144	10020
9867	9691
9497	9292
9086	8886
8700	8538
8402	8290
8209	8156
8128	8124
8144	8180
8233	8297
8369	8450
8533	8617
8698	8778
8856	8934
9008	9082
9147	9209
9261	9301
9327	9336
9322	9281
9217	9129
9013	8870
8696	8496
8266	8009
7723	7409
7075	6720
6359	5991
5632	5280
4953	4656
4390	4164
3972	3822
3706	3624
3572	3549
3557	3596
3668	3778
3934	4140
4399	4717
5088	5511
5969	6455
6948	7434
7897	8321
8705	9040
9331	9582
9801	9993
10170	10331
10493	10649
10807	10959
11118	11286
11466	11663
11887	12144
12430	12749
13098	13465
13840	14206
14562	14877
15161	15401
15601	15755
15875	15962
16027	16069
16103	16122
16136	16144
16151	16154
16157	16157
16157	16158
16158	16158
16158	16158
16158	16158
16158	16158
16158	16158
16158	16158
16158	16158
16158	16158
16158	16158
16158	16158
16158	16158
16158	16158
16158	16158
16158	16158
16158	16158
16158	16158
16158	16158
16158	16158
16158	16158
16158	16158
16157	16157
16157	16153
16151	16141
16131	16110
16081	16036
15969	15872
15736	15547
15304	14997
14622	14183
13683	13131
12544	11940
11336	10747
10192	9673
9204	8782
8408	8076
7789	7538
7322	7139
6987	6866
6779	6726
6707	6723
6778	6866
6994	7161
7365	7592
7852	8128
8418	8710
8991	9259
9500	9717
9900	10054
10173	10254
10307	10325
10311	10263
10184	10076
9937	9775
9595	9402
9209	9020
8841	8679
8541	8424
8333	8267
8226	8204
8208	8226
8264	8313
8376	8442
8521	8596
8677	8753
8830	8908
8984	9053
9123	9185
9235	9273
9294	9290
9262	9203
9124	9011
8873	8702
8511	8292
8048	7778
7490	7175
6846	6502
6157	5805
5464	5137
4832	4552
4308	4098
3922	3787
3680	3604
3558	3539
3548	3585
3654	3761
3911	4107
4360	4665
5028	5435
5886	6365
6855	7339
7807	8237
8634	8981
9288	9551
9783	9986
10177	10350
10515	10675
10838	10993
11159	11331
11516	11720
11949	12211
12502	12826
13178	13544
13912	14274
14619	14932
15205	15439
15627	15776
15890	15974
16037	16076
16104	16124
16137	16145
16152	16155
16157	16157
16157	16158
16158	16158
16158	16158
16158	16158
16158	16158
16158	16158
16158	16158
16158	16158
16158	16158
16158	16158
16158	16158
16158	16158
16158	16158
16158	16158
16158	16158
16158	16158
16158	16158
16158	16158
16158	16158
16158	16158
16158	16158
16157	16157
16157	16154
16151	16143
16133	16115
16089	16045
15982	15890
15762	15586
15356	15063
14707	14283
13798	13263
12689	12096
11495	10908
10348	9824
9345	8913
8526	8187
7888	7626
7404	7214
7059	6934
6846	6794
6779	6797
6860	6958
7094	7264
7474	7707
7966	8239
8525	8805
9078	9332
9563	9764
9940	10085
10196	10277
10329	10348
10341	10304
10239	10141
10019	9875
9714	9543
9361	9185
9016	8860
8717	8596
8496	8414
8354	8313
8292	8289
8306	8339
8385	8442
8507	8580
8654	8730
8805	8882
8959	9034
9104	9167
9218	9252
9261	9247
9203	9124
9018	8879
8709	8515
8295	8051
7788	7506
7206	6894
6571	6238
5907	5579
5259	4959
4680	4430
4206	4018
3862	3740
3645	3578
3539	3525
3536	3573
3640	3741
3884	4072
4311	4609
4953	5352
5792	6263
6747	7231
7704	8149
8553	8918
9242	9521
9770	9991
10192	10373
10548	10714
10880	11042
11212	11391
11583	11797
12035	12301
12601	12927
13279	13643
14009	14364
14695	14995
15259	15481
15659	15801
15908	15987
16043	16083
16110	16130
16140	16147
16152	16155
16157	16157
16157	16158
16158	16158
16158	16158
16158	16158
16158	16158
16158	16158
16158	16158
16158	16158
16158	16158
16158	16158
16158	16158
16158	16158
16158	16158
16158	16158
16158	16158
16158	16158
16158	16158
16158	16158
16158	16158
16158	16158
16158	16158
16157	16157
16157	16155
16151	16144
16137	16120
16096	16056
15999	15912
15793	15630
15415	15141
14803	14403
13937	13421
12867	12281
11690	11108
10547	10012
9523	9076
8678	8323
8010	7740
7504	7308
7144	7020
6930	6876
6866	6891
6960	7067
7215	7393
7606	7843
8101	8373
8646	8918
9173	9413
9632	9821
9985	10118
10225	10303
10350	10378
10375	10348
10296	10216
10115	9989
9850	9697
9540	9377
9218	9065
8927	8798
8687	8587
8504	8442
8395	8369
8364	8372
8401	8440
8493	8555
8625	8698
8776	8855
8939	9015
9095	9161
9211	9244
9248	9220
9158	9054
8921	8750
8544	8317
8062	7791
7503	7204
6896	6579
6261	5947
5629	5325
5032	4759
4513	4288
4094	3928
3793	3687
3606	3553
3520	3509
3523	3558
3624	3722
3855	4035
4268	4547
4883	5270
5700	6162
6640	7126
7604	8058
8474	8855
9194	9498
9762	9998
10212	10408
10589	10764
10934	11105
11282	11467
11668	11890
12139	12416
12721	13054
13401	13764
14122	14465
14788	15073
15322	15530
15700	15828
15930	16002
16055	16090
16114	16131
16141	16147
16153	16155
16157	16157
16157	16158
16158	16158
16158	16158
16158	16158
16158	16158
16158	16158
16158	16158
16158	16158
16158	16158
16158	16158
16158	16158
16158	16158
16158	16158
16158	16158
16158	16158
16158	16158
16158	16158
16158	16158
16158	16158
16158	16158
16158	16158
16157	16157
16157	16155
16152	16144
16138	16125
16103	16068
16015	15937
15829	15680
15480	15227
14913	14536
14097	13606
13071	12505
11924	11342
10776	10238
9738	9278
8860	8490
8164	7878
7632	7427
7255	7125
7035	6982
6973	7004
7078	7194
7348	7536
7751	7994
8249	8514
8782	9038
9283	9509
9709	9886
10035	10157
10254	10330
10379	10406
10414	10398
10358	10296
10215	10114
9999	9869
9729	9584
9440	9299
9157	9023
8898	8782
8678	8589
8516	8460
8428	8414
8422	8444
8486	8536
8602	8673
8753	8839
8927	9017
9103	9175
9232	9264
9261	9223
9141	9016
8845	8639
8400	8131
7841	7535
7220	6899
6577	6258
5942	5636
5341	5059
4797	4556
4335	4141
3974	3836
3720	3633
3568	3524
3500	3497
3513	3551
3616	3707
3838	4011
4230	4500
4825	5199
5618	6074
6550	7034
7516	7978
8410	8811
9167	9486
9768	10019
10245	10451
10641	10822
11000	11178
11365	11560
11770	12006
12266	12552
12865	13201
13550	13904
14255	14584
14891	15160
15395	15590
15742	15864
15954	16018
16068	16095
16120	16134
16143	16149
16153	16155
16157	16157
16158	16158
16158	16158
16158	16158
16158	16158
16158	16158
16158	16158
16158	16158
16158	16158
16158	16158
16158	16158
16158	16158
16158	16158
16158	16158
16158	16158
16158	16158
16158	16158
16158	16158
16158	16158
16158	16158
16158	16158
16158	16158
16158	16157
16157	16155
16153	16150
16141	16129
16109	16077
16031	15964
15868	15734
15555	15324
15037	14681
14274	13806
13298	12750
12183	11609
11046	10502
9987	9510
9080	8689
8345	8043
7783	7563
7384	7246
7152	7100
7091	7125
7207	7330
7489	7686
7905	8148
8404	8660
8917	9163
9394	9601
9786	9948
10083	10196
10284	10355
10409	10440
10451	10447
10421	10378
10319	10242
10150	10042
9928	9802
9672	9536
9401	9265
9129	8995
8873	8756
8653	8571
8511	8469
8450	8456
8481	8525
8584	8656
8743	8836
8937	9039
9135	9223
9285	9321
9314	9265
9168	9017
8820	8576
8295	7987
7655	7312
6961	6619
6279	5951
5639	5342
5061	4803
4565	4351
4162	3995
3858	3742
3648	3581
3528	3499
3483	3489
3506	3548
3611	3706
3830	4001
4213	4475
4789	5155
5566	6015
6488	6978
7457	7928
8376	8787
9161	9494
9792	10056
10294	10510
10709	10896
11084	11270
11461	11670
11893	12141
12414	12708
13029	13367
13714	14062
14400	14716
15004	15256
15473	15649
15790	15898
15978	16037
16079	16105
16124	16138
16146	16152
16154	16155
16157	16157
16158	16158
16158	16158
16158	16158
16158	16158
16158	16158
16158	16158
16158	16158
16158	16158
16158	16158
16158	16158
16158	16158
16158	16158
16158	16158
16158	16158
16158	16158
16158	16158
16158	16158
16158	16158
16158	16158
16158	16158
16158	16158
16158	16157
16157	16155
16154	16151
16143	16136
16116	16091
16050	15992
15906	15787
15629	15420
15158	14838
14459	14026
13540	13018
12467	11903
11342	10790
10269	9777
9329	8919
8551	8232
7956	7721
7531	7388
7289	7232
7223	7260
7345	7472
7638	7837
8060	8299
8551	8803
9048	9282
9495	9688
9857	10004
10131	10232
10315	10381
10431	10466
10488	10493
10483	10457
10417	10364
10296	10213
10118	10014
9897	9775
9645	9508
9360	9217
9068	8929
8799	8689
8594	8530
8488	8476
8483	8522
8578	8652
8745	8851
8968	9088
9202	9306
9383	9425
9423	9365
9253	9080
8851	8573
8253	7904
7528	7145
6767	6391
6032	5690
5374	5080
4812	4571
4356	4166
4003	3865
3749	3658
3584	3531
3496	3477
3472	3483
3508	3556
3624	3720
3845	4013
4223	4483
4791	5152
5556	6001
6470	6957
7443	7924
8375	8797
9181	9529
9837	10110
10357	10577
10787	10985
11177	11375
11576	11796
12035	12299
12579	12888
13214	13552
13895	14232
14555	14856
15124	15356
15554	15712
15837	15933
16004	16055
16091	16114
16129	16142
16148	16153
16154	16155
16157	16157
16158	16158
16158	16158
16158	16158
16158	16158
16158	16158
16158	16158
16158	16158
16158	16158
16158	16158
16158	16158
16158	16158
16158	16158
16158	16158
16158	16158
16158	16158
16158	16158
16158	16158
16158	16158
16158	16158
16158	16158
16158	16158
16158	16157
16157	16157
16155	16152
16145	16138
16125	16103
16068	16016
15943	15839
15704	15518
15284	14992
14648	14245
13793	13293
12767	12215
11662	11108
10577	10072
9603	9175
8789	8445
8152	7901
7699	7541
7434	7373
7360	7398
7482	7608
7780	7979
8201	8442
8686	8933
9168	9388
9588	9766
9922	10057
10169	10261
10340	10405
10454	10492
10521	10534
10538	10530
10510	10474
10429	10370
10296	10214
10115	10005
9881	9743
9594	9434
9269	9106
8951	8809
8693	8597
8534	8501
8501	8529
8583	8665
8769	8888
9025	9164
9305	9426
9522	9574
9581	9520
9400	9212
8957	8650
8289	7900
7485	7066
6648	6242
5857	5496
5171	4876
4611	4382
4180	4015
3869	3753
3658	3586
3530	3495
3469	3464
3470	3490
3524	3578
3654	3752
3889	4059
4273	4532
4840	5199
5601	6042
6510	6995
7485	7964
8419	8848
9240	9592
9907	10188
10440	10667
10881	11084
11286	11492
11708	11940
12193	12469
12764	13079
13411	13749
14085	14409
14718	14997
15244	15458
15632	15773
15884	15966
16028	16071
16101	16122
16135	16144
16151	16154
16155	16157
16157	16158
16158	16158
16158	16158
16158	16158
16158	16158
16158	16158
16158	16158
16158	16158
16158	16158
16158	16158
16158	16158
16158	16158
16158	16158
16158	16158
16158	16158
16158	16158
16158	16158
16158	16158
16158	16158
16158	16158
16158	16158
16158	16158
16158	16158
16157	16157
16155	16154
16150	16141
16130	16111
16083	16040
15978	15892
15771	15611
15404	15147
14831	14465
14044	13578
13074	12543
11993	11446
10909	10390
9906	9455
9050	8686
8372	8103
7880	7712
7591	7522
7503	7538
7619	7742
7910	8104
8326	8560
8797	9032
9260	9471
9660	9826
9970	10095
10201	10291
10364	10424
10474	10514
10548	10573
10588	10592
10589	10576
10548	10510
10458	10392
10312	10215
10099	9962
9809	9641
9458	9277
9101	8935
8790	8671
8589	8540
8526	8547
8606	8692
8810	8950
9110	9276
9441	9587
9703	9775
9793	9739
9616	9413
9143	8808
8420	7994
7544	7083
6629	6189
5773	5395
5050	4744
4477	4251
4058	3899
3773	3669
3590	3531
3491	3465
3458	3462
3480	3509
3559	3622
3709	3821
3962	4144
4367	4632
4945	5306
5708	6146
6617	7097
7584	8060
8513	8941
9334	9688
10002	10286
10538	10773
10989	11197
11405	11623
11854	12102
12368	12658
12962	13284
13616	13951
14279	14587
14878	15136
15360	15551
15708	15831
15927	15996
16051	16086
16113	16129
16140	16147
16152	16154
16155	16157
16157	16158
16158	16158
16158	16158
16158	16158
16158	16158
16158	16158
16158	16158
16158	16158
16158	16158
16158	16158
16158	16158
16158	16158
16158	16158
16158	16158
16158	16158
16158	16158
16158	16158
16158	16158
16158	16158
16158	16158
16158	16158
16158	16158
16158	16158
16157	16157
16156	16155
16151	16144
16137	16120
16100	16061
16009	15935
15835	15695
15519	15291
15013	14680
14294	13859
13386	12873
12343	11800
11262	10736
10234	9765
9338	8951
8613	8322
8084	7895
7758	7680
7649	7672
7745	7863
8023	8213
8423	8650
8882	9110
9325	9527
9708	9865
10004	10121
10220	10304
10377	10437
10488	10533
10572	10602
10628	10644
10658	10657
10648	10629
10597	10550
10485	10398
10290	10158
10006	9828
9639	9442
9245	9056
8891	8754
8651	8586
8562	8582
8643	8738
8873	9031
9217	9411
9608	9779
9926	10018
10052	10009
9887	9682
9405	9051
8645	8189
7704	7212
6719	6243
5801	5391
5025	4701
4424	4188
3993	3840
3713	3621
3547	3499
3473	3458
3459	3477
3505	3551
3611	3691
3790	3921
4080	4273
4507	4787
5108	5474
5879	6321
6785	7263
7742	8209
8657	9079
9463	9812
10125	10405
10659	10894
11112	11330
11549	11775
12017	12277
12560	12857
13175	13502
13830	14157
14470	14765
15031	15269
15475	15642
15780	15889
15969	16029
16071	16101
16122	16135
16144	16150
16154	16155
16156	16157
16158	16158
16158	16158
16158	16158
16158	16158
16158	16158
16158	16158
16158	16158
16158	16158
16158	16158
16158	16158
16158	16158
16158	16158
16158	16158
16158	16158
16158	16158
16158	16158
16158	16158
16158	16158
16158	16158
16158	16158
16158	16158
16158	16158
16158	16158
16158	16157
16157	16155
16153	16150
16141	16128
16110	16081
16039	15978
15892	15775
15622	15426
15181	14882
14533	14133
13690	13206
12695	12160
11627	11098
10584	10098
9649	9242
8879	8568
8304	8096
7943	7842
7798	7805
7866	7967
8115	8292
8495	8714
8934	9151
9360	9551
9727	9879
10015	10129
10226	10307
10382	10444
10497	10546
10588	10625
10659	10687
10708	10722
10731	10725
10708	10678
10627	10554
10454	10328
10175	10001
9802	9594
9380	9178
8994	8838
8721	8649
8618	8636
8700	8808
8956	9143
9350	9575
9794	10003
10171	10292
10343	10320
10207	10010
9727	9369
8947	8472
7967	7442
6918	6413
5936	5493
5095	4750
4448	4197
3990	3828
3699	3604
3537	3494
3471	3468
3481	3511
3553	3612
3693	3788
3911	4062
4239	4454
4709	4999
5338	5709
6120	6558
7019	7486
7956	8412
8846	9256
9626	9966
10268	10542
10792	11028
11250	11472
11701	11941
12197	12471
12764	13075
13395	13721
14046	14362
14661	14935
15180	15397
15577	15726
15843	15935
16002	16053
16089	16113
16129	16141
16148	16152
16154	16155
16157	16157
16158	16158
16158	16158
16158	16158
16158	16158
16158	16158
16158	16158
16158	16158
16158	16158
16158	16158
16158	16158
16158	16158
16158	16158
16158	16158
16158	16158
16158	16158
16158	16158
16158	16158
16158	16158
16158	16158
16158	16158
16158	16158
16158	16158
16158	16158
16158	16157
16157	16155
16154	16151
16144	16137
16120	16098
16063	16013
15943	15847
15714	15548
15334	15071
14759	14394
13985	13530
13042	12530
12001	11473
10952	10455
9985	9558
9169	8830
8547	8314
8134	8013
7947	7934
7975	8062
8190	8353
8539	8741
8948	9158
9359	9548
9717	9869
10002	10116
10215	10300
10372	10439
10498	10551
10598	10642
10682	10718
10749	10778
10792	10804
10800	10780
10740	10678
10593	10473
10326	10151
9947	9735
9511	9298
9100	8936
8805	8723
8690	8708
8781	8900
9067	9270
9505	9756
10007	10240
10439	10585
10661	10656
10562	10376
10102	9750
9322	8839
8316	7773
7225	6690
6175	5702
5270	4890
4561	4283
4056	3876
3732	3632
3563	3521
3500	3504
3528	3571
3627	3706
3803	3925
4070	4246
4449	4690
4963	5274
5620	6006
6419	6855
7305	7762
8216	8653
9070	9459
9816	10139
10431	10696
10943	11174
11403	11630
11868	12121
12388	12677
12981	13296
13620	13945
14259	14562
14841	15095
15319	15510
15673	15798
15900	15975
16033	16074
16103	16122
16135	16145
16150	16154
16154	16157
16157	16158
16158	16158
16158	16158
16158	16158
16158	16158
16158	16158
16158	16158
16158	16158
16158	16158
16158	16158
16158	16158
16158	16158
16158	16158
16158	16158
16158	16158
16158	16158
16158	16158
16158	16158
16158	16158
16158	16158
16158	16158
16158	16158
16158	16158
16158	16158
16158	16158
16157	16157
16154	16153
16149	16141
16127	16111
16082	16042
15984	15904
15796	15653
15471	15244
14967	14642
14262	13843
13383	12890
12377	11854
11332	10824
10345	9895
9484	9121
8808	8546
8344	8194
8102	8064
8078	8143
8250	8388
8557	8741
8938	9136
9330	9510
9677	9829
9965	10083
10185	10278
10356	10425
10491	10547
10602	10652
10699	10740
10780	10815
10842	10862
10870	10863
10835	10785
10705	10594
10453	10280
10081	9867
9639	9421
9214	9044
8908	8820
8786	8806
8882	9014
9196	9418
9677	9950
10225	10486
10710	10881
10986	10998
10931	10762
10505	10164
9746	9267
8740	8185
7617	7056
6517	6006
5540	5121
4758	4447
4189	3983
3822	3706
3627	3582
3562	3572
3603	3659
3735	3834
3956	4102
4277	4478
4708	4975
5270	5604
5963	6357
6771	7199
7641	8082
8514	8932
9323	9690
10027	10332
10611	10867
11107	11341
11569	11808
12056	12319
12599	12897
13209	13528
13848	14166
14469	14753
15014	15244
15448	15617
15753	15864
15948	16012
16060	16093
16115	16129
16142	16149
16153	16154
16156	16157
16158	16158
16158	16158
16158	16158
16158	16158
16158	16158
16158	16158
16158	16158
16158	16158
16158	16158
16158	16158
16158	16158
16158	16158
16158	16158
16158	16158
16158	16158
16158	16158
16158	16158
16158	16158
16158	16158
16158	16158
16158	16158
16158	16158
16158	16158
16158	16158
16158	16158
16157	16157
16156	16154
16151	16144
16137	16121
16100	16069
16021	15955
15867	15747
15594	15397
15157	14868
14529	14145
13715	13250
12757	12245
11726	11218
10722	10255
9821	9434
9095	8805
8569	8393
8268	8203
8186	8220
8297	8411
8557	8721
8898	9081
9267	9445
9610	9763
9902	10027
10136	10235
10321	10401
10471	10537
10595	10652
10704	10755
10798	10840
10878	10904
10921	10925
10907	10865
10795	10694
10562	10395
10200	9989
9765	9546
9339	9165
9026	8941
8907	8931
9017	9157
9351	9589
9865	10157
10455	10735
10980	11173
11298	11340
11295	11153
10921	10601
10202	9736
9219	8661
8088	7506
6939	6400
5899	5440
5034	4687
4394	4151
3968	3831
3736	3681
3660	3671
3716	3786
3880	4005
4152	4326
4528	4762
5024	5315
5634	5980
6357	6751
7159	7583
8009	8428
8836	9226
9592	9936
10247	10536
10801	11049
11286	11521
11758	12001
12262	12537
12825	13128
13444	13759
14075	14380
14670	14936
15174	15381
15559	15707
15826	15918
15986	16041
16081	16106
16123	16137
16146	16150
16154	16155
16157	16157
16158	16158
16158	16158
16158	16158
16158	16158
16158	16158
16158	16158
16158	16158
16158	16158
16158	16158
16158	16158
16158	16158
16158	16158
16158	16158
16158	16158
16158	16158
16158	16158
16158	16158
16158	16158
16158	16158
16158	16158
16158	16158
16158	16158
16158	16158
16158	16158
16158	16158
16158	16157
16157	16154
16153	16149
16141	16129
16114	16088
16051	15998
15926	15829
15697	15534
15325	15072
14771	14420
14027	13593
13124	12631
12122	11616
11114	10637
10185	9774
9404	9088
8821	8609
8452	8349
8301	8299
8344	8427
8544	8683
8843	9011
9183	9354
9516	9671
9817	9946
10064	10171
10268	10359
10437	10510
10576	10641
10702	10756
10808	10856
10898	10935
10959	10969
10961	10929
10871	10782
10659	10502
10317	10111
9895	9683
9483	9310
9176	9092
9061	9093
9180	9332
9533	9784
10068	10372
10683	10978
11241	11451
11596	11661
11641	11528
11326	11036
10666	10222
9722	9177
8605	8017
7434	6865
6331	5834
5390	4996
4666	4388
4170	4006
3894	3826
3805	3820
3871	3957
4075	4223
4398	4599
4835	5094
5386	5701
6036	6400
6783	7178
7583	7990
8395	8789
9173	9533
9874	10187
10481	10749
11000	11244
11479	11717
11957	12214
12481	12767
13062	13371
13684	13998
14300	14589
14859	15105
15321	15507
15660	15787
15889	15965
16022	16068
16098	16119
16133	16142
16149	16153
16155	16157
16157	16158
16158	16158
16158	16158
16158	16158
16158	16158
16158	16158
16158	16158
16158	16158
16158	16158
16158	16158
16158	16158
16158	16158
16158	16158
16158	16158
16158	16158
16158	16158
16158	16158
16158	16158
16158	16158
16158	16158
16158	16158
16158	16158
16158	16158
16158	16158
16158	16158
16158	16158
16158	16157
16157	16156
16154	16152
16146	16138
16122	16106
16075	16034
15972	15896
15788	15654
15474	15255
14989	14682
14323	13920
13484	13012
12521	12021
11519	11035
10568	10138
9741	9398
9093	8850
8656	8514
8428	8391
8400	8449
8533	8646
8779	8929
9086	9247
9407	9563
9708	9846
9972	10086
10198	10297
10387	10470
10545	10617
10684	10749
10808	10862
10909	10952
10981	11002
11001	10980
10930	10854
10743	10603
10431	10238
10035	9831
9643	9479
9352	9271
9249	9282
9379	9530
9740	9993
10284	10595
10910	11213
11484	11706
11868	11953
11958	11878
11709	11454
11117	10707
10237	9709
9151	8567
7977	7390
6829	6297
5813	5381
5003	4685
4432	4239
4108	4027
3997	4015
4080	4178
4316	4488
4692	4927
5187	5476
5789	6125
6482	6851
7233	7624
8016	8407
8786	9156
9508	9842
10152	10442
10713	10967
11209	11449
11685	11926
12178	12440
12718	13009
13311	13621
13929	14234
14522	14795
15044	15262
15450	15617
15747	15856
15941	16004
16049	16087
16110	16128
16139	16146
16151	16154
16155	16157
16157	16158
16158	16158
16158	16158
16158	16158
16158	16158
16158	16158
16158	16158
16158	16158
16158	16158
16158	16158
16158	16158
16158	16158
16158	16158
16158	16158
16158	16158
16158	16158
16158	16158
16158	16158
16158	16158
16158	16158
16158	16158
16158	16158
16158	16158
16158	16158
16158	16158
16158	16158
16158	16158
16157	16157
16155	16153
16149	16142
16132	16117
16093	16063
16016	15952
15867	15749
15600	15416
15186	14913
14593	14229
13825	13384
12915	12431
11939	11450
10977	10525
10110	9733
9402	9118
8888	8707
8581	8502
8470	8481
8529	8610
8717	8844
8982	9129
9283	9435
9582	9725
9861	9987
10104	10218
10316	10411
10496	10580
10654	10728
10791	10852
10907	10959
10996	11021
11033	11021
10984	10918
10821	10696
10545	10371
10184	9998
9823	9675
9557	9489
9472	9511
9609	9764
9975	10227
10514	10822
11133	11436
11709	11937
12107	12212
12238	12186
12052	11836
11540	11172
10739	10245
9707	9138
8547	7955
7373	6817
6296	5822
5406	5051
4763	4537
4380	4285
4248	4271
4336	4454
4615	4810
5039	5301
5593	5902
6232	6585
6948	7324
7701	8080
8454	8820
9177	9518
9838	10143
10426	10692
10947	11188
11426	11663
11901	12153
12412	12688
12969	13266
13569	13871
14169	14458
14732	14982
15209	15404
15573	15710
15825	15913
15983	16035
16074	16101
16121	16133
16145	16148
16153	16155
16157	16157
16158	16158
16158	16158
16158	16158
16158	16158
16158	16158
16158	16158
16158	16158
16158	16158
16158	16158
16158	16158
16158	16158
16158	16158
16158	16158
16158	16158
16158	16158
16158	16158
16158	16158
16158	16158
16158	16158
16158	16158
16158	16158
16158	16158
16158	16158
16158	16158
16158	16158
16158	16158
16158	16158
16157	16157
16155	16154
16152	16146
16139	16128
16109	16085
16049	15999
15926	15835
15712	15557
15359	15125
14844	14516
14148	13740
13298	12838
12354	11874
11394	10936
10501	10097
9735	9419
9150	8929
8760	8642
8568	8538
8546	8591
8669	8765
8882	9013
9155	9297
9444	9589
9730	9863
9989	10112
10225	10331
10430	10521
10608	10686
10763	10832
10896	10949
10996	11032
11048	11048
11024	10974
10896	10790
10656	10505
10343	10174
10022	9886
9789	9730
9722	9767
9866	10025
10226	10472
10753	11050
11350	11648
11912	12142
12318	12436
12484	12457
12356	12178
11924	11603
11209	10759
10252	9707
9130	8542
7950	7376
6827	6322
5867	5475
5150	4894
4715	4606
4561	4582
4659	4789
4964	5183
5434	5720
6027	6357
6707	7064
7431	7800
8168	8529
8881	9222
9551	9861
10154	10430
10690	10939
11180	11417
11651	11890
12139	12390
12661	12940
13233	13528
13830	14124
14409	14683
14933	15160
15360	15532
15678	15795
15890	15964
16020	16062
16095	16113
16129	16140
16146	16152
16154	16155
16157	16157
16158	16158
16158	16158
16158	16158
16158	16158
16158	16158
16158	16158
16158	16158
16158	16158
16158	16158
16158	16158
16158	16158
16158	16158
16158	16158
16158	16158
16158	16158
16158	16158
16158	16158
16158	16158
16158	16158
16158	16158
16158	16158
16158	16158
16158	16158
16158	16158
16158	16158
16158	16158
16158	16158
16158	16157
16156	16155
16154	16151
16145	16134
16122	16102
16074	16032
15980	15903
15806	15676
15513	15308
15066	14777
14449	14074
13671	13231
12774	12301
11826	11362
10916	10491
10107	9755
9448	9190
8980	8815
8698	8628
8595	8602
8639	8706
8797	8906
9028	9165
9302	9443
9583	9726
9860	9991
10115	10231
10339	10444
10540	10629
10714	10793
10864	10927
10984	11028
11054	11069
11056	11025
10961	10879
10769	10643
10504	10362
10232	10121
10040	9995
9998	10048
10151	10299
10495	10731
10995	11279
11566	11845
12100	12321
12498	12620
12683	12681
12612	12472
12261	11984
11638	11232
10764	10254
9705	9126
8538	7956
7390	6863
6378	5955
5599	5318
5111	4985
4935	4953
5038	5178
5369	5603
5876	6176
6499	6842
7191	7553
7913	8273
8624	8966
9295	9606
9904	10188
10453	10705
10949	11182
11413	11646
11881	12128
12380	12644
12923	13209
13500	13796
14088	14369
14642	14893
15119	15323
15495	15644
15767	15866
15942	16006
16048	16082
16105	16125
16135	16145
16149	16153
16155	16157
16157	16157
16158	16158
16158	16158
16158	16158
16158	16158
16158	16158
16158	16158
16158	16158
16158	16158
16158	16158
16158	16158
16158	16158
16158	16158
16158	16158
16158	16158
16158	16158
16158	16158
16158	16158
16158	16158
16158	16158
16158	16158
16158	16158
16158	16158
16158	16158
16158	16158
16158	16158
16158	16158
16158	16158
16158	16157
16157	16155
16154	16152
16147	16140
16130	16117
16094	16063
16018	15961
15882	15775
15641	15471
15262	15015
14721	14391
14018	13611
13179	12724
12260	11798
11345	10910
10499	10122
9784	9487
9236	9031
8869	8752
8676	8641
8642	8675
8734	8817
8918	9035
9162	9296
9437	9572
9713	9849
9982	10108
10229	10343
10450	10552
10646	10730
10814	10888
10950	11006
11046	11070
11074	11059
11020	10958
10876	10776
10665	10554
10446	10363
10301	10270
10281	10337
10440	10584
10770	10991
11237	11498
11765	12023
12264	12474
12642	12772
12843	12858
12819	12713
12546	12316
12019	11658
11243	10768
10251	9702
9128	8546
7975	7431
6925	6479
6099	5790
5569	5424
5367	5383
5467	5616
5818	6065
6348	6658
6989	7333
7683	8037
8384	8728
9058	9375
9678	9964
10236	10493
10737	10971
11200	11425
11654	11886
12126	12374
12638	12913
13194	13482
13774	14062
14341	14609
14857	15087
15289	15466
15617	15744
15844	15926
15989	16038
16071	16101
16116	16131
16141	16147
16153	16154
16155	16157
16157	16158
16158	16158
16158	16158
16158	16158
16158	16158
16158	16158
16158	16158
16158	16158
16158	16158
16158	16158
16158	16158
16158	16158
16158	16158
16158	16158
16158	16158
16158	16158
16158	16158
16158	16158
16158	16158
16158	16158
16158	16158
16158	16158
16158	16158
16158	16158
16158	16158
16158	16158
16158	16158
16158	16158
16158	16158
16157	16157
16155	16154
16150	16145
16136	16127
16109	16086
16053	16007
15943	15861
15750	15610
15433	15222
14969	14675
14341	13971
13568	13143
12696	12245
11791	11346
10921	10522
10154	9826
9535	9291
9087	8925
8807	8726
8689	8680
8703	8756
8831	8924
9030	9155
9285	9419
9557	9694
9829	9964
10095	10217
10334	10444
10553	10647
10738	10825
10901	10963
11017	11056
11078	11081
11062	11026
10969	10899
10818	10733
10658	10593
10555	10543
10568	10625
10727	10863
11037	11242
11469	11705
11948	12184
12404	12600
12759	12881
12964	12991
12974	12899
12772	12583
12336	12026
11658	11230
10754	10235
9687	9120
8557	8005
7493	7032
6634	6312
6071	5914
5848	5859
5947	6097
6306	6557
6846	7157
7486	7824
8167	8507
8839	9158
9468	9757
10035	10295
10542	10777
11005	11224
11445	11667
11896	12132
12381	12638
12907	13189
13472	13761
14046	14320
14586	14835
15062	15265
15442	15596
15722	15827
15909	15977
16026	16064
16090	16112
16125	16138
16145	16150
16153	16155
16156	16157
16157	16158
16158	16158
16158	16158
16158	16158
16158	16158
16158	16158
16158	16158
16158	16158
16158	16158
16158	16158
16158	16158
16158	16158
16158	16158
16158	16158
16158	16158
16158	16158
16158	16158
16158	16158
16158	16158
16158	16158
16158	16158
16158	16158
16158	16158
16158	16158
16158	16158
16158	16158
16158	16158
16158	16158
16158	16158
16157	16157
16155	16154
16153	16150
16145	16134
16124	16106
16079	16045
15996	15929
15842	15727
15582	15404
15189	14933
14638	14305
13941	13540
13122	12684
12241	11798
11364	10951
10559	10203
9877	9594
9351	9146
8985	8862
8778	8733
8716	8732
8776	8841
8925	9028
9142	9268
9398	9532
9670	9806
9943	10073
10199	10316
10431	10540
10642	10737
10825	10903
10967	11018
11057	11078
11083	11070
11039	10996
10947	10895
10846	10809
10789	10795
10828	10897
10996	11125
11285	11467
11675	11888
12108	12317
12513	12690
12842	12957
13041	13081
13080	13036
12940	12792
12590	12329
12007	11628
11199	10719
10204	9665
9115	8577
8065	7597
7191	6859
6607	6443
6370	6374
6460	6608
6817	7068
7352	7662
7980	8306
8632	8953
9262	9561
9843	10109
10362	10599
10827	11047
11262	11475
11690	11917
12148	12391
12646	12912
13188	13469
13752	14034
14305	14569
14815	15042
15244	15422
15576	15705
15813	15898
15964	16018
16055	16087
16108	16123
16134	16143
16148	16152
16154	16155
16157	16157
16158	16158
16158	16158
16158	16158
16158	16158
16158	16158
16158	16158
16158	16158
16158	16158
16158	16158
16158	16158
16158	16158
16158	16158
16158	16158
16158	16158
16158	16158
16158	16158
16158	16158
16158	16158
16158	16158
16158	16158
16158	16158
16158	16158
16158	16158
16158	16158
16158	16158
16158	16158
16158	16158
16158	16158
16158	16158
16158	16157
16157	16154
16154	16151
16147	16142
16131	16117
16101	16073
16036	15983
15914	15822
15707	15558
15377	15160
14905	14612
14282	13920
13530	13118
12688	12253
11821	11403
10996	10613
10258	9943
9664	9419
9214	9048
8919	8830
8774	8753
8759	8792
8849	8928
9022	9130
9249	9376
9507	9640
9773	9910
10040	10167
10289	10408
10519	10621
10721	10809
10888	10958
11010	11052
11079	11088
11085	11070
11049	11023
11004	10993
10993	11017
11061	11132
11228	11351
11498	11665
11848	12038
12230	12419
12594	12751
12888	12998
13079	13127
13138	13116
13047	12935
12769	12552
12278	11951
11569	11136
10659	10154
9634	9119
8617	8161
7752	7417
7162	6994
6912	6914
6994	7136
7340	7581
7856	8151
8454	8766
9071	9370
9652	9928
10186	10429
10661	10882
11097	11304
11515	11726
11942	12170
12411	12658
12923	13192
13472	13750
14029	14298
14560	14802
15028	15229
15408	15561
15693	15798
15888	15955
16009	16051
16082	16103
16119	16131
16139	16146
16151	16153
16154	16155
16157	16158
16158	16158
16158	16158
16158	16158
16158	16158
16158	16158
16158	16158
16158	16158
16158	16158
16158	16158
16158	16158
16158	16158
16158	16158
16158	16158
16158	16158
16158	16158
16158	16158
16158	16158
16158	16158
16158	16158
16158	16158
16158	16158
16158	16158
16158	16158
16158	16158
16158	16158
16158	16158
16158	16158
16158	16158
16158	16158
16158	16158
16157	16156
16154	16154
16151	16146
16139	16130
16116	16096
16069	16028
15974	15902
15808	15689
15540	15356
15139	14885
14597	14270
13915	13532
13127	12709
12285	11867
11451	11054
10682	10332
10020	9740
9496	9288
9117	8983
8887	8825
8792	8790
8816	8862
8931	9015
9115	9229
9347	9474
9604	9735
9868	9995
10122	10247
10366	10482
10589	10688
10779	10862
10934	10992
11038	11073
11094	11105
11109	11113
11117	11128
11152	11186
11241	11317
11413	11528
11666	11817
11979	12148
12315	12480
12637	12775
12897	13001
13077	13127
13149	13139
13093	13011
12879	12705
12475	12192
11856	11472
11042	10577
10095	9606
9130	8687
8294	7966
7714	7544
7458	7457
7530	7668
7853	8085
8344	8622
8906	9194
9475	9750
10012	10264
10499	10725
10943	11148
11355	11558
11769	11981
12203	12439
12684	12943
13210	13482
13755	14031
14297	14555
14796	15019
15220	15396
15551	15683
15790	15879
15949	16004
16045	16079
16100	16119
16129	16138
16146	16151
16151	16154
16155	16157
16157	16158
16158	16158
16158	16158
16158	16158
16158	16158
16158	16158
16158	16158
16158	16158
16158	16158
16158	16158
16158	16158
16158	16158
16158	16158
16158	16158
16158	16158
16158	16158
16158	16158
16158	16158
16158	16158
16158	16158
16158	16158
16158	16158
16158	16158
16158	16158
16158	16158
16158	16158
16158	16158
16158	16158
16158	16158
16158	16158
16158	16158
16158	16157
16154	16154
16152	16150
16143	16135
16126	16111
16092	16060
16021	15964
15892	15795
15675	15523
15344	15126
14877	14592
14272	13925
13552	13154
12748	12335
11924	11520
11131	10766
10420	10109
9828	9583
9371	9197
9056	8953
8880	8837
8827	8840
8878	8935
9014	9102
9206	9318
9439	9558
9687	9815
9940	10068
10191	10314
10428	10536
10642	10735
10821	10896
10962	11014
11059	11094
11125	11151
11179	11212
11251	11302
11366	11445
11541	11652
11776	11913
12059	12204
12354	12498
12632	12756
12865	12957
13029	13083
13105	13108
13080	13015
12914	12772
12583	12345
12056	11717
11337	10917
10477	10027
9586	9169
8798	8485
8241	8078
7995	7988
8049	8176
8353	8565
8807	9062
9324	9587
9844	10097
10337	10569
10787	11000
11206	11406
11611	11814
12030	12247
12478	12717
12970	13231
13498	13770
14040	14303
14556	14793
15013	15211
15387	15542
15674	15782
15871	15942
16000	16042
16074	16097
16115	16128
16136	16143
16149	16151
16154	16154
16155	16157
16158	16158
16158	16158
16158	16158
16158	16158
16158	16158
16158	16158
16158	16158
16158	16158
16158	16158
16158	16158
16158	16158
16158	16158
16158	16158
16158	16158
16158	16158
16158	16158
16158	16158
16158	16158
16158	16158
16158	16158
16158	16158
16158	16158
16158	16158
16158	16158
16158	16158
16158	16158
16158	16158
16158	16158
16158	16158
16158	16158
16158	16158
16158	16157
16157	16154
16154	16152
16150	16143
16134	16125
16109	16087
16057	16015
15958	15884
15787	15665
15515	15336
15125	14878
14600	14286
13949	13582
13197	12803
12399	11997
11603	11222
10861	10520
10211	9931
9680	9467
9286	9138
9024	8943
8893	8871
8872	8901
8945	9009
9090	9182
9284	9396
9510	9632
9758	9882
10005	10127
10246	10363
10475	10579
10676	10765
10847	10919
10978	11037
11089	11136
11181	11231
11288	11349
11423	11505
11602	11709
11822	11947
12074	12208
12341	12463
12582	12690
12788	12868
12936	12986
13014	13021
13001	12956
12878	12762
12606	12408
12160	11872
11537	11169
10776	10372
9970	9587
9248	8954
8733	8576
8496	8485
8544	8660
8821	9016
9232	9466
9706	9945
10183	10412
10635	10849
11058	11258
11460	11663
11866	12077
12296	12526
12761	13010
13265	13529
13792	14056
14315	14564
14796	15012
15209	15385
15537	15668
15774	15867
15937	15996
16038	16071
16096	16113
16127	16136
16141	16147
16151	16152
16154	16155
16157	16158
16158	16158
16158	16158
16158	16158
16158	16158
16158	16158
16158	16158
16158	16158
16158	16158
16158	16158
16158	16158
16158	16158
16158	16158
16158	16158
16158	16158
16158	16158
16158	16158
16158	16158
16158	16158
16158	16158
16158	16158
16158	16158
16158	16158
16158	16158
16158	16158
16158	16158
16158	16158
16158	16158
16158	16158
16158	16158
16158	16158
16158	16158
16158	16158
16157	16156
16154	16153
16151	16150
16143	16133
16124	16107
16084	16052
16011	15950
15878	15783
15661	15512
15336	15128
14889	14614
14311	13983
13628	13253
12869	12479
12086	11702
11328	10970
10636	10325
10045	9793
9573	9389
9234	9113
9021	8961
8924	8913
8927	8959
9011	9078
9159	9249
9355	9461
9574	9692
9810	9929
10050	10170
10284	10395
10503	10603
10696	10780
10861	10934
10999	11063
11128	11191
11260	11332
11411	11498
11593	11697
11804	11916
12033	12153
12266	12376
12481	12578
12665	12736
12796	12837
12867	12877
12866	12829
12771	12677
12549	12384
12178	11930
11642	11324
10980	10628
10271	9931
9627	9364
9164	9023
8955	8944
8997	9104
9249	9424
9626	9837
10053	10272
10488	10704
10911	11114
11318	11518
11720	11925
12133	12354
12578	12816
13059	13309
13566	13824
14084	14334
14580	14805
15016	15212
15383	15534
15662	15773
15862	15933
15991	16036
16069	16094
16113	16124
16136	16141
16146	16151
16152	16153
16155	16157
16158	16158
16158	16158
16158	16158
16158	16158
16158	16158
16158	16158
16158	16158
16158	16158
16158	16158
16158	16158
16158	16158
16158	16158
16158	16158
16158	16158
16158	16158
16158	16157
16158	16156
16156	16158
16157	16158
16158	16158
16158	16158
16158	16158
16158	16158
16158	16158
16158	16158
16158	16158
16158	16158
16158	16158
16158	16158
16158	16158
16158	16158
16158	16158
16158	16158
16158	16157
16155	16154
16152	16151
16147	16143
16132	16123
16105	16082
16049	16007
15950	15873
15780	15662
15516	15343
15140	14904
14642	14348
14029	13687
13325	12952
12574	12192
11812	11447
11095	10764
10456	10177
9920	9701
9507	9344
9213	9112
9035	8987
8965	8962
8984	9020
9074	9140
9220	9311
9409	9514
9622	9735
9852	9966
10084	10198
10308	10413
10513	10608
10698	10783
10863	10939
11014	11091
11167	11249
11331	11420
11514	11614
11715	11823
11928	12033
12137	12235
12328	12415
12488	12554
12605	12646
12670	12681
12674	12652
12598	12524
12418	12285
12111	11905
11662	11394
11100	10796
10492	10201
9934	9710
9534	9415
9357	9355
9406	9502
9634	9797
9977	10169
10367	10571
10775	10974
11177	11374
11574	11777
11982	12194
12414	12639
12873	13113
13363	13615
13867	14117
14364	14602
14824	15030
15218	15389
15536	15663
15770	15861
15930	15990
16033	16068
16094	16112
16123	16136
16141	16146
16149	16152
16152	16155
16155	16158
16158	16158
16158	16158
16158	16158
16158	16158
16158	16158
16158	16158
16158	16158
16158	16158
16158	16158
16158	16158
16158	16158
16158	16158
16158	16158
16158	16157
16157	16156
16156	16154
16155	16154
16154	16158
16155	16158
16157	16158
16158	16158
16158	16158
16158	16158
16158	16158
16158	16158
16158	16158
16158	16158
16158	16158
16158	16158
16158	16158
16158	16158
16158	16158
16158	16158
16158	16158
16157	16156
16154	16152
16151	16146
16141	16131
16119	16103
16080	16048
16005	15947
15874	15780
15666	15522
15358	15162
14934	14678
14395	14085
13759	13407
13049	12677
12309	11942
11582	11236
10910	10599
10321	10065
9838	9640
9467	9328
9212	9125
9067	9029
9012	9013
9038	9079
9130	9195
9274	9362
9457	9557
9663	9770
9883	9990
10102	10209
10312	10412
10504	10597
10685	10769
10853	10936
11019	11104
11192	11280
11376	11467
11567	11664
11763	11860
11953	12041
12123	12199
12268	12325
12371	12408
12430	12441
12437	12415
12376	12314
12231	12119
11976	11807
11610	11386
11143	10890
10636	10394
10174	9988
9848	9752
9708	9716
9765	9857
9981	10130
10296	10473
10659	10852
11044	11239
11436	11637
11839	12046
12260	12481
12707	12939
13182	13423
13671	13921
14167	14406
14632	14850
15051	15234
15398	15541
15665	15771
15858	15928
15986	16030
16065	16090
16109	16122
16134	16141
16145	16150
16152	16152
16155	16156
16158	16158
16158	16158
16158	16158
16158	16158
16158	16158
16158	16158
16158	16158
16158	16158
16158	16158
16158	16158
16158	16158
16158	16158
16158	16158
16158	16158
16156	16155
16155	16155
16153	16153
16151	16151
16151	16157
16154	16157
16156	16157
16157	16158
16158	16158
16158	16158
16158	16158
16158	16158
16158	16158
16158	16158
16158	16158
16158	16158
16158	16158
16158	16158
16158	16158
16158	16158
16158	16158
16158	16157
16156	16153
16152	16151
16145	16140
16131	16117
16102	16080
16046	16003
15947	15875
15786	15672
15535	15375
15183	14968
14723	14452
14157	13839
13503	13156
12800	12440
12083	11732
11393	11067
10767	10481
10226	9995
9788	9608
9457	9332
9230	9154
9101	9071
9056	9063
9090	9130
9179	9248
9322	9407
9499	9595
9693	9795
9897	9999
10098	10199
10294	10389
10477	10568
10655	10741
10826	10914
10997	11087
11178	11273
11366	11458
11546	11637
11723	11804
11879	11946
12007	12057
12099	12130
12153	12163
12160	12142
12113	12064
11997	11908
11795	11659
11501	11320
11128	10922
10722	10528
10356	10212
10101	10034
10009	10025
10085	10171
10291	10432
10588	10760
10936	11120
11309	11505
11702	11906
12117	12331
12552	12781
13016	13255
13497	13738
13981	14220
14452	14673
14883	15077
15253	15412
15555	15672
15776	15861
15931	15986
16030	16064
16091	16108
16122	16135
16141	16145
16150	16152
16152	16155
16156	16158
16158	16158
16158	16158
16158	16158
16158	16158
16158	16158
16158	16158
16158	16158
16158	16158
16158	16158
16158	16158
16158	16158
16158	16158
16158	16158
16158	16156
16155	16155
16154	16152
16152	16150
16151	16149
16149	16153
16153	16155
16155	16155
16156	16157
16158	16158
16158	16158
16158	16158
16158	16158
16158	16158
16158	16158
16158	16158
16158	16158
16158	16158
16158	16158
16158	16158
16158	16158
16158	16158
16158	16157
16157	16155
16153	16152
16151	16145
16140	16131
16117	16102
16080	16047
16004	15950
15880	15791
15686	15553
15399	15217
15010	14777
14517	14235
13931	13612
13273	12932
12586	12236
11897	11563
11247	10943
10663	10403
10166	9953
9764	9601
9466	9351
9260	9194
9148	9120
9114	9122
9147	9186
9236	9298
9367	9447
9530	9619
9713	9804
9898	9988
10079	10171
10261	10345
10430	10516
10598	10683
10766	10858
10941	11029
11119	11204
11287	11372
11450	11526
11597	11659
11714	11760
11801	11828
11848	11858
11859	11849
11823	11787
11734	11665
11578	11473
11353	11216
11067	10912
10761	10618
10486	10383
10309	10273
10268	10300
10365	10457
10576	10713
10864	11032
11206	11390
11580	11777
11982	12193
12411	12632
12863	13097
13334	13575
13814	14047
14282	14508
14724	14924
15108	15277
15432	15566
15681	15782
15865	15933
15986	16031
16064	16090
16108	16121
16134	16141
16145	16151
16152	16153
16154	16157
16158	16158
16158	16158
16158	16158
16158	16158
16158	16158
16158	16158
16158	16158
16158	16158
16158	16158
16158	16158
16158	16158
16158	16158
16158	16158
16158	16156
16155	16154
16154	16151
16151	16148
16149	16146
16148	16143
16143	16151
16147	16152
16151	16154
16153	16156
16156	16158
16158	16158
16158	16158
16158	16158
16158	16158
16158	16158
16158	16158
16158	16158
16158	16158
16158	16158
16158	16158
16158	16158
16158	16158
16158	16158
16157	16157
16155	16153
16152	16151
16145	16139
16131	16117
16101	16080
16046	16008
15955	15887
15803	15699
15574	15428
15255	15058
14841	14592
14323	14034
13726	13408
13079	12745
12409	12078
11753	11440
11143	10859
10597	10357
10134	9940
9764	9616
9487	9383
9300	9244
9200	9178
9172	9178
9203	9242
9288	9347
9408	9482
9557	9635
9713	9795
9878	9958
10039	10116
10200	10278
10357	10438
10515	10598
10680	10760
10844	10922
11005	11082
11158	11224
11290	11349
11402	11447
11483	11513
11531	11545
11547	11544
11526	11503
11467	11422
11357	11282
11193	11096
10992	10886
10778	10677
10592	10529
10489	10477
10497	10547
10622	10724
10845	10985
11138	11305
11481	11669
11865	12067
12279	12496
12723	12952
13186	13421
13660	13894
14126	14354
14571	14777
14969	15149
15312	15458
15586	15695
15792	15871
15938	15988
16030	16066
16089	16108
16120	16133
16140	16145
16151	16152
16153	16154
16157	16158
16158	16158
16158	16158
16158	16158
16158	16158
16158	16158
16158	16158
16158	16158
16158	16158
16158	16158
16158	16158
16158	16158
16158	16158
16158	16158
16157	16155
16152	16152
16150	16149
16146	16142
16143	16136
16140	16130
16130	16150
16141	16150
16147	16152
16152	16154
16154	16157
16157	16158
16158	16158
16158	16158
16158	16158
16158	16158
16158	16158
16158	16158
16158	16158
16158	16158
16158	16158
16158	16158
16158	16158
16158	16158
16158	16157
16157	16155
16153	16152
16151	16146
16139	16131
16118	16102
16081	16050
16010	15961
15893	15815
15719	15598
15460	15301
15115	14905
14674	14419
14147	13858
13552	13237
12916	12593
12273	11955
11648	11353
11071	10807
10561	10335
10129	9947
9785	9650
9532	9436
9362	9308
9265	9246
9243	9249
9271	9306
9346	9392
9449	9507
9571	9636
9700	9768
9838	9904
9974	10043
10116	10184
10258	10331
10406	10480
10555	10630
10704	10775
10848	10910
10973	11029
11081	11124
11161	11192
11217	11232
11244	11248
11245	11231
11212	11186
11147	11099
11044	10984
10916	10847
10783	10728
10685	10658
10656	10672
10714	10784
10871	10980
11111	11257
11415	11589
11772	11962
12166	12375
12593	12820
13050	13283
13518	13754
13983	14207
14428	14639
14838	15022
15192	15347
15488	15608
15713	15804
15881	15945
15994	16033
16067	16090
16108	16120
16134	16140
16145	16151
16152	16153
16154	16157
16157	16158
16158	16158
16158	16158
16158	16158
16158	16158
16158	16158
16158	16158
16158	16158
16158	16158
16158	16158
16158	16158
16158	16158
16158	16158
16157	16156
16155	16152
16151	16149
16146	16140
16139	16131
16132	16117
16128	16106
16106	16146
16126	16145
16139	16148
16148	16152
16152	16156
16156	16158
16157	16158
16158	16158
16158	16158
16158	16158
16158	16158
16158	16158
16158	16158
16158	16158
16158	16158
16158	16158
16158	16158
16158	16158
16158	16158
16157	16157
16154	16153
16152	16151
16145	16140
16132	16119
16103	16083
16053	16017
15969	15907
15834	15739
15630	15502
15349	15175
14979	14762
14525	14269
13995	13706
13407	13103
12790	12479
12175	11869
11578	11298
11032	10784
10554	10341
10149	9978
9831	9700
9596	9509
9439	9386
9349	9331
9326	9326
9341	9366
9397	9434
9474	9519
9566	9614
9667	9718
9770	9825
9885	9943
10005	10068
10134	10198
10267	10334
10406	10471
10538	10600
10657	10713
10764	10809
10850	10886
10915	10941
10959	10971
10983	10987
10987	10977
10967	10946
10923	10896
10868	10840
10812	10793
10786	10798
10823	10870
10935	11019
11128	11247
11389	11543
11708	11889
12078	12278
12487	12705
12929	13155
13390	13619
13852	14079
14300	14510
14714	14905
15080	15241
15386	15519
15634	15733
15822	15893
15952	15999
16039	16069
16092	16108
16120	16134
16139	16145
16151	16152
16153	16154
16156	16157
16158	16158
16158	16158
16158	16158
16158	16158
16158	16158
16158	16158
16158	16158
16158	16158
16158	16158
16158	16158
16158	16158
16158	16158
16158	16157
16156	16155
16154	16151
16149	16144
16137	16129
16126	16112
16113	16087
16105	16061
16061	16135
16101	16137
16125	16141
16141	16149
16150	16153
16155	16156
16157	16158
16158	16158
16158	16158
16158	16158
16158	16158
16158	16158
16158	16158
16158	16158
16158	16158
16158	16158
16158	16158
16158	16158
16158	16158
16158	16157
16156	16154
16152	16152
16150	16145
16139	16132
16119	16104
16083	16057
16022	15978
15919	15850
15765	15662
15543	15403
15242	15060
14859	14636
14393	14140
13868	13583
13292	12997
12694	12394
12101	11812
11537	11271
11018	10786
10569	10372
10196	10037
9901	9781
9682	9600
9535	9485
9446	9422
9411	9407
9407	9419
9436	9451
9478	9504
9535	9565
9602	9638
9677	9720
9768	9819
9873	9929
9990	10050
10114	10175
10239	10297
10354	10410
10462	10510
10555	10597
10636	10671
10701	10734
10759	10781
10798	10816
10829	10838
10844	10847
10851	10857
10867	10887
10912	10950
11007	11077
11165	11272
11391	11528
11680	11847
12024	12212
12408	12615
12829	13051
13278	13505
13736	13959
14179	14393
14599	14792
14973	15144
15295	15435
15556	15666
15758	15837
15906	15963
16006	16043
16071	16093
16110	16122
16134	16139
16145	16150
16152	16152
16154	16156
16157	16158
16158	16158
16158	16158
16158	16158
16158	16158
16158	16158
16158	16158
16158	16158
16158	16158
16158	16158
16158	16158
16158	16158
16158	16158
16157	16157
16154	16154
16151	16147
16141	16135
16125	16112
16105	16078
16087	16035
16074	15992
15992	16120
16058	16123
16102	16131
16131	16141
16145	16150
16154	16156
16157	16157
16157	16158
16158	16158
16158	16158
16158	16158
16158	16158
16158	16158
16158	16158
16158	16158
16158	16158
16158	16158
16158	16158
16158	16158
16158	16158
16157	16156
16154	16152
16152	16150
16145	16138
16133	16120
16106	16087
16061	16027
15987	15935
15870	15793
15698	15590
15459	15312
15145	14958
14753	14529
14291	14033
13767	13490
13205	12917
12628	12342
12062	11787
11523	11274
11037	10818
10619	10435
10272	10126
9996	9885
9791	9710
9646	9591
9547	9513
9489	9471
9456	9450
9447	9447
9450	9457
9468	9485
9503	9529
9559	9594
9635	9679
9731	9781
9839	9896
9956	10015
10069	10126
10180	10236
10288	10339
10389	10438
10483	10530
10576	10620
10662	10701
10740	10778
10813	10847
10883	10922
10962	11011
11068	11137
11218	11311
11420	11546
11684	11835
11999	12174
12362	12556
12757	12968
13187	13409
13631	13851
14070	14285
14496	14690
14877	15047
15208	15353
15482	15595
15699	15782
15858	15922
15973	16015
16050	16075
16097	16112
16126	16136
16139	16145
16149	16152
16152	16154
16155	16157
16158	16158
16158	16158
16158	16158
16158	16158
16158	16158
16158	16158
16158	16158
16158	16158
16158	16158
16158	16158
16158	16158
16158	16158
16158	16157
16157	16156
16154	16151
16147	16140
16132	16120
16109	16083
16075	16027
16044	15951
16025	15872
15872	16099
15990	16102
16063	16117
16113	16133
16140	16148
16152	16153
16155	16157
16157	16158
16158	16158
16158	16158
16158	16158
16158	16158
16158	16158
16158	16158
16158	16158
16158	16158
16158	16158
16158	16158
16158	16158
16158	16158
16158	16157
16156	16154
16152	16152
16150	16145
16138	16133
16120	16108
16090	16068
16036	15999
15950	15892
15822	15736
15636	15520
15384	15231
15059	14873
14664	14443
14203	13952
13689	13420
13145	12865
12591	12315
12048	11788
11544	11308
11089	10887
10696	10527
10375	10238
10115	10006
9911	9828
9756	9691
9635	9585
9544	9505
9471	9443
9416	9396
9378	9370
9365	9365
9375	9394
9421	9453
9493	9538
9587	9637
9694	9749
9809	9865
9926	9985
10046	10109
10173	10239
10304	10373
10439	10508
10578	10643
10708	10774
10835	10901
10966	11032
11105	11182
11265	11358
11464	11581
11708	11849
12004	12167
12340	12525
12715	12917
13126	13333
13550	13764
13981	14193
14398	14599
14786	14965
15129	15275
15413	15533
15641	15733
15811	15881
15937	15987
16027	16055
16079	16100
16113	16127
16136	16139
16145	16150
16152	16152
16154	16156
16157	16158
16158	16158
16158	16158
16158	16158
16158	16158
16158	16158
16158	16158
16158	16158
16158	16158
16158	16158
16158	16158
16158	16158
16158	16158
16157	16157
16157	16155
16153	16150
16144	16134
16122	16101
16083	16043
16032	15947
15985	15821
15954	15683
15683	16070
15879	16073
16006	16095
16087	16122
16130	16141
16148	16152
16155	16157
16157	16158
16158	16158
16158	16158
16158	16158
16158	16158
16158	16158
16158	16158
16158	16158
16158	16158
16158	16158
16158	16158
16158	16158
16158	16158
16158	16158
16157	16156
16154	16152
16152	16150
16145	16140
16134	16123
16111	16095
16073	16047
16011	15970
15917	15855
15777	15686
15581	15461
15320	15165
14992	14800
14594	14371
14133	13888
13633	13373
13108	12843
12578	12322
12069	11826
11594	11375
11172	10981
10806	10645
10499	10365
10242	10128
10023	9932
9843	9762
9688	9616
9547	9485
9428	9376
9331	9291
9260	9236
9224	9222
9231	9248
9276	9312
9354	9401
9454	9506
9566	9628
9692	9761
9832	9908
9989	10073
10163	10255
10347	10441
10534	10632
10728	10820
10912	11007
11101	11195
11292	11397
11505	11621
11747	11880
12028	12180
12345	12520
12701	12894
13089	13290
13494	13700
13908	14115
14318	14516
14704	14881
15050	15204
15344	15472
15584	15683
15768	15842
15905	15956
15997	16033
16062	16084
16103	16115
16129	16137
16141	16145
16150	16152
16152	16154
16156	16157
16158	16158
16158	16158
16158	16158
16158	16158
16158	16158
16158	16158
16158	16158
16158	16158
16158	16158
16158	16158
16158	16158
16158	16158
16158	16158
16157	16157
16156	16155
16151	16144
16137	16123
16105	16073
16049	15984
15974	15836
15901	15629
15858	15403
15403	16028
15714	16037
15921	16066
16049	16105
16117	16134
16144	16150
16154	16156
16157	16157
16158	16158
16158	16158
16158	16158
16158	16158
16158	16158
16158	16158
16158	16158
16158	16158
16158	16158
16158	16158
16158	16158
16158	16158
16158	16158
16158	16157
16156	16154
16153	16152
16151	16145
16139	16136
16127	16113
16100	16081
16058	16028
15989	15941
15886	15815
15738	15642
15532	15405
15265	15104
14933	14740
14533	14315
14084	13846
13599	13347
13092	12840
12598	12351
12114	11888
11671	11466
11273	11095
10923	10767
10616	10477
10346	10222
10101	9986
9881	9773
9672	9576
9483	9394
9316	9245
9184	9133
9095	9071
9060	9065
9080	9105
9140	9181
9231	9286
9345	9408
9478	9559
9640	9734
9831	9938
10052	10171
10291	10417
10542	10664
10793	10915
11037	11157
11279	11400
11523	11649
11779	11917
12059	12208
12368	12534
12708	12888
13076	13269
13463	13662
13861	14059
14255	14446
14635	14811
14982	15137
15283	15413
15532	15636
15729	15805
15873	15926
15974	16013
16044	16070
16092	16107
16119	16129
16137	16142
16145	16150
16152	16152
16153	16156
16157	16158
16158	16158
16158	16158
16158	16158
16158	16158
16158	16158
16158	16158
16158	16158
16158	16158
16158	16158
16158	16158
16158	16158
16158	16158
16158	16157
16157	16157
16156	16153
16149	16139
16129	16109
16082	16039
16003	15907
15897	15679
15797	15353
15738	14991
14991	15973
15474	15982
15801	16028
16000	16082
16097	16125
16138	16147
16152	16156
16157	16157
16157	16158
16158	16158
16158	16158
16158	16158
16158	16158
16158	16158
16158	16158
16158	16158
16158	16158
16158	16158
16158	16158
16158	16158
16158	16158
16158	16158
16158	16156
16154	16152
16152	16150
16145	16143
16137	16129
16119	16106
16091	16069
16042	16011
15968	15919
15858	15785
15702	15600
15489	15359
15217	15056
14879	14693
14487	14271
14049	13817
13583	13343
13104	12864
12629	12401
12179	11963
11759	11563
11380	11199
11024	10859
10702	10545
10398	10252
10106	9965
9828	9696
9567	9443
9332	9224
9131	9051
8987	8939
8912	8894
8897	8914
8941	8979
9026	9078
9138	9206
9284	9374
9468	9577
9697	9827
9967	10116
10267	10422
10578	10736
10891	11046
11195	11349
11494	11640
11786	11931
12083	12235
12393	12557
12725	12900
13082	13264
13449	13643
13831	14021
14209	14394
14578	14752
14920	15077
15223	15357
15480	15589
15687	15771
15841	15903
15952	15996
16028	16057
16080	16097
16111	16123
16131	16137
16143	16147
16150	16152
16152	16154
16156	16158
16158	16158
16158	16158
16158	16158
16158	16158
16158	16158
16158	16158
16158	16158
16158	16158
16158	16158
16158	16158
16158	16158
16158	16158
16158	16158
16158	16157
16157	16157
16155	16151
16144	16133
16117	16091
16056	15995
15950	15808
15807	15477
15672	14986
15592	14427
14427	15911
15150	15922
15640	15982
15935	16058
16073	16115
16132	16144
16151	16156
16157	16157
16157	16158
16158	16158
16158	16158
16158	16158
16158	16158
16158	16158
16158	16158
16158	16158
16158	16158
16158	16158
16158	16158
16158	16158
16158	16158
16158	16158
16158	16158
16156	16154
16152	16152
16150	16146
16142	16137
16132	16123
16111	16097
16081	16056
16029	15993
15948	15896
15830	15755
15668	15563
15446	15316
15169	15012
14834	14647
14447	14242
14027	13804
13579	13349
13121	12897
12675	12457
12244	12035
11835	11637
11447	11255
11073	10889
10709	10532
10354	10178
10007	9837
9674	9513
9362	9221
9095	8987
8896	8825
8775	8743
8730	8738
8759	8790
8835	8886
8948	9021
9107	9204
9315	9444
9582	9740
9906	10080
10264	10452
10640	10829
11019	11199
11381	11557
11731	11897
12066	12232
12394	12564
12735	12906
13084	13264
13444	13630
13815	13996
14180	14358
14534	14704
14867	15021
15169	15305
15429	15543
15643	15731
15809	15875
15929	15975
16015	16044
16071	16091
16104	16116
16126	16135
16139	16143
16147	16150
16152	16152
16154	16156
16158	16158
16158	16158
16158	16158
16158	16158
16158	16158
16158	16158
16158	16158
16158	16158
16158	16158
16158	16158
16158	16158
16158	16158
16158	16158
16158	16158
16158	16157
16157	16157
16154	16150
16139	16125
16105	16073
16027	15948
15890	15692
15704	15222
15531	14511
15431	13684
13684	15840
14725	15853
15435	15931
15855	16029
16047	16102
16123	16137
16149	16152
16157	16157
16157	16158
16158	16158
16158	16158
16158	16158
16158	16158
16158	16158
16158	16158
16158	16158
16158	16158
16158	16158
16158	16158
16158	16158
16158	16158
16158	16158
16158	16158
16158	16156
16155	16152
16152	16150
16148	16143
16140	16135
16127	16118
16105	16091
16071	16046
16014	15974
15927	15870
15800	15721
15632	15525
15406	15273
15126	14963
14792	14608
14414	14212
14004	13791
13573	13353
13135	12917
12697	12483
12272	12061
11853	11643
11435	11230
11020	10817
10608	10398
10193	9989
9789	9591
9408	9235
9072	8933
8816	8722
8652	8606
8582	8578
8590	8616
8658	8708
8772	8851
8943	9049
9177	9322
9482	9663
9856	10061
10277	10494
10715	10937
11150	11366
11574	11774
11969	12157
12343	12526
12706	12885
13062	13247
13427	13608
13789	13968
14147	14323
14491	14658
14818	14971
15117	15253
15379	15492
15598	15692
15774	15844
15904	15954
15995	16030
16057	16078
16098	16111
16123	16132
16137	16141
16145	16149
16151	16152
16152	16155
16156	16158
16158	16158
16158	16158
16158	16158
16158	16158
16158	16158
16158	16158
16158	16158
16158	16158
16158	16158
16158	16158
16158	16158
16158	16158
16158	16158
16158	16158
16157	16157
16157	16157
16152	16146
16136	16120
16092	16055
15995	15895
15825	15557
15592	14920
15374	13930
15254	12764
12764	15766
14199	15782
15189	15878
15763	15998
16019	16088
16116	16133
16146	16151
16157	16157
16157	16158
16158	16158
16158	16158
16158	16158
16158	16158
16158	16158
16158	16158
16158	16158
16158	16158
16158	16158
16158	16158
16158	16158
16158	16158
16158	16158
16158	16158
16158	16158
16155	16155
16153	16152
16150	16149
16146	16142
16139	16132
16124	16114
16098	16083
16061	16032
15997	15955
15903	15841
15768	15684
15589	15477
15355	15221
15074	14912
14739	14559
14367	14168
13965	13756
13543	13322
13107	12890
12668	12448
12225	12001
11776	11545
11314	11082
10845	10606
10367	10134
9898	9671
9453	9247
9059	8892
8749	8633
8544	8483
8448	8435
8438	8463
8500	8552
8617	8697
8798	8914
9055	9219
9401	9604
9821	10053
10297	10545
10796	11044
11284	11526
11758	11980
12198	12406
12607	12803
12997	13185
13371	13553
13737	13918
14097	14270
14442	14603
14763	14917
15057	15196
15322	15440
15547	15644
15729	15805
15871	15928
15973	16014
16047	16071
16090	16104
16117	16126
16135	16140
16142	16146
16150	16151
16152	16152
16155	16157
16158	16158
16158	16158
16158	16158
16158	16158
16158	16158
16158	16158
16158	16158
16158	16158
16158	16158
16158	16158
16158	16158
16158	16158
16158	16158
16158	16158
16158	16158
16157	16157
16157	16155
16150	16144
16131	16114
16080	16031
15965	15834
15758	15412
15478	14587
15217	13274
15079	11705
11705	15694
13601	15712
14914	15826
15660	15970
15987	16076
16110	16128
16145	16151
16157	16157
16157	16157
16158	16158
16158	16158
16158	16158
16158	16158
16158	16158
16158	16158
16158	16158
16158	16158
16158	16158
16158	16158
16158	16158
16158	16158
16158	16158
16158	16158
16158	16158
16158	16156
16155	16153
16153	16150
16150	16148
16145	16142
16137	16129
16122	16107
16092	16074
16048	16017
15976	15928
15872	15804
15727	15638
15533	15418
15292	15152
14999	14838
14664	14479
14287	14091
13883	13673
13456	13234
13007	12780
12547	12311
12069	11821
11571	11316
11055	10793
10528	10262
10001	9747
9498	9266
9050	8859
8693	8559
8453	8380
8331	8311
8310	8329
8366	8417
8482	8569
8676	8800
8952	9130
9329	9555
9795	10053
10315	10592
10865	11141
11408	11670
11924	12168
12399	12624
12840	13045
13248	13442
13630	13819
14004	14180
14357	14522
14685	14839
14984	15125
15253	15375
15486	15584
15678	15758
15830	15892
15946	15988
16026	16056
16079	16097
16111	16123
16131	16138
16142	16146
16148	16150
16152	16152
16154	16155
16157	16158
16158	16158
16158	16158
16158	16158
16158	16158
16158	16158
16158	16158
16158	16158
16158	16158
16158	16158
16158	16158
16158	16158
16158	16158
16158	16158
16158	16158
16158	16158
16157	16157
16157	16155
16149	16144
16129	16108
16069	16015
15936	15781
15699	15270
15377	14245
15076	12583
14919	10575
10575	15631
12967	15651
14627	15782
15562	15943
15959	16066
16104	16125
16143	16151
16157	16157
16157	16157
16158	16158
16158	16158
16158	16158
16158	16158
16158	16158
16158	16158
16158	16158
16158	16158
16158	16158
16158	16158
16158	16158
16158	16158
16158	16158
16158	16158
16158	16158
16158	16158
16157	16156
16153	16153
16151	16150
16149	16147
16144	16138
16136	16128
16112	16099
16080	16055
16028	15988
15942	15889
15826	15749
15666	15565
15457	15334
15200	15052
14893	14723
14543	14350
14154	13945
13732	13511
13285	13050
12811	12565
12310	12049
11779	11506
11226	10946
10659	10370
10084	9803
9535	9277
9041	8830
8648	8498
8378	8292
8237	8209
8204	8222
8255	8305
8374	8462
8572	8709
8869	9057
9274	9515
9772	10053
10341	10634
10931	11223
11513	11792
12062	12322
12569	12805
13031	13247
13455	13655
13847	14037
14217	14393
14561	14722
14876	15020
15160	15284
15403	15511
15607	15694
15772	15842
15901	15952
15997	16032
16062	16084
16102	16113
16129	16136
16139	16144
16148	16150
16150	16152
16153	16154
16156	16158
16158	16158
16158	16158
16158	16158
16158	16158
16158	16158
16158	16158
16158	16158
16158	16158
16158	16158
16158	16158
16158	16158
16158	16158
16158	16158
16158	16158
16158	16158
16158	16158
16157	16157
16157	16154
16149	16140
16125	16099
16059	15998
15912	15736
15648	15136
15287	13918
14952	11915
14779	9470
