7114	6890
6797	6675
6636	6647
6667	6662
6618	6527
6390	6220
6043	5889
5776	5705
5683	5702
5767	5868
5997	6149
6307	6452
6566	6638
6657	6614
6513	6361
6175	5983
5804	5654
5540	5477
5468	5519
5628	5770
5919	6056
6171	6274
6379	6505
6685	6927
7220	7520
7783	7994
8145	8237
8281	8279
8244	8212
8224	8347
8644	9154
9863	10707
11591	12452
13247	13955
14561	15048
15406	15644
15790	15870
15906	15912
15890	15837
15746	15609
15404	15113
14716	14223
13669	13105
12586	12174
11909	11808
11859	12024
12258	12522
12763	12934
12996	12933
12754	12499
12217	11945
11678	11403
11101	10776
10452	10158
9929	9737
9698	8845
7118	6892
6799	6675
6636	6644
6660	6652
6604	6511
6376	6210
6043	5897
5790	5725
5704	5730
5796	5900
6030	6180
6333	6472
6579	6641
6651	6604
6498	6342
6156	5968
5796	5654
5548	5496
5497	5559
5670	5813
5960	6093
6201	6299
6395	6516
6687	6916
7183	7454
7689	7870
8000	8084
8133	8145
8136	8137
8202	8395
8769	9348
10099	10957
11834	12673
13436	14111
14678	15127
15452	15669
15799	15865
15886	15873
15826	15744
15621	15447
15204	14876
14450	13945
13398	12864
12401	12061
11873	11843
11946	12146
12400	12665
12895	13049
13091	13018
12836	12590
12316	12045
11773	11482
11157	10813
10469	10165
9932	9740
9705	8853
7122	6896
6803	6679
6638	6642
6654	6640
6586	6490
6355	6197
6043	5910
5814	5755
5741	5771
5845	5951
6081	6226
6372	6501
6595	6645
6643	6586
6473	6314
6133	5951
5789	5658
5569	5530
5547	5620
5739	5882
6025	6150
6250	6335
6420	6531
6686	6892
7128	7357
7545	7684
7784	7858
7913	7948
7979	8039
8188	8487
8974	9645
10453	11325
12185	12989
13705	14326
14831	15224
15505	15689
15792	15838
15834	15789
15703	15575
15401	15170
14873	14496
14044	13531
13009	12535
12163	11930
11853	11917
12092	12336
12608	12869
13080	13207
13225	13133
12947	12707
12439	12162
11871	11553
11199	10826
10463	10151
9919	9735
9708	8859
7127	6900
6808	6685
6644	6645
6653	6631
6569	6470
6336	6188
6043	5925
5841	5794
5787	5821
5899	6006
6137	6280
6418	6535
6615	6650
6633	6565
6444	6281
6103	5933
5787	5678
5606	5589
5624	5713
5842	5986
6122	6238
6324	6393
6463	6555
6688	6862
7057	7236
7373	7467
7537	7597
7659	7723
7804	7946
8208	8637
9252	10019
10879	11757
12591	13344
13996	14542
14978	15305
15535	15679
15750	15765
15725	15636
15499	15312
15077	14782
14430	14012
13543	13046
12578	12197
11942	11839
11885	12048
12290	12569
12851	13101
13286	13379
13368	13253
13060	12813
12537	12238
11910	11552
11167	10773
10403	10095
9876	9710
9697	8858
7132	6903
6814	6693
6652	6652
6652	6624
6554	6452
6320	6179
6045	5939
5868	5833
5834	5875
5953	6065
6198	6336
6469	6573
6641	6657
6623	6541
6415	6255
6087	5936
5814	5728
5686	5692
5755	5865
6004	6152
6287	6387
6457	6509
6559	6626
6726	6858
7003	7127
7213	7262
7298	7344
7409	7505
7653	7894
8285	8855
9590	10442
11336	12205
12998	13689
14263	14726
15082	15342
15519	15620
15652	15622
15536	15395
15202	14953
14652	14302
13906	13467
13007	12564
12185	11924
11807	11839
11997	12242
12531	12828
13104	13333
13484	13542
13495	13355
13136	12867
12556	12213
11838	11439
11030	10635
10280	9997
9807	9666
9674	8851
7138	6910
6821	6699
6659	6657
6652	6615
6543	6436
6307	6171
6047	5950
5891	5866
5877	5925
6010	6122
6256	6392
6518	6611
6662	6663
6614	6523
6395	6247
6100	5979
5893	5844
5840	5886
5982	6120
6281	6437
6567	6657
6710	6740
6764	6800
6857	6941
7030	7099
7132	7134
7131	7153
7217	7343
7560	7916
8442	9145
9984	10894
11800	12640
13376	13992
14481	14858
15137	15331
15451	15498
15480	15396
15254	15057
14804	14497
14146	13756
13338	12912
12499	12145
11890	11769
11789	11943
12189	12489
12802	13101
13356	13549
13659	13675
13585	13404
13145	12826
12462	12062
11634	11204
10791	10420
10106	9871
9725	9617
9644	8836
7138	6916
6826	6705
6663	6654
6641	6600
6525	6417
6292	6162
6047	5962
5911	5897
5918	5973
6061	6178
6307	6441
6557	6643
6683	6671
6616	6526
6410	6286
6176	6096
6057	6055
6101	6196
6343	6522
6712	6881
7014	7093
7127	7135
7131	7134
7150	7182
7215	7233
7215	7169
7122	7108
7152	7296
7578	8042
8694	9511
10421	11358
12246	13038
13703	14235
14638	14930
15133	15263
15320	15309
15226	15083
14880	14623
14317	13965
13582	13176
12772	12390
12064	11831
11722	11744
11897	12144
12451	12781
13099	13375
13597	13746
13804	13766
13624	13385
13065	12680
12245	11785
11318	10881
10490	10165
9909	9733
9633	9561
9607	8815
7136	6915
6826	6705
6654	6641
6618	6575
6496	6393
6271	6152
6046	5971
5930	5926
5956	6020
6112	6225
6356	6480
6591	6666
6705	6696
6653	6581
6497	6410
6344	6309
6313	6358
6454	6607
6814	7043
7267	7452
7582	7653
7671	7660
7639	7620
7607	7605
7604	7584
7533	7447
7354	7287
7296	7431
7757	8298
9045	9936
10886	11815
12662	13383
13965	14405
14723	14934
15067	15127
15119	15041
14893	14682
14419	14107
13760	13382
12990	12602
12245	11947
11740	11650
11692	11851
12110	12426
12770	13103
13405	13648
13823	13910
13902	13793
13580	13270
12874	12412
11914	11407
10931	10512
10170	9906
9716	9595
9542	9498
9563	8785
7126	6906
6818	6693
6640	6613
6587	6537
6460	6357
6247	6135
6044	5980
5952	5957
5996	6063
6158	6272
6396	6518
6624	6706
6761	6788
6788	6766
6725	6673
6632	6616
6632	6695
6818	7014
7269	7544
7795	7995
8125	8189
8202	8186
8165	8149
8137	8134
8130	8111
8057	7961
7838	7727
7685	7794
8121	8693
9476	10389
11335	12231
13016	13657
14145	14495
14725	14860
14922	14914
14839	14690
14473	14200
13881	13528
13157	12776
12406	12072
11800	11616
11550	11610
11790	12067
12403	12766
13117	13438
13704	13899
14005	14018
13926	13731
13431	13036
12559	12031
11489	10973
10519	10147
9866	9666
9538	9468
9454	9437
9516	8750
7109	6894
6803	6677
6615	6584
6553	6500
6420	6323
6216	6117
6042	5996
5977	5993
6035	6106
6202	6315
6437	6560
6683	6804
6923	7036
7130	7189
7199	7165
7102	7037
6994	7004
7099	7291
7558	7847
8110	8313
8447	8520
8545	8550
8554	8564
8585	8609
8636	8647
8631	8566
8459	8337
8265	8338
8629	9174
9930	10811
11714	12556
13271	13831
14232	14494
14642	14700
14691	14611
14465	14250
13976	13648
13288	12909
12534	12178
11869	11624
11469	11423
11501	11699
11998	12361
12755	13133
13477	13762
13976	14098
14121	14034
13845	13545
13151	12671
12128	11557
11007	10519
10119	9818
9606	9468
9392	9371
9389	9390
9479	8722
7094	6877
6786	6654
6591	6555
6519	6464
6385	6288
6188	6104
6042	6008
6006	6030
6076	6146
6241	6355
6484	6633
6806	7016
7264	7533
7782	7960
8027	7979
7843	7654
7467	7334
7309	7417
7627	7882
8124	8320
8462	8555
8613	8659
8703	8755
8817	8881
8946	9005
9043	9040
8989	8903
8843	8896
9147	9627
10305	11106
11939	12716
13371	13867
14198	14387
14461	14448
14367	14217
14005	13731
13402	13038
12654	12275
11926	11633
11418	11295
11282	11381
11592	11903
12288	12709
13126	13502
13817	14048
14184	14218
14136	13939
13633	13229
12742	12191
11608	11036
10518	10093
9772	9548
9406	9326
9301	9316
9360	9376
9466	8713
7084	6860
6767	6634
6568	6530
6495	6436
6356	6263
6170	6095
6048	6026
6034	6064
6113	6186
6284	6406
6559	6757
7024	7377
7810	8284
8722	9044
9191	9148
8930	8593
8205	7858
7627	7551
7616	7762
7933	8093
8231	8345
8444	8531
8622	8713
8808	8902
8997	9091
9175	9231
9241	9219
9205	9273
9494	9901
10481	11178
11921	12633
13246	13711
14011	14158
14180	14108
13962	13747
13472	13144
12778	12395
12014	11665
11380	11184
11096	11118
11249	11480
11804	12197
12634	13080
13496	13848
14109	14264
14304	14227
14027	13711
13290	12787
12225	11633
11050	10513
10065	9726
9496	9353
9280	9262
9283	9336
9399	9416
9497	8727
7078	6850
6754	6617
6548	6511
6471	6415
6336	6246
6163	6096
6057	6043
6059	6092
6147	6225
6331	6472
6664	6937
7324	7843
8462	9120
9725	10192
10457	10490
10282	9867
9318	8749
8272	7950
7784	7733
7755	7821
7914	8027
8146	8268
8389	8506
8618	8727
8836	8945
9048	9129
9183	9208
9245	9341
9552	9899
10381	10969
11617	12268
12859	13325
13634	13782
13790	13682
13484	13213
12887	12518
12137	11755
11408	11124
10938	10872
10930	11099
11365	11709
12115	12558
13018	13459
13848	14144
14328	14382
14308	14108
13786	13354
12834	12257
11651	11057
10508	10042
9686	9447
9309	9251
9253	9294
9364	9443
9513	9517
9575	8773
7079	6847
6747	6607
6535	6496
6454	6397
6321	6238
6161	6100
6067	6060
6080	6120
6184	6270
6391	6558
6798	7148
7646	8279
9005	9740
10416	10989
11416	11637
11593	11255
10683	9993
9328	8772
8346	8038
7825	7705
7677	7729
7832	7961
8093	8220
8336	8448
8556	8664
8762	8844
8905	8953
9013	9131
9330	9631
10030	10518
11075	11665
12233	12714
13063	13253
13287	13177
12952	12638
12271	11880
11498	11153
10876	10697
10644	10722
10926	11229
11605	12029
12489	12956
13412	13822
14149	14365
14442	14379
14177	13852
13418	12889
12297	11676
11065	10503
10024	9654
9405	9270
9230	9260
9335	9437
9544	9638
9696	9670
9698	8842
7079	6845
6743	6601
6527	6483
6441	6383
6309	6233
6162	6110
6084	6083
6105	6153
6225	6326
6468	6666
6948	7349
7887	8537
9235	9904
10530	11139
11734	12234
12496	12405
11974	11320
10602	9915
9297	8747
8265	7881
7639	7546
7575	7671
7791	7911
8023	8128
8229	8326
8413	8482
8536	8583
8650	8761
8943	9203
9537	9945
10420	10941
11471	11957
12346	12600
12691	12615
12385	12051
11660	11267
10913	10636
10464	10419
10512	10740
11071	11479
11932	12412
12897	13367
13791	14140
14382	14485
14436	14244
13918	13479
12950	12350
11716	11088
10507	10015
9635	9376
9240	9213
9272	9387
9531	9677
9805	9890
9920	9852
9841	8923
7077	6843
6742	6597
6518	6471
6424	6365
6294	6225
6162	6117
6098	6106
6137	6192
6274	6393
6557	6783
7086	7489
7982	8538
9081	9575
10059	10639
11370	12161
12789	13041
12858	12352
11696	11017
10355	9691
9014	8372
7863	7554
7439	7456
7533	7626
7722	7812
7901	7984
8057	8116
8164	8209
8268	8369
8527	8748
9031	9374
9776	10227
10703	11168
11577	11886
12043	12019
11821	11490
11099	10725
10430	10252
10208	10313
10553	10905
11336	11813
12314	12819
13304	13746
14119	14386
14516	14489
14306	13981
13540	13007
12405	11768
11125	10525
10014	9619
9358	9226
9209	9292
9440	9627
9818	9988
10106	10162
10150	10032
9983	9001
7066	6834
6733	6587
6505	6455
6406	6349
6282	6215
6162	6129
6118	6133
6169	6229
6320	6456
6643	6884
7177	7522
7902	8279
8612	8891
9213	9733
10552	11580
12539	13120
13190	12835
12271	11680
11122	10539
9853	9079
8345	7799
7495	7383
7376	7414
7468	7532
7597	7661
7719	7772
7818	7864
7922	8012
8150	8339
8584	8882
9227	9613
10028	10449
10851	11187
11401	11438
11290	10995
10638	10314
10099	10035
10130	10376
10739	11187
11681	12198
12714	13215
13674	14068
14362	14525
14530	14367
14047	13602
13061	12454
11812	11163
10548	10013
9602	9336
9211	9215
9323	9506
9729	9961
10165	10322
10407	10414
10351	10186
10096	9056
7047	6816
6716	6568
6485	6434
6387	6334
6271	6210
6165	6139
6138	6155
6192	6251
6347	6489
6683	6914
7167	7412
7634	7812
7937	8041
8237	8710
9576	10769
11970	12804
13045	12769
12232	11714
11336	11007
10535	9838
9025	8307
7817	7542
7405	7335
7309	7312
7341	7377
7420	7461
7505	7548
7603	7688
7812	7983
8205	8467
8770	9104
9466	9841
10215	10552
10802	10900
10826	10603
10320	10077
9960	10012
10228	10584
11036	11547
12074	12599
13108	13577
13986	14305
14501	14546
14418	14124
13679	13126
12504	11849
11191	10567
10011	9578
9296	9175
9201	9345
9569	9836
10105	10344
10529	10639
10672	10623
10507	10293
10164	9079
7020	6792
6695	6549
6468	6414
6370	6321
6265	6213
6172	6152
6149	6162
6187	6237
6326	6466
6644	6840
7012	7138
7198	7204
7179	7173
7314	7771
8675	9963
11317	12307
12650	12370
11771	11256
11040	11034
10933	10517
9821	9072
8461	8029
7715	7476
7300	7199
7161	7157
7172	7192
7217	7247
7295	7371
7493	7656
7861	8105
8380	8680
9002	9337
9678	10003
10269	10423
10437	10324
10154	10024
10012	10163
10469	10897
11400	11939
12473	12986
13461	13880
14217	14443
14528	14447
14191	13773
13223	12583
11903	11224
10581	10012
9554	9249
9115	9151
9325	9599
9920	10242
10520	10735
10864	10915
10882	10779
10608	10344
10159	9046
6983	6759
6668	6527
6448	6400
6359	6314
6266	6219
6183	6161
6146	6140
6142	6173
6249	6371
6519	6652
6730	6733
6667	6557
6453	6419
6565	7042
7971	9303
10732	11817
12214	11902
11209	10628
10503	10776
11082	11060
10642	10021
9400	8847
8338	7871
7488	7233
7094	7036
7007	6991
6980	6981
7005	7070
7184	7347
7550	7782
8040	8319
8614	8923
9237	9544
9819	10025
10135	10149
10119	10118
10217	10442
10798	11253
11773	12314
12838	13324
13758	14115
14370	14495
14464	14262
13890	13369
12733	12032
11316	10636
10032	9543
9206	9047
9068	9252
9559	9932
10317	10660
10923	11082
11148	11127
11030	10873
10651	10322
10052	8929
6945	6726
6642	6511
6439	6394
6358	6316
6271	6227
6191	6163
6132	6096
6070	6080
6140	6243
6347	6411
6398	6309
6163	6005
5889	5872
6056	6568
7508	8841
10294	11432
11874	11548
10771	10108
10003	10466
11098	11452
11368	10970
10431	9819
9141	8437
7822	7390
7142	7017
6942	6880
6825	6783
6771	6811
6914	7076
7281	7513
7763	8033
8313	8602
8898	9194
9480	9731
9924	10059
10166	10289
10480	10761
11133	11587
12101	12627
13135	13591
13978	14276
14454	14486
14357	14052
13587	12984
12289	11547
10815	10148
9595	9196
8981	8957
9119	9427
9831	10272
10689	11027
11253	11357
11354	11272
11124	10916
10640	10238
9838	8733
6914	6699
6624	6499
6433	6390
6357	6318
6276	6234
6198	6164
6115	6054
6002	5995
6044	6132
6202	6210
6137	5992
5811	5644
5543	5563
5786	6319
7258	8578
10029	11194
11668	11349
10528	9805
9692	10249
11080	11695
11871	11673
11240	10618
9824	8944
8150	7575
7237	7059
6943	6845
6750	6669
6623	6637
6729	6888
7095	7331
7582	7843
8118	8398
8685	8973
9265	9548
9802	10023
10226	10443
10694	11003
11379	11824
12323	12837
13326	13757
14111	14367
14490	14457
14257	13886
13359	12709
11978	11218
10483	9831
9323	8991
8865	8941
9197	9587
10048	10524
10952	11275
11466	11524
11477	11350
11167	10925
10608	10016
9614	6173
