16011	16000
15982	15951
15901	15826
15720	15571
15376	15122
14811	14441
14017	13552
13059	12558
12072	11616
11210	10860
10574	10355
10196	10086
10013	9980
9965	9975
10003	10052
10127	10242
10397	10603
10866	11184
11556	11974
12424	12896
13361	13815
14238	14619
14948	15221
15441	15612
15736	15827
15885	15926
15949	15969
15969	15992
16013	16000
15982	15952
15903	15831
15728	15583
15394	15148
14847	14488
14078	13624
13148	12664
12192	11754
11363	11028
10758	10548
10397	10295
10235	10201
10192	10200
10226	10271
10340	10445
10589	10783
11032	11335
11692	12093
12528	12978
13433	13874
14284	14651
14972	15234
15449	15612
15732	15815
15867	15908
15921	15946
15932	15972
16013	16000
15983	15953
15907	15836
15737	15598
15414	15179
14886	14541
14146	13713
13255	12791
12343	11923
11552	11236
10983	10788
10654	10563
10510	10484
10476	10487
10508	10547
10612	10702
10834	11009
11238	11523
11858	12235
12650	13081
13516	13940
14336	14689
14997	15253
15456	15612
15722	15797
15840	15874
15873	15909
15872	15938
16013	16000
15983	15953
15910	15841
15745	15612
15434	15207
14927	14596
14221	13803
13369	12935
12507	12115
11767	11475
11247	11072
10952	10878
10836	10817
10813	10825
10847	10877
10929	11007
11117	11276
11481	11740
12049	12401
12788	13196
13610	14010
14390	14730
15024	15267
15460	15603
15701	15769
15794	15826
15800	15850
15770	15885
16013	16000
15985	15955
15913	15845
15753	15625
15454	15236
14968	14655
14295	13901
13492	13079
12684	12318
12000	11737
11532	11383
11284	11226
11196	11190
11193	11205
11219	11244
11285	11347
11439	11569
11748	11977
12253	12576
12936	13319
13707	14087
14443	14765
15049	15277
15458	15592
15672	15727
15730	15754
15691	15758
15619	15805
16011	16001
15983	15956
15914	15850
15760	15637
15472	15262
15008	14707
14368	13996
13611	13227
12862	12526
12241	12006
11831	11706
11631	11594
11584	11585
11596	11607
11623	11637
11660	11705
11773	11876
12024	12220
12467	12756
13084	13440
13801	14156
14494	14800
15065	15285
15448	15564
15630	15669
15636	15656
15532	15638
15384	15692
16011	16000
15982	15956
15915	15852
15764	15642
15483	15282
15039	14750
14429	14077
13715	13360
13024	12723
12472	12267
12123	12028
11977	11960
11966	11984
12000	12014
12022	12027
12041	12060
12104	12179
12296	12460
12671	12927
13224	13549
13882	14216
14539	14826
15075	15278
15431	15529
15572	15592
15517	15527
15315	15475
15061	15541
16008	15998
15981	15954
15915	15853
15766	15648
15494	15296
15060	14788
14478	14147
13808	13478
13173	12901
12679	12506
12393	12328
12303	12309
12332	12358
12384	12399
12407	12406
12401	12402
12422	12468
12552	12681
12859	13081
13347	13642
13954	14269
14570	14845
15082	15273
15408	15491
15507	15498
15369	15371
15044	15275
14638	15352
16006	15998
15980	15953
15913	15851
15766	15647
15498	15303
15075	14809
14514	14201
13883	13573
13292	13049
12857	12717
12631	12592
12592	12617
12657	12696
12729	12747
12749	12738
12718	12703
12702	12721
12778	12876
13024	13218
13448	13721
14012	14305
14590	14855
15078	15258
15379	15443
15428	15394
15198	15197
14725	15043
14133	15130
16006	15997
15980	15950
15911	15849
15762	15645
15497	15309
15084	14825
14541	14239
13937	13647
13390	13171
13002	12888
12828	12812
12831	12878
12932	12985
13025	13044
13044	13026
12996	12962
12938	12935
12965	13037
13157	13326
13534	13782
14053	14331
14609	14858
15073	15241
15348	15392
15349	15290
15020	15010
14379	14795
13572	14890
16005	15996
15979	15949
15909	15849
15762	15645
15494	15308
15088	14832
14555	14264
13973	13703
13460	13261
13116	13021
12983	12986
13026	13083
13149	13211
13253	13274
13275	13250
13212	13163
13124	13105
13112	13162
13258	13406
13597	13829
14083	14350
14614	14858
15064	15225
15318	15317
15273	14930
14844	13699
14037	11233
13010	7684
