8100	6930
7218	6669
6579	6387
6301	6248
6226	6222
6221	6220
6216	6204
6190	6176
6168	6164
6168	6177
6187	6196
6203	6208
6208	6212
6215	6223
6237	6253
6274	6296
6316	6339
6356	6372
6381	6383
6382	6378
6377	6373
6376	6374
6373	6367
6355	6335
6307	6264
6212	6138
6041	5915
5745	5523
5246	4918
4556	4179
3812	3480
3198	2974
2806	2692
2614	2563
2530	2507
2490	2484
2484	2489
2497	2507
2513	2514
2508	2499
2482	2467
2449	2432
2421	2417
2426	2453
2513	2631
2824	3124
3546	4093
4756	5501
6278	7042
7744	8358
8869	9284
9613	9867
10062	10208
10303	10357
10366	10342
10281	10190
10062	9900
9690	9433
9131	8780
8389	7966
7512	7029
6518	5985
5442	4907
4411	3973
3611	3328
3127	2986
2903	2852
2833	2832
2853	2900
2991	3146
3385	3736
4200	4783
5452	6178
6914	7618
8264	8835
9322	9732
10074	10356
10586	10768
10911	11020
11109	11182
11244	11303
11355	11401
11438	11458
11458	11433
11372	11274
11131	10946
10727	10485
10232	9987
9768	9581
9447	9368
9352	9409
9546	9786
10156	10677
11339	12110
12932	13722
14423	14987
15399	15676
15840	15926
15960	15961
15939	15901
15848	15782
15704	15615
15513	15404
15281	15147
15001	14845
14679	14512
14338	14163
13986	13809
13624	13426
13216	12981
12731	12410
12204	11666
11844	10873
10873	6929
7514	6669
6622	6381
6294	6238
6215	6209
6206	6204
6200	6189
6175	6162
6154	6150
6155	6164
6175	6187
6193	6197
6199	6200
6208	6219
6231	6250
6268	6292
6314	6336
6352	6368
6376	6382
6383	6381
6378	6378
6380	6379
6378	6372
6360	6338
6311	6268
6214	6137
6040	5909
5734	5508
5230	4900
4538	4163
3801	3474
3197	2976
2815	2702
2627	2578
2548	2527
2514	2506
2507	2511
2518	2521
2528	2529
2524	2513
2503	2487
2472	2458
2449	2445
2456	2483
2540	2644
2821	3084
3459	3947
4539	5212
5921	6625
7281	7863
8365	8778
9117	9392
9608	9772
9886	9951
9967	9937
9867	9758
9609	9419
9191	8915
8597	8244
7857	7447
7020	6572
6103	5622
5137	4659
4218	3829
3508	3259
3079	2958
2887	2845
2830	2833
2857	2905
3000	3153
3397	3745
4211	4791
5460	6186
6925	7631
8284	8858
9353	9770
10116	10402
10636	10822
10966	11080
11172	11249
11313	11373
11426	11475
11511	11536
11538	11521
11467	11375
11242	11066
10851	10608
10350	10093
9853	9650
9492	9397
9366	9406
9534	9764
10126	10630
11278	12042
12857	13652
14362	14940
15366	15656
15829	15923
15958	15964
15942	15906
15855	15789
15711	15620
15520	15410
15287	15152
15004	14847
14683	14515
14343	14169
13996	13819
13634	13436
13229	12994
12742	12421
12215	11675
11854	10876
10876	6922
7511	6664
6616	6370
6282	6222
6199	6191
6188	6184
6178	6166
6153	6139
6131	6130
6135	6147
6160	6172
6179	6185
6188	6192
6198	6208
6224	6244
6264	6285
6307	6327
6347	6363
6374	6380
6381	6380
6382	6382
6384	6385
6384	6376
6365	6345
6315	6274
6219	6143
6041	5906
5725	5490
5209	4877
4515	4144
3786	3464
3194	2982
2822	2717
2647	2600
2574	2555
2542	2536
2534	2537
2542	2549
2551	2550
2550	2539
2529	2516
2503	2492
2488	2488
2500	2525
2580	2671
2819	3043
3356	3766
4271	4845
5457	6077
6664	7202
7674	8080
8425	8715
8951	9142
9277	9356
9378	9345
9258	9124
8951	8738
8483	8194
7870	7516
7147	6764
6371	5975
5567	5156
4743	4342
3972	3647
3377	3170
3022	2925
2864	2835
2826	2836
2862	2916
3013	3172
3418	3768
4235	4811
5480	6205
6940	7653
8310	8894
9399	9824
10180	10470
10708	10897
11049	11167
11262	11341
11409	11468
11521	11566
11605	11630
11638	11627
11586	11506
11383	11218
11013	10770
10506	10234
9972	9743
9557	9435
9381	9403
9512	9732
10076	10564
11195	11944
12754	13555
14277	14874
15322	15628
15813	15917
15960	15970
15951	15916
15867	15800
15722	15633
15529	15418
15295	15161
15010	14853
14689	14520
14353	14178
14009	13833
13649	13451
13243	13010
12759	12434
12230	11684
11866	10878
10878	6910
7504	6652
6602	6355
6264	6201
6175	6164
6159	6157
6148	6138
6126	6115
6107	6110
6116	6130
6144	6159
6167	6173
6176	6181
6188	6200
6217	6236
6254	6275
6297	6318
6336	6355
6367	6374
6377	6380
6383	6386
6391	6392
6391	6385
6372	6350
6322	6280
6224	6144
6039	5897
5712	5475
5184	4850
4490	4121
3769	3455
3191	2984
2835	2732
2669	2629
2604	2588
2577	2571
2567	2571
2572	2579
2580	2582
2577	2574
2562	2553
2544	2537
2534	2538
2553	2579
2627	2703
2826	3005
3254	3580
3979	4441
4942	5454
5956	6423
6851	7233
7573	7870
8127	8335
8487	8578
8606	8566
8469	8314
8118	7881
7614	7317
6998	6663
6320	5978
5641	5305
4974	4640
4311	3995
3702	3448
3237	3076
2961	2890
2847	2830
2829	2845
2876	2939
3040	3207
3454	3806
4271	4845
5508	6227
6960	7675
8336	8929
9447	9884
10251	10550
10797	10993
11151	11273
11371	11451
11519	11577
11626	11668
11706	11732
11745	11740
11710	11644
11540	11385
11189	10950
10683	10395
10109	9850
9636	9478
9402	9399
9493	9690
10016	10482
11094	11828
12630	13436
14173	14791
15263	15590
15795	15909
15960	15971
15956	15924
15878	15814
15736	15645
15544	15429
15305	15170
15019	14860
14698	14529
14362	14190
14021	13847
13665	13468
13262	13026
12775	12449
12243	11694
11879	10882
10882	6896
7493	6639
6586	6337
6242	6178
6149	6135
6128	6126
6116	6108
6094	6086
6082	6085
6095	6110
6124	6139
6151	6157
6164	6169
6179	6192
6208	6226
6246	6264
6285	6305
6324	6339
6355	6365
6372	6379
6384	6390
6396	6400
6399	6392
6380	6358
6328	6287
6230	6149
6039	5892
5699	5453
5159	4821
4461	4096
3747	3440
3187	2991
2849	2753
2695	2659
2638	2623
2613	2605
2602	2602
2605	2609
2613	2616
2614	2611
2605	2597
2591	2587
2588	2594
2610	2637
2680	2747
2842	2981
3166	3408
3706	4054
4435	4833
5234	5619
5984	6323
6638	6930
7188	7404
7570	7673
7703	7659
7549	7380
7169	6924
6655	6366
6070	5770
5474	5188
4912	4648
4397	4143
3897	3663
3448	3260
3107	2992
2912	2862
2837	2832
2842	2867
2910	2980
3092	3262
3516	3870
4332	4899
5549	6258
6982	7696
8359	8963
9489	9943
10321	10636
10892	11099
11262	11390
11490	11569
11632	11685
11730	11768
11802	11826
11843	11848
11826	11774
11679	11541
11354	11124
10852	10555
10252	9966
9719	9532
9421	9397
9467	9644
9948	10392
10981	11695
12489	13300
14055	14699
15198	15549
15771	15898
15959	15975
15967	15935
15891	15828
15750	15662
15560	15446
15321	15181
15031	14872
14705	14538
14369	14204
14033	13860
13680	13486
13278	13043
12790	12467
12257	11705
11891	10886
10886	6877
7478	6618
6566	6314
6217	6148
6116	6101
6093	6090
6080	6073
6062	6057
6056	6061
6075	6089
6108	6123
6134	6144
6150	6159
6171	6186
6200	6218
6234	6254
6271	6290
6307	6326
6340	6353
6361	6371
6380	6390
6396	6404
6403	6396
6384	6365
6335	6294
6235	6153
6039	5886
5689	5435
5136	4795
4430	4067
3726	3429
3186	2998
2865	2775
2720	2690
2671	2659
2648	2642
2638	2639
2639	2641
2647	2651
2653	2653
2649	2646
2643	2643
2644	2653
2669	2696
2732	2789
2863	2966
3101	3273
3480	3725
3992	4280
4571	4865
5152	5436
5711	5977
6221	6435
6596	6702
6733	6688
6576	6406
6194	5955
5703	5444
5187	4936
4694	4472
4265	4073
3889	3715
3542	3380
3230	3103
2998	2924
2875	2846
2840	2848
2871	2905
2961	3044
3168	3348
3612	3962
4420	4973
5608	6298
7008	7707
8373	8978
9516	9984
10382	10712
10983	11201
11370	11501
11603	11681
11738	11784
11821	11853
11882	11907
11923	11931
11916	11874
11790	11666
11490	11266
10995	10696
10378	10071
9797	9581
9440	9388
9434	9590
9870	10293
10861	11558
12346	13163
13935	14604
15130	15506
15748	15889
15958	15981
15972	15946
15903	15845
15768	15681
15580	15462
15337	15196
15043	14884
14718	14548
14378	14214
14044	13872
13694	13499
13290	13058
12806	12480
12269	11712
11898	10885
10885	6858
7461	6598
6547	6290
6192	6119
6086	6070
6061	6055
6049	6042
6035	6032
6036	6044
6058	6075
6093	6109
6122	6131
6140	6149
6163	6176
6195	6209
6224	6237
6255	6271
6288	6305
6322	6333
6347	6359
6370	6384
6392	6400
6403	6401
6388	6371
6341	6301
6239	6158
6040	5883
5677	5420
5111	4766
4401	4040
3704	3416
3179	3002
2878	2798
2751	2723
2707	2696
2685	2677
2672	2671
2672	2679
2687	2694
2700	2705
2706	2705
2703	2701
2704	2714
2728	2750
2782	2828
2888	2966
3056	3172
3308	3465
3636	3821
4015	4217
4424	4643
4868	5091
5308	5500
5656	5750
5783	5739
5632	5474
5277	5062
4842	4623
4415	4220
4044	3884
3742	3611
3492	3378
3265	3160
3066	2986
2923	2884
2859	2852
2863	2882
2917	2965
3034	3131
3268	3465
3734	4090
4534	5072
5684	6345
7036	7716
8371	8978
9527	10010
10425	10774
11056	11287
11464	11600
11701	11776
11829	11870
11896	11923
11945	11968
11984	11993
11984	11946
11870	11756
11588	11373
11107	10804
10482	10158
9863	9620
9454	9374
9395	9529
9790	10187
10736	11417
12204	13023
13815	14505
15056	15457
15721	15875
15953	15979
15977	15954
15914	15856
15785	15698
15598	15483
15353	15213
15060	14894
14729	14558
14389	14221
14054	13878
13701	13508
13300	13068
12814	12489
12276	11715
11899	10881
10881	6834
7443	6576
6524	6266
6167	6093
6057	6036
6028	6022
6016	6013
6012	6011
6018	6028
6046	6061
6082	6098
6109	6122
6132	6141
6157	6169
6187	6199
6210	6222
6235	6251
6268	6284
6299	6316
6327	6343
6358	6371
6384	6393
6397	6396
6387	6371
6344	6305
6243	6160
6042	5880
5670	5405
5092	4742
4374	4015
3681	3399
3175	3007
2893	2820
2779	2754
2738	2725
2717	2707
2702	2699
2703	2712
2723	2735
2747	2757
2762	2763
2764	2763
2764	2768
2780	2796
2823	2860
2908	2962
3029	3100
3182	3271
3369	3472
3581	3703
3837	3989
4156	4334
4514	4676
4806	4890
4918	4881
4785	4648
4481	4302
4123	3952
3799	3662
3542	3439
3352	3274
3202	3136
3070	3010
2954	2914
2883	2869
2868	2881
2904	2939
2986	3048
3133	3244
3399	3609
3883	4238
4674	5189
5772	6402
7059	7718
8358	8961
9513	10010
10441	10806
11107	11349
11535	11677
11779	11851
11901	11932
11955	11975
11992	12013
12029	12037
12030	11995
11927	11811
11649	11437
11175	10876
10549	10219
9911	9648
9459	9353
9353	9465
9704	10085
10613	11283
12065	12890
13698	14412
14988	15412
15693	15858
15945	15979
15982	15959
15922	15869
15800	15715
15616	15501
15369	15229
15072	14909
14740	14571
14398	14231
14058	13884
13704	13513
13305	13073
12819	12490
12275	11712
11897	10869
10869	6811
7422	6552
6500	6242
6140	6066
6026	6006
5995	5992
5989	5990
5990	5995
6002	6016
6034	6053
6071	6087
6101	6112
6123	6136
6150	6162
6176	6186
6195	6206
6215	6228
6244	6258
6276	6289
6305	6319
6334	6350
6364	6376
6382	6384
6379	6366
6343	6304
6247	6163
6043	5879
5666	5395
5076	4719
4351	3990
3665	3385
3170	3015
2910	2844
2807	2787
2773	2763
2752	2743
2736	2736
2739	2750
2764	2781
2796	2814
2824	2828
2828	2829
2824	2822
2826	2837
2856	2882
2918	2960
3007	3052
3098	3138
3178	3217
3263	3320
3397	3489
3608	3737
3872	3998
4102	4169
4191	4163
4083	3974
3846	3705
3571	3449
3343	3253
3181	3124
3077	3039
3005	2971
2940	2912
2884	2872
2870	2880
2902	2932
2970	3021
3081	3155
3255	3385
3556	3775
4057	4406
4827	5318
5870	6466
7086	7713
8332	8923
9478	9981
10427	10811
11126	11382
11578	11725
11833	11904
11950	11980
11998	12016
12031	12050
12064	12072
12062	12025
11956	11839
11675	11468
11205	10910
10584	10251
9933	9658
9450	9324
9302	9393
9612	9976
10490	11150
11926	12763
13581	14318
14917	15361
15663	15839
15937	15975
15979	15961
15928	15878
15812	15730
15630	15514
15384	15242
15086	14921
14750	14578
14406	14233
14060	13883
13705	13510
13303	13071
12819	12488
12271	11701
11887	10851
10851	6783
7395	6524
6475	6215
6114	6038
6001	5980
5969	5965
5968	5969
5972	5980
5993	6007
6024	6043
6061	6074
6090	6101
6115	6127
6143	6157
6169	6176
6183	6189
6198	6207
6221	6236
6251	6264
6280	6293
6309	6324
6338	6352
6361	6366
6364	6353
6333	6298
6242	6160
6043	5879
5662	5388
5065	4707
4333	3973
3650	3381
3173	3026
2931	2873
2842	2823
2813	2802
2791	2783
2777	2774
2780	2792
2807	2830
2851	2866
2880	2887
2888	2882
2873	2867
2865	2865
2872	2893
2921	2951
2984	3013
3033	3042
3045	3041
3041	3057
3087	3141
3212	3303
3397	3488
3562	3612
3625	3605
3547	3468
3369	3267
3174	3094
3027	2977
2940	2915
2900	2887
2879	2869
2860	2852
2854	2862
2883	2914
2957	3007
3066	3127
3201	3288
3403	3545
3725	3954
4239	4580
4986	5450
5968	6523
7104	7699
8294	8871
9423	9934
10392	10789
11122	11389
11595	11750
11860	11934
11984	12014
12034	12051
12068	12085
12101	12106
12094	12052
11974	11854
11684	11469
11208	10910
10584	10252
9934	9651
9429	9287
9243	9314
9516	9861
10365	11016
11793	12632
13465	14222
14846	15310
15627	15819
15925	15968
15978	15962
15932	15883
15820	15739
15641	15525
15397	15253
15099	14931
14761	14586
14413	14237
14061	13880
13698	13502
13294	13063
12811	12479
12261	11688
11873	10834
10834	6753
7367	6496
6446	6189
6087	6012
5975	5953
5946	5943
5947	5951
5960	5970
5984	6000
6017	6034
6052	6066
6081	6093
6106	6120
6134	6146
6156	6163
6164	6169
6174	6183
6196	6211
6223	6237
6250	6263
6277	6293
6308	6321
6333	6341
6342	6336
6318	6285
6235	6158
6042	5880
5665	5392
5065	4704
4330	3970
3649	3389
3184	3048
2961	2909
2884	2871
2861	2851
2841	2832
2824	2823
2828	2838
2856	2877
2901	2918
2932	2940
2937	2928
2918	2903
2891	2884
2884	2895
2914	2940
2963	2980
2984	2973
2950	2922
2894	2880
2882	2909
2950	3007
3071	3131
3178	3210
3218	3201
3161	3106
3037	2971
2910	2861
2824	2801
2788	2784
2786	2792
2798	2807
2817	2826
2843	2873
2915	2969
3035	3105
3181	3257
3347	3448
3569	3720
3909	4141
4421	4752
5138	5574
6054	6572
7114	7674
8243	8807
9355	9868
10335	10748
11096	11375
11593	11754
11869	11948
12001	12034
12061	12080
12103	12121
12138	12143
12126	12077
11991	11859
11678	11455
11185	10885
10562	10230
9911	9626
9396	9243
9184	9238
9419	9748
10237	10881
11650	12495
13339	14115
14759	15249
15583	15793
15908	15957
15971	15956
15926	15883
15819	15744
15648	15532
15404	15262
15105	14939
14768	14592
14415	14239
14058	13875
13687	13491
13282	13051
12796	12464
12245	11668
11855	10810
10810	6721
7337	6466
6419	6164
6064	5992
5952	5935
5927	5927
5931	5937
5948	5959
5976	5991
6006	6024
6040	6055
6071	6082
6096	6112
6125	6139
6147	6151
6151	6154
6157	6167
6175	6187
6199	6210
6220	6232
6243	6258
6270	6286
6300	6309
6312	6312
6300	6271
6224	6151
6040	5884
5672	5399
5076	4719
4345	3990
3671	3413
3217	3085
2999	2953
2931	2921
2916	2911
2903	2892
2884	2882
2881	2888
2901	2918
2938	2953
2965	2970
2966	2956
2940	2920
2902	2887
2882	2890
2903	2923
2941	2948
2943	2918
2882	2836
2796	2766
2758	2764
2788	2819
2860	2893
2920	2936
2939	2925
2898	2862
2819	2779
2741	2712
2697	2688
2691	2700
2716	2732
2751	2769
2790	2815
2847	2895
2957	3036
3124	3219
3311	3409
3511	3623
3751	3906
4094	4322
4592	4910
5270	5676
6121	6600
7107	7636
8181	8728
9270	9787
10269	10694
11056	11348
11577	11746
11868	11955
12013	12051
12082	12110
12139	12164
12182	12185
12163	12106
12007	11861
11666	11429
11151	10842
10517	10188
9873	9589
9357	9196
9127	9161
9326	9638
10110	10741
11506	12352
13205	13997
14664	15176
15534	15759
15885	15944
15960	15951
15923	15880
15818	15744
15650	15534
15406	15265
15108	14943
14772	14595
14415	14233
14049	13863
13673	13476
13264	13030
12776	12442
12221	11643
11829	10785
10785	6687
7306	6436
6390	6138
6042	5972
5935	5918
5912	5913
5915	5927
5936	5950
5962	5979
5995	6013
6027	6043
6056	6071
6087	6101
6113	6126
6133	6136
6138	6140
6143	6149
6158	6167
6176	6183
6189	6200
6209	6221
6235	6248
6263	6274
6279	6283
6274	6250
6210	6144
6039	5886
5684	5421
5106	4751
4388	4036
3723	3468
3277	3143
3063	3017
2997	2986
2984	2979
2973	2963
2952	2941
2936	2935
2941	2950
2964	2973
2980	2981
2973	2958
2937	2914
2894	2876
2869	2871
2880	2898
2912	2915
2904	2872
2828	2776
2732	2697
2678	2676
2687	2707
2727	2746
2759	2764
2760	2749
2730	2707
2679	2656
2636	2624
2620	2624
2634	2650
2670	2693
2719	2745
2775	2812
2858	2925
3005	3105
3220	3337
3456	3572
3689	3810
3944	4097
4280	4497
4753	5045
5380	5750
6162	6606
7080	7578
8100	8634
9175	9699
10190	10630
11009	11318
11555	11735
11864	11956
12020	12070
12107	12143
12176	12206
12228	12227
12203	12136
12025	11864
11654	11401
11110	10796
10467	10140
9828	9548
9317	9152
9071	9094
9242	9537
9987	10601
11350	12192
13052	13857
14548	15088
15470	15713
15857	15923
15945	15939
15912	15868
15811	15734
15641	15529
15402	15260
15105	14941
14769	14592
14411	14226
14039	13851
13656	13454
13243	13007
12751	12418
12195	11618
11803	10756
10756	6653
7275	6407
6364	6114
6022	5954
5920	5905
5898	5898
5903	5912
5923	5935
5949	5965
5983	6000
6016	6032
6046	6059
6074	6088
6104	6115
6121	6127
6127	6126
6132	6134
6141	6148
6154	6161
6164	6168
6174	6184
6198	6210
6225	6235
6245	6251
6245	6229
6193	6133
6036	5897
5702	5452
5149	4813
4459	4117
3810	3558
3366	3233
3145	3096
3072	3061
3060	3057
3049	3037
3023	3007
2993	2982
2976	2972
2973	2972
2970	2965
2950	2933
2911	2885
2863	2847
2841	2842
2856	2871
2881	2882
2865	2832
2785	2732
2687	2653
2632	2627
2630	2640
2650	2655
2659	2655
2651	2642
2628	2613
2598	2585
2575	2571
2576	2587
2600	2619
2642	2670
2698	2728
2765	2810
2871	2951
3053	3175
3310	3452
3593	3730
3862	3994
4131	4281
4457	4657
4887	5156
5457	5798
6170	6579
7018	7495
8000	8526
9065	9601
10108	10566
10960	11285
11538	11726
11862	11959
12033	12087
12132	12175
12215	12251
12271	12273
12240	12166
12041	11869
11642	11374
11072	10746
10416	10090
9785	9511
9284	9120
9035	9044
9172	9442
9868	10458
11191	12019
12881	13700
14414	14982
15392	15663
15819	15899
15926	15924
15898	15858
15798	15722
15630	15518
15392	15249
15095	14931
14761	14581
14401	14214
14024	13832
13634	13432
13215	12980
12719	12386
12166	11588
11774	10729
10729	6624
7249	6380
6342	6093
6005	5942
5908	5893
5886	5886
5892	5897
5907	5919
5934	5950
5968	5985
6003	6019
6033	6045
6062	6074
6087	6099
6107	6112
6115	6115
6117	6121
6129	6134
6137	6139
6140	6144
6145	6153
6162	6174
6186	6198
6211	6219
6219	6205
6176	6120
6034	5907
5727	5497
5214	4896
4562	4233
3937	3687
3492	3348
3252	3194
3162	3149
3143	3137
3127	3113
3094	3071
3045	3022
3000	2980
2964	2950
2940	2924
2906	2884
2863	2838
2820	2804
2802	2810
2826	2843
2852	2848
2832	2796
2751	2701
2656	2622
2603	2593
2597	2600
2602	2603
2600	2592
2583	2575
2564	2555
2550	2544
2542	2544
2556	2568
2584	2604
2628	2654
2685	2718
2758	2811
2880	2976
3092	3231
3388	3553
3716	3873
4018	4157
4296	4445
4609	4792
4999	5237
5505	5808
6144	6521
6932	7387
7880	8407
8952	9501
10024	10504
10920	11262
11528	11726
11870	11974
12048	12109
12160	12207
12252	12289
12315	12313
12273	12194
12058	11874
11637	11354
11040	10707
10373	10048
9748	9482
9261	9098
9008	9007
9116	9358
9754	10313
11017	11831
12687	13518
14252	14852
15295	15594
15773	15868
15903	15905
15882	15841
15781	15709
15616	15501
15379	15236
15081	14918
14745	14568
14384	14196
14004	13807
13608	13405
13186	12948
12686	12352
12130	11555
11740	10698
10698	6599
7225	6361
6324	6079
5993	5930
5899	5883
5876	5876
5877	5883
5891	5905
5917	5933
5951	5969
5986	6003
6017	6030
6043	6059
6073	6083
6093	6099
6102	6106
6107	6111
6114	6120
6121	6122
6118	6119
6118	6121
6128	6136
6149	6162
6172	6184
6188	6180
6156	6108
6032	5918
5758	5550
5295	5003
4694	4384
4101	3854
3653	3499
3391	3316
3272	3244
3232	3220
3206	3185
3161	3127
3090	3052
3015	2980
2947	2920
2893	2870
2848	2822
2799	2776
2765	2760
2766	2780
2798	2815
2826	2820
2799	2766
2723	2677
2634	2604
2584	2576
2574	2572
2575	2569
2560	2552
2542	2532
2526	2522
2521	2523
2528	2535
2546	2564
2581	2600
2622	2648
2677	2711
2758	2816
2895	2996
3127	3280
3450	3629
3810	3981
4140	4289
4435	4578
4730	4893
5079	5285
5519	5785
6087	6432
6821	7260
7747	8277
8834	9401
9945	10448
10885	11243
11525	11732
11887	11997
12075	12139
12191	12242
12288	12326
12351	12347
12302	12213
12071	11875
11626	11334
11011	10674
10336	10012
9718	9458
9245	9087
8993	8982
9072	9288
9648	10169
10840	11626
12474	13313
14069	14701
15182	15510
15719	15831
15879	15885
15863	15824
15766	15690
15598	15485
15357	15215
15061	14896
14724	14545
14361	14174
13978	13781
13581	13371
13150	12909
12647	12314
12092	11519
11705	10666
10666	6581
7207	6346
6310	6072
5987	5925
5894	5876
5868	5867
5865	5867
5877	5887
5900	5916
5934	5950
5969	5983
5999	6012
6029	6040
6056	6067
6077	6082
6086	6089
6094	6100
6104	6108
6109	6106
6101	6097
6092	6092
6096	6102
6112	6126
6140	6150
6157	6152
6134	6093
6029	5929
5793	5610
5387	5128
4848	4565
4296	4054
3849	3681
3555	3460
3399	3358
3329	3308
3281	3253
3215	3174
3123	3074
3020	2970
2919	2880
2841	2809
2780	2754
2731	2718
2714	2717
2734	2756
2780	2801
2811	2803
2782	2748
2706	2662
2623	2594
2574	2565
2560	2556
2553	2547
2537	2526
2517	2508
2505	2503
2506	2513
2525	2539
2555	2572
2587	2604
2624	2648
2677	2714
2762	2827
2912	3021
3155	3316
3492	3682
3870	4053
4224	4380
4527	4669
4810	4959
5120	5299
5502	5734
6006	6325
6697	7122
7610	8148
8723	9309
9881	10405
10860	11239
11533	11751
11914	12028
12109	12173
12226	12275
12321	12357
12380	12368
12320	12224
12076	11872
11617	11317
10988	10646
10306	9982
9691	9439
9232	9081
8987	8965
9035	9221
9546	10024
10652	11409
12241	13083
13860	14526
15042	15413
15651	15785
15849	15862
15844	15806
15748	15671
15574	15460
15331	15188
15030	14869
14697	14519
14333	14146
13949	13753
13548	13336
13115	12870
12607	12272
12054	11481
11671	10636
10636	6563
7193	6335
6304	6065
5983	5920
5889	5872
5862	5856
5851	5853
5858	5868
5880	5896
5914	5931
5950	5964
5978	5994
6007	6022
6036	6048
6058	6066
6071	6074
6081	6088
6093	6098
6098	6093
6087	6078
6070	6068
6070	6072
6083	6093
6107	6117
6126	6125
6111	6078
6023	5940
5824	5673
5482	5261
5016	4760
4511	4276
4067	3889
3746	3632
3550	3486
3437	3395
3356	3312
3265	3207
3147	3083
3016	2951
2891	2836
2789	2749
2718	2695
2676	2669
2674	2689
2713	2745
2774	2800
2811	2802
2777	2743
2699	2657
2619	2591
2570	2557
2548	2544
2537	2529
2518	2509
2498	2494
2492	2495
2501	2515
2531	2551
2570	2588
2605	2620
2637	2659
2687	2726
2777	2848
2937	3053
3188	3346
3521	3709
3898	4085
4259	4421
4569	4710
4844	4979
5121	5277
5454	5661
5909	6207
6563	6988
7482	8033
8626	9236
9831	10378
10853	11247
11554	11785
11952	12067
12152	12216
12266	12313
12354	12386
12401	12386
12332	12228
12072	11863
11602	11298
10967	10621
10276	9954
9664	9418
9218	9073
8978	8951
9006	9159
9444	9874
10463	11181
11993	12833
13629	14327
14888	15299
15574	15737
15815	15842
15828	15787
15724	15646
15545	15430
15295	15152
14995	14831
14661	14482
14297	14106
13914	13715
13511	13299
13074	12825
12563	12225
12008	11439
11627	10600
10600	6556
7181	6331
6300	6062
5978	5917
5883	5866
5852	5848
5839	5839
5843	5849
5862	5876
5892	5910
5926	5944
5958	5970
5986	6001
6014	6027
6038	6044
6053	6057
6065	6075
6082	6087
6087	6082
6074	6063
6053	6047
6042	6045
6051	6059
6072	6086
6096	6096
6084	6059
6013	5947
5854	5730
5575	5391
5182	4960
4734	4512
4305	4120
3959	3826
3718	3632
3558	3491
3429	3364
3297	3229
3156	3080
3003	2929
2860	2797
2745	2703
2670	2648
2636	2638
2650	2677
2714	2754
2792	2817
2827	2815
2791	2756
2709	2667
2628	2599
2573	2557
2547	2539
2528	2518
2507	2494
2488	2484
2484	2490
2504	2524
2545	2570
2594	2614
2632	2647
2662	2684
2710	2749
2806	2880
2972	3085
3217	3368
3535	3715
3896	4079
4253	4413
4564	4702
4832	4958
5087	5226
5385	5573
5803	6089
6442	6870
7371	7941
8555	9188
9803	10370
10864	11272
11590	11825
11997	12118
12200	12261
12309	12350
12384	12409
12418	12398
12335	12227
12064	11848
11585	11278
10941	10593
10246	9921
9636	9391
9198	9058
8966	8933
8969	9096
9340	9725
10262	10943
11726	12562
13374	14108
14710	15172
15485	15679
15780	15815
15807	15766
15703	15618
15517	15392
15255	15109
14948	14787
14614	14437
14255	14065
13872	13674
13472	13257
13028	12780
12512	12176
11959	11395
11582	10563
10563	6555
7173	6329
6296	6061
5975	5913
5879	5858
5846	5835
5829	5827
5828	5834
5842	5856
5872	5888
5903	5920
5933	5948
5962	5977
5992	6004
6013	6023
6028	6038
6048	6058
6067	6075
6075	6072
6062	6052
6040	6028
6021	6022
6024	6034
6046	6057
6065	6067
6056	6036
6000	5947
5873	5778
5654	5508
5335	5147
4946	4742
4546	4359
4190	4041
3910	3796
3692	3595
3502	3410
3320	3234
3149	3063
2979	2899
2828	2762
2710	2670
2644	2627
2623	2630
2652	2688
2733	2780
2820	2849
2857	2847
2819	2777
2733	2685
2646	2610
2583	2564
2548	2535
2523	2509
2497	2485
2479	2476
2481	2492
2514	2537
2567	2594
2623	2645
2666	2682
2696	2714
2742	2783
2841	2916
3010	3120
3246	3387
3539	3701
3874	4043
4209	4366
4516	4652
4780	4903
5025	5158
5304	5483
5707	5988
6346	6783
7295	7883
8517	9168
9802	10384
10892	11307
11631	11871
12046	12168
12248	12309
12353	12388
12416	12435
12435	12403
12333	12216
12046	11826
11560	11252
10914	10561
10210	9886
9596	9356
9168	9032
8943	8906
8927	9028
9234	9573
10061	10699
11453	12278
13106	13870
14521	15027
15388	15617
15743	15793
15789	15746
15676	15587
15473	15347
15208	15057
14900	14735
14565	14388
14208	14018
13828	13632
13424	13211
12982	12729
12462	12128
11907	11350
11534	10526
10526	6557
7167	6330
6295	6059
5971	5910
5872	5848
5834	5822
5816	5812
5813	5818
5825	5837
5849	5865
5879	5891
5906	5919
5935	5951
5966	5977
5988	5995
6005	6014
6028	6039
6052	6060
6064	6058
6051	6038
6025	6013
6006	6000
6003	6010
6021	6029
6037	6039
6031	6012
5986	5941
5886	5810
5719	5603
5468	5312
5143	4962
4777	4600
4429	4269
4120	3979
3844	3710
3578	3455
3338	3228
3131	3039
2953	2870
2802	2740
2692	2660
2640	2631
2634	2653
2682	2722
2771	2820
2865	2891
2901	2888
2859	2816
2769	2719
2673	2632
2597	2571
2552	2534
2519	2503
2489	2478
2473	2474
2481	2500
2524	2555
2589	2626
2660	2688
2709	2724
2736	2753
2779	2821
2878	2952
3044	3148
3264	3396
3532	3679
3832	3990
4146	4297
4442	4579
4706	4829
4949	5079
5224	5403
5628	5917
6283	6730
7261	7866
8518	9182
9829	10421
10933	11349
11678	11919
12094	12214
12297	12353
12398	12429
12451	12461
12447	12407
12327	12200
12027	11804
11534	11222
10881	10526
10174	9844
9553	9317
9132	9001
8917	8875
8884	8959
9131	9423
9865	10453
11176	11986
12824	13620
14315	14872
15281	15548
15702	15763
15766	15723
15648	15550
15432	15300
15156	15000
14845	14678
14510	14335
14155	13966
13776	13579
13373	13158
12930	12675
12408	12069
11853	11297
11479	10478
10478	6556
7157	6326
6290	6054
5964	5898
5860	5836
5823	5811
5805	5799
5800	5801
5810	5818
5830	5841
5855	5865
5879	5889
5905	5921
5935	5948
5957	5967
5977	5990
6005	6020
6036	6041
6048	6045
6038	6025
6012	5999
5989	5984
5985	5988
5996	6005
6010	6013
6003	5988
5962	5930
5887	5834
5762	5674
5570	5446
5305	5153
4988	4826
4660	4500
4338	4174
4007	3834
3662	3498
3350	3219
3104	3007
2921	2843
2781	2731
2693	2668
2657	2658
2671	2694
2726	2769
2821	2870
2914	2941
2950	2938
2909	2865
2815	2758
2707	2659
2618	2584
2559	2538
2518	2500
2485	2474
2469	2472
2484	2506
2537	2575
2618	2662
2701	2731
2756	2770
2783	2797
2819	2856
2910	2981
3067	3168
3276	3393
3515	3647
3786	3930
4075	4223
4365	4501
4630	4753
4875	5005
5159	5341
5576	5882
6265	6734
7284	7900
8563	9235
9883	10476
10984	11403
11723	11966
12138	12259
12342	12399
12437	12465
12481	12482
12461	12408
12318	12183
12003	11774
11501	11188
10846	10487
10132	9801
9507	9270
9089	8963
8879	8838
8838	8894
9031	9284
9674	10218
10902	11696
12538	13361
14098	14707
15161	15469
15648	15731
15737	15692
15613	15508
15383	15244
15098	14940
14782	14619
14449	14276
14096	13909
13718	13522
13313	13096
12866	12611
12342	12007
11789	11238
11419	10430
10430	6556
7143	6322
6280	6043
5951	5883
5844	5823
5808	5799
5792	5786
5785	5788
5793	5798
5809	5817
5826	5837
5848	5859
5874	5886
5901	5911
5925	5937
5946	5960
5980	5997
6012	6025
6029	6029
6024	6013
6000	5985
5975	5969
5966	5972
5977	5984
5988	5989
5978	5963
5942	5916
5880	5841
5788	5724
5645	5551
5440	5311
5176	5030
4879	4725
4557	4373
4174	3965
3751	3549
3365	3206
3080	2977
2895	2829
2777	2739
2714	2698
2698	2707
2725	2749
2785	2827
2875	2922
2963	2989
3000	2989
2964	2922
2866	2807
2746	2688
2638	2598
2565	2539
2519	2500
2485	2475
2472	2477
2492	2519
2557	2601
2651	2703
2748	2786
2809	2823
2834	2841
2860	2891
2939	3004
3084	3175
3276	3383
3499	3618
3748	3881
4022	4164
4307	4443
4575	4698
4824	4959
5115	5313
5568	5893
6300	6787
7357	7986
8654	9323
9965	10548
11045	11451
11767	12004
12173	12295
12377	12435
12474	12499
12510	12502
12470	12407
12307	12165
11977	11744
11466	11152
10809	10449
10091	9760
9464	9229
9052	8931
8851	8808
8797	8836
8942	9155
9497	9999
10646	11417
12258	13100
13874	14525
15028	15377
15586	15682
15698	15654
15570	15459
15329	15185
15037	14878
14719	14554
14386	14212
14031	13845
13653	13453
13244	13025
12793	12536
12267	11933
11716	11176
11348	10379
10379	6552
7132	6314
6270	6026
5933	5861
5823	5801
5792	5782
5776	5772
5770	5774
5775	5782
5786	5793
5799	5809
5819	5829
5842	5854
5864	5876
5887	5900
5916	5934
5952	5973
5990	6006
6012	6013
6008	6001
5989	5975
5963	5956
5952	5956
5960	5965
5968	5965
5954	5941
5922	5897
5869	5838
5802	5752
5695	5622
5536	5438
5325	5210
5079	4933
4765	4570
4347	4101
3847	3606
3386	3206
3066	2960
2885	2833
2794	2769
2758	2755
2763	2777
2793	2821
2850	2888
2930	2971
3009	3035
3047	3043
3020	2979
2925	2861
2789	2721
2659	2611
2573	2543
2522	2503
2488	2482
2480	2488
2506	2539
2582	2632
2688	2747
2798	2839
2865	2880
2885	2890
2900	2925
2967	3022
3097	3179
3275	3379
3492	3609
3734	3868
4007	4149
4288	4424
4556	4679
4806	4945
5112	5324
5601	5957
6389	6902
7487	8121
8784	9442
10067	10629
11107	11499
11804	12031
12198	12316
12400	12461
12501	12523
12530	12518
12476	12406
12295	12143
11949	11711
11433	11116
10774	10416
10058	9726
9434	9200
9025	8908
8833	8789
8770	8790
8873	9047
9347	9802
10411	11154
11985	12838
13644	14336
14881	15265
15507	15621
15647	15607
15522	15407
15271	15125
14971	14813
14653	14489
14320	14146
13962	13774
13575	13374
13160	12939
12702	12445
12175	11844
11630	11100
11269	10320
10320	6548
7115	6303
6251	6007
5909	5837
5799	5779
5769	5764
5761	5761
5760	5761
5762	5765
5766	5771
5777	5782
5791	5800
5809	5820
5829	5839
5852	5864
5882	5901
5924	5945
5968	5979
5991	5994
5993	5982
5975	5962
5952	5944
5940	5940
5946	5951
5951	5946
5935	5921
5902	5881
5859	5833
5803	5766
5724	5666
5602	5529
5445	5350
5242	5113
4953	4752
4511	4238
3950	3670
3425	3221
3070	2965
2895	2856
2832	2823
2824	2833
2847	2861
2877	2899
2921	2951
2983	3019
3052	3079
3095	3095
3078	3041
2987	2918
2840	2757
2686	2625
2580	2550
2526	2509
2498	2493
2494	2505
2528	2565
2611	2668
2732	2794
2849	2893
2921	2933
2937	2937
2946	2964
2999	3051
3116	3196
3289	3393
3506	3629
3759	3899
4043	4189
4329	4465
4593	4714
4837	4978
5155	5390
5692	6076
6541	7079
7676	8313
8963	9599
10194	10724
11175	11543
11829	12049
12209	12327
12414	12477
12520	12543
12547	12528
12481	12401
12281	12121
11919	11677
11397	11083
10741	10385
10031	9702
9412	9183
9015	8900
8829	8781
8758	8764
8822	8961
9225	9632
10201	10912
11729	12581
13407	14129
14715	15137
15405	15542
15578	15544
15459	15344
15207	15058
14901	14745
14582	14417
14248	14068
13884	13690
13491	13281
13063	12835
12595	12336
12068	11740
11531	11013
11179	10255
10255	6541
7095	6291
6233	5986
5886	5812
5774	5755
5747	5746
5743	5745
5745	5747
5747	5748
5748	5751
5754	5759
5765	5771
5778	5786
5795	5803
5817	5831
5849	5871
5895	5917
5938	5954
5966	5973
5972	5965
5955	5945
5934	5929
5927	5929
5933	5935
5935	5929
5920	5907
5889	5869
5847	5824
5800	5768
5734	5689
5642	5586
5526	5456
5371	5259
5110	4911
4663	4371
4060	3755
3482	3261
3100	2996
2933	2905
2897	2900
2912	2928
2942	2957
2969	2981
2996	3014
3038	3067
3099	3125
3143	3149
3138	3108
3053	2978
2889	2798
2714	2644
2593	2560
2536	2522
2513	2512
2517	2531
2555	2596
2645	2704
2771	2837
2897	2938
2969	2984
2987	2992
2997	3015
3049	3095
3158	3239
3334	3443
3565	3700
3842	3993
4146	4297
4440	4572
4696	4809
4930	5072
5262	5515
5849	6261
6756	7315
7920	8550
9177	9779
10336	10825
11241	11581
11849	12055
12212	12329
12418	12485
12527	12551
12557	12531
12478	12389
12261	12093
11886	11641
11358	11045
10710	10358
10012	9688
9405	9178
9018	8907
8838	8791
8760	8753
8791	8904
9127	9493
10016	10694
11485	12329
13160	13910
14525	14983
15279	15441
15493	15467
15385	15269
15130	14981
14827	14669
14505	14337
14166	13984
13796	13596
13388	13172
12949	12712
12467	12209
11940	11621
11415	10915
11079	10185
10185	6534
7075	6275
6211	5963
5860	5787
5752	5733
5726	5726
5728	5730
5733	5736
5736	5737
5736	5736
5738	5742
5745	5750
5756	5759
5766	5773
5786	5800
5818	5843
5865	5888
5909	5927
5939	5947
5947	5945
5936	5928
5919	5915
5914	5916
5917	5920
5921	5916
5906	5896
5879	5859
5837	5816
5790	5764
5732	5700
5662	5622
5579	5528
5465	5372
5238	5046
4800	4505
4181	3858
3569	3334
3165	3054
2998	2975
2978	2990
3013	3034
3051	3061
3065	3069
3074	3084
3101	3124
3148	3178
3201	3210
3206	3180
3124	3045
2947	2845
2748	2670
2613	2577
2553	2540
2533	2535
2543	2561
2589	2628
2682	2740
2808	2873
2932	2978
3010	3029
3037	3044
3058	3080
3116	3168
3234	3316
3420	3539
3675	3826
3986	4151
4316	4473
4620	4749
4862	4972
5088	5235
5437	5711
6071	6515
7033	7607
8214	8825
9421	9982
10488	10931
11304	11612
11858	12052
12205	12322
12413	12481
12527	12553
12555	12529
12471	12374
12239	12062
11848	11599
11316	11008
10678	10334
9998	9682
9409	9190
9033	8925
8862	8811
8780	8761
8779	8865
9053	9380
9861	10491
11250	12079
12909	13674
14315	14804
15133	15320
15389	15371
15296	15183
15049	14899
14744	14585
14420	14251
14072	13887
13693	13486
13272	13046
12813	12574
12324	12063
11798	11487
11287	10806
10968	10106
10106	6527
7050	6260
6192	5944
5838	5764
5726	5712
5707	5708
5712	5716
5719	5722
5721	5723
5723	5724
5725	5728
5730	5733
5733	5739
5741	5748
5757	5772
5792	5813
5834	5859
5881	5898
5908	5916
5919	5918
5913	5906
5901	5897
5895	5898
5903	5907
5908	5906
5897	5886
5870	5851
5829	5807
5782	5756
5729	5697
5667	5638
5607	5574
5525	5452
5336	5160
4924	4632
4307	3982
3686	3443
3263	3149
3088	3068
3074	3093
3118	3140
3153	3162
3162	3158
3153	3155
3164	3182
3207	3236
3262	3280
3280	3259
3201	3117
3007	2893
2789	2703
2643	2603
2580	2567
2563	2566
2576	2595
2623	2663
2712	2773
2836	2900
2959	3008
3044	3068
3088	3105
3134	3166
3212	3268
3345	3439
3549	3685
3839	4007
4188	4369
4548	4713
4860	4985
5096	5201
5319	5473
5687	5983
6367	6835
7369	7949
8542	9129
9684	10193
10644	11037
11365	11638
11864	12043
12191	12310
12403	12474
12520	12548
12547	12520
12456	12353
12211	12029
11809	11556
11274	10968
10645	10312
9984	9681
9419	9208
9057	8954
8890	8843
8806	8780
8783	8844
9000	9287
9722	10309
11027	11827
12645	13417
14080	14599
14960	15173
15263	15260
15193	15085
14952	14804
14644	14485
14317	14143
13963	13774
13569	13358
13134	12903
12660	12412
12160	11898
11637	11339
11146	10689
10844	10022
10022	6518
7029	6248
6176	5926
5820	5746
5709	5693
5691	5692
5694	5701
5707	5710
5714	5713
5715	5715
5716	5718
5721	5720
5722	5721
5723	5727
5736	5747
5766	5784
5807	5829
5846	5865
5877	5883
5885	5886
5884	5879
5877	5874
5876	5879
5885	5890
5891	5891
5887	5879
5864	5848
5824	5803
5774	5748
5720	5691
5662	5641
5619	5598
5562	5505
5411	5256
5040	4765
4453	4133
3836	3586
3400	3277
3209	3183
3183	3202
3223	3244
3256	3261
3257	3247
3235	3232
3236	3251
3275	3307
3337	3362
3367	3345
3284	3192
3074	2949
2836	2744
2679	2638
2615	2603
2602	2604
2612	2634
2659	2697
2745	2799
2859	2921
2978	3029
3070	3105
3141	3176
3218	3270
3330	3404
3488	3596
3726	3875
4049	4241
4437	4636
4824	4997
5147	5279
5390	5499
5625	5791
6024	6338
6740	7220
7758	8327
8896	9445
9954	10406
10801	11139
11423	11664
11866	12037
12177	12296
12389	12461
12509	12534
12535	12503
12435	12327
12181	11990
11766	11512
11230	10926
10609	10284
9968	9676
9424	9223
9078	8980
8915	8871
8830	8800
8793	8835
8963	9212
9602	10142
10811	11577
12372	13141
13821	14364
14759	15001
15116	15130
15074	14970
14839	14690
14533	14366
14194	14014
13828	13631
13423	13203
12972	12732
12485	12234
11981	11720
11464	11175
10995	10561
10715	9935
9935	6508
7006	6234
6158	5911
5803	5728
5693	5677
5676	5675
5681	5687
5695	5699
5703	5706
5708	5709
5711	5713
5715	5714
5712	5710
5710	5710
5716	5724
5741	5758
5778	5796
5815	5827
5839	5845
5848	5850
5849	5847
5848	5849
5852	5858
5864	5872
5876	5878
5879	5871
5859	5841
5819	5794
5767	5738
5710	5683
5657	5636
5622	5602
5582	5540
5463	5333
5147	4899
4612	4307
4020	3769
3575	3436
3354	3315
3303	3311
3327	3341
3348	3350
3341	3333
3320	3311
3316	3330
3354	3385
3422	3451
3461	3437
3373	3270
3144	3010
2890	2796
2729	2685
2665	2654
2648	2652
2660	2677
2703	2736
2780	2831
2883	2940
2997	3049
3100	3152
3200	3259
3324	3393
3473	3561
3663	3786
3931	4103
4295	4505
4720	4932
5132	5314
5475	5613
5736	5859
6003	6189
6440	6773
7180	7661
8186	8730
9263	9762
10215	10609
10946	11234
11479	11687
11868	12027
12161	12275
12370	12443
12492	12516
12514	12481
12412	12300
12149	11957
11727	11470
11185	10883
10569	10254
9948	9665
9423	9230
9088	8993
8933	8890
8853	8821
8809	8836
8939	9151
9495	9981
10602	11323
12092	12851
13540	14107
14532	14807
14947	14982
14936	14837
14708	14558
14395	14225
14049	13864
13672	13468
13253	13027
12793	12543
12294	12039
11786	11530
11282	11006
10838	10429
10580	9840
9840	6499
6982	6222
6145	5897
5791	5717
5681	5665
5665	5664
5671	5677
5683	5689
5696	5700
5704	5706
5712	5714
5714	5712
5708	5702
5701	5699
5701	5709
5720	5732
5751	5764
5780	5793
5805	5809
5814	5811
5812	5813
5814	5816
5822	5831
5838	5851
5858	5866
5866	5864
5854	5839
5816	5790
5761	5731
5701	5672
5649	5629
5617	5603
5588	5559
5502	5398
5245	5035
4780	4505
4229	3984
3783	3630
3527	3467
3437	3425
3427	3431
3433	3429
3423	3412
3402	3395
3400	3413
3438	3474
3515	3550
3560	3535
3463	3353
3218	3077
2954	2857
2790	2748
2723	2711
2703	2705
2712	2725
2750	2779
2818	2862
2911	2962
3018	3075
3139	3201
3271	3352
3437	3528
3628	3737
3858	3997
4160	4350
4562	4787
5017	5243
5458	5655
5828	5983
6129	6278
6450	6663
6936	7277
7685	8145
8641	9143
9624	10068
10461	10796
11082	11323
11530	11709
11871	12017
12144	12257
12349	12420
12470	12493
12488	12455
12381	12271
12116	11923
11691	11430
11141	10839
10527	10217
9917	9643
9410	9222
9085	8996
8935	8898
8865	8837
8820	8838
8917	9095
9395	9832
10399	11071
11806	12549
13240	13827
14278	14585
14757	14811
14780	14687
14560	14407
14242	14066
13883	13690
13489	13280
13057	12827
12586	12336
12084	11829
11577	11329
11089	10829
10674	10292
10443	9744
9744	6489
6958	6211
6129	5885
5780	5708
5676	5659
5656	5659
5663	5668
5675	5682
5690	5697
5702	5708
5712	5715
5717	5714
5708	5700
5695	5692
5692	5697
5703	5716
5728	5740
5750	5760
5769	5772
5775	5776
5774	5775
5781	5785
5795	5804
5816	5829
5841	5850
5857	5855
5848	5831
5812	5787
5756	5726
5692	5665
5639	5621
5607	5598
5588	5569
5527	5454
5335	5166
4957	4717
4470	4234
4028	3859
3733	3643
3585	3547
3528	3518
3511	3506
3502	3495
3488	3485
3490	3506
3537	3575
3621	3656
3666	3634
3555	3435
3290	3146
3020	2922
2858	2817
2793	2780
2772	2769
2774	2785
2803	2832
2866	2905
2947	2999
3054	3115
3185	3264
3355	3455
3560	3674
3795	3923
4064	4219
4401	4607
4834	5076
5322	5565
5794	6007
6204	6387
6563	6749
6951	7192
7484	7825
8221	8653
9105	9552
9973	10354
10684	10965
11201	11400
11575	11732
11876	12009
12130	12238
12323	12394
12438	12464
12458	12423
12350	12240
12087	11890
11658	11392
11100	10795
10482	10173
9878	9610
9382	9200
9066	8978
8924	8891
8864	8841
8826	8836
8900	9048
9305	9689
10200	10823
11518	12236
12922	13522
14001	14338
14538	14614
14599	14517
14390	14238
14068	13886
13693	13494
13284	13067
12841	12604
12358	12111
11857	11609
11359	11119
10894	10650
10508	10155
10302	9648
9648	6478
6933	6198
6114	5874
5770	5701
5666	5653
5653	5655
5658	5664
5671	5680
5686	5695
5702	5709
5713	5719
5718	5713
5706	5698
5693	5688
5685	5687
5693	5700
5708	5718
5726	5734
5738	5739
5740	5740
5738	5742
5747	5756
5764	5776
5791	5805
5817	5833
5841	5844
5838	5824
5802	5777
5746	5716
5683	5653
5630	5612
5597	5589
5581	5570
5548	5499
5417	5294
5135	4943
4729	4512
4308	4126
3973	3852
3761	3691
3650	3617
3601	3591
3585	3583
3582	3587
3595	3614
3646	3687
3732	3768
3773	3734
3644	3515
3364	3215
3088	2994
2933	2895
2870	2855
2843	2837
2839	2847
2864	2892
2921	2958
2995	3044
3100	3164
3243	3337
3441	3560
3687	3824
3962	4110
4269	4443
4642	4864
5108	5365
5628	5886
6135	6370
6596	6813
7029	7251
7492	7757
8059	8396
8766	9157
9554	9939
10293	10611
10881	11110
11304	11471
11619	11757
11886	12008
12119	12217
12300	12369
12410	12433
12428	12394
12324	12214
12060	11865
11629	11361
11064	10752
10435	10128
9836	9571
9346	9167
9034	8948
8895	8868
8851	8836
8825	8834
8888	9006
9223	9561
10019	10588
11236	11924
12594	13200
13697	14060
14288	14390
14394	14320
14197	14045
13870	13682
13482	13275
13058	12833
12600	12360
12118	11869
11622	11375
11135	10905
10692	10465
10339	10014
10161	9551
9551	6470
6910	6187
6101	5862
5759	5690
5658	5649
5648	5649
5656	5664
5670	5680
5688	5697
5704	5712
5717	5722
5718	5713
5705	5695
5688	5682
5681	5681
5686	5689
5695	5700
5707	5711
5713	5709
5709	5707
5707	5709
5715	5724
5735	5747
5762	5778
5796	5812
5825	5831
5827	5815
5793	5766
5736	5703
5674	5645
5622	5604
5589	5580
5575	5569
5556	5535
5489	5416
5311	5170
5001	4814
4621	4431
4257	4101
3976	3874
3798	3747
3715	3696
3692	3693
3695	3705
3718	3743
3775	3814
3856	3882
3879	3829
3730	3592
3436	3289
3163	3071
3014	2980
2958	2942
2927	2917
2913	2920
2935	2958
2987	3017
3057	3102
3158	3227
3314	3415
3535	3666
3813	3965
4127	4295
4475	4668
4881	5118
5376	5647
5926	6204
6478	6742
6998	7251
7508	7767
8040	8327
8631	8956
9294	9639
9974	10292
10580	10833
11050	11233
11391	11533
11661	11783
11901	12010
12114	12202
12278	12341
12384	12406
12401	12369
12302	12195
12043	11845
11608	11335
11033	10717
10395	10086
9793	9535
9312	9131
8999	8910
8855	8830
8819	8814
8815	8824
8867	8967
9153	9442
9852	10366
10965	11615
12264	12866
13375	13761
14016	14143
14165	14104
13987	13832
13653	13458
13252	13035
12813	12580
12341	12102
11860	11616
11373	11136
10904	10688
10488	10278
10168	9874
10018	9452
9452	6458
6886	6175
6085	5851
5746	5680
5652	5643
5645	5650
5657	5663
5671	5681
5690	5699
5707	5713
5720	5721
5716	5710
5701	5691
5683	5678
5677	5679
5681	5684
5688	5690
5694	5693
5692	5688
5684	5681
5680	5684
5691	5698
5710	5721
5736	5752
5771	5788
5803	5813
5812	5801
5782	5754
5723	5691
5660	5637
5614	5595
5582	5572
5564	5565
5563	5560
5549	5526
5476	5397
5282	5134
4964	4775
4587	4405
4248	4109
4005	3930
3879	3852
3841	3841
3847	3858
3875	3897
3925	3959
3990	4003
3983	3919
3811	3667
3511	3361
3242	3155
3103	3074
3052	3032
3017	3003
2995	2996
3010	3033
3060	3090
3129	3172
3229	3302
3390	3497
3626	3770
3930	4102
4282	4473
4671	4884
5114	5368
5638	5925
6221	6523
6821	7117
7407	7696
7985	8278
8570	8870
9170	9474
9778	10070
10346	10601
10827	11021
11188	11336
11466	11585
11698	11812
11917	12020
12112	12194
12262	12318
12358	12383
12381	12352
12289	12188
12036	11840
11599	11320
11014	10694
10369	10061
9770	9511
9287	9104
8964	8871
8811	8787
8780	8781
8790	8804
8842	8928
9088	9341
9700	10165
10716	11321
11938	12525
13033	13436
13712	13864
13904	13856
13749	13594
13412	13214
13000	12777
12548	12308
12071	11829
11592	11351
11118	10887
10667	10461
10277	10087
9992	9724
9869	9345
9345	6454
6861	6166
6072	5839
5737	5670
5642	5635
5642	5650
5661	5669
5679	5687
5696	5703
5709	5715
5719	5719
5714	5704
5695	5686
5678	5677
5678	5680
5684	5687
5689	5688
5687	5685
5679	5672
5665	5661
5660	5662
5668	5679
5688	5700
5714	5730
5749	5765
5782	5789
5790	5780
5761	5735
5707	5674
5647	5621
5602	5586
5572	5564
5556	5555
5563	5581
5601	5621
5631	5616
5562	5470
5334	5163
4968	4771
4584	4420
4285	4182
4111	4071
4048	4045
4050	4062
4074	4092
4107	4125
4134	4125
4085	4004
3885	3737
3580	3439
3324	3247
3200	3171
3152	3133
3111	3092
3080	3078
3089	3109
3135	3163
3202	3248
3303	3376
3467	3581
3713	3865
4042	4227
4431	4644
4865	5095
5343	5610
5899	6202
6521	6844
7166	7491
7813	8131
8447	8760
9065	9363
9652	9932
10194	10440
10660	10856
11028	11175
11302	11418
11527	11632
11736	11841
11937	12031
12115	12187
12252	12301
12341	12366
12370	12347
12290	12190
12042	11847
11604	11324
11018	10697
10371	10064
9774	9518
9290	9102
8952	8844
8776	8742
8732	8738
8753	8774
8815	8892
9030	9253
9571	9984
10485	11042
11624	12183
12687	13092
13386	13558
13619	13587
13487	13336
13155	12950
12734	12502
12269	12027
11787	11548
11311	11077
10851	10630
10420	10227
10056	9887
9809	9572
9714	9239
9239	6446
6839	6155
6060	5827
5724	5658
5630	5628
5637	5650
5662	5676
5686	5694
5703	5708
5712	5716
5716	5714
5707	5696
5685	5676
5671	5673
5677	5684
5690	5692
5692	5690
5686	5678
5670	5662
5654	5649
5645	5648
5653	5663
5673	5683
5696	5711
5726	5743
5756	5764
5765	5755
5737	5711
5683	5654
5629	5606
5590	5573
5564	5554
5547	5551
5565	5594
5644	5708
5774	5824
5843	5813
5725	5583
5403	5201
4998	4810
4651	4523
4431	4368
4333	4315
4313	4314
4318	4321
4320	4312
4295	4257
4190	4090
3960	3808
3655	3518
3413	3342
3297	3275
3255	3232
3211	3186
3170	3164
3172	3188
3215	3247
3284	3329
3386	3460
3552	3668
3803	3967
4150	4355
4579	4814
5053	5308
5575	5857
6160	6482
6816	7164
7512	7864
8208	8552
8881	9204
9508	9798
10066	10313
10538	10736
10909	11058
11187	11296
11398	11489
11582	11677
11776	11872
11968	12050
12128	12191
12252	12300
12337	12364
12372	12355
12302	12207
12063	11868
11628	11350
11043	10725
10409	10105
9824	9570
9342	9142
8977	8850
8760	8709
8691	8696
8713	8741
8783	8857
8982	9179
9459	9828
10278	10786
11322	11849
12330	12736
13039	13228
13308	13289
13202	13057
12878	12673
12451	12219
11982	11740
11498	11259
11025	10796
10574	10362
10160	9979
9825	9677
9612	9405
9546	9113
9113	6439
6809	6144
6047	5815
5711	5644
5620	5620
5632	5649
5665	5681
5694	5703
5709	5712
5714	5716
5711	5707
5697	5684
5675	5665
5664	5670
5680	5690
5698	5700
5699	5694
5687	5677
5666	5658
5647	5640
5637	5639
5645	5654
5663	5675
5685	5695
5710	5723
5734	5740
5738	5728
5710	5686
5659	5632
5609	5588
5575	5560
5552	5543
5537	5540
5557	5602
5673	5775
5899	6016
6108	6152
6125	6031
5881	5692
5485	5284
5104	4956
4840	4756
4697	4664
4639	4623
4607	4588
4555	4517
4465	4396
4300	4179
4036	3881
3729	3600
3501	3437
3399	3377
3358	3338
3311	3286
3266	3259
3265	3281
3307	3339
3375	3421
3480	3554
3649	3764
3904	4072
4268	4493
4732	4987
5252	5524
5808	6109
6427	6764
7117	7486
7856	8227
8589	8942
9279	9594
9890	10159
10401	10617
10803	10963
11101	11214
11308	11389
11468	11547
11632	11721
11815	11911
11997	12078
12149	12206
12259	12304
12341	12373
12386	12375
12331	12240
12099	11908
11673	11401
11105	10796
10493	10202
9929	9677
9447	9234
9048	8894
8776	8699
8665	8657
8674	8706
8750	8821
8937	9110
9361	9689
10090	10547
11034	11525
11980	12372
12677	12879
12975	12975
12898	12762
12587	12382
12159	11927
11687	11442
11201	10966
10732	10506
10290	10083
9892	9721
9583	9451
9403	9221
9364	8967
8967	6436
6778	6139
6033	5805
5700	5634
5610	5611
5626	5649
5670	5688
5700	5709
5713	5716
5715	5712
5707	5698
5684	5672
5661	5657
5659	5667
5681	5694
5703	5707
5706	5700
5690	5679
5668	5655
5645	5637
5636	5636
5642	5650
5658	5666
5675	5684
5694	5704
5712	5715
5713	5700
5682	5658
5633	5607
5586	5570
5557	5547
5541	5532
5526	5530
5551	5604
5696	5832
6004	6187
6357	6478
6526	6492
6386	6222
6028	5826
5639	5473
5338	5229
5146	5082
5033	4988
4940	4885
4820	4742
4651	4547
4423	4280
4122	3962
3813	3684
3588	3528
3492	3471
3455	3435
3410	3384
3367	3362
3368	3385
3412	3447
3487	3539
3597	3671
3764	3882
4025	4203
4409	4646
4901	5178
5460	5754
6055	6368
6702	7054
7424	7805
8192	8576
8948	9303
9633	9937
10210	10452
10663	10845
11000	11130
11234	11324
11399	11463
11528	11598
11682	11766
11859	11951
12037	12110
12174	12228
12276	12321
12359	12392
12409	12405
12367	12282
12149	11967
11740	11479
11196	10907
10621	10346
10090	9845
9610	9385
9176	8988
8835	8726
8661	8639
8644	8674
8717	8790
8896	9052
9272	9563
9918	10325
10763	11210
11635	12011
12312	12519
12629	12644
12582	12454
12285	12086
11867	11635
11395	11151
10910	10671
10438	10212
9998	9798
9616	9455
9328	9209
9175	9007
9155	8773
8773	6428
6729	6129
6018	5795
5690	5624
5600	5602
5623	5646
5672	5692
5706	5714
5718	5717
5714	5710
5704	5689
5676	5660
5651	5648
5654	5667
5683	5700
5712	5715
5713	5705
5696	5683
5670	5657
5646	5641
5636	5638
5642	5648
5657	5663
5669	5678
5684	5691
5695	5694
5688	5673
5654	5631
5607	5583
5565	5550
5540	5535
5524	5519
5516	5518
5541	5601
5708	5872
6090	6336
6580	6782
6912	6948
6899	6777
6608	6418
6230	6056
5901	5768
5658	5561
5474	5392
5304	5208
5101	4980
4851	4707
4552	4389
4217	4049
3896	3771
3675	3615
3580	3558
3541	3526
3507	3488
3475	3477
3489	3512
3544	3582
3627	3680
3740	3817
3909	4029
4176	4356
4572	4821
5095	5385
5689	5998
6313	6643
6986	7347
7727	8119
8517	8907
9278	9626
9943	10224
10467	10678
10857	11010
11136	11240
11327	11399
11462	11518
11582	11652
11730	11819
11911	11997
12080	12151
12211	12260
12307	12348
12386	12421
12444	12442
12408	12331
12205	12033
11823	11581
11321	11054
10792	10543
10303	10066
9830	9593
9355	9133
8940	8791
8691	8642
8632	8650
8694	8760
8856	8995
9190	9443
9756	10117
10511	10914
11305	11657
11951	12162
12284	12314
12265	12149
11988	11793
11579	11350
11111	10867
10624	10384
10150	9927
9712	9515
9337	9186
9064	8952
8924	8746
8913	8491
8491	6418
6651	6117
5996	5786
5678	5614
5592	5596
5618	5645
5670	5694
5707	5717
5719	5716
5710	5704
5694	5680
5664	5651
5642	5641
5649	5668
5683	5703
5714	5721
5717	5709
5699	5685
5672	5660
5650	5644
5639	5641
5646	5652
5660	5665
5672	5676
5680	5683
5683	5676
5668	5651
5630	5608
5582	5562
5545	5532
5525	5519
5512	5505
5498	5504
5528	5593
5713	5903
6159	6460
6774	7059
7266	7381
7393	7321
7188	7022
6842	6666
6497	6345
6203	6071
5945	5818
5687	5544
5392	5229
5056	4879
4697	4509
4323	4145
3985	3854
3757	3690
3653	3631
3617	3606
3595	3588
3592	3600
3625	3656
3695	3742
3795	3850
3917	3991
4086	4203
4352	4538
4764	5023
5309	5614
5931	6253
6582	6919
7273	7640
8025	8421
8821	9210
9576	9914
10206	10458
10675	10851
10999	11122
11225	11313
11387	11450
11511	11571
11635	11705
11786	11875
11965	12053
12129	12198
12252	12298
12340	12380
12416	12453
12477	12477
12448	12379
12264	12109
11916	11697
11462	11226
10994	10770
10551	10330
10093	9843
9578	9321
9086	8894
8753	8673
8639	8643
8677	8732
8816	8940
9107	9329
9605	9922
10272	10637
10996	11326
11608	11818
11947	11990
11954	11854
11703	11515
11304	11079
10842	10598
10357	10113
9877	9650
9436	9239
9065	8916
8795	8673
8647	8413
8625	8063
8063	6399
6518	6099
5964	5775
5670	5607
5586	5592
5614	5641
5669	5692
5707	5717
5720	5715
5707	5699
5686	5672
5657	5643
5637	5636
5647	5663
5686	5704
5717	5722
5720	5713
5701	5688
5675	5664
5654	5649
5644	5644
5649	5656
5663	5669
5675	5677
5679	5679
5671	5663
5650	5630
5609	5585
5561	5541
5528	5518
5512	5506
5501	5491
5488	5489
5514	5584
5714	5923
6212	6560
6938	7293
7579	7765
7845	7828
7735	7595
7434	7259
7086	6913
6746	6579
6413	6240
6062	5872
5675	5473
5265	5055
4845	4636
4434	4239
4071	3928
3823	3753
3711	3689
3678	3674
3675	3685
3703	3730
3768	3815
3867	3923
3980	4042
4109	4185
4278	4397
4548	4739
4969	5235
5529	5847
6174	6507
6845	7190
7546	7917
8301	8699
9092	9477
9832	10148
10422	10646
10828	10976
11096	11197
11280	11357
11426	11488
11553	11617
11685	11760
11847	11934
12025	12109
12184	12248
12298	12341
12381	12416
12453	12488
12510	12511
12486	12422
12320	12179
12010	11817
11612	11408
11207	11011
10812	10605
10370	10110
9826	9536
9260	9026
8845	8728
8667	8650
8666	8711
8781	8885
9032	9222
9464	9745
10058	10387
10719	11027
11295	11505
11638	11693
11667	11576
11435	11257
11052	10832
10595	10355
10108	9864
9624	9397
9183	8987
8813	8657
8530	8375
8351	7986
8298	7419
7419	6375
6303	6071
5912	5761
5658	5600
5579	5585
5609	5639
5668	5691
5707	5717
5718	5712
5705	5694
5683	5667
5651	5639
5633	5633
5645	5663
5687	5704
5718	5723
5721	5713
5702	5691
5681	5668
5660	5652
5648	5650
5654	5661
5668	5673
5678	5680
5681	5676
5668	5657
5639	5615
5593	5568
5546	5528
5516	5507
5500	5495
5490	5483
5476	5477
5504	5572
5710	5935
6250	6640
7070	7485
7838	8090
8229	8262
8210	8104
7956	7792
7616	7432
7240	7043
6840	6628
6405	6172
5936	5696
5456	5218
4987	4759
4539	4331
4148	3997
3882	3807
3759	3734
3724	3728
3745	3770
3806	3852
3909	3971
4035	4103
4169	4236
4306	4384
4474	4592
4742	4936
5168	5441
5745	6067
6400	6742
7085	7434
7792	8164
8544	8936
9323	9694
10038	10337
10584	10785
10938	11061
11159	11239
11314	11383
11449	11518
11585	11656
11732	11815
11901	11993
12083	12165
12235	12294
12344	12381
12417	12452
12486	12518
12538	12542
12515	12458
12367	12243
12093	11927
11755	11579
11407	11239
11061	10866
10638	10367
10067	9747
9440	9166
8951	8799
8709	8670
8667	8697
8751	8837
8962	9129
9342	9593
9874	10176
10482	10773
11031	11236
11375	11434
11420	11341
11209	11036
10838	10619
10389	10146
9901	9655
9413	9182
8964	8768
8591	8426
8285	8076
8049	7468
7949	6538
6538	6344
6005	6041
5848	5746
5647	5595
5576	5584
5608	5638
5667	5689
5706	5714
5714	5710
5701	5691
5678	5663
5646	5635
5628	5632
5644	5663
5686	5704
5717	5724
5721	5713
5703	5692
5681	5670
5663	5655
5651	5653
5658	5665
5671	5677
5682	5684
5683	5676
5666	5650
5629	5604
5578	5556
5533	5518
5506	5498
5493	5489
5482	5472
5464	5466
5494	5564
5707	5943
6275	6695
7164	7629
8033	8339
8524	8601
8587	8505
8377	8221
8045	7853
7642	7423
7191	6945
6688	6422
6151	5882
5617	5357
5108	4863
4628	4409
4216	4053
3930	3844
3790	3766
3762	3772
3801	3840
3894	3957
4030	4107
4185	4263
4336	4409
4479	4557
4648	4764
4916	5107
5344	5619
5925	6255
6593	6938
7288	7638
7995	8363
8738	9121
9499	9863
10191	10475
10702	10882
11013	11115
11196	11265
11331	11397
11466	11537
11613	11690
11774	11861
11950	12043
12131	12211
12281	12337
12380	12417
12449	12481
12514	12544
12559	12561
12537	12485
12401	12292
12161	12018
11867	11719
11573	11424
11267	11081
10856	10583
10269	9934
9600	9297
9050	8868
8754	8693
8674	8686
8727	8797
8905	9054
9243	9473
9730	10011
10298	10576
10825	11027
11167	11232
11224	11154
11025	10863
10667	10454
10223	9983
9734	9487
9242	9009
8793	8594
8411	8238
8079	7800
7777	6910
7621	5490
5490	6317
5647	6014
5778	5733
5639	5590
5572	5582
5606	5636
5665	5688
5705	5712
5711	5707
5697	5686
5672	5657
5643	5632
5627	5632
5642	5662
5685	5704
5717	5724
5721	5714
5705	5693
5681	5671
5664	5659
5655	5656
5660	5667
5675	5681
5684	5687
5684	5678
5666	5646
5623	5598
5572	5548
5528	5512
5503	5494
5488	5484
5478	5467
5457	5460
5486	5557
5705	5945
6294	6735
7230	7727
8167	8508
8732	8840
8847	8790
8676	8528
8352	8153
7933	7698
7444	7176
6892	6604
6308	6019
5738	5464
5198	4941
4695	4467
4264	4093
3963	3873
3818	3789
3790	3803
3841	3892
3959	4036
4121	4210
4300	4384
4463	4539
4612	4691
4781	4896
5045	5240
5475	5753
6061	6393
6733	7082
7432	7784
8139	8503
8874	9252
9624	9978
10295	10567
10781	10943
11061	11149
11216	11279
11339	11405
11474	11553
11632	11719
11806	11897
11989	12081
12168	12246
12312	12365
12405	12441
12471	12504
12533	12560
12574	12573
12547	12500
12423	12326
12209	12086
11953	11821
11692	11562
11414	11237
11016	10742
10418	10071
9720	9396
9128	8925
8790	8712
8679	8679
8710	8771
8863	8996
9173	9386
9631	9895
10170	10439
10681	10880
11021	11089
11086	11020
10899	10739
10547	10339
10106	9868
9620	9371
9124	8889
8671	8470
8285	8098
7924	7573
7562	6394
7353	4462
