16254	16254
16254	16254
16254	16254
16254	16254
16254	16254
16254	16254
16254	16254
16254	16254
16254	16254
16254	16254
16254	16254
16254	16254
16254	16254
16254	16254
16254	16254
16254	16254
16254	16254
16254	16254
16254	16254
16254	16254
16254	16254
16254	16254
16254	16254
16254	16254
16254	16252
16245	16227
16183	16083
15879	15514
14943	14166
13259	12339
11527	10869
10326	9812
9248	8605
7917	7257
6715	6335
6135	6076
6103	6166
6228	6295
6407	6604
6928	7370
7884	8400
8858	9226
9490	9646
9689	9609
9403	9079
8672	8259
7933	7783
7838	8072
8394	8709
8921	8982
8887	8655
8338	8004
7716	7523
7443	7456
7526	7611
7690	7752
7799	7813
7771	7675
7553	7472
7484	7615
7858	8162
8463	8688
8777	8697
8453	8112
7762	7529
7493	7686
8071	8568
9092	9578
9984	10291
10484	10554
10487	10273
9915	9442
8930	8469
8133	7936
7837	7773
7701	7618
7567	7619
7843	8268
8878	9603
10335	10988
11507	11912
12283	12718
13283	13959
14656	15260
15705	15987
16137	16208
16238	16249
16253	16254
16254	16254
16254	16254
16254	16254
16254	16254
16254	16254
16254	16254
16254	16254
16254	16254
16254	16254
16254	16254
16254	16254
16254	16254
16254	16254
16254	16254
16254	16254
16254	16254
16254	16254
16254	16254
16254	16254
16254	16254
16254	16254
16254	16254
16254	16254
16254	16254
16254	16254
16254	16254
16254	16254
16254	16254
16254	16254
16254	16254
16254	16254
16254	16254
16254	16254
16254	16254
16254	16254
16254	16254
16254	16254
16254	16254
16254	16254
16254	16254
16254	16254
16254	16254
16254	16254
16254	16254
16254	16254
16254	16254
16254	16254
16254	16254
16254	16254
16254	16252
16245	16227
16184	16082
15882	15517
14950	14177
13265	12336
11511	10836
10287	9776
9224	8597
7923	7279
6751	6398
6229	6213
6280	6367
6434	6478
6533	6656
6892	7251
7694	8161
8595	8952
9213	9374
9423	9367
9200	8931
8593	8254
7993	7881
7936	8129
8385	8622
8776	8819
8749	8589
8368	8134
7926	7776
7696	7674
7681	7701
7722	7757
7803	7849
7864	7835
7773	7724
7728	7810
7969	8170
8375	8532
8599	8540
8357	8084
7795	7587
7538	7684
7998	8423
8877	9311
9686	9977
10164	10231
10167	9967
9640	9233
8815	8469
8247	8154
8125	8090
8007	7882
7773	7770
7946	8341
8932	9637
10349	10976
11471	11859
12219	12659
13234	13923
14631	15242
15693	15979
16132	16207
16237	16249
16253	16254
16254	16254
16254	16254
16254	16254
16254	16254
16254	16254
16254	16254
16254	16254
16254	16254
16254	16254
16254	16254
16254	16254
16254	16254
16254	16254
16254	16254
16254	16254
16254	16254
16254	16254
16254	16254
16254	16254
16254	16254
16254	16254
16254	16254
16254	16254
16254	16254
16254	16254
16254	16254
16254	16254
16254	16254
16254	16254
16254	16254
16254	16254
16254	16254
16254	16254
16254	16254
16254	16254
16254	16254
16254	16254
16254	16254
16254	16254
16254	16254
16254	16254
16254	16254
16254	16254
16254	16254
16254	16254
16254	16254
16254	16254
16254	16254
16254	16254
16254	16252
16245	16226
16181	16081
15877	15512
14943	14168
13256	12322
11487	10810
10260	9759
9225	8621
7966	7341
6834	6510
6387	6423
6546	6671
6745	6757
6741	6765
6883	7125
7470	7866
8256	8596
8846	9005
9065	9037
8929	8749
8522	8295
8127	8066
8118	8254
8419	8553
8630	8645
8609	8533
8434	8327
8219	8128
8053	7987
7925	7866
7824	7822
7870	7949
8032	8081
8095	8081
8073	8089
8135	8207
8289	8361
8395	8366
8260	8081
7876	7709
7648	7728
7943	8253
8607	8959
9283	9547
9730	9802
9748	9571
9297	8982
8697	8511
8453	8492
8554	8558
8459	8273
8084	8000
8114	8470
9037	9722
10408	11001
11464	11825
12171	12605
13182	13876
14589	15214
15673	15968
16128	16204
16237	16249
16253	16254
16254	16254
16254	16254
16254	16254
16254	16254
16254	16254
16254	16254
16254	16254
16254	16254
16254	16254
16254	16254
16254	16254
16254	16254
16254	16254
16254	16254
16254	16254
16254	16254
16254	16254
16254	16254
16254	16254
16254	16254
16254	16254
16254	16254
16254	16254
16254	16254
16254	16254
16254	16254
16254	16254
16254	16254
16254	16254
16254	16254
16254	16254
16254	16254
16254	16254
16254	16254
16254	16254
16254	16254
16254	16254
16254	16254
16254	16254
16254	16254
16254	16254
16254	16254
16254	16254
16254	16254
16254	16254
16254	16254
16254	16254
16254	16254
16254	16254
16254	16252
16244	16224
16178	16072
15860	15488
14911	14128
13220	12297
11482	10820
10291	9811
9298	8708
8071	7459
6966	6672
6593	6687
6870	7038
7124	7109
7024	6944
6938	7048
7281	7594
7935	8240
8473	8616
8681	8684
8647	8578
8490	8405
8352	8349
8397	8470
8529	8558
8559	8544
8536	8542
8555	8566
8556	8524
8456	8359
8236	8114
8020	7988
8034	8142
8273	8392
8464	8485
8464	8415
8356	8302
8263	8248
8247	8244
8214	8137
8022	7909
7837	7843
7939	8109
8332	8586
8845	9087
9269	9357
9321	9180
8975	8771
8636	8625
8738	8921
9074	9110
8985	8735
8456	8289
8342	8662
9208	9878
10542	11108
11537	11864
12179	12586
13141	13823
14536	15167
15642	15949
16118	16200
16235	16249
16253	16254
16254	16254
16254	16254
16254	16254
16254	16254
16254	16254
16254	16254
16254	16254
16254	16254
16254	16254
16254	16254
16254	16254
16254	16254
16254	16254
16254	16254
16254	16254
16254	16254
16254	16254
16254	16254
16254	16254
16254	16254
16254	16254
16254	16254
16254	16254
16254	16254
16254	16254
16254	16254
16254	16254
16254	16254
16254	16254
16254	16254
16254	16254
16254	16254
16254	16254
16254	16254
16254	16254
16254	16254
16254	16254
16254	16254
16254	16254
16254	16254
16254	16254
16254	16254
16254	16254
16254	16254
16254	16254
16254	16254
16254	16254
16254	16254
16254	16254
16254	16252
16243	16223
16172	16060
15836	15446
14850	14064
13165	12278
11514	10906
10423	9970
9471	8887
8253	7637
7151	6865
6817	6954
7187	7396
7498	7464
7331	7173
7067	7076
7210	7448
7728	7993
8190	8309
8365	8396
8430	8473
8529	8589
8649	8706
8751	8762
8739	8682
8621	8584
8592	8648
8734	8823
8884	8890
8836	8723
8571	8415
8297	8251
8291	8404
8557	8709
8813	8856
8823	8728
8595	8449
8328	8247
8222	8236
8261	8269
8233	8167
8091	8033
8012	8042
8129	8275
8471	8693
8887	9000
9005	8915
8784	8687
8684	8821
9072	9361
9581	9634
9485	9174
8821	8592
8605	8905
9447	10116
10775	11326
11729	12015
12279	12626
13130	13778
14474	15109
15598	15923
16104	16195
16234	16249
16253	16254
16254	16254
16254	16254
16254	16254
16254	16254
16254	16254
16254	16254
16254	16254
16254	16254
16254	16254
16254	16254
16254	16254
16254	16254
16254	16254
16254	16254
16254	16254
16254	16254
16254	16254
16254	16254
16254	16254
16254	16254
16254	16254
16254	16254
16254	16254
16254	16254
16254	16254
16254	16254
16254	16254
16254	16254
16254	16254
16254	16254
16254	16254
16254	16254
16254	16254
16254	16254
16254	16254
16254	16254
16254	16254
16254	16254
16254	16254
16254	16254
16254	16254
16254	16254
16254	16254
16254	16254
16254	16254
16254	16254
16254	16254
16254	16254
16254	16254
16254	16252
16243	16221
16166	16043
15803	15391
14777	13988
13113	12284
11599	11076
10657	10240
9748	9154
8497	7862
7354	7062
7018	7178
7434	7664
7777	7744
7597	7411
7263	7217
7296	7477
7707	7925
8076	8157
8197	8244
8333	8473
8646	8822
8973	9080
9121	9096
9014	8908
8809	8754
8762	8831
8938	9052
9138	9163
9116	9006
8854	8698
8583	8533
8566	8669
8816	8963
9073	9118
9081	8970
8805	8624
8465	8357
8317	8339
8396	8452
8474	8441
8360	8250
8140	8057
8033	8090
8236	8443
8658	8815
8873	8845
8783	8759
8844	9063
9379	9717
9963	10020
9849	9503
9118	8859
8858	9166
9722	10408
11083	11642
12033	12280
12476	12738
13154	13739
14404	15039
15545	15889
16088	16187
16231	16248
16253	16254
16254	16254
16254	16254
16254	16254
16254	16254
16254	16254
16254	16254
16254	16254
16254	16254
16254	16254
16254	16254
16254	16254
16254	16254
16254	16254
16254	16254
16254	16254
16254	16254
16254	16254
16254	16254
16254	16254
16254	16254
16254	16254
16254	16254
16254	16254
16254	16254
16254	16254
16254	16254
16254	16254
16254	16254
16254	16254
16254	16254
16254	16254
16254	16254
16254	16254
16254	16254
16254	16254
16254	16254
16254	16254
16254	16254
16254	16254
16254	16254
16254	16254
16254	16254
16254	16254
16254	16254
16254	16254
16254	16254
16254	16254
16254	16254
16254	16254
16254	16252
16242	16218
16158	16027
15770	15338
14708	13919
13082	12325
11734	11309
10959	10573
10079	9458
8764	8096
7557	7239
7178	7327
7576	7803
7916	7891
7763	7599
7475	7442
7517	7680
7878	8049
8156	8198
8220	8271
8390	8583
8821	9059
9258	9386
9424	9378
9276	9149
9039	8971
8968	9017
9108	9205
9273	9295
9253	9152
9016	8881
8777	8736
8757	8840
8962	9092
9191	9232
9198	9096
8942	8770
8617	8511
8471	8497
8560	8633
8676	8665
8587	8452
8293	8143
8053	8054
8169	8374
8614	8819
8938	8969
8957	8971
9077	9293
9600	9914
10146	10194
10024	9680
9300	9052
9075	9409
9995	10711
11413	11995
12388	12604
12725	12893
13210	13717
14345	14974
15494	15858
16072	16181
16229	16247
16253	16254
16254	16254
16254	16254
16254	16254
16254	16254
16254	16254
16254	16254
16254	16254
16254	16254
16254	16254
16254	16254
16254	16254
16254	16254
16254	16254
16254	16254
16254	16254
16254	16254
16254	16254
16254	16254
16254	16254
16254	16254
16254	16254
16254	16254
16254	16254
16254	16254
16254	16254
16254	16254
16254	16254
16254	16254
16254	16254
16254	16254
16254	16254
16254	16254
16254	16254
16254	16254
16254	16254
16254	16254
16254	16254
16254	16254
16254	16254
16254	16254
16254	16254
16254	16254
16254	16254
16254	16254
16254	16254
16254	16254
16254	16254
16254	16254
16254	16254
16254	16252
16241	16216
16152	16016
15749	15304
14669	13893
13091	12400
11894	11551
11257	10895
10391	9740
9012	8308
7736	7393
7301	7416
7630	7824
7921	7901
7810	7713
7663	7698
7819	7997
8180	8321
8389	8403
8405	8452
8573	8768
9007	9248
9444	9563
9594	9544
9439	9317
9206	9136
9110	9133
9188	9249
9290	9292
9242	9144
9021	8901
8812	8771
8787	8853
8955	9066
9154	9198
9178	9102
8981	8842
8719	8633
8603	8622
8679	8746
8788	8781
8711	8582
8417	8257
8150	8141
8244	8455
8718	8966
9139	9221
9242	9252
9319	9465
9691	9937
10126	10166
10019	9714
9380	9174
9234	9597
10210	10952
11686	12292
12692	12887
12958	13043
13282	13723
14310	14931
15460	15835
16062	16176
16228	16247
16253	16254
16254	16254
16254	16254
16254	16254
16254	16254
16254	16254
16254	16254
16254	16254
16254	16254
16254	16254
16254	16254
16254	16254
16254	16254
16254	16254
16254	16254
16254	16254
16254	16254
16254	16254
16254	16254
16254	16254
16254	16254
16254	16254
16254	16254
16254	16254
16254	16254
16254	16254
16254	16254
16254	16254
16254	16254
16254	16254
16254	16254
16254	16254
16254	16254
16254	16254
16254	16254
16254	16254
16254	16254
16254	16254
16254	16254
16254	16254
16254	16254
16254	16254
16254	16254
16254	16254
16254	16254
16254	16254
16254	16254
16254	16254
16254	16254
16254	16254
16254	16252
16241	16217
16153	16015
15749	15309
14683	13924
13155	12507
12048	11747
11484	11131
10619	9955
9210	8492
7911	7546
7425	7494
7650	7789
7846	7829
7784	7763
7813	7940
8126	8334
8518	8636
8682	8676
8663	8693
8789	8945
9138	9331
9488	9581
9600	9559
9472	9366
9273	9202
9166	9164
9188	9210
9223	9196
9128	9021
8894	8770
8677	8631
8643	8703
8802	8915
9011	9071
9078	9036
8951	8854
8761	8697
8670	8682
8719	8763
8788	8773
8711	8603
8464	8333
8256	8263
8380	8602
8882	9160
9375	9497
9533	9525
9526	9576
9691	9847
9983	10024
9917	9684
9417	9270
9364	9742
10359	11103
11841	12455
12865	13056
13108	13164
13362	13765
14331	14934
15458	15831
16060	16175
16226	16246
16253	16254
16254	16254
16254	16254
16254	16254
16254	16254
16254	16254
16254	16254
16254	16254
16254	16254
16254	16254
16254	16254
16254	16254
16254	16254
16254	16254
16254	16254
16254	16254
16254	16254
16254	16254
16254	16254
16254	16254
16254	16254
16254	16254
16254	16254
16254	16254
16254	16254
16254	16254
16254	16254
16254	16254
16254	16254
16254	16254
16254	16254
16254	16254
16254	16254
16254	16254
16254	16254
16254	16254
16254	16254
16254	16254
16254	16254
16254	16254
16254	16254
16254	16254
16254	16254
16254	16254
16254	16254
16254	16254
16254	16254
16254	16254
16254	16254
16254	16254
16254	16252
16242	16219
16159	16027
15776	15356
14756	14031
13287	12653
12201	11895
11628	11276
10769	10123
9397	8701
8133	7766
7616	7632
7717	7784
7794	7770
7759	7810
7946	8150
8389	8624
8803	8906
8932	8911
8878	8879
8924	9019
9140	9269
9378	9450
9473	9456
9403	9335
9268	9212
9179	9165
9167	9168
9149	9091
8990	8849
8693	8541
8429	8372
8381	8450
8566	8704
8835	8930
8980	8978
8933	8866
8797	8745
8715	8709
8717	8722
8711	8672
8603	8508
8405	8317
8284	8331
8475	8711
9004	9300
9545	9698
9757	9740
9694	9665
9686	9756
9846	9892
9838	9686
9505	9416
9528	9895
10476	11179
11886	12478
12885	13093
13168	13250
13464	13869
14417	14997
15496	15854
16070	16179
16229	16247
16253	16254
16254	16254
16254	16254
16254	16254
16254	16254
16254	16254
16254	16254
16254	16254
16254	16254
16254	16254
16254	16254
16254	16254
16254	16254
16254	16254
16254	16254
16254	16254
16254	16254
16254	16254
16254	16254
16254	16254
16254	16254
16254	16254
16254	16254
16254	16254
16254	16254
16254	16254
16254	16254
16254	16254
16254	16254
16254	16254
16254	16254
16254	16254
16254	16254
16254	16254
16254	16254
16254	16254
16254	16254
16254	16254
16254	16254
16254	16254
16254	16254
16254	16254
16254	16254
16254	16254
16254	16254
16254	16254
16254	16254
16254	16254
16254	16254
16254	16254
16254	16252
16243	16221
16167	16052
15823	15446
14897	14221
13507	12878
12396	12054
11757	11402
10921	10319
9652	9007
8477	8118
7942	7895
7901	7892
7852	7809
7816	7908
8088	8323
8582	8808
8972	9052
9055	9012
8953	8906
8891	8916
8973	9055
9140	9219
9275	9310
9317	9309
9287	9265
9247	9235
9225	9206
9153	9056
8905	8713
8502	8311
8163	8090
8099	8185
8334	8517
8700	8853
8955	9002
8999	8958
8906	8854
8809	8774
8736	8688
8621	8534
8432	8326
8233	8181
8187	8275
8449	8705
9008	9316
9585	9771
9865	9872
9824	9766
9741	9761
9825	9882
9884	9812
9714	9678
9801	10133
10648	11273
11903	12444
12833	13062
13198	13353
13623	14048
14583	15123
15577	15898
16089	16188
16231	16248
16253	16254
16254	16254
16254	16254
16254	16254
16254	16254
16254	16254
16254	16254
16254	16254
16254	16254
16254	16254
16254	16254
16254	16254
16254	16254
16254	16254
16254	16254
16254	16254
16254	16254
16254	16254
16254	16254
16254	16254
16254	16254
16254	16254
16254	16254
16254	16254
16254	16254
16254	16254
16254	16254
16254	16254
16254	16254
16254	16254
16254	16254
16254	16254
16254	16254
16254	16254
16254	16254
16254	16254
16254	16254
16254	16254
16254	16254
16254	16254
16254	16254
16254	16254
16254	16254
16254	16254
16254	16254
16254	16254
16254	16254
16254	16254
16254	16254
16254	16254
16254	16252
16245	16225
16182	16083
15893	15568
15092	14488
13829	13212
12709	12323
11995	11638
11199	10666
10079	9506
9014	8659
8440	8316
8232	8141
8048	7978
7981	8074
8246	8468
8697	8888
9013	9061
9040	8961
8861	8757
8680	8641
8655	8717
8823	8949
9079	9199
9293	9362
9407	9430
9437	9432
9411	9365
9278	9134
8928	8676
8407	8164
7987	7895
7903	8011
8195	8428
8670	8884
9047	9144
9181	9172
9133	9078
9009	8932
8838	8720
8575	8410
8240	8090
7979	7929
7960	8081
8288	8564
8884	9205
9493	9716
9858	9917
9918	9891
9875	9895
9958	10032
10084	10090
10077	10099
10239	10532
10970	11493
12021	12486
12843	13099
13304	13539
13871	14312
14815	15296
15688	15958
16119	16197
16235	16249
16253	16254
16254	16254
16254	16254
16254	16254
16254	16254
16254	16254
16254	16254
16254	16254
16254	16254
16254	16254
16254	16254
16254	16254
16254	16254
16254	16254
16254	16254
16254	16254
16254	16254
16254	16254
16254	16254
16254	16254
16254	16254
16254	16254
16254	16254
16254	16254
16254	16254
16254	16254
16254	16254
16254	16254
16254	16254
16254	16254
16254	16254
16254	16254
16254	16254
16254	16254
16254	16254
16254	16254
16254	16254
16254	16254
16254	16254
16254	16254
16254	16254
16254	16254
16254	16254
16254	16254
16254	16254
16254	16254
16254	16254
16254	16254
16254	16254
16254	16254
16254	16252
16246	16231
16197	16116
15965	15708
15320	14813
14237	13670
13175	12772
12433	12092
11703	11250
10746	10240
9777	9399
9108	8884
8693	8509
8350	8241
8213	8270
8403	8573
8748	8888
8973	8983
8922	8804
8649	8481
8338	8249
8239	8319
8477	8689
8926	9157
9362	9523
9640	9714
9747	9747
9710	9642
9518	9337
9086	8787
8476	8195
7989	7885
7897	8019
8233	8504
8793	9054
9261	9400
9476	9494
9467	9406
9313	9190
9032	8833
8593	8329
8069	7842
7681	7611
7648	7793
8031	8339
8679	9018
9325	9581
9771	9894
9966	10005
10040	10098
10186	10297
10406	10494
10569	10669
10844	11124
11497	11924
12351	12733
13049	13315
13568	13857
14221	14648
15093	15496
15810	16023
16146	16210
16239	16249
16253	16254
16254	16254
16254	16254
16254	16254
16254	16254
16254	16254
16254	16254
16254	16254
16254	16254
16254	16254
16254	16254
16254	16254
16254	16254
16254	16254
16254	16254
16254	16254
16254	16254
16254	16254
16254	16254
16254	16254
16254	16254
16254	16254
16254	16254
16254	16254
16254	16254
16254	16254
16254	16254
16254	16254
16254	16254
16254	16254
16254	16254
16254	16254
16254	16254
16254	16254
16254	16254
16254	16254
16254	16254
16254	16254
16254	16254
16254	16254
16254	16254
16254	16254
16254	16254
16254	16254
16254	16254
16254	16254
16254	16254
16254	16254
16254	16254
16254	16254
16254	16252
16247	16236
16207	16148
16034	15840
15546	15155
14691	14212
13771	13398
13079	12775
12443	12068
11641	11188
10735	10306
9913	9555
9229	8932
8690	8526
8449	8460
8539	8654
8781	8878
8924	8899
8797	8623
8402	8162
7954	7824
7814	7930
8164	8484
8842	9196
9511	9765
9952	10071
10129	10127
10078	9988
9852	9655
9396	9088
8767	8480
8267	8161
8170	8298
8520	8800
9097	9371
9589	9744
9837	9878
9865	9802
9688	9523
9305	9024
8686	8316
7946	7627
7397	7289
7317	7482
7757	8104
8476	8840
9168	9446
9664	9835
9965	10068
10165	10277
10417	10582
10764	10950
11137	11342
11587	11882
12220	12569
12911	13217
13489	13740
14002	14302
14643	15015
15376	15688
15922	16079
16171	16218
16240	16251
16253	16254
16254	16254
16254	16254
16254	16254
16254	16254
16254	16254
16254	16254
16254	16254
16254	16254
16254	16254
16254	16254
16254	16254
16254	16254
16254	16254
16254	16254
16254	16254
16254	16254
16254	16254
16254	16254
16254	16254
16254	16254
16254	16254
16254	16254
16254	16254
16254	16254
16254	16254
16254	16254
16254	16254
16254	16254
16254	16254
16254	16254
16254	16254
16254	16254
16254	16254
16254	16254
16254	16254
16254	16254
16254	16254
16254	16254
16254	16254
16254	16254
16254	16254
16254	16254
16254	16254
16254	16254
16254	16254
16254	16254
16254	16254
16254	16254
16254	16254
16254	16252
16249	16239
16217	16172
16093	15957
15751	15470
15130	14766
14419	14112
13842	13593
13327	13024
12664	12254
11792	11296
10784	10271
9782	9352
9006	8773
8648	8625
8670	8756
8853	8928
8945	8890
8738	8503
8207	7899
7638	7486
7484	7653
7971	8395
8868	9331
9737	10066
10301	10452
10519	10514
10459	10368
10244	10075
9855	9587
9306	9046
8848	8746
8759	8877
9081	9337
9599	9835
10019	10156
10241	10284
10277	10217
10090	9901
9634	9289
8866	8397
7927	7515
7208	7052
7063	7239
7546	7935
8351	8748
9096	9385
9615	9800
9953	10089
10225	10383
10576	10812
11089	11396
11721	12054
12389	12725
13054	13355
13629	13873
14093	14309
14541	14797
15078	15364
15630	15850
16015	16125
16190	16226
16243	16251
16253	16254
16254	16254
16254	16254
16254	16254
16254	16254
16254	16254
16254	16254
16254	16254
16254	16254
16254	16254
16254	16254
16254	16254
16254	16254
16254	16254
16254	16254
16254	16254
16254	16254
16254	16254
16254	16254
16254	16254
16254	16254
16254	16254
16254	16254
16254	16254
16254	16254
16254	16254
16254	16254
16254	16254
16254	16254
16254	16254
16254	16254
16254	16254
16254	16254
16254	16254
16254	16254
16254	16254
16254	16254
16254	16254
16254	16254
16254	16254
16254	16254
16254	16254
16254	16254
16254	16254
16254	16254
16254	16254
16254	16254
16254	16254
16254	16254
16254	16254
16254	16253
16251	16242
16226	16194
16139	16049
15914	15729
15501	15254
15007	14785
14588	14402
14203	13968
13671	13298
12836	12283
11653	10982
10325	9740
9282	8979
8824	8788
8836	8927
9021	9088
9088	9000
8805	8513
8155	7795
7503	7350
7380	7603
7999	8508
9062	9595
10055	10417
10676	10832
10899	10887
10833	10755
10667	10557
10418	10237
10030	9831
9672	9587
9595	9691
9856	10051
10242	10397
10515	10595
10654	10686
10685	10630
10509	10311
10026	9642
9170	8636
8090	7598
7226	7015
6994	7164
7487	7906
8354	8783
9151	9448
9674	9851
9989	10121
10256	10431
10665	10970
11352	11796
12268	12739
13174	13558
13882	14150
14373	14559
14730	14897
15074	15263
15462	15655
15830	15974
16081	16157
16204	16230
16243	16251
16253	16254
16254	16254
16254	16254
16254	16254
16254	16254
16254	16254
16254	16254
16254	16254
16254	16254
16254	16254
16254	16254
16254	16254
16254	16254
16254	16254
16254	16254
16254	16254
16254	16254
16254	16254
16254	16254
16254	16254
16254	16254
16254	16254
16254	16254
16254	16254
16254	16254
16254	16254
16254	16254
16254	16254
16254	16254
16254	16254
16254	16254
16254	16254
16254	16254
16254	16254
16254	16254
16254	16254
16254	16254
16254	16254
16254	16254
16254	16254
16254	16254
16254	16254
16254	16254
16254	16254
16254	16254
16254	16254
16254	16254
16254	16254
16254	16254
16254	16254
16254	16253
16251	16244
16233	16211
16172	16113
16030	15918
15780	15627
15472	15331
15200	15075
14937	14765
14531	14208
13761	13178
12457	11648
10831	10102
9540	9180
9014	8999
9076	9193
9300	9368
9356	9244
9020	8694
8314	7944
7661	7534
7608	7882
8326	8880
9463	10007
10467	10820
11064	11207
11257	11234
11177	11116
11069	11032
10983	10905
10798	10674
10567	10506
10509	10575
10685	10805
10902	10968
11003	11025
11050	11073
11075	11037
10932	10748
10470	10091
9613	9065
8493	7962
7539	7283
7221	7358
7663	8073
8528	8966
9344	9643
9861	10015
10124	10216
10322	10482
10730	11095
11578	12154
12768	13359
13877	14293
14609	14843
15019	15158
15280	15395
15514	15633
15752	15867
15973	16060
16129	16180
16214	16234
16246	16251
16254	16254
16254	16254
16254	16254
16254	16254
16254	16254
16254	16254
16254	16254
16254	16254
16254	16254
16254	16254
16254	16254
16254	16254
16254	16254
16254	16254
16254	16254
16254	16254
16254	16254
16254	16254
16254	16254
16254	16254
16254	16254
16254	16254
16254	16254
16254	16254
16254	16254
16254	16254
16254	16254
16254	16254
16254	16254
16254	16254
16254	16254
16254	16254
16254	16254
16254	16254
16254	16254
16254	16254
16254	16254
16254	16254
16254	16254
16254	16254
16254	16254
16254	16254
16254	16254
16254	16254
16254	16254
16254	16254
16254	16254
16254	16254
16254	16254
16254	16254
16254	16254
16251	16247
16239	16224
16197	16161
16108	16043
15964	15878
15792	15711
15637	15560
15476	15356
15181	14913
14504	13923
13158	12255
11312	10459
9806	9410
9255	9275
9397	9548
9674	9739
9722	9604
9382	9075
8721	8394
8158	8081
8196	8499
8952	9487
10033	10527
10933	11236
11441	11551
11576	11529
11461	11403
11384	11402
11432	11445
11426	11380
11325	11291
11290	11325
11378	11420
11434	11419
11385	11367
11372	11398
11420	11406
11328	11174
10934	10595
10167	9661
9120	8604
8176	7890
7788	7874
8119	8477
8888	9294
9654	9941
10150	10284
10358	10401
10458	10582
10827	11233
11804	12491
13220	13896
14459	14880
15174	15369
15505	15604
15685	15756
15824	15889
15951	16012
16069	16121
16165	16198
16223	16239
16247	16251
16254	16254
16254	16254
16254	16254
16254	16254
16254	16254
16254	16254
16254	16254
16254	16254
16254	16254
16254	16254
16254	16254
16254	16254
16254	16254
16254	16254
16254	16254
16254	16254
16254	16254
16254	16254
16254	16254
16254	16254
16254	16254
16254	16254
16254	16254
16254	16254
16254	16254
16254	16254
16254	16254
16254	16254
16254	16254
16254	16254
16254	16254
16254	16254
16254	16254
16254	16254
16254	16254
16254	16254
16254	16254
16254	16254
16254	16254
16254	16254
16254	16254
16254	16254
16254	16254
16254	16254
16254	16254
16254	16254
16254	16254
16254	16254
16254	16254
16254	16254
16254	16254
16252	16249
16243	16232
16218	16193
16161	16125
16081	16036
15991	15950
15911	15870
15822	15745
15622	15408
15052	14500
13730	12778
11755	10816
10098	9676
9534	9594
9758	9935
10074	10145
10138	10047
9872	9628
9355	9107
8945	8920
9059	9349
9754	10210
10660	11051
11364	11590
11738	11807
11799	11733
11644	11577
11565	11604
11677	11747
11791	11802
11791	11777
11777	11784
11791	11776
11735	11667
11605	11570
11579	11619
11664	11679
11634	11521
11333	11068
10726	10313
9864	9418
9033	8759
8634	8663
8831	9100
9423	9753
10056	10309
10495	10608
10648	10647
10653	10737
10971	11406
12040	12815
13616	14342
14911	15314
15574	15731
15828	15896
15943	15983
16018	16048
16076	16104
16134	16163
16190	16213
16231	16242
16250	16252
16254	16254
16254	16254
16254	16254
16254	16254
16254	16254
16254	16254
16254	16254
16254	16254
16254	16254
16254	16254
16254	16254
16254	16254
16254	16254
16254	16254
16254	16254
16254	16254
16254	16254
16254	16254
16254	16254
16254	16254
16254	16254
16254	16254
16254	16254
16254	16254
16254	16254
16254	16254
16254	16254
16254	16254
16254	16254
16254	16254
16254	16254
16254	16254
16254	16254
16254	16254
16254	16254
16254	16254
16254	16254
16254	16254
16254	16254
16254	16254
16254	16254
16254	16254
16254	16254
16254	16254
16254	16254
16254	16254
16254	16254
16254	16254
16254	16254
16254	16254
16254	16254
16252	16251
16246	16241
16230	16215
16197	16175
16154	16132
16110	16090
16072	16053
16026	15981
15897	15729
15427	14920
14177	13218
12161	11165
10403	9958
9825	9910
10104	10304
10457	10546
10571	10530
10432	10283
10111	9952
9863	9870
9998	10232
10541	10881
11198	11459
11662	11808
11897	11930
11900	11818
11717	11642
11619	11658
11735	11825
11899	11941
11960	11960
11959	11948
11927	11881
11813	11731
11664	11637
11658	11716
11782	11817
11801	11728
11598	11417
11180	10888
10562	10228
9931	9708
9588	9581
9673	9845
10055	10283
10504	10698
10847	10927
10936	10895
10857	10909
11136	11594
12281	13109
13955	14689
15247	15615
15836	15957
16025	16064
16094	16117
16130	16143
16151	16164
16176	16193
16210	16227
16238	16245
16251	16252
16254	16254
16254	16254
16254	16254
16254	16254
16254	16254
16254	16254
16254	16254
16254	16254
16254	16254
16254	16254
16254	16254
16254	16254
16254	16254
16254	16254
16254	16254
16254	16254
16254	16254
16254	16254
16254	16254
16254	16254
16254	16254
16254	16254
16254	16254
16254	16254
16254	16254
16254	16254
16254	16254
16254	16254
16254	16254
16254	16254
16254	16254
16254	16254
16254	16254
16254	16254
16254	16254
16254	16254
16254	16254
16254	16254
16254	16254
16254	16254
16254	16254
16254	16254
16254	16254
16254	16254
16254	16254
16254	16254
16254	16254
16254	16254
16254	16254
16254	16254
16254	16254
16253	16252
16249	16245
16241	16232
16222	16210
16197	16187
16177	16169
16159	16152
16138	16113
16052	15924
15665	15213
14517	13588
12527	11513
10718	10252
10109	10204
10408	10624
10795	10915
10979	11002
10980	10920
10830	10745
10697	10709
10796	10951
11145	11350
11534	11680
11789	11865
11915	11927
11888	11808
11713	11638
11610	11637
11703	11784
11859	11909
11937	11947
11946	11927
11896	11842
11771	11698
11647	11631
11660	11724
11794	11836
11835	11790
11714	11604
11463	11286
11083	10872
10680	10534
10449	10432
10476	10568
10685	10815
10951	11075
11169	11209
11186	11112
11045	11078
11305	11790
12510	13374
14229	14953
15477	15811
15994	16088
16134	16160
16176	16185
16191	16195
16198	16204
16210	16219
16228	16236
16243	16249
16251	16254
16254	16254
16254	16254
16254	16254
16254	16254
16254	16254
16254	16254
16254	16254
16254	16254
16254	16254
16254	16254
16254	16254
16254	16254
16254	16254
16254	16254
16254	16254
16254	16254
16254	16254
16254	16254
16254	16254
16254	16254
16254	16254
16254	16254
16254	16254
16254	16254
16254	16254
16254	16254
16254	16254
16254	16254
16254	16254
16254	16254
16254	16254
16254	16254
16254	16254
16254	16254
16254	16254
16254	16254
16254	16254
16254	16254
16254	16254
16254	16254
16254	16254
16254	16254
16254	16254
16254	16254
16254	16254
16254	16254
16254	16254
16254	16254
16254	16254
16254	16254
16254	16254
16254	16253
16252	16248
16245	16242
16237	16230
16224	16218
16214	16211
16207	16202
16196	16179
16137	16035
15821	15421
14788	13913
12889	11883
11075	10583
10417	10492
10688	10904
11087	11227
11331	11398
11427	11417
11378	11330
11291	11288
11326	11402
11497	11595
11679	11742
11790	11829
11857	11865
11839	11781
11710	11651
11629	11642
11691	11754
11813	11857
11887	11897
11894	11876
11844	11796
11741	11684
11644	11640
11668	11721
11775	11806
11806	11775
11728	11665
11592	11499
11393	11281
11181	11109
11070	11065
11090	11138
11197	11266
11336	11403
11450	11454
11400	11306
11231	11264
11506	12012
12753	13622
14462	15152
15635	15931
16085	16158
16191	16207
16215	16221
16222	16223
16224	16226
16230	16233
16239	16244
16248	16251
16253	16254
16254	16254
16254	16254
16254	16254
16254	16254
16254	16254
16254	16254
16254	16254
16254	16254
16254	16254
16254	16254
16254	16254
16254	16254
16254	16254
16254	16254
16254	16254
16254	16254
16254	16254
16254	16254
16254	16254
16254	16254
16254	16254
16254	16254
16254	16254
16254	16254
16254	16254
16254	16254
16254	16254
16254	16254
16254	16254
16254	16254
16254	16254
16254	16254
16254	16254
16254	16254
16254	16254
16254	16254
16254	16254
16254	16254
16254	16254
16254	16254
16254	16254
16254	16254
16254	16254
16254	16254
16254	16254
16254	16254
16254	16254
16254	16254
16254	16254
16254	16254
16254	16254
16254	16253
16253	16252
16249	16247
16246	16242
16239	16237
16235	16232
16230	16228
16223	16210
16176	16095
15917	15574
15015	14224
13272	12308
11511	10996
10787	10813
10971	11157
11333	11477
11590	11670
11714	11714
11689	11644
11605	11581
11584	11606
11644	11681
11715	11739
11762	11787
11814	11829
11825	11797
11761	11727
11715	11725
11759	11798
11837	11868
11888	11896
11895	11881
11855	11822
11783	11747
11720	11717
11735	11768
11795	11808
11793	11767
11729	11694
11653	11608
11553	11497
11453	11428
11423	11435
11463	11496
11535	11577
11621	11658
11675	11655
11594	11505
11447	11511
11782	12306
13046	13883
14677	15313
15747	16002
16132	16191
16216	16228
16233	16238
16238	16239
16240	16240
16242	16244
16246	16248
16249	16253
16253	16254
16254	16254
16254	16254
16254	16254
16254	16254
16254	16254
16254	16254
16254	16254
16254	16254
16254	16254
16254	16254
16254	16254
16254	16254
16254	16254
16254	16254
16254	16254
16254	16254
16254	16254
16254	16254
16254	16254
16254	16254
16254	16254
16254	16254
16254	16254
16254	16254
16254	16254
16254	16254
16254	16254
16254	16254
16254	16254
16254	16254
16254	16254
16254	16254
16254	16254
16254	16254
16254	16254
16254	16254
16254	16254
16254	16254
16254	16254
16254	16254
16254	16254
16254	16254
16254	16254
16254	16254
16254	16254
16254	16254
16254	16254
16254	16254
16254	16254
16254	16254
16254	16254
16254	16254
16253	16253
16252	16251
16251	16250
16248	16247
16243	16242
16238	16232
16227	16216
16189	16121
15974	15688
15211	14524
13676	12793
12025	11490
11224	11175
11254	11383
11515	11631
11730	11799
11829	11825
11793	11750
11711	11685
11675	11685
11700	11721
11740	11756
11776	11802
11832	11857
11872	11870
11861	11852
11851	11862
11883	11905
11923	11938
11946	11947
11946	11938
11924	11908
11888	11867
11851	11848
11855	11867
11872	11867
11846	11811
11779	11749
11722	11688
11656	11621
11596	11583
11584	11600
11627	11659
11699	11741
11782	11813
11825	11809
11765	11710
11707	11823
12136	12671
13386	14168
14885	15445
15821	16037
16148	16197
16219	16232
16239	16243
16247	16247
16250	16251
16251	16251
16251	16252
16252	16253
16253	16254
16254	16254
16254	16254
16254	16254
16254	16254
16254	16254
16254	16254
16254	16254
16254	16254
16254	16254
16254	16254
16254	16254
16254	16254
16254	16254
16254	16254
16254	16254
16254	16254
16254	16254
16254	16254
16254	16254
16254	16254
16254	16254
16254	16254
16254	16254
16254	16254
16254	16254
16254	16254
16254	16254
16254	16254
16254	16254
16254	16254
16254	16254
16254	16254
16254	16254
16254	16254
16254	16254
16254	16254
16254	16254
16254	16254
16254	16254
16254	16254
16254	16254
16254	16254
16254	16254
16254	16254
16254	16254
16254	16254
16254	16254
16254	16254
16254	16254
16254	16254
16254	16254
16254	16254
16253	16253
16252	16252
16252	16252
16251	16248
16245	16240
16235	16227
16217	16204
16176	16117
15994	15760
15365	14789
14058	13270
12549	11998
11664	11517
11494	11540
11611	11689
11759	11807
11825	11816
11789	11761
11737	11727
11728	11742
11763	11786
11809	11829
11851	11876
11905	11932
11951	11962
11967	11972
11980	11987
11995	12000
12004	12001
12000	11996
11995	11993
11992	11991
11986	11979
11972	11970
11967	11972
11970	11958
11933	11903
11875	11848
11822	11797
11768	11736
11707	11685
11676	11677
11690	11717
11755	11795
11837	11869
11889	11889
11879	11885
11953	12144
12508	13052
13726	14429
15055	15537
15855	16039
16134	16181
16204	16221
16232	16241
16246	16249
16251	16252
16252	16252
16252	16252
16253	16253
16254	16254
16254	16254
16254	16254
16254	16254
16254	16254
16254	16254
16254	16254
16254	16254
16254	16254
16254	16254
16254	16254
16254	16254
16254	16254
16254	16254
16254	16254
16254	16254
16254	16254
16254	16254
16254	16254
16254	16254
16254	16254
16254	16254
16254	16254
16254	16254
16254	16254
16254	16254
16254	16254
16254	16254
16254	16254
16254	16254
16254	16254
16254	16254
16254	16254
16254	16254
16254	16254
16254	16254
16254	16254
16254	16254
16254	16254
16254	16254
16254	16254
16254	16254
16254	16254
16254	16254
16254	16254
16254	16254
16254	16254
16254	16254
16254	16254
16254	16254
16254	16254
16254	16254
16254	16254
16254	16253
16253	16252
16252	16252
16250	16248
16243	16236
16225	16210
16194	16172
16139	16079
15965	15761
15427	14941
14318	13623
12950	12392
11994	11755
11640	11606
11623	11671
11725	11768
11790	11794
11786	11779
11780	11793
11809	11834
11858	11884
11901	11918
11934	11952
11970	11989
12002	12014
12023	12030
12039	12042
12040	12032
12020	12007
11995	11989
11985	11991
11997	12010
12018	12026
12027	12026
12027	12030
12027	12019
12004	11982
11961	11945
11928	11911
11891	11861
11831	11795
11771	11750
11747	11754
11778	11807
11841	11867
11885	11891
11915	11973
12111	12370
12777	13322
13951	14580
15126	15544
15823	15992
16086	16140
16174	16199
16217	16233
16242	16248
16249	16252
16252	16252
16252	16253
16253	16254
16254	16254
16254	16254
16254	16254
16254	16254
16254	16254
16254	16254
16254	16254
16254	16254
16254	16254
16254	16254
16254	16254
16254	16254
16254	16254
16254	16254
16254	16254
16254	16254
16254	16254
16254	16254
16254	16254
16254	16254
16254	16254
16254	16254
16254	16254
16254	16254
16254	16254
16254	16254
16254	16254
16254	16254
16254	16254
16254	16254
16254	16254
16254	16254
16254	16254
16254	16254
16254	16254
16254	16254
16254	16254
16254	16254
16254	16254
16254	16254
16254	16254
16254	16254
16254	16254
16254	16254
16254	16254
16254	16254
16254	16254
16254	16254
16254	16254
16254	16254
16254	16254
16254	16254
16254	16254
16254	16254
16254	16253
16253	16251
16249	16246
16240	16226
16208	16182
16153	16111
16061	15981
15855	15653
15348	14915
14367	13744
13116	12564
12133	11840
11669	11595
11592	11633
11689	11747
11791	11818
11836	11855
11872	11894
11913	11936
11953	11967
11973	11977
11978	11981
11986	11991
11995	11999
12003	12008
12012	12010
12000	11984
11963	11942
11927	11916
11915	11921
11938	11957
11975	11988
11997	12003
12006	12009
12014	12014
12013	12004
11998	11994
11992	11989
11982	11967
11941	11908
11874	11848
11830	11824
11830	11836
11849	11852
11848	11850
11877	11959
12133	12426
12848	13378
13963	14536
15031	15418
15690	15871
15986	16062
16117	16161
16194	16219
16236	16245
16249	16250
16251	16251
16252	16253
16254	16254
16254	16254
16254	16254
16254	16254
16254	16254
16254	16254
16254	16254
16254	16254
16254	16254
16254	16254
16254	16254
16254	16254
16254	16254
16254	16254
16254	16254
16254	16254
16254	16254
16254	16254
16254	16254
16254	16254
16254	16254
16254	16254
16254	16254
16254	16254
16254	16254
16254	16254
16254	16254
16254	16254
16254	16254
16254	16254
16254	16254
16254	16254
16254	16254
16254	16254
16254	16254
16254	16254
16254	16254
16254	16254
16254	16254
16254	16254
16254	16254
16254	16254
16254	16254
16254	16254
16254	16254
16254	16254
16254	16254
16254	16254
16254	16254
16254	16254
16254	16254
16254	16254
16254	16254
16254	16254
16254	16254
16253	16253
16252	16251
16250	16243
16232	16210
16181	16137
16083	16014
15924	15804
15636	15401
15083	14669
14160	13592
13016	12497
12085	11799
11634	11570
11582	11638
11714	11787
11849	11894
11929	11953
11972	11987
11999	12004
12003	11995
11982	11965
11951	11940
11933	11929
11926	11927
11930	11933
11934	11933
11921	11906
11883	11861
11844	11835
11834	11844
11860	11880
11899	11913
11923	11927
11931	11936
11943	11947
11951	11954
11959	11969
11981	11996
12009	12010
12002	11985
11962	11939
11926	11915
11910	11902
11890	11868
11839	11814
11818	11886
12043	12315
12708	13195
13729	14259
14734	15125
15429	15650
15813	15933
16026	16098
16157	16198
16223	16239
16246	16251
16252	16252
16252	16253
16253	16254
16254	16254
16254	16254
16254	16254
16254	16254
16254	16254
16254	16254
16254	16254
16254	16254
16254	16254
16254	16254
16254	16254
16254	16254
16254	16254
16254	16254
16254	16254
16254	16254
16254	16254
16254	16254
16254	16254
16254	16254
16254	16254
16254	16254
16254	16254
16254	16254
16254	16254
16254	16254
16254	16254
16254	16254
16254	16254
16254	16254
16254	16254
16254	16254
16254	16254
16254	16254
16254	16254
16254	16254
16254	16254
16254	16254
16254	16254
16254	16254
16254	16254
16254	16254
16254	16254
16254	16254
16254	16254
16254	16254
16254	16254
16254	16254
16254	16254
16254	16254
16254	16254
16254	16254
16254	16254
16254	16253
16253	16252
16252	16251
16246	16237
16219	16188
16135	16063
15968	15848
15697	15511
15272	14982
14629	14206
13727	13216
12716	12277
11940	11718
11606	11586
11630	11707
11794	11876
11938	11983
12010	12026
12031	12027
12013	11994
11971	11946
11918	11892
11870	11857
11851	11853
11859	11870
11882	11894
11905	11909
11908	11898
11885	11869
11855	11849
11849	11856
11870	11884
11894	11902
11900	11896
11890	11881
11876	11872
11871	11872
11877	11887
11904	11927
11952	11972
11983	11990
11992	11990
11991	11993
11990	11985
11966	11928
11877	11828
11798	11819
11921	12127
12440	12844
13308	13789
14252	14668
15020	15303
15538	15728
15877	16000
16092	16160
16204	16230
16241	16249
16251	16252
16252	16252
16253	16253
16254	16254
16254	16254
16254	16254
16254	16254
16254	16254
16254	16254
16254	16254
16254	16254
16254	16254
16254	16254
16254	16254
16254	16254
16254	16254
16254	16254
16254	16254
16254	16254
16254	16254
16254	16254
16254	16254
16254	16254
16254	16254
16254	16254
16254	16254
16254	16254
16254	16254
16254	16254
16254	16254
16254	16254
16254	16254
16254	16254
16254	16254
16254	16254
16254	16254
16254	16254
16254	16254
16254	16254
16254	16254
16254	16254
16254	16254
16254	16254
16254	16254
16254	16254
16254	16254
16254	16254
16254	16254
16254	16254
16254	16254
16254	16254
16254	16254
16254	16254
16254	16254
16254	16254
16254	16254
16253	16253
16252	16252
16249	16247
16239	16224
16193	16140
16059	15939
15783	15586
15351	15076
14765	14411
14025	13609
13177	12746
12354	12030
11800	11673
11636	11666
11734	11818
11899	11964
12007	12031
12039	12030
12010	11981
11948	11911
11877	11848
11825	11812
11808	11814
11833	11859
11895	11933
11971	12006
12035	12058
12074	12080
12080	12077
12072	12070
12071	12074
12077	12079
12076	12066
12048	12024
11997	11963
11930	11900
11874	11848
11833	11822
11822	11831
11850	11875
11899	11921
11944	11969
11992	12016
12033	12041
12030	11998
11946	11888
11832	11810
11846	11960
12166	12461
12825	13234
13662	14081
14469	14825
15135	15408
15641	15833
15981	16091
16162	16206
16229	16242
16248	16249
16251	16252
16252	16253
16253	16254
16254	16254
16254	16254
16254	16254
16254	16254
16254	16254
16254	16254
16254	16254
16254	16254
16254	16254
16254	16254
16254	16254
16254	16254
16254	16254
16254	16254
16254	16254
16254	16254
16254	16254
16254	16254
16254	16254
16254	16254
16254	16254
16254	16254
16254	16254
16254	16254
16254	16254
16254	16254
16254	16254
16254	16254
16254	16254
16254	16254
16254	16254
16254	16254
16254	16254
16254	16254
16254	16254
16254	16254
16254	16254
16254	16254
16254	16254
16254	16254
16254	16254
16254	16254
16254	16254
16254	16254
16254	16254
16254	16254
16254	16254
16254	16254
16254	16254
16254	16254
16254	16254
16254	16253
16253	16252
16249	16248
16244	16236
16220	16192
16141	16057
15924	15741
15498	15207
14873	14507
14127	13738
13357	12986
12634	12316
12049	11856
11738	11700
11724	11781
11851	11922
11974	12006
12015	12007
11984	11953
11914	11874
11836	11807
11791	11789
11804	11832
11874	11928
11992	12064
12144	12220
12297	12362
12418	12461
12497	12520
12537	12546
12553	12556
12557	12555
12548	12535
12514	12487
12449	12402
12345	12280
12208	12138
12067	12001
11940	11884
11838	11806
11791	11791
11798	11821
11849	11887
11927	11969
12008	12036
12048	12040
12011	11961
11907	11862
11847	11883
11986	12160
12409	12713
13068	13448
13843	14231
14609	14964
15289	15568
15794	15963
16082	16156
16198	16221
16232	16241
16245	16247
16249	16253
16253	16254
16254	16254
16254	16254
16254	16254
16254	16254
16254	16254
16254	16254
16254	16254
16254	16254
16254	16254
16254	16254
16254	16254
16254	16254
16254	16254
16254	16254
16254	16254
16254	16254
16254	16254
16254	16254
16254	16254
16254	16254
16254	16254
16254	16254
16254	16254
16254	16254
16254	16254
16254	16254
16254	16254
16254	16254
16254	16254
16254	16254
16254	16254
16254	16254
16254	16254
16254	16254
16254	16254
16254	16254
16254	16254
16254	16254
16254	16254
16254	16254
16254	16254
16254	16254
16254	16254
16254	16254
16254	16254
16254	16254
16254	16254
16254	16254
16254	16254
16254	16254
16254	16254
16254	16253
16252	16249
16245	16241
16228	16211
16178	16128
16042	15907
15705	15432
15091	14697
14270	13841
13432	13057
12724	12438
12200	12008
11868	11786
11756	11775
11823	11883
11934	11970
11983	11979
11954	11921
11880	11839
11803	11780
11769	11780
11817	11881
11963	12063
12171	12288
12408	12533
12656	12772
12878	12971
13050	13113
13166	13206
13235	13254
13267	13274
13273	13268
13252	13230
13197	13155
13098	13032
12952	12859
12753	12642
12528	12410
12292	12173
12060	11962
11881	11822
11784	11770
11774	11793
11827	11872
11921	11969
12005	12027
12026	12011
11978	11938
11906	11898
11927	12002
12133	12322
12568	12867
13212	13587
13989	14402
14808	15177
15498	15749
15934	16055
16134	16178
16204	16221
16233	16241
16245	16249
16252	16253
16254	16254
16254	16254
16254	16254
16254	16254
16254	16254
16254	16254
16254	16254
16254	16254
16254	16254
16254	16254
16254	16254
16254	16254
16254	16254
16254	16254
16254	16254
16254	16254
16254	16254
16254	16254
16254	16254
16254	16254
16254	16254
16254	16254
16254	16254
16254	16254
16254	16254
16254	16254
16254	16254
16254	16254
16254	16254
16254	16254
16254	16254
16254	16254
16254	16254
16254	16254
16254	16254
16254	16254
16254	16254
16254	16254
16254	16254
16254	16254
16254	16254
16254	16254
16254	16254
16254	16254
16254	16254
16254	16254
16254	16254
16254	16254
16254	16254
16254	16254
16254	16254
16253	16252
16250	16244
16236	16221
16197	16157
16097	16004
15864	15656
15367	15002
14561	14085
13604	13158
12772	12460
12219	12047
11923	11844
11799	11789
11808	11846
11888	11925
11945	11943
11924	11892
11853	11815
11786	11771
11775	11805
11863	11951
12070	12217
12384	12559
12737	12911
13078	13235
13387	13524
13646	13748
13837	13910
13967	14012
14044	14065
14080	14085
14085	14079
14063	14038
14002	13955
13895	13822
13731	13626
13502	13369
13223	13069
12903	12730
12551	12379
12220	12082
11965	11875
11815	11782
11775	11790
11822	11864
11911	11951
11983	11998
12000	11991
11977	11960
11952	11964
12010	12093
12228	12416
12667	12978
13350	13773
14218	14662
15069	15412
15682	15879
16011	16097
16150	16186
16210	16228
16239	16245
16251	16252
16254	16254
16254	16254
16254	16254
16254	16254
16254	16254
16254	16254
16254	16254
16254	16254
16254	16254
16254	16254
16254	16254
16254	16254
16254	16254
16254	16254
16254	16254
16254	16254
16254	16254
16254	16254
16254	16254
16254	16254
16254	16254
16254	16254
16254	16254
16254	16254
16254	16254
16254	16254
16254	16254
16254	16254
16254	16254
16254	16254
16254	16254
16254	16254
16254	16254
16254	16254
16254	16254
16254	16254
16254	16254
16254	16254
16254	16254
16254	16254
16254	16254
16254	16254
16254	16254
16254	16254
16254	16254
16254	16254
16254	16254
16254	16254
16254	16254
16254	16254
16254	16254
16252	16251
16245	16235
16217	16186
16138	16064
15952	15793
15574	15277
14900	14446
13944	13430
12951	12547
12235	12018
11885	11815
11784	11780
11790	11808
11835	11861
11882	11891
11883	11862
11834	11804
11787	11785
11806	11858
11940	12057
12207	12387
12593	12819
13051	13281
13499	13699
13884	14052
14203	14334
14446	14541
14622	14689
14740	14783
14811	14829
14840	14843
14841	14836
14823	14802
14771	14729
14677	14607
14527	14428
14311	14180
14032	13868
13686	13486
13270	13045
12820	12605
12405	12227
12077	11958
11867	11815
11792	11795
11821	11853
11892	11930
11964	11990
12005	12006
12003	11994
11992	12004
12049	12135
12276	12489
12782	13152
13588	14056
14523	14949
15311	15596
15804	15953
16054	16122
16171	16203
16226	16239
16246	16251
16253	16254
16254	16254
16254	16254
16254	16254
16254	16254
16254	16254
16254	16254
16254	16254
16254	16254
16254	16254
16254	16254
16254	16254
16254	16254
16254	16254
16254	16254
16254	16254
16254	16254
16254	16254
16254	16254
16254	16254
16254	16254
16254	16254
16254	16254
16254	16254
16254	16254
16254	16254
16254	16254
16254	16254
16254	16254
16254	16254
16254	16254
16254	16254
16254	16254
16254	16254
16254	16254
16254	16254
16254	16254
16254	16254
16254	16254
16254	16254
16254	16254
16254	16254
16254	16254
16254	16254
16254	16254
16254	16254
16254	16254
16254	16254
16254	16254
16254	16254
16253	16253
16251	16246
16237	16218
16182	16122
16029	15896
15710	15460
15146	14759
14308	13807
13294	12809
12394	12079
11869	11755
11712	11712
11733	11758
11779	11794
11805	11808
11807	11800
11789	11784
11787	11807
11853	11928
12037	12184
12364	12574
12809	13065
13329	13595
13854	14097
14318	14509
14678	14822
14947	15053
15139	15214
15274	15323
15366	15396
15416	15428
15435	15436
15436	15428
15421	15408
15387	15355
15318	15268
15206	15128
15036	14928
14801	14659
14493	14301
14088	13847
13599	13343
13084	12832
12599	12384
12198	12048
11933	11858
11818	11805
11812	11838
11876	11924
11965	11999
12017	12019
12012	11999
11991	12005
12055	12167
12355	12632
12994	13430
13902	14378
14815	15192
15495	15729
15897	16021
16105	16164
16206	16230
16242	16250
16251	16252
16253	16253
16254	16254
16254	16254
16254	16254
16254	16254
16254	16254
16254	16254
16254	16254
16254	16254
16254	16254
16254	16254
16254	16254
16254	16254
16254	16254
16254	16254
16254	16254
16254	16254
16254	16254
16254	16254
16254	16254
16254	16254
16254	16254
16254	16254
16254	16254
16254	16254
16254	16254
16254	16254
16254	16254
16254	16254
16254	16254
16254	16254
16254	16254
16254	16254
16254	16254
16254	16254
16254	16254
16254	16254
16254	16254
16254	16254
16254	16254
16254	16254
16254	16254
16254	16254
16254	16254
16254	16254
16254	16254
16254	16254
16254	16254
16253	16253
16252	16251
16249	16241
16223	16186
16121	16016
15858	15640
15350	14997
14586	14130
13641	13152
12692	12295
11988	11784
11675	11639
11648	11677
11705	11724
11728	11718
11706	11694
11694	11706
11734	11791
11874	11990
12134	12313
12522	12762
13024	13299
13582	13866
14142	14402
14638	14852
15035	15195
15322	15431
15520	15591
15647	15694
15733	15766
15791	15810
15825	15832
15834	15833
15830	15828
15824	15818
15804	15787
15763	15731
15689	15640
15579	15503
15412	15305
15176	15023
14841	14636
14404	14154
13884	13605
13322	13044
12775	12531
12317	12138
11996	11891
11822	11789
11793	11821
11867	11918
11965	11998
12011	12009
11996	11978
11978	12008
12098	12263
12516	12864
13287	13753
14230	14680
15079	15408
15669	15866
16008	16109
16174	16214
16237	16245
16250	16252
16252	16253
16253	16254
16254	16254
16254	16254
16254	16254
16254	16254
16254	16254
16254	16254
16254	16254
16254	16254
16254	16254
16254	16254
16254	16254
16254	16254
16254	16254
16254	16254
16254	16254
16254	16254
16254	16254
16254	16254
16254	16254
16254	16254
16254	16254
16254	16253
16253	16253
16253	16254
16254	16254
16254	16254
16254	16254
16254	16254
16254	16254
16254	16254
16254	16254
16254	16254
16254	16254
16254	16254
16254	16254
16254	16254
16254	16254
16254	16254
16254	16254
16254	16254
16254	16254
16254	16254
16254	16254
16254	16254
16254	16254
16254	16253
16253	16252
16251	16250
16242	16226
16190	16126
16014	15838
15591	15264
14862	14409
13926	13439
12974	12552
12196	11922
11736	11634
11597	11603
11628	11647
11653	11639
11613	11580
11560	11557
11592	11668
11795	11961
12165	12396
12649	12919
13208	13504
13802	14096
14380	14640
14880	15091
15278	15438
15569	15679
15766	15835
15887	15928
15962	15986
16007	16027
16040	16051
16057	16061
16061	16060
16058	16057
16054	16052
16046	16039
16025	16009
15987	15957
15920	15877
15822	15753
15666	15556
15428	15273
15095	14890
14656	14400
14120	13825
13521	13220
12926	12653
12401	12179
11992	11852
11765	11730
11744	11788
11848	11908
11960	11992
12003	11997
11984	11975
11993	12060
12199	12428
12750	13151
13613	14095
14565	14990
15352	15643
15863	16020
16125	16189
16224	16241
16249	16251
16252	16252
16253	16253
16254	16254
16254	16254
16254	16254
16254	16254
16254	16254
16254	16254
16254	16254
16254	16254
16254	16254
16254	16254
16254	16254
16254	16254
16254	16254
16254	16254
16254	16254
16254	16254
16254	16254
16254	16254
16254	16254
16254	16254
16253	16253
16252	16252
16252	16252
16252	16253
16254	16253
16254	16254
16254	16254
16254	16254
16254	16254
16254	16254
16254	16254
16254	16254
16254	16254
16254	16254
16254	16254
16254	16254
16254	16254
16254	16254
16254	16254
16254	16254
16254	16254
16254	16254
16254	16254
16254	16254
16254	16254
16253	16253
16252	16251
16249	16242
16229	16196
16135	16024
15844	15576
15217	14772
14268	13741
13231	12772
12383	12074
11847	11692
11611	11576
11580	11589
11596	11582
11546	11498
11446	11407
11402	11449
11563	11749
12007	12313
12649	12989
13326	13656
13973	14274
14557	14821
15057	15263
15441	15591
15713	15819
15903	15972
16025	16065
16092	16115
16129	16141
16151	16159
16167	16171
16174	16175
16176	16174
16174	16172
16171	16171
16168	16164
16158	16149
16141	16127
16110	16085
16054	16013
15960	15894
15811	15711
15589	15448
15277	15080
14847	14586
14297	13991
13666	13331
12989	12653
12335	12057
11841	11700
11635	11638
11690	11764
11848	11922
11974	12005
12010	12000
11987	11994
12038	12151
12351	12651
13039	13501
13997	14491
14947	15340
15653	15883
16042	16140
16196	16226
16240	16248
16249	16252
16252	16253
16253	16254
16254	16254
16254	16254
16254	16254
16254	16254
16254	16254
16254	16254
16254	16254
16254	16254
16254	16254
16254	16254
16254	16254
16254	16254
16254	16254
16254	16254
16254	16254
16254	16254
16254	16254
16254	16254
16254	16253
16253	16252
16252	16251
16251	16249
16249	16253
16254	16253
16254	16254
16254	16254
16254	16254
16254	16254
16254	16254
16254	16254
16254	16254
16254	16254
16254	16254
16254	16254
16254	16254
16254	16254
16254	16254
16254	16254
16254	16254
16254	16254
16254	16254
16254	16254
16254	16254
16254	16253
16253	16252
16249	16248
16241	16227
16198	16139
16034	15856
15585	15210
14732	14183
13608	13059
12580	12200
11923	11739
11629	11572
11553	11552
11554	11546
11517	11464
11394	11320
11259	11236
11276	11394
11614	11934
12339	12782
13234	13656
14040	14378
14678	14943
15176	15377
15550	15692
15809	15901
15974	16034
16083	16123
16153	16177
16190	16200
16208	16212
16216	16218
16221	16224
16227	16226
16225	16224
16224	16224
16224	16224
16223	16221
16220	16218
16212	16206
16197	16186
16168	16147
16115	16074
16025	15966
15897	15810
15706	15571
15408	15209
14974	14698
14387	14032
13641	13215
12779	12361
11998	11729
11565	11504
11522	11592
11692	11797
11889	11964
12008	12023
12019	12001
11993	12020
12110	12291
12576	12961
13429	13947
14466	14948
15358	15682
15912	16062
16149	16200
16225	16238
16245	16248
16249	16253
16253	16254
16254	16254
16254	16254
16254	16254
16254	16254
16254	16254
16254	16254
16254	16254
16254	16254
16254	16254
16254	16254
16254	16254
16254	16254
16254	16254
16254	16254
16254	16254
16254	16254
16254	16254
16254	16254
16253	16252
16250	16247
16243	16239
16235	16227
16227	16253
16249	16253
16254	16254
16254	16254
16254	16254
16254	16254
16254	16254
16254	16254
16254	16254
16254	16254
16254	16254
16254	16254
16254	16254
16254	16254
16254	16254
16254	16254
16254	16254
16254	16254
16254	16254
16254	16254
16254	16254
16254	16253
16252	16249
16246	16238
16225	16195
16140	16042
15872	15604
15226	14732
14155	13541
12951	12438
12042	11775
11616	11537
11512	11507
11513	11508
11488	11446
11383	11299
11214	11137
11092	11096
11182	11377
11695	12137
12668	13232
13772	14250
14646	14968
15223	15433
15604	15744
15857	15946
16014	16066
16105	16137
16164	16187
16207	16218
16229	16235
16238	16239
16241	16243
16243	16245
16245	16245
16246	16246
16246	16246
16245	16245
16245	16243
16243	16242
16238	16238
16234	16230
16218	16205
16186	16159
16130	16095
16058	16014
15957	15880
15775	15639
15463	15241
14965	14622
14205	13716
13179	12642
12153	11772
11521	11398
11378	11433
11528	11645
11764	11870
11954	12010
12035	12030
12010	11993
12009	12088
12255	12533
12921	13403
13939	14478
14976	15394
15710	15929
16070	16150
16196	16219
16234	16242
16248	16251
16253	16254
16254	16254
16254	16254
16254	16254
16254	16254
16254	16254
16254	16254
16254	16254
16254	16254
16254	16254
16254	16254
16254	16254
16254	16254
16254	16254
16254	16254
16254	16254
16254	16254
16254	16254
16254	16254
16252	16251
16243	16231
16216	16187
16183	16133
16133	16250
16225	16249
16251	16252
16254	16254
16254	16254
16254	16254
16254	16254
16254	16254
16254	16254
16254	16254
16254	16254
16254	16254
16254	16254
16254	16254
16254	16254
16254	16254
16254	16254
16254	16254
16254	16254
16254	16254
16254	16254
16254	16252
16251	16245
16238	16224
16196	16144
16049	15889
15632	15259
14764	14173
13532	12908
12361	11940
11657	11502
11440	11434
11448	11459
11451	11421
11367	11294
11208	11120
11042	10984
10956	10985
11089	11319
11695	12219
12846	13508
14124	14647
15052	15356
15577	15739
15860	15956
16028	16084
16119	16147
16165	16181
16198	16214
16229	16238
16245	16248
16249	16251
16251	16251
16251	16251
16251	16251
16251	16251
16251	16251
16251	16251
16251	16251
16251	16251
16251	16249
16248	16245
16240	16229
16214	16196
16176	16156
16136	16115
16086	16045
15980	15890
15760	15580
15330	14994
14551	14007
13389	12755
12182	11736
11444	11300
11270	11310
11393	11499
11617	11736
11847	11940
12005	12039
12040	12020
12000	12008
12076	12237
12513	12910
13406	13962
14516	15021
15435	15739
15945	16074
16148	16191
16216	16232
16242	16249
16251	16254
16254	16254
16254	16254
16254	16254
16254	16254
16254	16254
16254	16254
16254	16254
16254	16254
16254	16254
16254	16254
16254	16254
16254	16254
16254	16254
16254	16254
16254	16254
16254	16254
16254	16254
16254	16253
16251	16243
16223	16186
16137	16033
16032	15820
15820	16242
16151	16241
16243	16251
16254	16254
16254	16254
16254	16254
16254	16254
16254	16254
16254	16254
16254	16254
16254	16254
16254	16254
16254	16254
16254	16254
16254	16254
16254	16254
16254	16254
16254	16254
16254	16254
16254	16254
16254	16254
16254	16251
16249	16241
16227	16203
16157	16070
15923	15682
15325	14834
14237	13577
12925	12343
11893	11587
11419	11354
11359	11385
11406	11401
11365	11297
11209	11115
11026	10958
10912	10882
10863	10876
10957	11161
11537	12090
12783	13524
14223	14806
15244	15554
15759	15900
15996	16064
16115	16150
16172	16185
16194	16205
16216	16227
16239	16245
16249	16251
16252	16252
16252	16252
16252	16252
16252	16252
16252	16252
16252	16252
16252	16252
16252	16252
16252	16252
16252	16252
16251	16250
16245	16239
16229	16216
16201	16186
16172	16162
16146	16119
16077	16007
15901	15735
15491	15133
14647	14031
13330	12623
12008	11551
11280	11173
11177	11233
11308	11393
11484	11590
11707	11826
11932	12012
12055	12063
12042	12016
12014	12075
12232	12514
12924	13445
14022	14591
15093	15493
15779	15968
16082	16153
16194	16221
16236	16245
16251	16252
16254	16254
16254	16254
16254	16254
16254	16254
16254	16254
16254	16254
16254	16254
16254	16254
16254	16254
16254	16254
16254	16254
16254	16254
16254	16254
16254	16254
16254	16254
16254	16254
16254	16254
16254	16253
16247	16227
16181	16085
15966	15660
15699	15001
15001	16225
15950	16224
16221	16247
16253	16254
16254	16254
16254	16254
16254	16254
16254	16254
16254	16254
16254	16254
16254	16254
16254	16254
16254	16254
16254	16254
16254	16254
16254	16254
16254	16254
16254	16254
16254	16254
16254	16254
16254	16254
16252	16251
16245	16235
16215	16176
16106	15981
15771	15443
14980	14386
13702	13010
12387	11892
11557	11371
11299	11299
11331	11360
11367	11335
11261	11155
11038	10935
10869	10842
10836	10831
10800	10760
10762	10887
11208	11755
12489	13310
14100	14764
15264	15608
15829	15969
16058	16119
16157	16184
16200	16210
16214	16217
16224	16233
16240	16247
16249	16251
16252	16252
16252	16252
16252	16252
16252	16252
16252	16252
16252	16252
16252	16252
16252	16252
16252	16252
16252	16252
16252	16251
16249	16244
16238	16229
16217	16206
16194	16185
16172	16152
16112	16047
15941	15769
15496	15092
14529	13827
13040	12278
11645	11220
11020	11000
11083	11191
11278	11337
11389	11455
11558	11686
11827	11953
12045	12088
12090	12059
12025	12012
12066	12233
12538	12987
13548	14153
14730	15218
15590	15844
16007	16103
16166	16204
16228	16239
16250	16252
16254	16254
16254	16254
16254	16254
16254	16254
16254	16254
16254	16254
16254	16254
16254	16254
16254	16254
16254	16254
16254	16254
16254	16254
16254	16254
16254	16254
16254	16254
16254	16254
16254	16254
16254	16249
16237	16200
16111	15909
15674	14955
15126	13341
13341	16198
15547	16197
16184	16243
16252	16254
16254	16254
16254	16254
16254	16254
16254	16254
16254	16254
16254	16254
16254	16254
16254	16254
16254	16254
16254	16254
16254	16254
16254	16254
16254	16254
16254	16254
16254	16254
16254	16254
16254	16254
16252	16250
16241	16228
16202	16150
16057	15893
15622	15215
14658	13976
13242	12546
11974	11575
11346	11257
11250	11287
11326	11344
11330	11267
11161	11022
10888	10790
10755	10771
10810	10815
10752	10635
10536	10557
10809	11331
12093	12983
13863	14621
15193	15587
15836	15988
16082	16140
16180	16203
16215	16222
16224	16229
16232	16239
16244	16249
16251	16254
16254	16254
16254	16254
16254	16254
16254	16254
16254	16254
16254	16254
16254	16254
16254	16254
16254	16254
16254	16254
16253	16253
16250	16248
16242	16236
16227	16218
16207	16198
16185	16160
16120	16048
15931	15736
15427	14958
14316	13519
12657	11846
11217	10840
10726	10807
10988	11164
11281	11326
11335	11356
11431	11558
11721	11883
12018	12100
12129	12112
12064	12012
11993	12061
12267	12637
13158	13775
14403	14967
15409	15725
15931	16060
16140	16189
16219	16237
16247	16251
16254	16254
16254	16254
16254	16254
16254	16254
16254	16254
16254	16254
16254	16254
16254	16254
16254	16254
16254	16254
16254	16254
16254	16254
16254	16254
16254	16254
16254	16254
16254	16254
16254	16254
16253	16247
16227	16167
16020	15679
15296	13955
14385	10846
10846	16170
14943	16168
16131	16236
16251	16254
16254	16254
16254	16254
16254	16254
16254	16254
16254	16254
16254	16254
16254	16254
16254	16254
16254	16254
16254	16254
16254	16254
16254	16254
16254	16254
16254	16254
16254	16254
16254	16254
16254	16254
16252	16248
16239	16225
16191	16129
16018	15824
15509	15042
14419	13681
12917	12232
11709	11384
11234	11207
11242	11289
11328	11334
11300	11214
11083	10924
10780	10694
10688	10742
10811	10818
10718	10529
10339	10275
10464	10964
11746	12689
13643	14473
15110	15545
15822	15988
16089	16151
16192	16214
16225	16230
16232	16235
16239	16243
16245	16250
16252	16254
16254	16254
16254	16254
16254	16254
16254	16254
16254	16254
16254	16254
16254	16254
16254	16254
16254	16254
16254	16254
16254	16253
16252	16250
16246	16241
16234	16228
16217	16208
16193	16165
16119	16040
15908	15694
15345	14826
14114	13247
12325	11485
10859	10522
10476	10644
10908	11150
11295	11332
11312	11297
11342	11465
11636	11827
11989	12101
12155	12150
12103	12030
11969	11975
12107	12412
12897	13509
14170	14778
15276	15637
15875	16026
16119	16177
16214	16235
16247	16251
16254	16254
16254	16254
16254	16254
16254	16254
16254	16254
16254	16254
16254	16254
16254	16254
16254	16254
16254	16254
16254	16254
16254	16254
16254	16254
16254	16254
16254	16254
16254	16254
16254	16254
16253	16246
16217	16136
15935	15458
14940	12931
13684	8175
