7809	6942
7371	6849
6971	6703
6673	6544
6482	6411
6356	6305
6259	6218
6170	6128
6081	6028
5975	5922
5863	5810
5751	5698
5649	5602
5564	5531
5502	5478
5458	5441
5421	5399
5379	5354
5330	5305
5278	5256
5238	5221
5205	5189
5177	5158
5143	5127
5113	5105
5106	5120
5162	5231
5341	5497
5711	5983
6325	6725
7179	7674
8192	8706
9196	9639
10021	10336
10582	10768
10911	11030
11142	11259
11389	11541
11706	11875
12050	12205
12331	12427
12472	12470
12409	12298
12133	11928
11690	11427
11157	10889
10638	10401
10194	10008
9851	9711
9595	9490
9398	9308
9222	9130
9034	8922
8796	8653
8499	8330
8147	7961
7778	7599
7430	7280
7154	7045
6969	6916
6898	6898
6923	6965
7026	7098
7183	7274
7377	7481
7596	7717
7849	7989
8145	8313
8489	8675
8875	9082
9303	9535
9777	10029
10293	10565
10848	11143
11439	11739
12037	12329
12607	12867
13109	13324
13510	13662
13781	13864
13910	13920
13890	13817
13706	13561
13370	13148
12894	12610
12308	11987
11660	11329
11000	10684
10386	10112
9869	9657
9490	9367
9283	9247
9254	9306
9397	9525
9684	9871
10078	10298
10524	10751
10971	11179
11369	11538
11679	11793
11875	11925
11942	11932
11893	11826
11742	11635
11514	11383
11241	11090
10938	10780
10620	10465
10315	10168
10038	9910
9811	9702
9653	9545
9565	9439
9439	6946
7649	6852
7086	6704
6706	6545
6488	6408
6350	6301
6252	6208
6159	6113
6064	6010
5954	5895
5838	5780
5720	5668
5616	5571
5530	5494
5466	5442
5418	5400
5379	5359
5339	5314
5291	5269
5248	5229
5212	5197
5183	5170
5155	5137
5118	5102
5088	5074
5073	5087
5121	5186
5290	5441
5646	5913
6247	6642
7093	7585
8105	8622
9123	9579
9980	10315
10580	10789
10949	11081
11203	11322
11452	11595
11752	11916
12072	12214
12328	12408
12446	12429
12364	12244
12079	11873
11639	11382
11120	10863
10619	10397
10198	10023
9873	9741
9627	9525
9432	9344
9253	9163
9064	8952
8828	8686
8530	8365
8191	8012
7836	7663
7502	7363
7239	7141
7065	7015
6993	6985
7006	7041
7092	7151
7224	7303
7387	7479
7584	7689
7814	7949
8097	8251
8422	8604
8800	9003
9225	9450
9689	9940
10200	10475
10761	11055
11358	11659
11964	12258
12545	12811
13060	13276
13467	13619
13741	13824
13868	13875
13836	13758
13642	13485
13289	13061
12804	12517
12213	11893
11566	11241
10920	10615
10327	10071
9841	9649
9492	9385
9321	9301
9322	9385
9485	9621
9785	9974
10179	10397
10619	10843
11051	11254
11433	11590
11722	11827
11898	11940
11949	11932
11881	11812
11716	11609
11483	11346
11200	11046
10890	10730
10571	10415
10264	10120
9984	9862
9765	9656
9606	9508
9524	9406
9406	6947
7644	6856
7084	6706
6706	6543
6487	6403
6341	6291
6243	6195
6144	6098
6041	5983
5926	5864
5805	5744
5681	5627
5573	5525
5482	5445
5417	5392
5364	5346
5325	5307
5285	5266
5245	5227
5209	5192
5176	5168
5154	5140
5127	5111
5091	5071
5052	5040
5033	5041
5074	5131
5227	5371
5568	5827
6149	6537
6980	7469
7988	8516
9026	9501
9923	10283
10574	10808
10993	11139
11271	11395
11525	11661
11804	11955
12094	12218
12315	12380
12401	12378
12302	12179
12011	11804
11574	11326
11077	10833
10600	10391
10203	10038
9896	9774
9665	9568
9477	9391
9300	9206
9105	8992
8868	8727
8576	8417
8249	8079
7909	7750
7603	7469
7358	7262
7192	7146
7120	7114
7123	7151
7183	7231
7284	7345
7412	7487
7572	7666
7774	7894
8026	8179
8336	8513
8700	8901
9112	9340
9574	9822
10086	10364
10649	10943
11250	11558
11867	12171
12459	12733
12984	13211
13402	13565
13686	13767
13807	13806
13763	13680
13553	13389
13186	12952
12686	12399
12092	11775
11452	11134
10825	10532
10261	10021
9811	9641
9509	9423
9376	9375
9414	9491
9602	9747
9917	10107
10311	10527
10743	10955
11157	11345
11515	11658
11779	11867
11926	11955
11955	11922
11866	11787
11686	11568
11437	11294
11144	10986
10828	10666
10507	10345
10194	10050
9920	9796
9704	9600
9558	9457
9475	9360
9360	6947
7630	6854
7078	6704
6701	6537
6476	6396
6336	6284
6231	6177
6128	6074
6011	5953
5889	5826
5763	5698
5633	5575
5520	5472
5427	5388
5358	5330
5302	5281
5259	5238
5220	5202
5186	5171
5157	5145
5133	5125
5117	5103
5090	5072
5052	5032
5007	4993
4984	4989
5013	5067
5154	5289
5474	5722
6033	6410
6845	7329
7848	8379
8905	9398
9845	10234
10556	10818
11030	11199
11343	11473
11600	11726
11858	11989
12107	12212
12292	12339
12344	12307
12222	12091
11924	11722
11495	11257
11019	10787
10574	10379
10206	10057
9926	9811
9709	9619
9528	9448
9356	9261
9158	9046
8918	8782
8637	8482
8323	8162
8007	7860
7725	7607
7505	7423
7358	7314
7290	7277
7279	7290
7313	7336
7372	7410
7457	7507
7573	7646
7733	7838
7957	8089
8241	8404
8587	8780
8986	9206
9442	9686
9948	10221
10511	10810
11120	11430
11744	12054
12351	12633
12892	13124
13324	13486
13607	13690
13729	13722
13670	13578
13445	13266
13058	12817
12543	12254
11945	11632
11316	11010
10713	10438
10191	9970
9786	9642
9541	9475
9456	9474
9531	9626
9750	9901
10079	10270
10474	10680
10889	11090
11281	11453
11609	11737
11837	11910
11955	11969
11955	11909
11842	11750
11641	11515
11376	11226
11071	10910
10746	10580
10418	10262
10108	9964
9840	9719
9630	9528
9491	9396
9414	9306
9306	6948
7614	6855
7070	6701
6697	6533
6473	6389
6325	6273
6214	6159
6103	6044
5980	5913
5848	5779
5710	5641
5576	5513
5458	5406
5357	5319
5281	5250
5225	5199
5179	5160
5145	5128
5115	5104
5098	5089
5085	5077
5070	5058
5046	5026
5008	4985
4959	4940
4928	4928
4947	4992
5074	5197
5370	5606
5902	6262
6685	7167
7683	8221
8757	9271
9746	10166
10521	10818
11055	11248
11405	11542
11666	11785
11903	12012
12111	12191
12252	12278
12267	12214
12121	11986
11819	11617
11402	11173
10953	10738
10540	10363
10208	10071
9955	9851
9760	9677
9592	9508
9421	9327
9221	9109
8985	8852
8708	8562
8412	8265
8124	7993
7874	7769
7683	7613
7558	7519
7494	7477
7473	7468
7471	7479
7487	7498
7515	7544
7578	7630
7694	7777
7877	7994
8130	8285
8454	8640
8841	9058
9287	9530
9788	10062
10350	10650
10962	11280
11599	11912
12220	12510
12778	13015
13222	13387
13513	13592
13628	13615
13560	13456
13310	13125
12906	12654
12378	12087
11782	11471
11166	10873
10597	10340
10118	9926
9772	9656
9583	9550
9554	9597
9677	9789
9927	10090
10268	10464
10661	10860
11058	11247
11421	11576
11710	11820
11903	11958
11983	11980
11946	11889
11808	11704
11582	11448
11298	11143
10980	10816
10644	10479
10314	10157
10008	9868
9744	9630
9545	9451
9416	9328
9348	9250
9250	6943
7596	6851
7059	6697
6690	6527
6463	6380
6317	6255
6196	6135
6074	6011
5940	5873
5797	5723
5651	5579
5511	5448
5388	5332
5281	5241
5200	5166
5138	5115
5094	5077
5060	5049
5039	5033
5029	5027
5025	5021
5014	5006
4992	4975
4954	4930
4906	4882
4865	4864
4878	4915
4987	5096
5257	5476
5756	6104
6517	6981
7498	8041
8586	9123
9623	10074
10467	10797
11067	11280
11456	11600
11722	11832
11934	12020
12096	12156
12194	12198
12172	12107
12002	11866
11698	11503
11298	11086
10875	10681
10503	10344
10205	10089
9988	9895
9815	9737
9658	9582
9496	9401
9298	9187
9064	8932
8800	8659
8522	8386
8261	8148
8048	7962
7893	7836
7793	7760
7736	7717
7699	7682
7666	7647
7631	7614
7603	7598
7605	7627
7664	7724
7802	7898
8018	8157
8318	8492
8684	8892
9114	9360
9612	9887
10176	10478
10789	11107
11432	11752
12066	12363
12635	12883
13091	13264
13389	13469
13501	13486
13420	13311
13157	12958
12731	12473
12194	11901
11600	11303
11010	10733
10480	10253
10059	9898
9774	9693
9650	9648
9680	9750
9851	9979
10127	10300
10483	10675
10868	11058
11240	11411
11567	11705
11815	11905
11962	11997
12000	11978
11928	11855
11755	11638
11508	11360
11204	11041
10872	10701
10527	10357
10194	10039
9889	9755
9638	9531
9450	9365
9329	9256
9273	9186
9186	6941
7578	6846
7048	6691
6681	6521
6455	6368
6301	6237
6174	6108
6042	5973
5896	5820
5741	5662
5585	5506
5438	5370
5307	5249
5197	5150
5112	5074
5044	5018
5000	4983
4971	4962
4956	4954
4952	4954
4956	4956
4955	4946
4936	4918
4897	4873
4847	4822
4806	4797
4804	4835
4899	4995
5141	5340
5604	5935
6331	6787
7296	7840
8399	8952
9480	9964
10392	10753
11054	11297
11487	11638
11759	11859
11940	12008
12061	12099
12112	12100
12056	11978
11867	11731
11564	11380
11186	10988
10798	10622
10461	10322
10204	10103
10015	9937
9868	9800
9731	9655
9573	9484
9382	9270
9153	9025
8902	8768
8643	8523
8417	8324
8242	8176
8123	8085
8053	8030
8006	7983
7955	7923
7884	7841
7795	7749
7708	7670
7644	7636
7643	7673
7727	7803
7903	8025
8169	8334
8516	8718
8936	9172
9427	9696
9983	10282
10598	10919
11245	11569
11886	12188
12469	12722
12937	13113
13240	13322
13356	13330
13264	13143
12980	12777
12544	12280
12000	11709
11417	11130
10855	10600
10373	10175
10010	9885
9800	9755
9744	9771
9834	9931
10050	10194
10355	10535
10716	10901
11086	11263
11429	11583
11715	11828
11920	11985
12021	12031
12008	11967
11897	11804
11688	11560
11413	11258
11089	10919
10743	10568
10395	10223
10061	9907
9764	9636
9521	9424
9348	9278
9246	9179
9200	9121
9121	6932
7557	6841
7035	6684
6675	6509
6444	6358
6287	6218
6149	6080
6007	5930
5850	5768
5679	5595
5510	5432
5354	5285
5219	5162
5104	5056
5012	4974
4945	4918
4898	4886
4874	4871
4868	4870
4875	4878
4882	4886
4886	4882
4872	4857
4838	4813
4786	4762
4740	4731
4734	4759
4808	4893
5025	5207
5454	5766
6142	6588
7086	7629
8197	8767
9319	9833
10292	10692
11019	11285
11493	11651
11769	11859
11923	11974
12004	12017
12007	11977
11922	11834
11722	11581
11423	11251
11068	10891
10719	10560
10418	10300
10198	10117
10044	9979
9921	9863
9803	9736
9656	9571
9472	9369
9253	9134
9014	8897
8783	8682
8592	8515
8454	8409
8372	8348
8330	8314
8291	8260
8224	8178
8118	8049
7976	7900
7824	7754
7697	7658
7635	7636
7663	7715
7796	7897
8026	8177
8349	8540
8753	8984
9235	9501
9786	10082
10394	10717
11044	11369
11688	11993
12279	12533
12758	12938
13070	13153
13183	13159
13082	12958
12786	12578
12340	12078
11801	11515
11236	10964
10712	10485
10288	10121
9994	9903
9853	9841
9868	9927
10018	10134
10271	10429
10600	10778
10960	11138
11310	11474
11621	11752
11862	11951
12010	12049
12063	12043
12002	11934
11847	11733
11604	11460
11300	11135
10958	10779
10600	10420
10246	10076
9915	9764
9627	9507
9402	9311
9248	9183
9160	9104
9124	9059
9059	6926
7536	6833
7024	6677
6664	6503
6432	6341
6269	6195
6122	6044
5966	5881
5792	5702
5609	5518
5429	5345
5266	5190
5122	5059
5002	4950
4906	4868
4837	4813
4793	4780
4774	4773
4775	4779
4787	4796
4806	4811
4814	4814
4804	4790
4772	4745
4721	4697
4676	4664
4661	4679
4722	4794
4911	5080
5306	5595
5954	6381
6872	7412
7983	8568
9141	9682
10175	10607
10962	11252
11474	11641
11758	11835
11886	11913
11922	11913
11887	11839
11771	11676
11562	11431
11279	11117
10953	10791
10638	10498
10381	10278
10194	10126
10070	10020
9971	9924
9874	9813
9743	9661
9572	9472
9364	9253
9140	9036
8938	8849
8776	8719
8674	8648
8629	8619
8610	8598
8573	8543
8492	8429
8350	8259
8158	8054
7951	7850
7761	7690
7637	7610
7607	7636
7692	7774
7887	8021
8182	8364
8568	8796
9038	9302
9583	9875
10185	10503
10829	11154
11471	11780
12065	12327
12550	12736
12870	12957
12986	12960
12881	12755
12581	12371
12134	11873
11605	11331
11066	10818
10590	10392
10226	10099
10006	9955
9942	9967
10022	10111
10225	10362
10515	10683
10856	11034
11210	11377
11536	11679
11804	11912
11996	12056
12090	12101
12083	12041
11976	11887
11775	11644
11498	11337
11167	10991
10807	10625
10437	10260
10083	9918
9761	9619
9489	9376
9283	9202
9146	9092
9076	9033
9053	8996
8996	6919
7515	6825
7010	6670
6653	6493
6422	6329
6248	6170
6090	6007
5919	5826
5727	5630
5534	5434
5340	5253
5167	5089
5018	4953
4893	4840
4796	4757
4726	4704
4688	4678
4674	4675
4681	4688
4700	4711
4723	4733
4736	4737
4734	4721
4704	4681
4659	4634
4613	4595
4593	4606
4638	4700
4805	4950
5160	5430
5769	6183
6660	7193
7766	8363
8952	9519
10039	10498
10885	11197
11433	11603
11717	11789
11823	11831
11820	11788
11744	11683
11606	11508
11396	11271
11131	10987
10840	10697
10565	10446
10346	10261
10190	10136
10095	10055
10022	9986
9942	9889
9824	9751
9670	9576
9480	9379
9282	9187
9101	9030
8970	8928
8902	8887
8881	8879
8875	8865
8843	8801
8743	8664
8570	8454
8331	8201
8070	7944
7828	7728
7651	7595
7567	7570
7602	7665
7756	7879
8023	8196
8391	8605
8844	9101
9375	9666
9967	10283
10599	10922
11238	11546
11835	12098
12322	12514
12652	12738
12769	12744
12667	12537
12365	12157
11924	11675
11417	11158
10916	10693
10496	10333
10202	10111
10057	10043
10065	10122
10208	10318
10455	10610
10772	10945
11118	11291
11454	11608
11749	11872
11974	12053
12112	12142
12150	12130
12086	12018
11926	11813
11682	11535
11371	11197
11018	10830
10640	10452
10267	10088
9918	9755
9605	9470
9349	9251
9166	9097
9055	9012
9004	8969
8992	8945
8945	6912
7500	6817
7001	6665
6649	6484
6411	6313
6229	6143
6056	5965
5867	5765
5661	5556
5450	5345
5247	5153
5066	4981
4908	4841
4781	4729
4683	4645
4617	4598
4583	4575
4577	4578
4588	4601
4615	4630
4642	4655
4661	4665
4663	4652
4639	4618
4599	4574
4554	4537
4531	4538
4563	4617
4704	4836
5026	5274
5598	5987
6455	6979
7552	8154
8760	9348
9894	10378
10791	11120
11370	11549
11660	11716
11738	11727
11695	11649
11592	11516
11432	11338
11230	11113
10988	10860
10730	10608
10495	10395
10311	10244
10191	10148
10118	10093
10068	10039
10003	9960
9904	9840
9766	9684
9597	9509
9423	9343
9273	9212
9171	9141
9124	9117
9122	9127
9124	9108
9077	9026
8957	8863
8749	8620
8479	8328
8176	8028
7891	7768
7669	7587
7536	7513
7525	7565
7641	7742
7874	8032
8217	8427
8655	8904
9170	9452
9749	10055
10367	10683
10997	11301
11586	11848
12078	12267
12411	12500
12533	12514
12436	12313
12147	11945
11722	11485
11246	11010
10793	10597
10435	10308
10216	10161
10147	10168
10224	10310
10421	10554
10703	10867
11037	11208
11378	11542
11690	11828
11947	12046
12120	12173
12200	12202
12180	12132
12063	11968
11851	11719
11568	11400
11224	11038
10848	10655
10464	10272
10089	9915
9747	9594
9454	9330
9221	9130
9058	9001
8967	8936
8936	8912
8937	8901
8901	6909
7488	6817
6996	6661
6647	6479
6403	6300
6210	6116
6021	5918
5811	5700
5585	5470
5356	5248
5140	5042
4950	4868
4791	4723
4664	4611
4567	4531
4505	4486
4477	4472
4476	4482
4494	4510
4526	4544
4561	4575
4585	4590
4592	4582
4572	4556
4536	4515
4497	4480
4472	4473
4494	4538
4614	4733
4902	5135
5435	5811
6259	6776
7346	7952
8571	9174
9741	10249
10680	11028
11287	11470
11583	11632
11637	11610
11560	11499
11426	11341
11252	11160
11063	10956
10848	10738
10630	10526
10434	10352
10285	10232
10193	10160
10139	10124
10106	10088
10061	10026
9981	9925
9862	9790
9716	9642
9568	9500
9443	9398
9362	9342
9331	9331
9336	9336
9330	9308
9267	9204
9120	9013
8885	8743
8587	8425
8260	8100
7947	7806
7689	7588
7516	7473
7461	7484
7533	7622
7735	7880
8055	8253
8472	8710
8971	9244
9531	9826
10134	10440
10746	11045
11328	11588
11817	12010
12155	12249
12286	12270
12201	12082
11927	11738
11531	11309
11093	10888
10704	10540
10415	10324
10273	10257
10278	10332
10415	10524
10662	10806
10969	11135
11303	11470
11632	11780
11911	12027
12121	12193
12243	12265
12260	12234
12183	12106
12010	11889
11751	11597
11427	11246
11058	10864
10664	10469
10276	10087
9909	9737
9577	9436
9307	9194
9096	9020
8961	8919
8895	8876
8881	8869
8896	8869
8869	6904
7480	6813
6994	6659
6639	6475
6391	6285
6189	6086
5979	5868
5749	5630
5502	5379
5258	5141
5029	4925
4829	4744
4663	4599
4536	4489
4447	4416
4392	4379
4374	4375
4382	4393
4407	4425
4447	4461
4481	4495
4510	4515
4519	4519
4508	4496
4481	4461
4443	4427
4419	4414
4430	4467
4535	4637
4792	5006
5291	5647
6080	6585
7149	7759
8386	9004
9588	10113
10564	10928
11199	11383
11490	11529
11522	11478
11416	11338
11252	11165
11075	10986
10893	10803
10712	10621
10533	10453
10380	10317
10264	10225
10194	10173
10161	10152
10142	10128
10110	10081
10044	10002
9949	9890
9830	9770
9708	9652
9606	9569
9545	9528
9523	9520
9516	9511
9493	9457
9402	9328
9228	9109
8970	8817
8656	8485
8317	8149
7991	7842
7707	7597
7510	7448
7414	7416
7446	7515
7615	7745
7901	8086
8293	8524
8770	9035
9312	9601
9895	10193
10491	10781
11063	11315
11548	11738
11889	11985
12032	12023
11964	11857
11716	11546
11356	11162
10973	10798
10646	10525
10436	10383
10368	10389
10444	10528
10637	10768
10914	11072
11236	11402
11567	11722
11867	11996
12110	12199
12267	12309
12329	12322
12290	12230
12152	12047
11924	11782
11626	11451
11269	11072
10877	10674
10477	10278
10088	9902
9732	9569
9422	9288
9171	9070
8990	8925
8878	8847
8836	8828
8839	8836
8866	8847
8847	6910
7479	6818
6996	6664
6643	6474
6387	6271
6167	6054
5937	5810
5686	5552
5413	5280
5148	5024
4909	4798
4702	4613
4536	4467
4412	4364
4326	4299
4285	4275
4273	4278
4287	4303
4322	4340
4360	4380
4400	4418
4433	4442
4448	4447
4443	4431
4420	4404
4390	4374
4365	4363
4375	4406
4462	4554
4696	4893
5160	5502
5919	6413
6971	7579
8213	8841
9436	9977
10443	10822
11101	11285
11391	11422
11403	11346
11265	11175
11078	10985
10896	10813
10733	10655
10580	10512
10443	10382
10327	10278
10240	10212
10192	10182
10175	10171
10166	10159
10147	10129
10100	10067
10024	9981
9932	9887
9840	9798
9760	9730
9710	9695
9685	9676
9664	9642
9606	9556
9483	9389
9277	9147
8999	8843
8679	8512
8344	8180
8021	7868
7730	7609
7511	7433
7383	7365
7379	7426
7506	7620
7759	7931
8126	8344
8580	8830
9098	9373
9657	9945
10232	10518
10789	11044
11270	11463
11615	11718
11773	11772
11730	11640
11516	11365
11205	11042
10881	10745
10630	10545
10496	10480
10502	10557
10642	10749
10883	11026
11178	11342
11505	11664
11818	11959
12083	12188
12279	12341
12381	12394
12384	12345
12286	12196
12087	11956
11809	11646
11470	11280
11087	10887
10680	10477
10277	10086
9897	9726
9558	9410
9275	9155
9051	8963
8897	8849
8814	8798
8793	8793
8814	8815
8850	8835
8835	6916
7483	6828
7001	6672
6646	6474
6383	6260
6143	6018
5890	5752
5611	5465
5316	5172
5033	4898
4777	4665
4564	4474
4397	4335
4280	4238
4206	4183
4175	4173
4176	4184
4199	4216
4236	4257
4279	4303
4324	4343
4361	4372
4382	4383
4382	4373
4366	4351
4334	4324
4313	4313
4322	4346
4401	4483
4614	4797
5049	5375
5779	6264
6815	7418
8050	8689
9298	9851
10331	10714
11001	11186
11288	11310
11278	11207
11113	11008
10905	10809
10722	10643
10575	10509
10454	10402
10358	10313
10272	10244
10217	10199
10191	10185
10183	10183
10184	10182
10174	10163
10146	10120
10092	10065
10030	9996
9962	9930
9900	9874
9853	9838
9817	9798
9768	9729
9672	9601
9508	9397
9269	9132
8980	8825
8662	8504
8344	8188
8037	7890
7752	7630
7522	7433
7369	7334
7330	7355
7414	7511
7634	7788
7969	8171
8394	8635
8887	9152
9423	9699
9981	10255
10521	10771
10996	11191
11345	11454
11519	11534
11504	11435
11335	11213
11079	10949
10826	10725
10649	10604
10595	10616
10672	10757
10862	10992
11136	11290
11451	11612
11765	11913
12048	12169
12274	12357
12415	12446
12459	12444
12400	12333
12240	12127
11989	11834
11670	11486
11295	11094
10889	10683
10479	10278
10084	9898
9721	9556
9406	9267
9146	9041
8952	8881
8827	8791
8771	8760
8768	8775
8806	8810
8850	8839
8839	6929
7497	6843
7015	6686
6655	6478
6379	6243
6115	5981
5838	5686
5528	5371
5212	5057
4908	4769
4641	4526
4424	4334
4260	4201
4148	4110
4085	4073
4067	4070
4078	4095
4114	4136
4157	4182
4208	4231
4254	4274
4292	4308
4317	4320
4323	4319
4310	4298
4287	4274
4266	4266
4274	4297
4345	4423
4544	4720
4956	5268
5664	6132
6678	7274
7906	8546
9165	9731
10218	10610
10901	11089
11182	11198
11153	11069
10964	10850
10740	10641
10555	10482
10424	10374
10332	10300
10269	10244
10221	10203
10190	10179
10178	10177
10180	10184
10186	10191
10189	10184
10174	10162
10146	10131
10109	10089
10068	10043
10021	9999
9976	9949
9919	9881
9833	9771
9692	9596
9486	9355
9218	9070
8919	8767
8618	8467
8325	8184
8047	7913
7783	7662
7550	7454
7375	7324
7301	7305
7349	7418
7526	7657
7824	8009
8220	8443
8685	8935
9196	9462
9734	10000
10258	10501
10727	10922
11082	11200
11274	11305
11294	11248
11173	11082
10984	10887
10801	10739
10704	10699
10723	10781
10865	10975
11100	11246
11401	11555
11712	11866
12007	12140
12253	12352
12429	12484
12512	12518
12497	12450
12376	12281
12157	12018
11860	11688
11499	11301
11097	10892
10681	10478
10274	10080
9892	9717
9551	9404
9264	9145
9041	8950
8876	8817
8777	8754
8742	8741
8760	8775
8808	8817
8860	8847
8847	6947
7515	6861
7033	6700
6665	6483
6373	6229
6086	5936
5778	5609
5440	5267
5095	4931
4774	4629
4496	4381
4276	4188
4117	4061
4016	3986
3971	3962
3961	3970
3985	4008
4027	4053
4080	4105
4134	4158
4185	4208
4228	4244
4255	4260
4264	4260
4255	4246
4237	4228
4222	4222
4231	4256
4299	4375
4487	4653
4882	5182
5561	6022
6556	7150
7783	8425
9046	9619
10113	10511
10804	10990
11078	11088
11034	10939
10821	10699
10580	10479
10394	10329
10279	10242
10215	10196
10183	10173
10163	10157
10154	10151
10155	10159
10165	10173
10178	10185
10190	10192
10189	10190
10184	10180
10176	10168
10158	10140
10125	10100
10073	10037
9995	9935
9864	9778
9676	9555
9424	9280
9132	8979
8831	8687
8552	8419
8297	8176
8057	7938
7819	7704
7591	7490
7405	7335
7292	7280
7297	7345
7430	7543
7689	7856
8050	8263
8488	8730
8978	9233
9492	9751
10007	10247
10469	10664
10830	10955
11045	11094
11106	11084
11036	10982
10916	10858
10814	10792
10792	10825
10883	10971
11079	11205
11353	11505
11658	11816
11962	12101
12226	12336
12429	12499
12549	12574
12573	12546
12492	12418
12312	12191
12044	11881
11700	11507
11306	11102
10887	10677
10470	10267
10075	9888
9714	9550
9404	9267
9148	9046
8957	8881
8820	8779
8750	8735
8733	8743
8766	8785
8822	8835
8876	8869
8869	6972
7542	6887
7061	6721
6683	6491
6370	6211
6054	5889
5714	5530
5344	5159
4978	4798
4636	4484
4347	4228
4127	4042
3976	3923
3885	3863
3851	3853
3859	3874
3898	3920
3949	3980
4008	4034
4065	4095
4122	4146
4164	4182
4196	4204
4207	4205
4203	4192
4185	4181
4177	4179
4189	4213
4260	4328
4437	4597
4817	5108
5479	5931
6457	7045
7676	8319
8946	9524
10020	10421
10715	10899
10982	10981
10916	10810
10683	10551
10431	10324
10245	10183
10143	10119
10103	10098
10096	10099
10099	10104
10108	10114
10123	10133
10142	10155
10163	10174
10181	10190
10199	10205
10214	10220
10225	10231
10228	10222
10205	10184
10147	10102
10037	9961
9867	9755
9630	9491
9339	9183
9027	8875
8733	8600
8481	8369
8267	8170
8070	7970
7869	7761
7652	7546
7453	7372
7310	7274
7269	7297
7356	7447
7569	7721
7898	8092
8307	8534
8771	9019
9267	9519
9763	10003
10223	10423
10593	10731
10835	10904
10937	10946
10933	10909
10880	10862
10856	10870
10910	10973
11062	11175
11303	11448
11599	11752
11904	12051
12188	12312
12414	12502
12568	12609
12629	12621
12589	12533
12447	12341
12213	12064
11895	11709
11512	11307
11092	10879
10666	10458
10254	10060
9876	9704
9547	9402
9272	9156
9057	8970
8895	8834
8790	8760
8739	8736
8744	8758
8784	8805
8848	8857
8904	8893
8893	7007
7568	6918
7083	6742
6696	6491
6359	6189
6017	5833
5638	5443
5238	5039
4845	4658
4489	4334
4196	4078
3977	3897
3833	3786
3757	3741
3738	3744
3758	3782
3807	3839
3871	3904
3938	3970
4002	4033
4061	4087
4106	4126
4138	4146
4152	4149
4146	4138
4137	4131
4130	4134
4146	4174
4220	4288
4394	4550
4768	5050
5413	5855
6377	6960
7587	8231
8853	9436
9939	10341
10630	10814
10894	10881
10809	10690
10555	10413
10287	10181
10101	10043
10012	9996
9993	9996
10006	10018
10032	10043
10055	10069
10079	10095
10106	10119
10131	10147
10161	10178
10193	10211
10227	10248
10265	10279
10284	10288
10273	10245
10203	10141
10062	9966
9848	9718
9569	9410
9246	9081
8920	8772
8637	8520
8416	8326
8248	8173
8098	8020
7933	7838
7734	7628
7526	7431
7352	7292
7266	7266
7302	7369
7468	7603
7757	7936
8134	8349
8575	8811
9054	9299
9542	9774
9996	10196
10375	10525
10644	10733
10793	10830
10852	10862
10872	10891
10922	10973
11045	11138
11253	11385
11526	11677
11834	11987
12130	12265
12386	12486
12566	12625
12663	12674
12664	12623
12561	12471
12363	12226
12072	11899
11710	11506
11297	11081
10864	10647
10439	10236
10043	9864
9692	9539
9400	9271
9164	9069
8983	8917
8856	8812
8779	8761
8749	8751
8764	8782
8810	8835
8876	8888
8935	8923
8923	7043
7602	6949
7110	6765
6709	6495
6349	6159
5972	5769
5561	5342
5125	4911
4708	4516
4341	4182
4046	3927
3833	3752
3695	3657
3634	3624
3626	3642
3665	3689
3725	3762
3799	3835
3872	3908
3943	3972
4000	4026
4050	4069
4079	4087
4091	4091
4089	4084
4078	4079
4077	4088
4104	4133
4179	4252
4358	4510
4720	5002
5359	5797
6309	6891
7515	8156
8784	9365
9868	10270
10560	10737
10809	10792
10707	10580
10435	10285
10154	10049
9966	9914
9884	9875
9884	9895
9915	9935
9956	9973
9993	10009
10025	10046
10059	10077
10095	10116
10135	10157
10183	10208
10236	10265
10294	10318
10331	10337
10323	10295
10244	10172
10075	9958
9824	9672
9506	9333
9154	8984
8823	8681
8554	8452
8368	8303
8248	8196
8143	8085
8017	7933
7838	7734
7622	7518
7421	7341
7285	7261
7270	7311
7388	7496
7634	7797
7982	8182
8394	8623
8856	9093
9329	9560
9782	9991
10176	10339
10473	10585
10671	10742
10794	10842
10888	10938
11006	11089
11191	11306
11441	11588
11742	11896
12049	12194
12326	12444
12541	12619
12676	12704
12713	12697
12652	12581
12487	12370
12229	12073
11893	11703
11497	11283
11064	10846
10627	10416
10214	10022
9839	9676
9526	9391
9270	9166
9077	9002
8938	8881
8840	8809
8787	8773
8768	8778
8794	8815
8845	8869
8910	8919
8969	8949
8949	7088
7632	6989
7136	6787
6715	6495
6327	6123
5915	5693
5465	5231
5003	4777
4563	4367
4187	4027
3890	3777
3683	3612
3562	3528
3510	3511
3521	3540
3569	3602
3639	3683
3724	3766
3806	3846
3880	3914
3943	3970
3988	4007
4021	4026
4027	4027
4027	4021
4019	4021
4024	4037
4056	4088
4137	4212
4321	4475
4683	4961
5315	5748
6256	6837
7460	8100
8726	9308
9813	10215
10503	10676
10740	10713
10616	10479
10325	10169
10030	9921
9838	9785
9766	9762
9772	9796
9821	9851
9876	9897
9922	9943
9967	9984
10006	10029
10052	10078
10103	10132
10163	10201
10239	10278
10315	10349
10368	10377
10365	10331
10269	10185
10077	9944
9791	9623
9442	9261
9079	8906
8748	8611
8494	8408
8342	8299
8264	8239
8209	8173
8121	8052
7963	7864
7749	7630
7516	7418
7334	7281
7260	7278
7329	7411
7529	7674
7841	8031
8231	8447
8673	8906
9136	9366
9589	9799
9995	10170
10326	10460
10573	10670
10756	10834
10919	11004
11104	11215
11343	11479
11626	11782
11940	12091
12238	12371
12486	12580
12658	12712
12737	12738
12715	12666
12592	12492
12371	12227
12064	11885
11687	11480
11263	11038
10821	10597
10385	10182
9989	9809
9650	9500
9373	9261
9164	9079
9010	8950
8904	8867
8838	8816
8801	8793
8798	8807
8828	8849
8881	8899
8941	8950
8999	8978
8978	7130
7666	7022
7160	6803
6718	6479
6297	6074
5847	5607
5360	5114
4872	4639
4417	4216
4037	3878
3745	3634
3546	3480
3435	3409
3398	3402
3416	3446
3479	3519
3563	3608
3653	3699
3741	3782
3821	3853
3883	3910
3929	3944
3955	3961
3961	3961
3955	3954
3952	3954
3963	3978
4000	4041
4093	4172
4281	4435
4647	4923
5275	5710
6219	6797
7417	8057
8686	9267
9772	10172
10457	10623
10680	10645
10539	10391
10221	10060
9914	9800
9716	9668
9648	9648
9663	9691
9724	9758
9790	9822
9848	9874
9899	9925
9951	9977
10005	10033
10069	10101
10144	10187
10235	10284
10332	10371
10398	10408
10397	10361
10294	10200
10077	9933
9765	9587
9396	9208
9022	8850
8696	8568
8466	8393
8341	8317
8304	8299
8294	8277
8244	8190
8112	8014
7896	7768
7637	7512
7407	7326
7277	7262
7287	7345
7441	7565
7714	7891
8078	8287
8507	8732
8959	9188
9413	9629
9831	10018
10193	10346
10486	10615
10731	10845
10960	11077
11207	11342
11486	11640
11800	11957
12111	12258
12391	12509
12602	12677
12728	12752
12748	12723
12668	12589
12485	12359
12212	12046
11860	11660
11448	11231
11008	10780
10560	10344
10140	9951
9773	9614
9471	9348
9239	9151
9076	9012
8962	8919
8887	8862
8843	8831
8821	8825
8831	8842
8861	8877
8910	8928
8969	8971
9025	8997
8997	7178
7693	7054
7177	6810
6711	6456
6256	6012
5765	5510
5247	4987
4732	4489
4269	4063
3884	3732
3602	3497
3416	3358
3316	3296
3293	3301
3323	3352
3391	3439
3482	3532
3582	3628
3672	3718
3755	3790
3820	3845
3865	3878
3886	3887
3888	3887
3880	3882
3882	3884
3898	3916
3945	3985
4043	4126
4240	4397
4607	4888
5240	5676
6187	6766
7390	8030
8660	9240
9743	10144
10425	10587
10636	10591
10473	10313
10131	9958
9804	9682
9595	9547
9528	9533
9552	9588
9624	9662
9700	9737
9764	9798
9825	9857
9886	9919
9951	9989
10027	10072
10117	10170
10228	10284
10338	10386
10420	10431
10420	10381
10311	10210
10080	9922
9749	9558
9362	9170
8986	8819
8676	8555
8466	8406
8373	8364
8370	8383
8397	8400
8385	8346
8277	8183
8065	7926
7783	7637
7507	7398
7317	7273
7270	7303
7371	7476
7608	7769
7950	8145
8352	8573
8796	9022
9245	9467
9679	9880
10067	10246
10409	10563
10713	10861
11004	11155
11305	11461
11623	11787
11951	12107
12255	12392
12508	12603
12678	12729
12750	12745
12714	12655
12574	12466
12335	12184
12013	11825
11623	11410
11189	10965
10740	10518
10301	10097
9906	9730
9572	9433
9312	9211
9126	9057
9003	8961
8925	8902
8880	8863
8854	8849
8846	8849
8854	8867
8884	8902
8931	8949
8988	8987
9037	9010
9010	7227
7716	7084
7187	6814
6692	6420
6198	5937
5672	5398
5122	4850
4589	4343
4117	3915
3739	3590
3465	3370
3292	3243
3209	3194
3193	3207
3233	3267
3309	3355
3405	3460
3510	3558
3607	3648
3686	3721
3751	3771
3793	3803
3811	3813
3811	3807
3805	3802
3805	3812
3827	3848
3882	3928
3990	4074
4195	4354
4570	4853
5210	5649
6165	6741
7373	8016
8647	9229
9733	10131
10408	10564
10603	10548
10419	10246
10055	9867
9700	9574
9481	9429
9406	9414
9438	9475
9518	9559
9602	9642
9679	9716
9752	9785
9823	9862
9902	9945
9989	10040
10092	10154
10218	10278
10341	10392
10430	10449
10437	10397
10325	10218
10082	9921
9743	9551
9352	9160
8980	8819
8681	8570
8492	8441
8425	8427
8451	8482
8517	8539
8538	8515
8459	8369
8249	8106
7949	7783
7628	7490
7381	7305
7271	7278
7325	7405
7521	7665
7831	8015
8215	8426
8644	8867
9091	9315
9535	9747
9953	10148
10339	10521
10698	10872
11047	11221
11394	11569
11743	11915
12076	12227
12364	12486
12584	12658
12707	12730
12723	12690
12629	12541
12430	12298
12143	11969
11777	11576
11361	11138
10910	10688
10465	10250
10045	9852
9679	9524
9385	9271
9171	9093
9028	8978
8943	8915
8900	8885
8873	8870
8865	8864
8863	8867
8873	8883
8901	8917
8944	8958
8996	8994
9045	9014
9014	7268
7729	7105
7184	6799
6660	6368
6128	5847
5564	5277
4986	4707
4440	4192
3967	3770
3600	3456
3340	3250
3183	3137
3112	3103
3105	3125
3153	3188
3231	3281
3332	3387
3436	3487
3535	3575
3613	3644
3673	3696
3712	3721
3728	3729
3727	3724
3720	3720
3723	3734
3753	3778
3814	3863
3930	4020
4142	4312
4532	4820
5184	5628
6147	6732
7366	8013
8647	9231
9735	10133
10407	10556
10590	10526
10383	10193
9987	9787
9608	9467
9368	9309
9287	9292
9317	9358
9404	9452
9500	9543
9589	9632
9669	9715
9758	9803
9850	9899
9954	10011
10072	10139
10206	10277
10341	10397
10437	10458
10451	10409
10336	10229
10089	9929
9749	9556
9363	9173
8999	8840
8714	8610
8541	8500
8492	8507
8546	8591
8639	8678
8696	8688
8645	8564
8447	8296
8127	7945
7768	7599
7462	7355
7293	7271
7292	7350
7447	7571
7725	7897
8087	8289
8503	8723
8947	9172
9397	9620
9840	10054
10267	10473
10676	10881
11074	11273
11464	11653
11836	12008
12169	12314
12436	12540
12615	12669
12690	12683
12648	12587
12494	12384
12246	12086
11911	11720
11512	11302
11079	10851
10627	10407
10190	9986
9796	9623
9468	9332
9216	9121
9047	8991
8947	8916
8897	8887
8876	8872
8870	8871
8872	8871
8874	8875
8880	8892
8906	8920
8942	8957
8990	8993
9037	9015
9015	7304
7739	7117
7173	6780
6616	6306
6041	5741
5443	5139
4843	4557
4289	4044
3823	3632
3468	3335
3223	3144
3084	3043
3025	3018
3032	3051
3081	3120
3164	3212
3263	3314
3365	3413
3458	3502
3535	3566
3591	3612
3628	3634
3637	3637
3637	3631
3632	3633
3640	3652
3672	3702
3742	3794
3865	3962
4092	4265
4493	4788
5160	5608
6138	6726
7366	8021
8658	9244
9751	10144
10420	10568
10590	10516
10361	10162
9938	9720
9530	9374
9263	9194
9163	9171
9195	9235
9284	9337
9389	9443
9492	9543
9589	9639
9689	9742
9796	9856
9916	9981
10049	10120
10195	10267
10335	10393
10437	10457
10451	10413
10342	10236
10099	9941
9765	9578
9390	9205
9036	8892
8766	8672
8608	8579
8577	8602
8647	8707
8768	8823
8860	8866
8836	8760
8648	8499
8319	8122
7921	7730
7565	7426
7332	7282
7275	7310
7386	7495
7633	7792
7973	8164
8370	8587
8808	9035
9263	9493
9728	9954
10188	10415
10641	10869
11091	11305
11517	11716
11906	12077
12232	12362
12473	12552
12603	12630
12624	12589
12526	12433
12318	12179
12019	11839
11647	11443
11226	11005
10783	10558
10336	10125
9921	9732
9562	9406
9275	9162
9068	8995
8940	8903
8878	8865
8857	8855
8857	8862
8864	8868
8866	8869
8867	8872
8875	8884
8897	8908
8930	8945
8976	8982
9021	9004
9004	7336
7738	7118
7148	6741
6554	6225
5942	5622
5311	4998
4694	4408
4141	3898
3686	3501
3348	3221
3126	3049
2998	2965
2949	2950
2962	2983
3015	3054
3096	3145
3195	3244
3294	3337
3379	3418
3450	3479
3501	3521
3529	3538
3544	3544
3540	3539
3537	3544
3552	3568
3590	3623
3667	3724
3797	3899
4033	4212
4449	4755
5133	5591
6124	6727
7369	8027
8671	9262
9770	10169
10444	10584
10608	10524
10359	10143
9905	9671
9461	9290
9167	9086
9050	9049
9071	9112
9166	9222
9278	9337
9395	9448
9504	9564
9619	9681
9746	9816
9881	9954
10027	10103
10181	10258
10326	10387
10430	10453
10447	10411
10343	10244
10113	9961
9790	9609
9430	9255
9095	8954
8835	8747
8690	8664
8668	8700
8756	8823
8899	8963
9014	9033
9014	8955
8845	8696
8510	8302
8087	7871
7674	7514
7391	7310
7278	7285
7342	7432
7551	7697
7866	8048
8244	8453
8669	8893
9126	9361
9603	9850
10096	10345
10593	10840
11082	11316
11538	11747
11941	12108
12256	12373
12464	12523
12555	12548
12518	12454
12362	12243
12102	11941
11762	11567
11359	11145
10927	10701
10484	10267
10057	9856
9670	9498
9346	9212
9103	9012
8939	8889
8852	8829
8821	8820
8824	8828
8837	8846
8849	8854
8854	8852
8852	8850
8852	8860
8869	8885
8906	8923
8953	8961
8997	8987
8987	7355
7724	7107
7110	6690
6481	6133
5830	5493
5169	4848
4542	4255
3991	3758
3552	3377
3238	3120
3033	2968
2923	2898
2888	2891
2905	2929
2961	2998
3037	3083
3129	3172
3217	3259
3294	3331
3360	3386
3406	3421
3432	3435
3442	3439
3442	3442
3443	3448
3460	3477
3504	3538
3587	3648
3729	3834
3975	4160
4405	4717
5103	5573
6116	6724
7375	8041
8689	9286
9796	10198
10473	10616
10636	10547
10374	10147
9896	9644
9416	9228
9086	8993
8948	8935
8952	8991
9041	9100
9163	9228
9290	9353
9417	9483
9551	9621
9694	9772
9848	9928
10009	10088
10169	10248
10316	10376
10419	10443
10438	10406
10343	10248
10126	9982
9823	9651
9480	9317
9163	9028
8918	8836
8781	8758
8764	8800
8861	8937
9020	9097
9157	9190
9185	9137
9032	8887
8697	8481
8249	8016
7796	7606
7455	7349
7286	7277
7306	7376
7481	7612
7764	7938
8122	8324
8536	8757
8988	9230
9477	9733
9991	10256
10524	10787
11045	11297
11529	11741
11937	12105
12241	12344
12412	12455
12458	12429
12366	12275
12160	12016
11851	11670
11476	11271
11056	10835
10618	10399
10187	9982
9786	9603
9437	9288
9159	9045
8954	8883
8833	8799
8781	8771
8773	8780
8793	8805
8816	8823
8829	8830
8829	8825
8823	8820
8819	8825
8835	8849
8869	8892
8922	8936
8968	8968
8968	7366
7702	7084
7063	6624
6389	6024
5701	5357
5018	4695
4387	4106
3850	3623
3431	3270
3137	3036
2959	2904
2868	2848
2841	2850
2862	2886
2914	2948
2987	3026
3066	3107
3143	3177
3212	3242
3268	3288
3303	3318
3327	3333
3334	3332
3334	3338
3342	3352
3367	3387
3420	3456
3507	3571
3656	3767
3914	4108
4357	4679
5077	5552
6107	6719
7379	8048
8705	9302
9820	10226
10512	10654
10678	10586
10412	10177
9913	9646
9402	9194
9036	8922
8859	8837
8849	8883
8931	8991
9055	9124
9192	9260
9332	9406
9484	9561
9648	9730
9816	9902
9990	10079
10159	10236
10307	10363
10407	10424
10425	10393
10336	10248
10136	10003
9856	9697
9539	9383
9237	9112
9008	8928
8875	8856
8866	8905
8968	9045
9133	9218
9289	9332
9337	9295
9205	9060
8871	8650
8410	8158
7920	7705
7530	7396
7310	7273
7285	7333
7419	7534
7674	7836
8009	8201
8409	8622
8851	9091
9344	9605
9875	10154
10433	10714
10985	11246
11486	11710
11902	12063
12189	12279
12329	12344
12323	12265
12178	12061
11920	11756
11574	11377
11172	10959
10743	10523
10310	10101
9899	9709
9533	9372
9227	9099
8992	8901
8832	8778
8747	8727
8720	8725
8736	8747
8765	8777
8786	8794
8799	8797
8792	8785
8780	8776
8775	8781
8789	8805
8829	8852
8882	8906
8933	8948
8948	7358
7670	7044
6994	6544
6288	5903
5565	5209
4865	4541
4236	3960
3714	3502
3323	3173
3054	2966
2901	2854
2828	2813
2811	2818
2835	2854
2880	2911
2941	2974
3005	3035
3069	3096
3125	3149
3167	3185
3198	3208
3212	3220
3223	3224
3226	3233
3238	3253
3270	3297
3324	3370
3423	3491
3581	3699
3852	4051
4310	4642
5048	5531
6088	6710
7373	8052
8711	9319
9843	10258
10547	10703
10732	10648
10474	10236
9965	9689
9430	9202
9020	8888
8806	8771
8767	8793
8840	8896
8960	9027
9102	9177
9254	9335
9421	9509
9601	9694
9792	9884
9980	10069
10152	10229
10296	10351
10389	10409
10407	10379
10327	10247
10146	10025
9890	9745
9598	9454
9318	9197
9100	9022
8974	8957
8968	9006
9069	9151
9240	9328
9402	9454
9464	9436
9350	9213
9026	8802
8553	8294
8038	7805
7604	7451
7339	7282
7269	7299
7367	7465
7592	7738
7903	8081
8278	8491
8713	8952
9205	9472
9750	10037
10325	10617
10899	11168
11419	11639
11830	11984
12102	12172
12205	12196
12150	12069
11958	11819
11654	11472
11278	11068
10857	10643
10428	10218
10013	9817
9635	9464
9309	9170
9045	8942
8852	8788
8736	8703
8680	8676
8675	8687
8700	8719
8731	8747
8756	8761
8759	8756
8746	8738
8731	8724
8725	8728
8737	8757
8784	8814
8844	8877
8896	8928
8928	7339
7626	6993
6920	6449
6173	5772
5421	5055
4711	4386
4087	3821
3591	3390
3226	3093
2989	2911
2858	2824
2803	2795
2798	2807
2820	2839
2861	2882
2908	2932
2957	2979
3001	3021
3041	3056
3072	3080
3090	3096
3101	3105
3106	3110
3114	3125
3134	3151
3173	3201
3237	3285
3344	3418
3510	3634
3794	4001
4266	4599
5013	5500
6064	6691
7357	8038
8706	9318
9850	10278
10580	10752
10795	10723
10560	10326
10052	9771
9497	9254
9055	8902
8800	8744
8724	8737
8772	8824
8887	8955
9029	9105
9185	9273
9365	9459
9562	9665
9770	9871
9969	10062
10148	10226
10291	10341
10379	10392
10391	10364
10314	10245
10153	10044
9925	9791
9658	9525
9398	9287
9194	9121
9078	9061
9069	9107
9169	9248
9337	9423
9501	9552
9570	9541
9464	9336
9153	8930
8679	8415
8149	7901
7683	7507
7378	7294
7262	7273
7320	7403
7514	7647
7804	7971
8158	8358
8578	8813
9061	9331
9612	9906
10202	10499
10788	11064
11314	11538
11722	11871
11971	12031
12043	12014
11942	11841
11703	11546
11366	11172
10964	10755
10537	10327
10120	9921
9731	9555
9393	9245
9109	8994
8892	8809
8745	8693
8662	8640
8629	8634
8642	8657
8673	8688
8704	8715
8720	8720
8716	8708
8697	8684
8672	8666
8664	8671
8685	8707
8734	8770
8803	8845
8863	8905
8905	7305
7576	6925
6832	6343
6048	5633
5272	4903
4554	4236
3948	3694
3474	3294
3146	3028
2939	2880
2837	2812
2800	2801
2804	2816
2830	2842
2855	2870
2885	2900
2912	2925
2938	2947
2960	2969
2975	2982
2986	2987
2989	2993
2995	2999
3006	3016
3030	3050
3073	3109
3151	3201
3266	3341
3442	3570
3735	3946
4219	4561
4976	5468
6034	6661
7329	8016
8682	9303
9848	10288
10610	10806
10868	10819
10670	10450
10183	9901
9621	9367
9148	8977
8852	8774
8736	8733
8751	8794
8848	8914
8981	9057
9139	9228
9323	9423
9528	9640
9750	9857
9963	10061
10146	10225
10287	10333
10368	10380
10375	10350
10305	10243
10162	10064
9956	9837
9715	9594
9482	9376
9288	9223
9180	9164
9174	9208
9265	9341
9426	9508
9582	9632
9651	9625
9550	9425
9250	9030
8778	8511
8241	7984
7755	7563
7413	7314
7260	7253
7284	7348
7444	7567
7705	7862
8039	8232
8445	8672
8920	9185
9467	9761
10058	10360
10651	10930
11180	11401
11585	11721
11810	11852
11848	11798
11708	11583
11431	11256
11061	10860
10647	10437
10227	10022
9830	9647
9474	9322
9177	9054
8944	8851
8774	8714
8663	8631
8609	8599
8596	8606
8618	8633
8647	8665
8673	8683
8679	8678
8667	8655
8641	8627
8613	8604
8605	8615
8628	8657
8688	8732
8763	8817
8832	8889
8889	7251
7516	6841
6736	6227
5918	5490
5122	4749
4406	4094
3813	3577
3375	3211
3081	2983
2913	2866
2839	2824
2821	2826
2833	2843
2853	2861
2868	2875
2878	2880
2880	2883
2885	2887
2888	2889
2887	2889
2888	2886
2883	2883
2883	2889
2896	2909
2923	2947
2979	3017
3064	3121
3191	3273
3379	3512
3682	3899
4175	4516
4932	5425
5992	6618
7285	7967
8640	9271
9827	10287
10632	10852
10948	10926
10804	10608
10357	10081
9801	9539
9306	9119
8971	8871
8812	8785
8793	8815
8855	8906
8969	9040
9116	9203
9296	9397
9504	9621
9736	9849
9958	10060
10146	10225
10290	10334
10364	10373
10370	10341
10306	10246
10171	10086
9991	9882
9773	9661
9559	9463
9381	9319
9283	9266
9277	9310
9363	9430
9511	9584
9648	9690
9704	9676
9603	9482
9312	9098
8852	8588
8319	8059
7818	7616
7454	7338
7268	7240
7257	7304
7385	7491
7618	7766
7929	8112
8316	8538
8778	9040
9318	9608
9907	10207
10500	10777
11024	11240
11414	11541
11618	11642
11620	11553
11446	11306
11139	10953
10751	10541
10334	10127
9926	9736
9556	9392
9247	9113
8997	8898
8813	8742
8685	8644
8611	8589
8579	8577
8583	8591
8605	8616
8629	8639
8644	8645
8640	8632
8617	8599
8582	8568
8553	8544
8547	8557
8577	8608
8643	8696
8730	8794
8806	8875
8875	7178
7444	6742
6627	6097
5780	5341
4973	4596
4262	3959
3696	3475
3292	3149
3037	2959
2909	2876
2862	2859
2867	2877
2887	2896
2904	2905
2904	2895
2884	2872
2863	2852
2844	2835
2826	2818
2816	2806
2798	2790
2785	2781
2779	2781
2788	2802
2825	2850
2885	2928
2981	3044
3117	3211
3320	3461
3634	3857
4134	4476
4887	5378
5935	6557
7217	7900
8575	9215
9784	10266
10641	10896
11024	11043
10955	10792
10567	10308
10037	9773
9535	9331
9168	9044
8964	8914
8895	8900
8920	8957
9005	9059
9126	9202
9289	9383
9490	9605
9721	9837
9952	10056
10146	10226
10289	10334
10361	10374
10367	10344
10310	10254
10190	10113
10026	9928
9832	9731
9638	9550
9476	9418
9386	9374
9383	9413
9459	9518
9587	9649
9699	9732
9735	9703
9625	9503
9336	9127
8891	8632
8367	8108
7868	7660
7485	7360
7274	7234
7231	7270
7333	7423
7541	7675
7828	8003
8194	8411
8641	8898
9168	9452
9749	10041
10332	10602
10847	11053
11222	11335
11403	11414
11378	11294
11171	11016
10838	10644
10439	10232
10025	9829
9644	9468
9311	9172
9049	8942
8851	8776
8714	8665
8630	8602
8584	8572
8571	8573
8578	8587
8597	8605
8612	8616
8617	8609
8599	8583
8567	8546
8527	8508
8498	8489
8497	8503
8530	8565
8605	8661
8698	8766
8780	8850
8850	7089
7356	6630
6507	5963
5639	5194
4825	4454
4127	3838
3590	3390
3227	3103
3012	2953
2922	2908
2909	2921
2937	2955
2970	2979
2976	2972
2956	2938
2914	2889
2859	2839
2812	2797
2780	2766
2750	2739
2723	2714
2700	2695
2687	2688
2693	2706
2728	2759
2798	2846
2907	2977
3059	3156
3274	3418
3596	3819
4096	4433
4840	5319
5868	6476
7133	7812
8489	9132
9722	10228
10633	10924
11102	11162
11123	10996
10807	10574
10321	10068
9832	9618
9440	9299
9193	9121
9075	9054
9054	9062
9090	9124
9174	9232
9305	9394
9488	9594
9708	9828
9941	10049
10142	10223
10289	10338
10366	10380
10375	10357
10322	10276
10219	10151
10073	9986
9895	9803
9716	9637
9570	9519
9487	9477
9483	9511
9551	9601
9655	9705
9741	9757
9747	9702
9619	9494
9332	9130
8901	8653
8397	8144
7905	7696
7519	7383
7286	7230
7216	7237
7290	7370
7468	7594
7739	7900
8083	8289
8515	8759
9021	9300
9584	9873
10154	10420
10652	10855
11009	11116
11167	11167
11116	11020
10887	10724
10541	10342
10137	9933
9738	9555
9384	9231
9095	8980
8881	8801
8737	8685
8648	8620
8599	8588
8578	8575
8577	8581
8585	8589
8594	8600
8600	8596
8588	8575
8558	8537
8518	8497
8473	8455
8445	8437
8443	8460
8486	8527
8569	8627
8668	8731
8754	8818
8818	6978
7256	6504
6377	5821
5493	5044
4678	4316
4003	3729
3501	3316
3178	3077
3010	2973
2958	2965
2984	3010
3036	3061
3078	3083
3078	3062
3034	3001
2956	2915
2875	2838
2803	2774
2747	2727
2706	2690
2667	2649
2634	2620
2610	2604
2608	2621
2645	2678
2720	2775
2843	2920
3010	3114
3242	3388
3571	3791
4064	4393
4790	5256
5787	6382
7028	7700
8375	9027
9635	10166
10606	10945
11168	11283
11295	11217
11071	10873
10648	10414
10184	9974
9785	9634
9505	9409
9341	9292
9257	9242
9236	9246
9267	9302
9350	9416
9497	9592
9698	9809
9922	10029
10131	10216
10287	10340
10375	10392
10395	10380
10353	10312
10261	10201
10130	10052
9968	9886
9808	9733
9667	9619
9589	9577
9584	9604
9640	9674
9715	9748
9767	9768
9741	9681
9590	9461
9298	9100
8883	8644
8398	8156
7927	7719
7544	7398
7296	7236
7205	7216
7252	7321
7413	7527
7657	7812
7984	8178
8391	8628
8880	9147
9424	9702
9972	10226
10454	10643
10787	10883
10923	10913
10849	10743
10602	10434
10245	10050
9848	9655
9472	9305
9154	9021
8912	8824
8747	8694
8655	8628
8606	8598
8592	8592
8593	8596
8599	8601
8603	8605
8605	8596
8589	8578
8561	8543
8520	8496
8470	8446
8425	8408
8395	8393
8404	8420
8450	8490
8536	8586
8637	8685
8725	8759
8759	6846
7129	6359
6235	5667
5339	4895
4536	4186
3886	3633
3424	3260
3145	3068
3025	3010
3019	3043
3082	3119
3159	3187
3208	3213
3201	3174
3132	3077
3020	2962
2905	2854
2810	2770
2736	2709
2683	2659
2632	2607
2585	2565
2547	2536
2536	2548
2572	2607
2655	2719
2792	2879
2978	3090
3221	3376
3555	3772
4036	4357
4737	5186
5700	6275
6906	7566
8237	8901
9523	10084
10564	10945
11221	11393
11461	11438
11344	11192
11003	10795
10584	10380
10194	10031
9891	9775
9679	9602
9536	9485
9444	9416
9402	9402
9422	9459
9513	9590
9680	9783
9892	10002
10105	10199
10278	10339
10387	10410
10423	10419
10400	10366
10323	10270
10207	10135
10059	9981
9904	9833
9773	9727
9692	9679
9679	9692
9716	9746
9766	9782
9781	9763
9715	9642
9538	9404
9240	9050
8837	8613
8382	8153
7933	7733
7559	7416
7310	7237
7202	7200
7226	7281
7363	7463
7587	7729
7891	8075
8279	8506
8748	9003
9265	9531
9793	10036
10249	10428
10562	10646
10678	10655
10587	10473
10325	10156
9967	9773
9585	9401
9232	9083
8953	8846
8760	8698
8650	8620
8603	8593
8595	8599
8609	8613
8619	8626
8629	8630
8629	8624
8613	8599
8582	8560
8537	8512
8484	8456
8427	8401
8379	8362
8353	8358
8365	8386
8417	8451
8502	8537
8604	8616
8691	8663
8663	6706
6978	6207
6080	5516
5189	4754
4403	4067
3785	3549
3363	3224
3130	3077
3059	3067
3097	3145
3200	3255
3304	3344
3365	3364
3346	3306
3248	3178
3104	3027
2951	2889
2829	2786
2744	2712
2678	2646
2619	2587
2555	2527
2504	2487
2485	2493
2516	2554
2607	2677
2761	2856
2961	3085
3219	3374
3554	3765
4020	4322
4686	5111
5603	6156
6765	7415
8084	8750
9389	9982
10497	10929
11258	11487
11618	11652
11614	11511
11369	11196
11011	10823
10648	10482
10333	10199
10079	9974
9877	9790
9712	9640
9583	9542
9519	9519
9543	9590
9659	9747
9848	9958
10067	10169
10260	10335
10394	10437
10463	10469
10465	10444
10407	10362
10305	10240
10167	10096
10020	9950
9888	9837
9800	9780
9772	9778
9784	9799
9804	9805
9782	9743
9680	9590
9474	9332
9165	8980
8775	8563
8347	8131
7929	7737
7570	7432
7319	7244
7201	7188
7206	7251
7321	7413
7528	7658
7811	7986
8179	8392
8620	8866
9112	9368
9612	9844
10046	10213
10338	10414
10434	10406
10331	10215
10066	9893
9714	9527
9345	9179
9025	8895
8786	8706
8641	8599
8574	8569
8572	8581
8602	8617
8634	8651
8661	8670
8671	8670
8661	8646
8627	8605
8577	8550
8518	8482
8446	8418
8388	8361
8340	8327
8320	8321
8333	8350
8384	8410
8463	8472
8556	8512
8642	8513
8513	6543
6794	6045
5913	5357
5038	4614
4278	3957
3696	3480
3317	3203
3131	3100
3106	3136
3190	3261
3330	3406
3466	3511
3534	3531
3503	3452
3378	3294
3199	3102
3013	2933
2865	2813
2766	2729
2693	2660
2623	2586
2549	2513
2483	2461
2452	2458
2481	2519
2579	2656
2748	2850
2966	3096
3235	3387
3565	3770
4009	4295
4632	5036
5502	6031
6617	7250
7914	8586
9242	9858
10415	10891
11274	11560
11752	11850
11873	11826
11731	11598
11444	11286
11124	10966
10815	10672
10537	10402
10273	10147
10026	9907
9804	9714
9643	9597
9581	9592
9637	9703
9796	9900
10016	10128
10233	10327
10406	10465
10507	10535
10543	10536
10512	10475
10425	10365
10297	10224
10148	10076
10010	9953
9909	9878
9856	9843
9841	9836
9825	9807
9769	9716
9633	9530
9403	9251
9081	8899
8704	8502
8298	8098
7908	7733
7575	7440
7333	7255
7203	7183
7194	7229
7292	7374
7477	7601
7745	7909
8088	8291
8510	8737
8978	9215
9448	9667
9858	10015
10129	10193
10207	10178
10095	9978
9829	9662
9486	9309
9140	8985
8854	8739
8653	8591
8552	8532
8528	8540
8564	8589
8619	8647
8675	8696
8712	8718
8720	8712
8696	8676
8645	8614
8577	8538
8500	8462
8420	8383
8353	8326
8309	8293
8291	8295
8306	8319
8351	8361
8419	8386
8500	8364
8579	8293
8293	6377
6570	5881
5726	5205
4886	4484
4162	3862
3614	3424
3283	3192
3145	3139
3165	3223
3296	3386
3477	3563
3634	3689
3710	3708
3670	3604
3516	3413
3298	3184
3082	2987
2911	2850
2803	2760
2722	2688
2648	2602
2560	2517
2479	2452
2438	2441
2463	2506
2567	2653
2752	2863
2989	3124
3265	3418
3588	3781
4007	4267
4584	4958
5393	5896
6462	7077
7732	8407
9078	9719
10311	10834
11268	11613
11865	12023
12104	12111
12065	11982
11869	11739
11602	11460
11311	11167
11014	10861
10701	10540
10372	10208
10052	9907
9784	9688
9623	9597
9611	9652
9730	9833
9947	10073
10198	10314
10414	10500
10564	10609
10635	10643
10633	10607
10566	10511
10447	10374
10298	10217
10145	10075
10017	9971
9935	9907
9882	9860
9835	9797
9747	9674
9578	9464
9325	9166
8993	8814
8622	8432
8241	8056
7882	7722
7574	7447
7343	7260
7210	7185
7186	7215
7267	7342
7436	7554
7684	7839
8009	8201
8408	8621
8846	9073
9294	9499
9679	9823
9930	9992
10000	9961
9884	9765
9622	9458
9291	9126
8971	8829
8712	8618
8549	8506
8484	8483
8504	8530
8566	8609
8653	8689
8721	8747
8765	8771
8769	8754
8733	8704
8669	8630
8582	8533
8486	8442
8396	8360
8326	8302
8280	8269
8267	8270
8278	8289
8314	8304
8369	8275
8434	8159
8501	7976
7976	6206
6294	5716
5522	5056
4739	4363
4054	3778
3554	3380
3261	3191
3164	3182
3231	3307
3405	3514
3621	3723
3803	3864
3889	3880
3833	3757
3650	3531
3400	3271
3151	3050
2963	2897
2844	2802
2762	2724
2678	2635
2585	2535
2491	2456
2438	2441
2465	2508
2577	2665
2773	2893
3023	3164
3308	3460
3624	3800
4009	4247
4537	4883
5289	5764
6304	6903
7550	8225
8908	9570
10198	10761
11246	11644
11947	12161
12298	12363
12371	12331
12261	12168
12061	11933
11800	11654
11494	11326
11140	10946
10740	10528
10316	10118
9939	9791
9674	9600
9575	9594
9656	9751
9874	10011
10152	10292
10419	10526
10618	10686
10735	10762
10768	10752
10721	10673
10609	10538
10458	10369
10285	10203
10128	10062
10004	9956
9913	9870
9827	9774
9710	9626
9520	9394
9249	9083
8908	8730
8543	8362
8182	8014
7852	7705
7568	7449
7348	7270
7217	7188
7184	7207
7250	7315
7403	7512
7637	7780
7941	8120
8314	8520
8734	8948
9158	9349
9522	9660
9757	9811
9817	9776
9698	9582
9444	9290
9132	8974
8832	8705
8604	8525
8475	8447
8444	8461
8492	8533
8584	8634
8687	8734
8772	8800
8818	8822
8818	8798
8771	8734
8690	8639
8589	8532
8477	8426
8378	8336
8303	8278
8258	8249
8247	8249
8257	8258
8282	8243
8313	8136
8355	7895
8412	7558
7558	6038
5972	5553
5307	4915
4594	4252
3960	3704
3498	3345
3243	3196
3193	3228
3299	3396
3513	3638
3761	3875
3968	4031
4058	4045
3993	3903
3785	3645
3500	3355
3224	3107
3017	2945
2890	2848
2809	2769
2723	2673
2622	2566
2516	2476
2452	2453
2478	2527
2597	2691
2804	2932
3070	3210
3356	3502
3656	3825
4011	4233
4493	4809
5188	5635
6151	6734
7371	8048
8740	9424
10077	10675
11205	11650
12003	12273
12459	12576
12630	12637
12608	12549
12469	12369
12250	12111
11952	11769
11563	11340
11097	10842
10583	10331
10097	9892
9726	9609
9545	9539
9579	9671
9796	9945
10104	10269
10422	10557
10675	10769
10839	10884
10905	10903
10879	10836
10777	10703
10616	10522
10424	10327
10234	10145
10066	9992
9930	9867
9807	9740
9664	9571
9460	9324
9174	9007
8832	8651
8469	8292
8126	7964
7820	7684
7561	7450
7356	7277
7226	7193
7184	7199
7239	7298
7379	7482
7597	7734
7888	8056
8241	8433
8636	8840
9035	9222
9382	9512
9605	9653
9658	9624
9543	9434
9301	9153
9002	8856
8725	8614
8521	8460
8421	8411
8419	8450
8491	8546
8606	8670
8728	8778
8819	8850
8867	8875
8866	8843
8807	8766
8712	8654
8595	8530
8470	8413
8361	8318
8283	8260
8239	8230
8230	8231
8237	8228
8245	8165
8251	7965
8268	7570
8311	7041
7041	5884
5607	5406
5083	4788
4458	4158
3878	3645
3456	3320
3238	3206
3221	3274
3366	3479
3611	3751
3889	4016
4116	4184
4209	4192
4134	4032
3901	3748
3587	3429
3287	3165
3067	2992
2937	2894
2854	2814
2771	2717
2661	2601
2549	2503
2479	2477
2497	2549
2625	2726
2845	2977
3119	3261
3405	3549
3693	3846
4017	4215
4452	4741
5095	5517
6012	6579
7208	7880
8582	9281
9960	10593
11157	11642
12041	12354
12586	12743
12842	12891
12899	12878
12826	12748
12646	12517
12358	12169
11951	11702
11427	11134
10834	10533
10247	9991
9777	9619
9518	9482
9509	9592
9717	9876
10057	10241
10419	10586
10726	10844
10938	11000
11038	11048
11035	10999
10944	10866
10775	10672
10563	10447
10332	10223
10120	10025
9939	9858
9780	9704
9617	9518
9400	9264
9107	8938
8758	8579
8401	8232
8073	7925
7792	7663
7550	7448
7357	7285
7230	7196
7187	7197
7233	7288
7363	7455
7566	7700
7842	8000
8174	8362
8554	8748
8937	9110
9267	9393
9481	9528
9533	9497
9423	9315
9187	9049
8904	8769
8647	8545
8467	8413
8387	8386
8404	8444
8499	8562
8629	8699
8764	8818
8862	8895
8915	8917
8906	8878
8840	8793
8731	8669
8602	8532
8464	8407
8352	8305
8270	8246
8227	8218
8214	8216
8217	8194
8209	8086
8189	7780
8181	7197
8209	6441
6441	5747
5208	5279
4858	4681
4336	4080
3809	3592
3423	3301
3234	3219
3248	3317
3423	3550
3697	3851
4003	4132
4241	4311
4338	4319
4251	4144
4000	3835
3663	3492
3341	3212
3113	3033
2978	2936
2898	2858
2812	2756
2697	2638
2583	2534
2507	2500
2525	2575
2659	2763
2886	3023
3167	3310
3452	3588
3728	3868
4021	4202
4419	4683
5013	5413
5892	6444
7064	7740
8445	9156
9854	10512
11106	11622
12058	12408
12675	12873
13008	13091
13134	13140
13118	13062
12978	12859
12707	12513
12285	12018
11718	11394
11056	10713
10379	10083
9826	9627
9494	9434
9444	9521
9646	9816
10014	10213
10416	10603
10771	10910
11023	11105
11155	11179
11173	11147
11090	11014
10917	10806
10682	10551
10418	10286
10161	10047
9941	9845
9754	9669
9572	9466
9344	9206
9047	8877
8700	8520
8345	8180
8028	7889
7763	7647
7541	7445
7359	7290
7234	7204
7190	7197
7226	7278
7349	7436
7543	7669
7806	7959
8128	8306
8488	8675
8856	9026
9176	9296
9382	9428
9435	9399
9327	9227
9104	8970
8835	8706
8592	8497
8428	8384
8368	8371
8402	8445
8508	8577
8651	8727
8792	8855
8899	8933
8950	8953
8940	8909
8869	8813
8751	8680
8603	8533
8463	8399
8343	8298
8260	8236
8217	8209
8207	8205
8200	8165
8178	8006
8131	7586
8098	6807
8115	5806
5806	5637
4804	5173
4640	4595
4222	4016
3753	3557
3399	3291
3235	3232
3269	3354
3468	3609
3766	3929
4089	4227
4339	4414
4437	4415
4345	4228
4078	3902
3723	3545
3385	3252
3146	3068
3012	2970
2934	2894
2851	2796
2735	2671
2609	2559
2531	2528
2549	2604
2688	2796
2923	3063
3207	3352
3490	3627
3755	3887
4027	4192
4387	4637
4948	5333
5797	6337
6948	7622
8329	9053
9767	10442
11056	11600
12063	12442
12740	12966
13129	13238
13308	13343
13340	13307
13237	13130
12979	12785
12552	12271
11955	11605
11233	10861
10493	10157
9864	9634
9473	9393
9389	9456
9585	9763
9968	10192
10412	10620
10807	10967
11096	11192
11256	11292
11291	11268
11214	11139
11036	10919
10785	10639
10491	10341
10197	10062
9941	9827
9726	9630
9531	9423
9301	9162
9003	8833
8655	8474
8304	8141
7994	7859
7741	7631
7535	7442
7363	7294
7242	7208
7191	7198
7226	7273
7342	7426
7529	7645
7780	7927
8093	8262
8442	8623
8798	8962
9108	9227
9308	9354
9361	9327
9258	9160
9043	8916
8787	8664
8556	8468
8405	8367
8356	8368
8404	8454
8520	8593
8671	8749
8822	8883
8930	8966
8982	8982
8968	8938
8888	8834
8766	8690
8611	8537
8463	8397
8338	8292
8255	8229
8213	8202
8199	8195
8186	8139
8151	7934
8080	7403
8028	6431
8032	5181
