16094	16094
16094	16094
16094	16094
16094	16094
16094	16094
16094	16093
16092	16092
16092	16090
16088	16085
16081	16076
16068	16061
16051	16038
16022	16004
15982	15952
15920	15874
15822	15754
15667	15557
15415	15232
15006	14726
14387	13986
13535	13036
12504	11955
11414	10898
10420	10003
9646	9354
9128	8960
8840	8765
8726	8714
8730	8769
8829	8905
9002	9110
9236	9377
9533	9714
9917	10153
10427	10741
11101	11499
11934	12393
12864	13330
13782	14200
14576	14902
15178	15402
15584	15721
15825	15903
15957	15996
16024	16044
16058	16066
16077	16084
16085	16088
16091	16092
16092	16093
16093	16094
16094	16094
16094	16094
16094	16094
16094	16094
16094	16094
16094	16094
16094	16094
16094	16094
16094	16094
16094	16094
16093	16092
16092	16092
16089	16087
16085	16080
16074	16068
16059	16047
16032	16016
15998	15973
15948	15912
15873	15821
15764	15689
15596	15477
15327	15139
14905	14617
14274	13870
13416	12913
12383	11837
11300	10787
10320	9911
9568	9293
9082	8932
8827	8767
8739	8740
8758	8801
8861	8936
9022	9121
9233	9360
9499	9657
9844	10062
10317	10617
10962	11353
11782	12240
12712	13187
13647	14074
14464	14805
15095	15327
15521	15668
15783	15868
15926	15973
16005	16029
16046	16057
16066	16076
16081	16085
16088	16089
16092	16092
16092	16093
16094	16094
16094	16094
16094	16094
16094	16094
16094	16094
16094	16094
16094	16094
16094	16094
16094	16094
16094	16094
16092	16092
16091	16088
16085	16084
16077	16071
16062	16052
16040	16026
16007	15984
15961	15933
15894	15856
15808	15749
15683	15600
15501	15374
15216	15020
14780	14487
14138	13732
13272	12772
12239	11698
11167	10663
10208	9813
9485	9225
9031	8895
8809	8765
8752	8761
8792	8836
8894	8965
9042	9132
9227	9335
9453	9592
9759	9954
10188	10470
10801	11181
11606	12061
12536	13018
13486	13926
14331	14685
14987	15236
15441	15598
15723	15817
15887	15938
15979	16005
16029	16044
16057	16066
16075	16080
16085	16087
16089	16092
16092	16092
16094	16094
16094	16094
16094	16094
16094	16094
16094	16094
16094	16094
16094	16094
16094	16094
16094	16094
16094	16092
16092	16090
16088	16085
16082	16077
16069	16059
16048	16033
16017	15995
15972	15944
15912	15872
15830	15783
15725	15659
15584	15493
15384	15248
15085	14883
14636	14337
13986	13579
13119	12619
12092	11557
11028	10538
10094	9712
9396	9154
8977	8862
8790	8759
8758	8782
8818	8866
8923	8989
9059	9134
9216	9304
9403	9518
9661	9832
10048	10312
10627	10997
11412	11866
12345	12829
13309	13760
14174	14542
14861	15124
15342	15512
15647	15753
15831	15891
15940	15975
16002	16022
16039	16052
16062	16071
16077	16084
16085	16088
16091	16092
16092	16094
16094	16094
16094	16094
16094	16094
16094	16094
16094	16094
16094	16094
16094	16094
16094	16094
16093	16092
16090	16087
16085	16081
16075	16066
16056	16044
16028	16009
15986	15957
15929	15889
15845	15800
15748	15689
15623	15547
15463	15363
15245	15108
14937	14729
14479	14181
13827	13423
12970	12471
11951	11421
10907	10422
9989	9618
9319	9091
8929	8825
8772	8752
8762	8793
8837	8888
8946	9002
9068	9132
9198	9270
9347	9444
9564	9715
9914	10161
10459	10819
11227	11678
12156	12645
13127	13589
14014	14392
14722	15000
15230	15413
15557	15674
15763	15832
15886	15932
15966	15993
16017	16035
16049	16060
16068	16077
16081	16085
16088	16090
16092	16092
16093	16094
16094	16094
16094	16093
16093	16094
16094	16094
16094	16094
16094	16094
16094	16093
16092	16090
16087	16085
16081	16072
16064	16053
16037	16020
15997	15972
15942	15907
15866	15819
15768	15710
15647	15579
15502	15416
15323	15217
15095	14949
14775	14569
14319	14024
13677	13278
12828	12341
11831	11312
10806	10336
9914	9550
9263	9042
8891	8796
8753	8743
8763	8796
8847	8899
8952	9009
9062	9118
9169	9226
9290	9371
9473	9613
9794	10027
10319	10664
11068	11512
11988	12477
12961	13422
13851	14238
14575	14861
15099	15294
15451	15578
15676	15760
15821	15876
15921	15956
15985	16006
16028	16044
16055	16066
16075	16079
16085	16087
16090	16092
16092	16092
16093	16093
16093	16093
16093	16093
16094	16094
16094	16094
16094	16094
16093	16093
16090	16087
16085	16082
16070	16061
16050	16036
16014	15991
15960	15926
15890	15840
15787	15732
15669	15604
15530	15452
15364	15273
15173	15059
14934	14786
14614	14411
14164	13878
13539	13150
12714	12246
11748	11244
10753	10292
9879	9527
9240	9026
8876	8784
8742	8735
8758	8795
8840	8894
8948	9001
9048	9098
9141	9186
9243	9314
9409	9536
9709	9932
10218	10557
10953	11387
11859	12340
12819	13280
13707	14092
14432	14720
14963	15165
15329	15467
15577	15669
15744	15804
15859	15905
15941	15970
15998	16020
16037	16053
16064	16072
16079	16085
16087	16090
16092	16092
16092	16093
16093	16093
16093	16093
16093	16094
16094	16094
16094	16093
16093	16091
16088	16086
16082	16072
16062	16050
16035	16014
15985	15956
15916	15871
15820	15762
15700	15633
15559	15479
15398	15310
15221	15122
15015	14900
14771	14626
14456	14258
14025	13746
13425	13053
12639	12187
11710	11225
10749	10304
9897	9549
9263	9046
8892	8796
8745	8737
8752	8787
8830	8883
8930	8985
9027	9073
9115	9159
9212	9279
9372	9498
9673	9897
10176	10510
10896	11326
11781	12252
12723	13171
13587	13964
14296	14587
14828	15032
15203	15347
15461	15563
15649	15720
15783	15841
15889	15929
15962	15991
16014	16035
16050	16062
16070	16079
16085	16087
16090	16091
16091	16091
16092	16093
16092	16092
16093	16093
16093	16094
16093	16093
16091	16089
16087	16083
16076	16064
16051	16035
16012	15983
15948	15906
15859	15804
15741	15672
15598	15518
15434	15347
15255	15162
15066	14962
14858	14741
14618	14476
14314	14124
13901	13638
13337	12988
12599	12170
11722	11258
10802	10364
9971	9625
9338	9111
8947	8837
8776	8750
8756	8780
8820	8865
8915	8963
9008	9055
9098	9149
9207	9280
9383	9518
9691	9923
10201	10532
10911	11329
11772	12224
12673	13101
13499	13861
14179	14455
14694	14895
15066	15209
15337	15446
15540	15623
15697	15762
15820	15872
15915	15953
15985	16009
16031	16048
16061	16070
16080	16084
16086	16089
16090	16089
16090	16090
16089	16090
16093	16093
16093	16093
16092	16092
16090	16087
16084	16076
16066	16053
16036	16014
15984	15948
15904	15851
15791	15722
15649	15570
15483	15393
15299	15205
15109	15011
14912	14811
14706	14594
14471	14336
14182	14003
13799	13557
13275	12955
12594	12198
11776	11340
10906	10486
10101	9757
9464	9225
9048	8919
8837	8792
8780	8792
8820	8858
8904	8950
9001	9054
9109	9168
9239	9331
9445	9594
9784	10019
10305	10634
11008	11405
11828	12259
12680	13081
13452	13787
14086	14346
14571	14762
14928	15074
15199	15316
15417	15511
15594	15670
15738	15801
15857	15903
15945	15978
16008	16030
16048	16062
16069	16079
16083	16082
16086	16086
16085	16086
16085	16088
16093	16093
16092	16092
16092	16090
16088	16086
16078	16067
16056	16038
16018	15989
15949	15905
15849	15786
15713	15634
15545	15455
15356	15260
15159	15062
14962	14863
14765	14666
14564	14460
14345	14216
14072	13908
13717	13494
13237	12945
12615	12255
11868	11463
11056	10662
10286	9946
9647	9395
9196	9046
8938	8871
8834	8830
8845	8875
8914	8965
9022	9086
9151	9228
9324	9434
9571	9743
9948	10195
10484	10813
11172	11560
11956	12356
12741	13109
13446	13751
14018	14255
14460	14640
14792	14937
15061	15177
15284	15386
15477	15565
15648	15720
15785	15845
15897	15942
15979	16011
16030	16049
16062	16069
16075	16078
16077	16079
16076	16078
16075	16081
16092	16093
16091	16092
16091	16090
16087	16081
16074	16061
16046	16026
15996	15958
15912	15855
15788	15714
15627	15533
15437	15334
15228	15124
15021	14921
14822	14725
14629	14537
14443	14341
14233	14113
13979	13825
13649	13446
13213	12950
12653	12329
11978	11611
11240	10869
10508	10177
9878	9616
9397	9222
9088	8993
8936	8911
8908	8926
8967	9023
9083	9163
9249	9350
9465	9605
9766	9958
10181	10445
10737	11061
11410	11773
12143	12508
12857	13186
13482	13747
13984	14190
14370	14528
14672	14802
14920	15033
15144	15249
15350	15447
15538	15624
15703	15778
15838	15894
15942	15980
16008	16032
16047	16059
16062	16067
16066	16066
16059	16064
16053	16069
16091	16091
16091	16091
16089	16087
16084	16075
16067	16053
16032	16005
15970	15924
15868	15801
15722	15632
15534	15429
15320	15211
15101	14993
14889	14789
14695	14607
14517	14429
14341	14245
14143	14031
13902	13758
13591	13408
13196	12960
12699	12410
12102	11775
11441	11099
10769	10451
10155	9882
9651	9450
9292	9174
9091	9041
9026	9038
9074	9130
9207	9300
9408	9533
9674	9839
10027	10242
10484	10756
11052	11371
11705	12043
12381	12707
13016	13300
13554	13778
13977	14149
14299	14438
14561	14676
14784	14897
15003	15109
15217	15322
15422	15521
15611	15699
15772	15840
15896	15942
15979	16010
16029	16043
16046	16049
16047	16045
16033	16043
16024	16050
16089	16091
16090	16090
16089	16086
16079	16073
16061	16043
16019	15986
15942	15888
15821	15742
15650	15549
15440	15324
15207	15091
14977	14867
14766	14673
14586	14505
14424	14343
14258	14172
14075	13964
13836	13698
13542	13369
13174	12966
12732	12483
12219	11936
11644	11343
11040	10744
10455	10187
9946	9734
9556	9413
9306	9239
9207	9212
9245	9307
9394	9503
9631	9780
9948	10142
10351	10588
10845	11125
11421	11725
12039	12355
12655	12942
13206	13445
13656	13836
13998	14136
14257	14367
14468	14565
14662	14762
14866	14970
15076	15188
15299	15406
15509	15607
15698	15778
15848	15903
15950	15984
16006	16020
16025	16025
16016	16015
15991	16006
15968	16019
16086	16087
16087	16088
16086	16084
16075	16066
16052	16031
16002	15964
15913	15851
15770	15681
15578	15465
15345	15223
15098	14976
14864	14757
14659	14574
14494	14423
14353	14280
14203	14117
14019	13906
13785	13643
13490	13320
13144	12956
12752	12542
12318	12083
11838	11580
11319	11050
10783	10529
10285	10061
9869	9708
9584	9503
9460	9453
9492	9555
9653	9778
9928	10098
10290	10498
10736	10985
11250	11528
11820	12111
12402	12684
12949	13194
13414	13608
13779	13919
14043	14146
14238	14317
14396	14471
14556	14640
14732	14836
14941	15056
15173	15290
15404	15516
15616	15707
15790	15860
15915	15951
15981	15996
15996	15994
15968	15968
15924	15953
15875	15970
16086	16086
16086	16084
16083	16078
16072	16060
16045	16019
15986	15942
15882	15808
15721	15621
15507	15382
15253	15122
14997	14874
14762	14659
14572	14497
14432	14365
14305	14240
14169	14081
13980	13864
13735	13587
13430	13264
13095	12923
12748	12571
12390	12204
12008	11802
11582	11355
11119	10881
10646	10426
10228	10058
9924	9828
9773	9767
9803	9875
9981	10118
10285	10472
10682	10908
11151	11409
11677	11952
12230	12500
12767	13016
13248	13453
13633	13787
13916	14020
14106	14180
14238	14295
14346	14402
14467	14534
14616	14711
14813	14924
15047	15168
15294	15417
15530	15638
15730	15812
15872	15920
15947	15962
15956	15947
15909	15900
15822	15871
15728	15893
16080	16086
16081	16083
16080	16075
16070	16058
16040	16010
15971	15921
15854	15771
15675	15561
15438	15305
15170	15036
14904	14785
14675	14586
14506	14442
14385	14331
14280	14219
14144	14059
13952	13828
13685	13529
13366	13198
13033	12876
12720	12575
12436	12297
12153	11999
11830	11646
11447	11238
11021	10810
10615	10440
10302	10203
10145	10138
10171	10248
10363	10510
10689	10890
11107	11345
11595	11853
12115	12375
12639	12888
13124	13342
13536	13704
13847	13964
14057	14128
14184	14225
14261	14290
14319	14352
14395	14448
14517	14597
14697	14802
14923	15052
15188	15318
15447	15565
15671	15758
15830	15881
15911	15922
15910	15887
15820	15808
15675	15756
15509	15789
16079	16085
16081	16082
16077	16074
16064	16051
16030	15997
15954	15900
15825	15733
15628	15508
15373	15234
15093	14956
14827	14710
14609	14526
14456	14405
14358	14314
14267	14214
14138	14048
13930	13794
13637	13468
13293	13120
12957	12806
12671	12553
12452	12360
12265	12166
12047	11914
11754	11580
11391	11199
11014	10847
10708	10608
10549	10542
10578	10659
10777	10934
11115	11322
11546	11785
12034	12286
12540	12787
13025	13249
13455	13637
13799	13935
14045	14133
14196	14241
14267	14284
14295	14305
14310	14320
14343	14382
14429	14499
14587	14694
14813	14947
15083	15228
15363	15495
15609	15710
15786	15843
15871	15874
15848	15812
15704	15691
15467	15605
15197	15645
16076	16079
16078	16077
16074	16069
16060	16045
16021	15988
15940	15875
15797	15700
15587	15458
15319	15173
15027	14890
14761	14650
14556	14483
14425	14382
14344	14313
14270	14213
14140	14036
13914	13763
13591	13410
13220	13040
12871	12725
12608	12517
12447	12396
12351	12299
12233	12150
12035	11898
11738	11571
11400	11246
11114	11015
10962	10955
10992	11076
11199	11357
11540	11750
11975	12210
12450	12691
12926	13157
13371	13570
13746	13903
14033	14140
14221	14281
14321	14342
14348	14347
14337	14323
14311	14308
14312	14330
14363	14423
14498	14594
14713	14849
14989	15140
15288	15425
15550	15658
15744	15799
15825	15822
15776	15721
15563	15543
15205	15414
14789	15463
16072	16076
16074	16075
16071	16065
16056	16041
16013	15978
15928	15859
15773	15672
15552	15415
15270	15121
14974	14836
14712	14605
14521	14454
14407	14375
14347	14317
14281	14225
14142	14038
13901	13736
13552	13352
13149	12958
12787	12644
12538	12466
12428	12414
12410	12404
12388	12349
12279	12177
12054	11908
11758	11618
11494	11404
11353	11349
11389	11475
11595	11754
11943	12146
12367	12595
12824	13049
13267	13476
13668	13840
13993	14122
14228	14309
14370	14411
14429	14435
14426	14404
14378	14352
14323	14303
14288	14291
14313	14356
14424	14517
14630	14762
14911	15065
15220	15365
15500	15614
15704	15763
15786	15769
15698	15621
15402	15374
14901	15191
14297	15247
16067	16071
16068	16072
16065	16064
16050	16033
16006	15969
15916	15843
15755	15648
15524	15383
15233	15080
14933	14797
14675	14576
14492	14437
14399	14372
14352	14328
14290	14237
14153	14037
13890	13715
13514	13301
13087	12887
12710	12569
12471	12414
12398	12414
12444	12483
12505	12507
12474	12411
12316	12199
12070	11941
11831	11748
11704	11702
11744	11828
11954	12108
12291	12496
12705	12920
13140	13349
13551	13738
13909	14060
14192	14295
14383	14446
14487	14510
14519	14509
14487	14461
14421	14378
14338	14305
14278	14267
14276	14308
14367	14452
14561	14694
14845	15001
15159	15314
15455	15575
15668	15727
15742	15717
15619	15523
15231	15198
14566	14954
13751	15015
16063	16071
16066	16072
16063	16062
16048	16032
16003	15962
15906	15833
15741	15632
15503	15358
15206	15050
14902	14767
14649	14552
14475	14426
14394	14372
14363	14339
14306	14248
14163	14040
13883	13694
13484	13256
13033	12824
12641	12502
12412	12367
12369	12408
12469	12534
12592	12628
12629	12594
12526	12430
12318	12205
12104	12030
11993	11991
12037	12123
12243	12400
12576	12773
12976	13184
13390	13589
13771	13944
14096	14229
14339	14430
14499	14548
14578	14591
14587	14571
14539	14501
14457	14408
14356	14309
14273	14253
14252	14271
14325	14403
14510	14640
14792	14949
15113	15274
15419	15542
15638	15697
15709	15639
15543	15165
15061	13892
14232	11390
13196	7795
