16121	16108
16091	16054
15997	15904
15769	15575
15325	15012
14643	14237
13819	13411
13049	12754
12538	12407
12352	12363
12423	12513
12618	12729
12842	12966
13102	13259
13439	13638
13840	14018
14153	14217
14200	14098
13911	13665
13367	13050
12720	12395
12090	11807
11563	11354
11184	11055
10959	10895
10857	10849
10860	10883
10916	10943
10957	10950
10910	10852
10776	10696
10631	10590
10580	10613
10691	10820
11004	11244
11540	11887
12268	12674
13078	13458
13797	14068
14263	14389
14453	14475
14478	14483
14510	14557
14626	14711
14803	14890
14971	15040
15104	15163
15223	15286
15362	15444
15533	15626
15720	15806
15886	15955
16008	16050
16078	16100
16114	16122
16127	16131
16122	16108
16091	16055
15996	15903
15765	15563
15301	14974
14582	14147
13689	13240
12834	12485
12221	12044
11954	11936
11979	12059
12166	12288
12424	12576
12747	12952
13179	13429
13681	13910
14088	14193
14209	14131
13970	13738
13456	13144
12823	12505
12202	11924
11681	11477
11312	11184
11093	11028
10990	10978
10982	10999
11023	11043
11051	11037
10999	10941
10870	10801
10739	10704
10704	10741
10828	10962
11151	11397
11692	12039
12414	12809
13197	13562
13874	14123
14299	14402
14443	14453
14441	14436
14456	14496
14565	14647
14735	14820
14896	14961
15019	15075
15134	15195
15273	15358
15458	15558
15660	15760
15851	15926
15991	16035
16070	16094
16110	16120
16126	16130
16121	16108
16091	16055
15995	15901
15758	15554
15281	14935
14517	14047
13542	13044
12571	12160
11832	11597
11454	11399
11410	11475
11581	11713
11871	12057
12277	12536
12830	13146
13469	13761
13999	14158
14218	14177
14045	13839
13572	13273
12958	12644
12344	12071
11832	11632
11474	11349
11259	11197
11160	11141
11137	11145
11157	11166
11168	11150
11112	11057
10991	10929
10879	10851
10857	10906
10997	11141
11337	11587
11887	12229
12599	12981
13354	13692
13979	14195
14337	14410
14426	14407
14377	14358
14363	14397
14460	14537
14619	14696
14766	14829
14879	14930
14985	15049
15130	15224
15333	15451
15571	15690
15796	15887
15963	16018
16059	16087
16107	16116
16126	16128
16122	16108
16091	16056
15996	15902
15760	15549
15267	14904
14461	13957
13404	12842
12303	11815
11412	11103
10898	10785
10759	10798
10892	11029
11207	11435
11707	12032
12401	12799
13201	13575
13889	14108
14224	14231
14134	13957
13713	13426
13120	12812
12515	12244
12007	11810
11656	11539
11452	11392
11351	11323
11312	11308
11307	11307
11297	11276
11240	11191
11133	11080
11039	11021
11036	11092
11192	11343
11548	11804
12110	12452
12817	13181
13532	13842
14093	14270
14374	14407
14385	14335
14277	14236
14225	14244
14294	14362
14436	14503
14566	14615
14658	14705
14756	14827
14914	15027
15155	15298
15443	15588
15717	15831
15923	15993
16044	16078
16099	16115
16122	16127
16121	16109
16092	16057
15999	15906
15763	15553
15266	14894
14430	13891
13293	12670
12058	11488
11002	10612
10327	10152
10071	10078
10149	10287
10485	10744
11070	11467
11918	12404
12897	13359
13752	14049
14227	14288
14233	14087
13866	13597
13300	12995
12700	12428
12195	12002
11851	11736
11652	11592
11547	11519
11494	11477
11463	11450
11432	11412
11376	11336
11288	11244
11214	11206
11226	11289
11397	11559
11769	12035
12344	12687
13042	13397
13723	13999
14210	14345
14398	14381
14315	14220
14126	14052
14015	14014
14046	14098
14159	14215
14265	14305
14339	14379
14434	14512
14616	14750
14910	15085
15269	15448
15611	15755
15870	15957
16021	16064
16094	16110
16121	16127
16123	16110
16095	16061
16008	15917
15781	15573
15285	14907
14430	13860
13226	12546
11869	11221
10648	10171
9807	9558
9416	9373
9416	9544
9749	10036
10413	10876
11406	11984
12572	13130
13610	13980
14226	14342
14334	14222
14026	13770
13483	13184
12890	12620
12386	12194
12044	11934
11853	11794
11745	11707
11672	11643
11618	11597
11577	11553
11522	11489
11449	11416
11394	11389
11419	11487
11602	11768
11994	12266
12579	12924
13273	13611
13909	14150
14317	14401
14401	14329
14204	14056
13914	13797
13723	13692
13698	13731
13770	13814
13846	13876
13900	13942
14002	14091
14224	14394
14596	14820
15053	15280
15487	15662
15807	15916
15996	16049
16083	16105
16119	16126
16124	16112
16098	16069
16019	15932
15800	15603
15321	14943
14462	13879
13212	12490
11752	11032
10380	9819
9374	9045
8838	8741
8747	8854
9057	9367
9782	10304
10910	11572
12252	12896
13459	13907
14220	14391
14428	14350
14179	13945
13665	13369
13079	12808
12574	12384
12237	12128
12050	11991
11940	11894
11851	11807
11773	11745
11722	11697
11675	11648
11622	11595
11579	11580
11612	11681
11801	11973
12201	12482
12803	13143
13488	13807
14081	14287
14407	14434
14374	14236
14046	13833
13630	13457
13334	13265
13237	13239
13258	13280
13301	13317
13340	13384
13459	13576
13745	13961
14218	14503
14798	15079
15337	15557
15735	15870
15968	16033
16074	16099
16117	16124
16124	16116
16103	16076
16028	15953
15827	15641
15367	15000
14521	13934
13252	12497
11708	10932
10210	9575
9046	8645
8370	8217
8179	8255
8453	8767
9213	9782
10453	11192
11947	12674
13316	13835
14206	14430
14511	14465
14322	14102
13837	13550
13262	12995
12764	12575
12430	12324
12248	12187
12134	12081
12029	11981
11940	11904
11879	11861
11843	11827
11806	11786
11776	11778
11810	11877
11998	12175
12407	12691
13012	13353
13684	13987
14230	14395
14469	14438
14313	14098
13833	13545
13266	13028
12844	12723
12656	12625
12618	12618
12626	12635
12665	12721
12819	12975
13193	13472
13798	14156
14521	14868
15186	15450
15662	15822
15938	16016
16065	16095
16113	16122
16125	16117
16105	16082
16041	15972
15857	15682
15424	15069
14599	14018
13327	12557
11735	10913
10131	9429
8835	8366
8026	7817
7734	7775
7954	8270
8734	9337
10058	10855
11680	12474
13184	13764
14193	14461
14580	14570
14452	14250
14002	13722
13441	13182
12955	12772
12630	12529
12453	12392
12338	12282
12226	12174
12123	12086
12066	12050
12041	12032
12021	12005
11994	11997
12025	12091
12206	12381
12611	12891
13208	13541
13860	14141
14356	14481
14500	14412
14211	13923
13573	13198
12833	12515
12263	12083
11966	11898
11865	11848
11846	11857
11897	11979
12116	12323
12606	12959
13363	13803
14243	14661
15035	15346
15594	15781
15913	16001
16056	16090
16110	16122
16127	16119
16110	16088
16050	15988
15886	15722
15481	15143
14691	14118
13431	12651
11811	10956
10129	9374
8727	8197
7801	7536
7409	7419
7572	7883
8354	8979
9732	10578
11455	12305
13068	13702
14176	14484
14641	14659
14567	14391
14156	13892
13626	13375
13164	12983
12853	12755
12685	12624
12568	12510
12452	12391
12343	12307
12287	12278
12277	12276
12269	12256
12247	12246
12271	12331
12440	12605
12830	13103
13408	13725
14024	14277
14456	14540
14508	14354
14083	13709
13269	12801
12346	11943
11611	11361
11195	11089
11030	11002
10998	11022
11086	11201
11392	11665
12025	12459
12953	13476
13994	14478
14907	15262
15542	15748
15894	15989
16052	16088
16109	16120
16127	16121
16112	16094
16061	16007
15911	15762
15538	15216
14781	14221
13546	12767
11917	11038
10184	9389
8695	8116
7670	7362
7192	7165
7297	7596
8070	8704
9485	10358
11278	12169
12972	13644
14155	14500
14688	14735
14667	14515
14306	14064
13815	13583
13382	13218
13094	13005
12936	12882
12826	12770
12710	12653
12605	12572
12557	12556
12560	12562
12559	12552
12543	12538
12558	12609
12708	12860
13069	13325
13613	13906
14179	14398
14543	14581
14497	14275
13931	13472
12939	12374
11824	11329
10916	10602
10384	10243
10165	10131
10135	10180
10279	10447
10698	11046
11488	12011
12591	13196
13789	14332
14808	15197
15500	15726
15882	15982
16049	16084
16107	16118
16128	16124
16116	16100
16072	16021
15936	15798
15586	15285
14867	14324
13662	12888
12036	11152
10275	9453
8719	8104
7616	7268
7062	7005
7117	7398
7868	8508
9302	10201
11144	12065
12897	13602
14143	14515
14728	14802
14763	14636
14452	14236
14016	13804
13622	13474
13361	13280
13221	13167
13119	13064
13007	12956
12912	12883
12871	12872
12881	12887
12894	12885
12874	12868
12878	12921
13007	13148
13335	13568
13825	14091
14328	14516
14615	14609
14469	14187
13767	13230
12606	11947
11302	10716
10227	9852
9584	9414
9321	9292
9313	9389
9537	9761
10088	10515
11040	11651
12314	12992
13647	14241
14751	15166
15485	15715
15877	15980
16044	16082
16100	16115
16127	16125
16118	16104
16076	16034
15956	15827
15632	15344
14946	14421
13774	13011
12165	11273
10381	9539
8781	8132
7614	7232
6995	6914
7005	7274
7735	8381
9184	10096
11055	11995
12850	13575
14136	14529
14767	14862
14847	14750
14593	14410
14216	14033
13870	13742
13644	13573
13522	13474
13427	13380
13327	13282
13245	13221
13215	13223
13233	13243
13249	13244
13233	13225
13232	13267
13335	13456
13619	13823
14046	14273
14474	14620
14678	14627
14434	14097
13613	12997
12293	11548
10814	10149
9589	9153
8848	8654
8557	8537
8585	8703
8900	9192
9591	10099
10708	11398
12134	12873
13575	14205
14739	15166
15489	15721
15879	15982
16040	16077
16094	16110
16126	16123
16118	16105
16085	16043
15972	15855
15670	15398
15015	14511
13879	13131
12291	11399
10502	9644
8864	8193
7646	7236
6973	6870
6944	7206
7660	8307
9119	10039
11011	11963
12829	13565
14142	14549
14800	14919
14929	14858
14733	14579
14416	14260
14123	14013
13929	13871
13823	13784
13744	13703
13658	13617
13588	13573
13571	13581
13593	13608
13613	13612
13602	13596
13596	13621
13681	13775
13911	14082
14271	14457
14617	14720
14738	14641
14406	14017
13474	12795
12019	11197
10389	9654
9033	8552
8211	8003
7905	7903
7984	8149
8404	8761
9230	9813
10498	11259
12051	12839
13573	14222
14764	15194
15513	15737
15887	15981
16034	16068
16077	16099
16124	16123
16117	16109
16087	16052
15988	15878
15705	15447
15083	14594
13980	13246
12414	11526
10624	9756
8960	8265
7696	7261
6980	6858
6919	7172
7628	8279
9095	10025
11000	11958
12833	13574
14154	14570
14837	14973
15001	14956
14861	14737
14603	14474
14362	14272
14205	14154
14112	14081
14045	14011
13975	13944
13920	13910
13913	13925
13942	13958
13967	13968
13962	13953
13954	13972
14016	14091
14200	14335
14487	14633
14752	14816
14796	14659
14385	13952
13365	12631
11800	10916
10051	9256
8587	8067
7702	7484
7392	7409
7526	7732
8042	8463
9003	9653
10401	11215
12055	12872
13625	14277
14819	15238
15546	15756
15894	15972
16013	16041
16037	16071
16118	16117
16114	16105
16089	16056
15998	15895
15735	15489
15144	14672
14073	13353
12532	11648
10745	9866
9055	8345
7755	7303
7004	6870
6922	7175
7632	8288
9107	10043
11027	11986
12857	13598
14179	14599
14871	15015
15063	15043
14972	14877
14768	14668
14576	14504
14446	14405
14370	14343
14319	14289
14262	14240
14225	14218
14225	14238
14256	14274
14288	14290
14287	14281
14280	14292
14323	14380
14463	14566
14682	14793
14873	14902
14847	14680
14373	13910
13285	12517
11643	10714
9801	8966
8255	7708
7323	7100
7016	7053
7203	7455
7816	8295
8891	9602
10400	11257
12121	12958
13715	14367
14892	15293
15582	15776
15888	15952
15968	15999
15959	16026
16115	16116
16114	16106
16092	16064
16009	15914
15761	15529
15193	14741
14160	13453
12642	11764
10860	9975
9151	8425
7819	7347
7035	6892
6941	7194
7661	8323
9151	10093
11076	12034
12902	13636
14212	14629
14906	15059
15123	15118
15068	14996
14913	14833
14760	14701
14653	14617
14593	14571
14547	14527
14508	14491
14480	14482
14489	14505
14523	14543
14557	14566
14568	14564
14565	14567
14591	14629
14691	14766
14852	14925
14977	14975
14894	14702
14375	13889
13244	12452
11548	10593
9648	8777
8039	7464
7066	6841
6763	6821
6999	7291
7695	8225
8868	9625
10463	11346
12234	13073
13826	14463
14971	15352
15615	15785
15871	15914
15893	15918
15818	15944
16109	16113
16109	16107
16093	16066
16018	15930
15784	15563
15242	14804
14236	13545
12745	11871
10968	10077
9243	8501
7881	7398
7072	6924
6972	7229
7705	8376
9214	10158
11143	12098
12955	13684
14250	14665
14939	15097
15164	15174
15143	15088
15023	14958
14904	14855
14816	14787
14765	14747
14731	14715
14700	14690
14685	14688
14698	14716
14739	14758
14776	14788
14792	14791
14790	14794
14807	14832
14875	14929
14989	15038
15062	15040
14936	14728
14385	13891
13233	12429
11512	10538
9570	8679
7918	7324
6915	6681
6608	6683
6883	7210
7653	8219
8906	9696
10562	11468
12361	13199
13941	14561
15045	15403
15644	15781
15834	15843
15759	15792
15571	15814
16106	16111
16107	16106
16096	16071
16023	15944
15807	15597
15285	14860
14306	13627
12836	11969
11062	10169
9327	8576
7938	7445
7112	6960
7009	7275
7755	8438
9285	10235
11219	12167
13019	13732
14291	14696
14965	15125
15201	15216
15196	15155
15106	15054
15009	14968
14938	14912
14893	14881
14865	14854
14846	14838
14838	14844
14855	14872
14895	14919
14939	14953
14962	14964
14963	14964
14973	14988
15017	15053
15091	15122
15128	15088
14972	14755
14407	13906
13245	12439
11517	10534
9556	8648
7871	7256
6836	6595
6527	6613
6833	7182
7655	8256
8971	9787
10676	11592
12491	13322
14049	14651
15117	15446
15656	15762
15766	15739
15561	15604
15192	15619
16100	16106
16103	16104
16096	16073
16031	15952
15825	15621
15322	14907
14367	13698
12914	12051
11144	10247
9399	8634
7988	7488
7148	6996
7046	7318
7811	8502
9356	10311
11291	12236
13080	13783
14330	14725
14991	15146
15226	15249
15236	15205
15166	15122
15084	15051
15024	15000
14985	14970
14960	14952
14945	14943
14945	14952
14968	14986
15008	15032
15054	15070
15082	15087
15087	15089
15092	15101
15117	15142
15165	15184
15176	15124
15003	14778
14429	13928
13274	12469
11548	10565
9579	8659
7868	7242
6807	6560
6493	6585
6817	7186
7684	8304
9044	9880
10781	11704
12603	13428
14141	14723
15168	15478
15656	15727
15676	15606
15298	15361
14673	15361
16093	16102
16099	16102
16092	16074
16037	15961
15839	15640
15349	14945
14413	13751
12975	12116
11211	10311
9453	8686
8034	7523
7180	7025
7081	7358
7856	8557
9418	10375
11357	12296
13129	13821
14360	14749
15009	15164
15244	15266
15259	15237
15200	15166
15130	15102
15076	15057
15043	15029
15021	15015
15011	15009
15015	15020
15038	15055
15078	15102
15128	15146
15161	15169
15169	15171
15171	15176
15184	15201
15215	15225
15209	15152
15024	14799
14450	13955
13303	12507
11593	10607
9618	8693
7889	7253
6807	6553
6482	6575
6818	7201
7717	8355
9110	9961
10871	11798
12693	13510
14215	14784
15210	15496
15648	15684
15572	15453
14993	15083
14058	15062
16088	16098
16096	16097
16091	16075
16038	15966
15847	15655
15369	14973
14446	13791
13022	12163
11259	10357
9497	8721
8065	7552
7206	7050
7106	7387
7896	8603
9467	10429
11406	12340
13170	13857
14386	14768
15024	15175
15252	15280
15277	15254
15223	15190
15161	15134
15113	15093
15078	15069
15059	15053
15048	15050
15056	15064
15081	15098
15123	15146
15173	15193
15206	15218
15221	15221
15218	15220
15225	15237
15245	15251
15229	15167
15040	14817
14468	13982
13336	12544
11633	10650
9661	8730
7915	7272
6816	6556
6482	6578
6828	7220
7743	8394
9163	10022
10939	11865
12758	13571
14266	14824
15237	15507
15635	15593
15466	14799
14684	12372
13424	8033
