16189	16189
16189	16189
16189	16189
16185	16180
16160	16109
15991	15745
15303	14613
13686	12609
11522	10555
9777	9204
8808	8563
8439	8418
8475	8585
8761	9023
9375	9756
10051	10149
10013	9703
9309	8901
8459	7925
7266	6508
5759	5124
4668	4389
4246	4193
4190	4220
4273	4358
4467	4603
4755	4912
5057	5173
5265	5368
5547	5886
6479	7377
8572	9969
11420	12768
13895	14752
15344	15721
15944	16064
16127	16154
16157	16128
16044	15858
15516	14989
14297	13537
12832	12285
11915	11668
11482	11323
11215	11196
11286	11481
11771	12159
12664	13293
13995	14683
15264	15683
15941	16081
16147	16172
16184	16188
16189	16189
16189	16189
16189	16189
16189	16189
16189	16189
16189	16189
16185	16177
16159	16104
15981	15726
15268	14560
13617	12527
11437	10472
9707	9146
8761	8522
8405	8386
8444	8554
8732	8997
9352	9734
10026	10122
9980	9668
9271	8861
8416	7877
7214	6462
5723	5097
4645	4370
4229	4177
4176	4214
4284	4388
4524	4688
4869	5046
5205	5334
5430	5523
5662	5926
6399	7143
8177	9437
10808	12146
13331	14288
14997	15485
15796	15982
16083	16133
16148	16127
16044	15865
15531	15010
14323	13561
12851	12297
11921	11672
11485	11323
11216	11189
11274	11464
11752	12137
12647	13275
13982	14673
15257	15678
15938	16080
16146	16172
16184	16188
16189	16189
16189	16189
16189	16189
16189	16189
16189	16189
16189	16189
16185	16177
16154	16100
15967	15699
15223	14492
13524	12421
11321	10363
9608	9062
8690	8461
8351	8338
8396	8508
8689	8958
9316	9699
9989	10079
9933	9613
9221	8806
8361	7820
7161	6423
5695	5084
4640	4361
4217	4160
4162	4213
4312	4458
4648	4863
5088	5300
5486	5636
5738	5814
5898	6051
6351	6877
7670	8724
9954	11250
12484	13563
14433	15081
15530	15820
15993	16088
16126	16119
16048	15872
15548	15033
14352	13589
12873	12309
11927	11676
11486	11325
11210	11179
11252	11437
11719	12104
12613	13247
13960	14657
15247	15673
15937	16077
16145	16172
16184	16188
16189	16189
16189	16189
16189	16189
16189	16189
16189	16189
16189	16189
16185	16177
16153	16094
15956	15676
15180	14427
13433	12310
11198	10237
9491	8957
8597	8378
8276	8268
8327	8442
8627	8901
9265	9651
9937	10024
9875	9556
9159	8748
8303	7776
7135	6417
5713	5116
4671	4385
4226	4158
4162	4231
4371	4582
4846	5140
5432	5698
5917	6083
6190	6247
6260	6281
6385	6652
7162	7948
8976	10170
11414	12598
13636	14475
15106	15544
15827	15995
16078	16096
16040	15877
15559	15055
14376	13611
12891	12319
11929	11674
11482	11317
11196	11154
11218	11396
11672	12058
12572	13210
13932	14637
15234	15667
15935	16076
16145	16172
16184	16187
16189	16189
16189	16189
16189	16189
16189	16189
16189	16189
16189	16189
16185	16177
16151	16092
15949	15661
15156	14382
13368	12220
11092	10118
9369	8841
8487	8278
8184	8181
8246	8363
8549	8831
9198	9588
9878	9963
9816	9499
9106	8698
8267	7763
7157	6484
5815	5236
4782	4474
4283	4188
4185	4277
4463	4751
5110	5501
5874	6187
6436	6609
6711	6732
6680	6576
6486	6504
6731	7228
8015	9043
10228	11458
12630	13658
14488	15114
15549	15830
15987	16052
16021	15874
15567	15066
14391	13624
12898	12319
11921	11660
11466	11293
11163	11113
11171	11339
11614	12001
12519	13169
13901	14616
15222	15660
15931	16075
16144	16172
16184	16187
16189	16189
16189	16189
16189	16189
16189	16189
16189	16189
16189	16189
16185	16177
16152	16093
15952	15665
15154	14376
13348	12178
11025	10029
9260	8720
8365	8159
8070	8072
8140	8266
8456	8745
9116	9508
9806	9903
9765	9455
9064	8667
8259	7797
7254	6643
6027	5469
5010	4661
4417	4279
4252	4349
4585	4949
5407	5887
6325	6675
6925	7081
7153	7135
7021	6819
6584	6404
6389	6628
7165	7989
9044	10244
11476	12647
13670	14499
15123	15555
15824	15957
15972	15848
15554	15058
14384	13615
12887	12305
11905	11635
11432	11250
11112	11053
11107	11275
11548	11942
12470	13130
13874	14601
15214	15657
15930	16076
16145	16172
16184	16187
16189	16189
16189	16189
16189	16189
16189	16189
16189	16189
16189	16189
16185	16177
16154	16098
15963	15680
15178	14403
13372	12186
11005	9976
9173	8607
8236	8022
7932	7937
8014	8149
8347	8637
9015	9414
9726	9841
9723	9425
9045	8661
8282	7877
7411	6889
6346	5828
5361	4968
4657	4450
4374	4459
4720	5144
5676	6227
6701	7046
7257	7357
7375	7311
7151	6897
6580	6283
6110	6155
6476	7085
7960	9043
10252	11489
12661	13681
14507	15125
15545	15791
15874	15790
15512	15024
14347	13578
12850	12270
11865	11591
11375	11185
11040	10981
11037	11207
11489	11893
12436	13109
13863	14599
15216	15661
15932	16077
16146	16172
16184	16188
16189	16189
16189	16189
16189	16189
16189	16189
16189	16189
16189	16189
16185	16179
16160	16106
15979	15711
15226	14469
13444	12249
11040	9965
9120	8508
8108	7877
7779	7784
7867	8008
8215	8508
8888	9300
9632	9776
9687	9411
9045	8676
8331	7983
7607	7188
6742	6283
5832	5401
5018	4726
4579	4616
4871	5322
5891	6469
6938	7241
7377	7394
7338	7223
7037	6771
6438	6109
5866	5796
5953	6367
7040	7949
9050	10264
11503	12670
13689	14510
15112	15507
15696	15673
15426	14945
14273	13508
12785	12210
11805	11522
11297	11099
10954	10901
10968	11152
11450	11870
12427	13115
13878	14618
15232	15671
15940	16082
16147	16173
16185	16188
16189	16189
16189	16189
16189	16189
16189	16189
16189	16189
16189	16189
16186	16180
16162	16115
15999	15752
15292	14560
13554	12359
11123	10004
9102	8441
7996	7736
7616	7617
7698	7844
8053	8349
8731	9154
9512	9693
9648	9403
9058	8703
8384	8093
7804	7491
7153	6781
6372	5933
5498	5121
4882	4844
5055	5487
6053	6621
7061	7298
7345	7268
7134	6974
6780	6528
6224	5914
5662	5536
5583	5839
6319	7031
7957	9062
10275	11511
12670	13681
14489	15063
15394	15468
15270	14811
14146	13391
12684	12118
11722	11434
11203	11004
10864	10828
10916	11121
11439	11878
12456	13159
13929	14663
15267	15695
15953	16088
16149	16174
16185	16188
16189	16189
16189	16189
16189	16189
16189	16189
16189	16189
16189	16189
16187	16181
16168	16125
16020	15794
15365	14668
13687	12499
11246	10087
9127	8410
7917	7613
7467	7445
7516	7657
7863	8153
8534	8966
9354	9584
9590	9393
9073	8729
8430	8182
7961	7750
7521	7252
6920	6516
6062	5627
5296	5169
5295	5671
6200	6733
7129	7308
7281	7134
6942	6754
6555	6322
6049	5765
5521	5369
5350	5486
5801	6318
7043	7975
9075	10279
11504	12654
13645	14414
14919	15120
15005	14591
13955	13224
12541	12002
11616	11333
11101	10910
10788	10776
10889	11118
11460	11923
12520	13239
14011	14736
15320	15728
15970	16096
16153	16177
16185	16188
16189	16189
16189	16189
16189	16189
16189	16189
16189	16189
16189	16189
16187	16185
16171	16136
16044	15839
15441	14785
13841	12672
11408	10214
9202	8428
7881	7532
7344	7288
7338	7463
7656	7934
8302	8738
9152	9436
9506	9363
9078	8750
8460	8233
8068	7930
7799	7637
7408	7079
6663	6206
5815	5595
5626	5913
6377	6863
7219	7363
7305	7127
6913	6712
6507	6278
6007	5723
5467	5289
5217	5273
5465	5819
6351	7079
7995	9077
10261	11460
12586	13535
14226	14588
14589	14255
13673	12991
12358	11858
11496	11225
11001	10825
10729	10749
10892	11149
11515	12002
12620	13352
14121	14828
15388	15768
15992	16106
16158	16178
16185	16188
16189	16189
16189	16189
16189	16189
16189	16189
16189	16189
16189	16189
16189	16185
16174	16144
16065	15881
15520	14907
14008	12867
11606	10382
9326	8496
7895	7491
7260	7164
7178	7277
7445	7699
8046	8472
8904	9240
9383	9307
9065	8756
8463	8245
8101	8017
7959	7895
7772	7553
7218	6803
6395	6110
6043	6231
6607	7036
7364	7500
7445	7275
7070	6869
6656	6404
6106	5782
5487	5271
5161	5167
5289	5530
5903	6432
7129	8003
9040	10185
11351	12422
13282	13818
13976	13763
13284	12691
12136	11694
11371	11118
10911	10761
10698	10754
10926	11207
11595	12105
12747	13488
14251	14936
15463	15816
16019	16119
16163	16180
16185	16189
16189	16189
16189	16189
16189	16189
16189	16189
16189	16189
16189	16189
16189	16186
16176	16152
16082	15922
15598	15033
14186	13082
11831	10588
9489	8606
7951	7499
7216	7077
7048	7112
7249	7467
7781	8185
8624	9000
9213	9216
9031	8745
8453	8224
8078	8012
8001	8008
7985	7881
7665	7340
6970	6661
6524	6611
6896	7250
7539	7668
7632	7485
7298	7101
6877	6593
6245	5869
5530	5281
5156	5149
5251	5444
5716	6073
6542	7156
7950	8922
10016	11128
12103	12808
13143	13103
12778	12323
11879	11519
11243	11020
10838	10716
10692	10781
10981	11282
11693	12228
12891	13644
14398	15054
15548	15866
16044	16131
16166	16181
16186	16189
16189	16189
16189	16189
16189	16189
16189	16189
16189	16189
16189	16189
16189	16187
16181	16159
16101	15962
15675	15163
14371	13312
12080	10827
9688	8756
8049	7547
7217	7029
6959	6984
7083	7263
7534	7900
8326	8730
9007	9091
8975	8728
8437	8189
8024	7950
7949	7993
8038	8040
7945	7737
7452	7171
7000	7010
7192	7459
7686	7786
7739	7596
7413	7214
6975	6668
6291	5887
5531	5284
5184	5217
5362	5569
5798	6026
6278	6607
7093	7791
8705	9740
10760	11596
12114	12283
12167	11898
11602	11339
11121	10931
10778	10691
10704	10825
11049	11372
11802	12362
13048	13808
14548	15173
15630	15915
16069	16143
16172	16184
16186	16189
16189	16189
16189	16188
16188	16188
16188	16189
16189	16189
16189	16189
16189	16188
16182	16166
16117	16000
15747	15287
14558	13554
12352	11095
9925	8942
8184	7630
7251	7018
6905	6891
6956	7096
7319	7638
8032	8442
8770	8933
8903	8707
8435	8167
7972	7866
7847	7893
7970	8034
8041	7951
7777	7562
7395	7353
7445	7610
7746	7769
7666	7482
7272	7054
6809	6508
6150	5777
5471	5292
5272	5403
5639	5907
6136	6273
6329	6369
6517	6883
7521	8394
9374	10284
10974	11371
11499	11450
11322	11167
11004	10848
10726	10675
10724	10876
11124	11465
11918	12505
13210	13973
14699	15289
15706	15958
16091	16153
16176	16185
16189	16189
16189	16189
16186	16186
16185	16186
16188	16188
16188	16189
16189	16189
16189	16188
16184	16169
16131	16032
15818	15411
14745	13804
12645	11392
10196	9166
8356	7747
7323	7041
6884	6833
6864	6966
7144	7406
7756	8150
8510	8749
8808	8690
8456	8184
7954	7802
7741	7758
7830	7919
7987	7990
7913	7778
7647	7585
7607	7675
7697	7609
7403	7135
6865	6616
6381	6127
5849	5583
5399	5352
5475	5742
6099	6450
6693	6753
6628	6400
6216	6238
6573	7223
8101	9034
9866	10482
10857	11032
11068	11009
10900	10773
10682	10666
10751	10935
11207	11569
12049	12662
13385	14146
14846	15398
15775	15997
16112	16159
16180	16185
16189	16189
16189	16186
16184	16181
16178	16179
16184	16184
16186	16186
16189	16189
16189	16189
16185	16174
16143	16061
15879	15526
14933	14066
12960	11727
10510	9435
8565	7902
7421	7093
6895	6805
6804	6870
7006	7217
7509	7870
8239	8538
8692	8671
8505	8254
7999	7801
7681	7646
7682	7759
7845	7897
7892	7831
7750	7691
7675	7659
7575	7366
7047	6679
6336	6066
5860	5686
5538	5437
5434	5571
5862	6277
6741	7145
7375	7344
7049	6581
6111	5834
5891	6325
7078	8006
8941	9743
10329	10692
10857	10876
10803	10702
10642	10667
10789	11002
11297	11687
12196	12836
13573	14328
14993	15504
15841	16032
16126	16167
16182	16187
16189	16189
16185	16182
16174	16167
16153	16160
16178	16181
16182	16185
16186	16189
16189	16189
16186	16176
16154	16087
15937	15637
15115	14330
13293	12092
10868	9749
8816	8088
7551	7171
6926	6799
6766	6805
6906	7066
7301	7611
7968	8306
8549	8644
8575	8379
8125	7881
7698	7597
7576	7614
7686	7755
7788	7780
7744	7708
7679	7613
7453	7154
6743	6294
5907	5631
5472	5408
5417	5506
5701	6022
6467	6988
7503	7894
8050	7893
7428	6767
6085	5597
5457	5734
6397	7316
8326	9254
9989	10474
10716	10775
10723	10645
10618	10678
10837	11081
11404	11827
12375	13040
13786	14516
15143	15604
15899	16061
16140	16171
16185	16188
16189	16186
16182	16170
16152	16129
16088	16110
16165	16170
16175	16179
16184	16187
16189	16189
16186	16181
16161	16110
15987	15740
15293	14592
13632	12480
11256	10095
9098	8303
7705	7269
6981	6812
6748	6765
6836	6957
7136	7387
7710	8066
8384	8594
8646	8538
8316	8047
7802	7622
7532	7524
7566	7630
7682	7705
7709	7702
7680	7603
7406	7064
6609	6134
5739	5494
5407	5456
5616	5879
6241	6708
7248	7803
8282	8576
8585	8263
7635	6827
6026	5431
5205	5418
6051	6986
8045	9048
9850	10381
10645	10702
10655	10600
10604	10705
10899	11175
11532	11990
12573	13267
14009	14712
15287	15699
15953	16087
16151	16175
16185	16189
16188	16185
16174	16149
16101	16044
15920	15981
16145	16157
16161	16172
16180	16184
16188	16189
16187	16182
16167	16128
16030	15827
15448	14834
13954	12854
11637	10443
9383	8523
7861	7379
7045	6840
6747	6740
6787	6878
7012	7208
7489	7841
8216	8531
8710	8705
8536	8263
7966	7714
7553	7487
7503	7555
7619	7663
7699	7724
7723	7652
7462	7125
6684	6233
5878	5688
5680	5833
6116	6509
6986	7531
8092	8605
8968	9096
8909	8398
7627	6726
5882	5280
5065	5306
5970	6942
8040	9068
9876	10388
10622	10659
10609	10571
10612	10747
10972	11275
11664	12163
12782	13497
14233	14898
15424	15782
15997	16109
16159	16178
16186	16189
16187	16181
16161	16114
16010	15881
15558	15719
16122	16140
16148	16164
16175	16182
16187	16189
16188	16185
16173	16141
16064	15898
15574	15029
14222	13170
11964	10746
9634	8716
8004	7479
7106	6872
6753	6724
6757	6827
6925	7079
7315	7657
8066	8464
8753	8852
8746	8480
8145	7830
7605	7492
7479	7531
7603	7671
7731	7779
7802	7751
7585	7284
6891	6496
6205	6082
6149	6383
6749	7219
7754	8320
8847	9265
9480	9419
9036	8357
7466	6517
5681	5132
4984	5300
6029	7051
8177	9201
9977	10443
10629	10633
10577	10557
10624	10790
11040	11368
11786	12320
12972	13701
14425	15055
15535	15851
16031	16124
16165	16180
16187	16189
16186	16174
16145	16066
15877	15639
14972	15303
16102	16124
16136	16157
16171	16180
16185	16189
16189	16185
16174	16150
16086	15943
15658	15163
14404	13391
12196	10959
9816	8854
8106	7552
7156	6897
6761	6720
6741	6800
6878	7000
7205	7530
7960	8414
8778	8955
8900	8650
8291	7932
7656	7509
7480	7532
7615	7703
7779	7845
7885	7854
7715	7453
7112	6776
6546	6481
6601	6884
7300	7806
8362	8909
9388	9711
9797	9581
9045	8239
7274	6302
5497	5008
4941	5329
6124	7192
8333	9346
10082	10498
10639	10619
10558	10549
10638	10827
11096	11442
11878	12439
13111	13849
14561	15166
15610	15896
16056	16133
16169	16182
16187	16189
16185	16171
16129	15998
15736	14582
14307	8874
