16254	16254
16254	16254
16254	16254
16254	16254
16254	16254
16254	16254
16254	16254
16254	16254
16254	16254
16254	16254
16254	16254
16254	16254
16254	16254
16254	16254
16254	16254
16254	16254
16254	16254
16254	16254
16254	16254
16254	16254
16254	16254
16254	16254
16254	16254
16254	16254
16254	16254
16254	16254
16253	16253
16252	16252
16252	16252
16252	16252
16252	16252
16252	16252
16252	16252
16252	16252
16252	16252
16251	16251
16251	16251
16249	16248
16245	16240
16231	16222
16210	16198
16185	16162
16124	16054
15935	15753
15480	15087
14544	13831
12964	12011
11077	10275
9669	9272
9043	8920
8856	8818
8790	8761
8719	8644
8516	8310
8016	7645
7226	6806
6417	6083
5825	5649
5570	5595
5749	6027
6416	6895
7414	7929
8393	8778
9072	9283
9435	9552
9652	9754
9871	10038
10301	10720
11329	12098
12942	13739
14398	14880
15212	15434
15597	15725
15833	15920
15993	16049
16095	16132
16166	16194
16216	16231
16240	16246
16248	16250
16251	16252
16252	16252
16252	16252
16252	16252
16252	16252
16252	16252
16252	16252
16252	16252
16253	16253
16254	16254
16254	16254
16254	16254
16254	16254
16254	16254
16254	16254
16254	16254
16254	16254
16254	16254
16254	16254
16254	16254
16254	16254
16254	16254
16254	16254
16254	16254
16254	16254
16254	16254
16254	16254
16254	16254
16254	16254
16254	16254
16254	16254
16254	16254
16254	16254
16254	16254
16254	16254
16254	16254
16254	16254
16254	16254
16254	16254
16254	16254
16254	16254
16254	16254
16254	16254
16254	16254
16254	16254
16254	16254
16254	16254
16254	16254
16254	16254
16254	16254
16254	16254
16254	16254
16254	16254
16254	16254
16254	16254
16254	16254
16254	16254
16254	16253
16253	16252
16252	16252
16252	16252
16252	16252
16252	16252
16252	16251
16251	16251
16251	16251
16251	16251
16250	16249
16248	16247
16246	16245
16245	16243
16238	16233
16224	16211
16197	16184
16164	16134
16079	15982
15817	15563
15199	14704
14074	13309
12450	11559
10728	10038
9529	9196
9003	8898
8835	8799
8775	8758
8738	8697
8613	8458
8220	7906
7541	7162
6810	6508
6276	6121
6056	6098
6250	6515
6878	7309
7774	8225
8628	8955
9202	9378
9503	9599
9692	9782
9888	10032
10261	10621
11144	11813
12552	13265
13868	14338
14691	14965
15195	15399
15579	15732
15859	15960
16038	16098
16145	16182
16207	16223
16232	16238
16239	16244
16245	16247
16248	16251
16251	16251
16252	16252
16252	16252
16252	16252
16252	16252
16252	16252
16252	16253
16253	16254
16254	16254
16254	16254
16254	16254
16254	16254
16254	16254
16254	16254
16254	16254
16254	16254
16254	16254
16254	16254
16254	16254
16254	16254
16254	16254
16254	16254
16254	16254
16254	16254
16254	16254
16254	16254
16254	16254
16254	16254
16254	16254
16254	16254
16254	16254
16254	16254
16254	16254
16254	16254
16254	16254
16254	16254
16254	16254
16254	16254
16254	16254
16254	16254
16254	16254
16254	16254
16254	16254
16254	16254
16254	16254
16254	16254
16254	16254
16254	16254
16254	16254
16254	16254
16254	16254
16254	16254
16254	16254
16254	16254
16254	16254
16254	16253
16253	16252
16252	16252
16252	16252
16251	16251
16251	16251
16251	16251
16249	16249
16248	16246
16246	16246
16244	16242
16239	16237
16235	16234
16231	16229
16224	16217
16204	16190
16172	16150
16121	16076
15991	15838
15586	15212
14700	14052
13297	12476
11646	10866
10201	9681
9317	9085
8949	8866
8812	8779
8763	8761
8769	8770
8738	8652
8490	8255
7962	7653
7356	7107
6911	6789
6748	6802
6951	7195
7510	7876
8256	8622
8935	9189
9371	9500
9592	9670
9745	9823
9910	10024
10192	10458
10845	11347
11912	12476
12979	13411
13783	14129
14459	14783
15086	15356
15584	15770
15916	16024
16103	16154
16188	16207
16216	16223
16226	16231
16237	16241
16243	16247
16247	16249
16251	16251
16251	16252
16252	16251
16251	16251
16251	16251
16252	16253
16253	16254
16254	16254
16254	16254
16254	16254
16254	16254
16254	16254
16254	16254
16254	16254
16254	16254
16254	16254
16254	16254
16254	16254
16254	16254
16254	16254
16254	16254
16254	16254
16254	16254
16254	16254
16254	16254
16254	16254
16254	16254
16254	16254
16254	16254
16254	16254
16254	16254
16254	16254
16254	16254
16254	16254
16254	16254
16254	16254
16254	16254
16254	16254
16254	16254
16254	16254
16254	16254
16254	16254
16254	16254
16254	16254
16254	16254
16254	16254
16254	16254
16254	16254
16254	16254
16254	16254
16254	16254
16254	16254
16254	16254
16254	16254
16253	16253
16252	16252
16251	16251
16251	16251
16251	16249
16247	16246
16246	16245
16243	16243
16241	16240
16239	16238
16235	16232
16226	16223
16219	16217
16213	16208
16200	16187
16171	16148
16122	16087
16038	15960
15819	15582
15202	14655
13941	13107
12213	11351
10589	9979
9530	9234
9053	8951
8884	8838
8797	8770
8762	8774
8812	8855
8878	8861
8778	8629
8425	8197
7977	7781
7639	7554
7539	7603
7746	7952
8209	8494
8778	9041
9261	9432
9550	9634
9694	9749
9808	9872
9935	10005
10098	10233
10440	10716
11045	11390
11742	12095
12471	12887
13338	13812
14280	14716
15103	15428
15690	15883
16018	16103
16153	16179
16192	16201
16208	16215
16222	16229
16234	16239
16242	16245
16246	16248
16250	16251
16251	16251
16251	16250
16251	16251
16251	16252
16253	16254
16254	16254
16254	16254
16254	16254
16254	16254
16254	16254
16254	16254
16254	16254
16254	16254
16254	16254
16254	16254
16254	16254
16254	16254
16254	16254
16254	16254
16254	16254
16254	16254
16254	16254
16254	16254
16254	16254
16254	16254
16254	16254
16254	16254
16254	16254
16254	16254
16254	16254
16254	16254
16254	16254
16254	16254
16254	16254
16254	16254
16254	16254
16254	16254
16254	16254
16254	16254
16254	16254
16254	16254
16254	16254
16254	16254
16254	16254
16254	16254
16254	16254
16254	16254
16254	16254
16254	16254
16254	16254
16254	16254
16254	16253
16253	16252
16251	16251
16251	16251
16248	16247
16246	16246
16244	16243
16243	16240
16238	16238
16235	16234
16232	16229
16225	16218
16212	16204
16197	16189
16184	16175
16162	16142
16115	16079
16032	15974
15890	15760
15539	15176
14627	13864
12925	11897
10894	10034
9396	8996
8802	8750
8770	8802
8823	8815
8796	8777
8779	8809
8868	8943
9012	9053
9038	8967
8846	8702
8555	8431
8342	8297
8306	8371
8493	8659
8854	9054
9247	9414
9548	9643
9710	9753
9790	9827
9876	9920
9955	9977
9980	9977
9983	10009
10062	10157
10306	10541
10879	11335
11884	12497
13142	13774
14366	14885
15314	15643
15872	16015
16097	16137
16157	16170
16183	16195
16206	16217
16225	16232
16238	16240
16242	16245
16246	16245
16246	16247
16247	16246
16247	16248
16249	16251
16253	16254
16254	16254
16254	16254
16254	16254
16254	16254
16254	16254
16254	16254
16254	16254
16254	16254
16254	16254
16254	16254
16254	16254
16254	16254
16254	16254
16254	16254
16254	16254
16254	16254
16254	16254
16254	16254
16254	16254
16254	16254
16254	16254
16254	16254
16254	16254
16254	16254
16254	16254
16254	16254
16254	16254
16254	16254
16254	16254
16254	16254
16254	16254
16254	16254
16254	16254
16254	16254
16254	16254
16254	16254
16254	16254
16254	16254
16254	16254
16254	16254
16254	16254
16254	16254
16254	16254
16254	16254
16254	16254
16254	16253
16253	16252
16252	16251
16251	16250
16248	16248
16246	16245
16245	16243
16243	16240
16238	16236
16234	16231
16228	16225
16222	16217
16211	16201
16189	16176
16164	16154
16143	16128
16106	16073
16026	15967
15891	15794
15659	15452
15124	14610
13858	12870
11713	10525
9466	8668
8197	8036
8098	8285
8492	8660
8762	8804
8810	8806
8819	8861
8936	9035
9132	9209
9246	9233
9182	9106
9030	8965
8926	8914
8940	9005
9104	9225
9356	9482
9598	9693
9761	9805
9833	9852
9873	9901
9935	9963
9969	9940
9858	9725
9547	9345
9142	8985
8926	9008
9265	9699
10281	10982
11756	12568
13371	14117
14767	15282
15650	15884
16016	16084
16117	16136
16153	16172
16188	16203
16215	16223
16231	16234
16239	16241
16242	16244
16244	16243
16244	16245
16243	16246
16247	16248
16251	16253
16254	16254
16254	16254
16254	16254
16254	16254
16254	16254
16254	16254
16254	16254
16254	16254
16254	16254
16254	16254
16254	16254
16254	16254
16254	16254
16254	16254
16254	16254
16254	16254
16254	16254
16254	16254
16254	16254
16254	16254
16254	16254
16254	16254
16254	16254
16254	16254
16254	16254
16254	16254
16254	16254
16254	16254
16254	16254
16254	16254
16254	16254
16254	16254
16254	16254
16254	16254
16254	16254
16254	16254
16254	16254
16254	16254
16254	16254
16254	16254
16254	16254
16254	16254
16254	16254
16254	16254
16254	16254
16254	16253
16253	16252
16251	16251
16251	16247
16247	16246
16245	16244
16243	16242
16238	16238
16234	16231
16226	16221
16216	16214
16210	16203
16192	16180
16164	16148
16129	16110
16090	16064
16024	15969
15895	15800
15682	15531
15329	15034
14580	13900
12949	11750
10422	9136
8089	7407
7127	7190
7484	7869
8239	8524
8707	8800
8834	8848
8871	8924
9009	9116
9229	9328
9396	9424
9419	9393
9365	9345
9341	9354
9392	9452
9527	9611
9692	9765
9826	9867
9895	9911
9918	9924
9938	9959
9983	9993
9972	9895
9748	9515
9205	8834
8444	8095
7855	7785
7918	8257
8780	9465
10278	11195
12173	13150
14048	14792
15341	15702
15909	16020
16075	16105
16130	16152
16174	16194
16207	16218
16226	16232
16235	16238
16241	16242
16242	16242
16241	16241
16242	16244
16246	16248
16250	16253
16254	16254
16254	16254
16254	16254
16254	16254
16254	16254
16254	16254
16254	16254
16254	16254
16254	16254
16254	16254
16254	16254
16254	16254
16254	16254
16254	16254
16254	16254
16254	16254
16254	16254
16254	16254
16254	16254
16254	16254
16254	16254
16254	16254
16254	16254
16254	16254
16254	16254
16254	16254
16254	16254
16254	16254
16254	16254
16254	16254
16254	16254
16254	16254
16254	16254
16254	16254
16254	16254
16254	16254
16254	16254
16254	16254
16254	16254
16254	16254
16254	16254
16254	16254
16254	16254
16254	16254
16254	16254
16254	16253
16253	16251
16251	16250
16248	16247
16246	16244
16243	16243
16240	16238
16238	16233
16229	16224
16220	16212
16207	16201
16195	16190
16178	16163
16140	16116
16088	16060
16021	15974
15911	15823
15707	15568
15394	15181
14905	14515
13942	13114
11995	10641
9201	7891
6911	6369
6270	6522
6985	7522
8014	8397
8653	8794
8862	8898
8934	8991
9081	9191
9308	9415
9497	9545
9563	9566
9567	9572
9589	9619
9663	9715
9774	9830
9881	9920
9949	9964
9970	9970
9970	9971
9983	9999
10013	10005
9958	9843
9652	9362
8986	8534
8053	7600
7243	7044
7033	7220
7593	8148
8883	9804
10882	12048
13190	14184
14950	15470
15781	15945
16032	16076
16109	16136
16161	16184
16200	16213
16223	16228
16232	16237
16239	16241
16242	16241
16239	16241
16240	16244
16246	16247
16249	16253
16253	16254
16254	16254
16254	16254
16254	16254
16254	16254
16254	16254
16254	16254
16254	16254
16254	16254
16254	16254
16254	16254
16254	16254
16254	16254
16254	16254
16254	16254
16254	16254
16254	16254
16254	16254
16254	16254
16254	16254
16254	16254
16254	16254
16254	16254
16254	16254
16254	16254
16254	16254
16254	16254
16254	16254
16254	16254
16254	16254
16254	16254
16254	16254
16254	16254
16254	16254
16254	16254
16254	16254
16254	16254
16254	16254
16254	16254
16254	16254
16254	16254
16254	16254
16254	16254
16254	16254
16254	16254
16254	16253
16252	16251
16250	16249
16247	16246
16245	16243
16243	16242
16238	16238
16236	16233
16227	16219
16210	16202
16194	16186
16182	16173
16158	16136
16108	16072
16032	15985
15926	15852
15748	15615
15448	15252
15021	14751
14410	13947
13284	12349
11116	9670
8188	6902
6012	5603
5645	6025
6602	7235
7811	8273
8590	8783
8884	8939
8989	9055
9145	9256
9373	9480
9563	9618
9645	9658
9667	9683
9711	9749
9796	9845
9893	9937
9974	9996
10010	10013
10011	10007
10004	10005
10014	10024
10023	9998
9923	9784
9566	9263
8876	8428
7946	7477
7076	6787
6636	6638
6795	7134
7692	8517
9610	10907
12260	13498
14492	15189
15618	15857
15980	16047
16092	16125
16151	16177
16196	16207
16218	16226
16231	16234
16238	16239
16241	16238
16238	16238
16240	16241
16244	16247
16249	16252
16253	16254
16254	16254
16254	16254
16254	16254
16254	16254
16254	16254
16254	16254
16254	16254
16254	16254
16254	16254
16254	16254
16254	16254
16254	16254
16254	16254
16254	16254
16254	16254
16254	16254
16254	16254
16254	16254
16254	16254
16254	16254
16254	16254
16254	16254
16254	16254
16254	16254
16254	16254
16254	16254
16254	16254
16254	16254
16254	16254
16254	16254
16254	16254
16254	16254
16254	16254
16254	16254
16254	16254
16254	16254
16254	16254
16254	16254
16254	16254
16254	16254
16254	16254
16254	16254
16254	16254
16254	16254
16253	16253
16251	16250
16247	16247
16245	16244
16242	16243
16241	16239
16238	16236
16232	16227
16220	16211
16201	16190
16179	16171
16162	16148
16129	16097
16057	16006
15945	15871
15782	15664
15517	15328
15108	14861
14585	14271
13893	13387
12679	11696
10419	8942
7465	6227
5415	5096
5221	5666
6296	6983
7619	8143
8517	8757
8893	8975
9037	9108
9198	9307
9419	9523
9604	9658
9686	9699
9712	9729
9758	9801
9848	9897
9947	9986
10016	10033
10044	10046
10041	10035
10030	10029
10032	10032
10016	9967
9873	9714
9487	9195
8845	8450
8034	7613
7222	6884
6617	6429
6349	6430
6758	7421
8463	9824
11339	12793
13995	14865
15420	15739
15911	16006
16064	16105
16139	16165
16185	16200
16209	16218
16224	16229
16234	16238
16240	16241
16240	16241
16241	16244
16246	16247
16249	16253
16253	16254
16254	16254
16254	16254
16254	16254
16254	16254
16254	16254
16254	16254
16254	16254
16254	16254
16254	16254
16254	16254
16254	16254
16254	16254
16254	16254
16254	16254
16254	16254
16254	16254
16254	16254
16254	16254
16254	16254
16254	16254
16254	16254
16254	16254
16254	16254
16254	16254
16254	16254
16254	16254
16254	16254
16254	16254
16254	16254
16254	16254
16254	16254
16254	16254
16254	16254
16254	16254
16254	16254
16254	16254
16254	16254
16254	16254
16254	16254
16254	16254
16254	16254
16254	16254
16254	16254
16254	16254
16253	16252
16251	16247
16247	16245
16244	16243
16242	16241
16238	16236
16233	16229
16226	16219
16211	16198
16185	16169
16157	16143
16129	16107
16072	16024
15964	15889
15801	15694
15564	15400
15199	14965
14701	14418
14120	13795
13411	12906
12202	11228
9966	8512
7062	5858
5081	4790
4933	5392
6034	6745
7422	7996
8425	8718
8891	8997
9071	9145
9233	9338
9446	9547
9627	9679
9709	9721
9732	9750
9782	9825
9873	9927
9974	10018
10050	10070
10078	10080
10073	10063
10055	10048
10041	10026
9990	9920
9804	9633
9406	9140
8844	8533
8209	7873
7526	7170
6809	6459
6156	5986
6076	6564
7524	8903
10526	12134
13503	14519
15184	15581
15804	15932
16013	16068
16111	16144
16166	16184
16195	16206
16213	16222
16229	16235
16238	16240
16241	16242
16242	16244
16246	16247
16249	16253
16253	16254
16254	16254
16254	16254
16254	16254
16254	16254
16254	16254
16254	16254
16254	16254
16254	16254
16254	16254
16254	16254
16254	16254
16254	16254
16254	16254
16254	16254
16254	16254
16254	16254
16254	16254
16254	16254
16254	16254
16254	16254
16254	16254
16254	16254
16254	16254
16254	16254
16254	16254
16254	16254
16254	16254
16254	16254
16254	16254
16254	16254
16254	16254
16254	16254
16254	16254
16254	16254
16254	16254
16254	16254
16254	16254
16254	16254
16254	16254
16254	16254
16254	16254
16254	16254
16254	16254
16254	16253
16253	16251
16250	16247
16246	16245
16243	16243
16241	16239
16236	16231
16227	16221
16214	16205
16192	16176
16156	16138
16115	16093
16064	16025
15969	15896
15804	15696
15570	15424
15252	15047
14808	14542
14258	13971
13682	13375
13017	12550
11894	10976
9774	8369
6951	5752
4955	4627
4727	5149
5774	6492
7204	7828
8317	8655
8870	8999
9089	9167
9253	9351
9456	9555
9636	9692
9722	9738
9752	9774
9805	9851
9903	9958
10010	10055
10090	10111
10119	10119
10109	10093
10076	10058
10037	10004
9949	9856
9719	9535
9318	9078
8842	8617
8390	8147
7860	7511
7089	6610
6125	5746
5640	5972
6845	8218
9890	11587
13058	14163
14904	15364
15640	15809
15920	16001
16058	16104
16134	16154
16170	16182
16194	16207
16218	16227
16235	16239
16241	16242
16244	16244
16247	16247
16251	16253
16254	16254
16254	16254
16254	16254
16254	16254
16254	16254
16254	16254
16254	16254
16254	16254
16254	16254
16254	16254
16254	16254
16254	16254
16254	16254
16254	16254
16254	16254
16254	16254
16254	16254
16254	16254
16254	16254
16254	16254
16254	16254
16254	16254
16254	16254
16254	16254
16254	16254
16254	16254
16254	16254
16254	16254
16254	16254
16254	16254
16254	16254
16254	16254
16254	16254
16254	16254
16254	16254
16254	16254
16254	16254
16254	16254
16254	16254
16254	16254
16254	16254
16254	16254
16254	16254
16254	16254
16254	16253
16253	16251
16249	16247
16247	16244
16243	16242
16240	16236
16230	16223
16215	16205
16197	16182
16165	16142
16111	16080
16043	16001
15948	15882
15794	15685
15553	15405
15241	15059
14856	14627
14375	14105
13834	13572
13319	13055
12750	12341
11759	10924
9808	8470
7079	5856
4989	4565
4572	4921
5504	6219
6958	7632
8179	8573
8830	8987
9088	9169
9249	9341
9445	9543
9629	9692
9732	9758
9778	9805
9842	9892
9944	10001
10052	10099
10132	10151
10157	10149
10133	10110
10082	10052
10014	9965
9889	9776
9620	9427
9212	9005
8821	8674
8537	8378
8155	7828
7376	6810
6192	5665
5415	5643
6458	7811
9493	11206
12694	13819
14589	15085
15403	15617
15769	15882
15968	16030
16077	16108
16130	16149
16167	16184
16202	16217
16229	16236
16240	16242
16244	16244
16247	16247
16250	16253
16253	16254
16254	16254
16254	16254
16254	16254
16254	16254
16254	16254
16254	16254
16254	16254
16254	16254
16254	16254
16254	16254
16254	16254
16254	16254
16254	16254
16254	16254
16254	16254
16254	16254
16254	16254
16254	16254
16254	16254
16254	16254
16254	16254
16254	16254
16254	16254
16254	16254
16254	16254
16254	16254
16254	16254
16254	16254
16254	16254
16254	16254
16254	16254
16254	16254
16254	16254
16254	16254
16254	16254
16254	16254
16254	16254
16254	16254
16254	16254
16254	16254
16254	16254
16254	16254
16254	16254
16254	16253
16252	16251
16247	16247
16245	16245
16243	16242
16238	16232
16224	16214
16200	16187
16170	16150
16122	16084
16040	15985
15924	15853
15768	15658
15533	15378
15210	15024
14830	14626
14410	14183
13947	13706
13475	13266
13067	12864
12618	12279
11775	11037
10019	8762
7399	6135
5164	4606
4470	4705
5224	5920
6684	7406
8013	8461
8764	8951
9065	9149
9228	9314
9413	9511
9600	9672
9727	9764
9799	9834
9880	9930
9987	10040
10092	10132
10162	10175
10177	10161
10137	10105
10072	10028
9979	9913
9817	9683
9514	9311
9106	8923
8785	8695
8631	8546
8380	8087
7627	7013
6317	5701
5380	5563
6351	7688
9339	11001
12433	13513
14258	14756
15098	15348
15544	15703
15827	15922
15990	16039
16074	16101
16127	16156
16183	16205
16221	16233
16238	16241
16244	16244
16247	16247
16250	16251
16252	16252
16253	16253
16254	16254
16254	16254
16254	16254
16254	16254
16254	16254
16254	16254
16254	16254
16254	16254
16254	16254
16254	16254
16254	16254
16254	16254
16254	16254
16254	16254
16254	16254
16254	16254
16254	16254
16254	16254
16254	16254
16254	16254
16254	16254
16254	16254
16254	16254
16254	16254
16254	16254
16254	16254
16254	16254
16254	16254
16254	16254
16254	16254
16254	16254
16254	16254
16254	16254
16254	16254
16254	16254
16254	16254
16254	16254
16254	16254
16254	16254
16253	16253
16252	16252
16252	16252
16252	16252
16252	16251
16247	16248
16246	16245
16244	16242
16237	16230
16216	16200
16180	16159
16132	16097
16053	15995
15922	15839
15742	15628
15500	15349
15178	14989
14787	14580
14376	14171
13972	13769
13574	13391
13222	13073
12937	12793
12604	12324
11899	11258
10349	9187
7869	6573
5486	4757
4445	4536
4957	5613
6384	7151
7814	8324
8672	8889
9020	9107
9183	9269
9360	9460
9552	9633
9698	9750
9796	9842
9890	9947
10001	10054
10101	10134
10155	10163
10156	10137
10106	10071
10028	9981
9922	9843
9732	9585
9402	9196
8996	8830
8726	8682
8675	8644
8526	8258
7803	7174
6451	5811
5489	5686
6494	7818
9410	10976
12291	13267
13942	14402
14740	15014
15249	15450
15621	15757
15864	15939
15996	16042
16083	16122
16159	16191
16215	16229
16236	16240
16244	16244
16247	16247
16250	16251
16252	16252
16252	16252
16252	16252
16252	16252
16252	16252
16252	16252
16253	16253
16254	16254
16254	16254
16254	16254
16254	16254
16254	16254
16254	16254
16254	16254
16254	16254
16254	16254
16254	16254
16254	16254
16254	16254
16254	16254
16254	16254
16254	16254
16254	16254
16254	16254
16254	16254
16254	16254
16254	16254
16254	16254
16254	16254
16254	16254
16254	16254
16254	16254
16254	16254
16254	16254
16254	16254
16254	16254
16254	16254
16254	16254
16253	16253
16252	16252
16252	16252
16252	16252
16252	16252
16252	16252
16252	16252
16252	16249
16247	16247
16244	16243
16242	16238
16231	16220
16202	16177
16149	16112
16066	16009
15939	15847
15741	15615
15477	15323
15151	14964
14761	14547
14333	14126
13933	13753
13589	13439
13301	13183
13080	12992
12911	12811
12667	12441
12086	11539
10753	9703
8458	7151
5964	5063
4550	4452
4738	5319
6076	6868
7586	8154
8553	8809
8960	9054
9131	9207
9296	9390
9484	9568
9639	9699
9755	9808
9863	9919
9974	10022
10061	10087
10101	10100
10090	10069
10042	10008
9967	9917
9852	9765
9646	9490
9296	9086
8889	8737
8655	8644
8670	8671
8581	8330
7884	7262
6557	5961
5707	5983
6841	8154
9665	11097
12256	13095
13663	14059
14369	14641
14895	15131
15345	15530
15679	15799
15888	15962
16024	16082
16133	16174
16202	16222
16232	16237
16241	16243
16244	16247
16248	16249
16252	16252
16252	16252
16252	16252
16252	16252
16252	16252
16252	16252
16252	16253
16253	16254
16254	16254
16254	16254
16254	16254
16254	16254
16254	16254
16254	16254
16254	16254
16254	16254
16254	16254
16254	16254
16254	16254
16254	16254
16254	16254
16254	16254
16254	16254
16254	16254
16254	16254
16254	16254
16254	16254
16254	16254
16254	16254
16254	16254
16254	16254
16254	16254
16254	16254
16254	16254
16254	16254
16254	16254
16254	16254
16253	16253
16252	16252
16252	16252
16252	16252
16252	16252
16252	16252
16252	16252
16252	16252
16248	16247
16245	16244
16242	16240
16236	16231
16220	16202
16175	16138
16088	16027
15953	15864
15753	15622
15470	15305
15126	14938
14741	14534
14319	14105
13902	13719
13558	13426
13313	13221
13144	13081
13034	12990
12946	12879
12769	12588
12295	11843
11181	10268
9127	7854
6600	5541
4816	4506
4611	5072
5771	6568
7325	7952
8406	8701
8879	8988
9066	9141
9220	9309
9396	9478
9550	9612
9670	9725
9781	9835
9887	9930
9963	9982
9989	9988
9982	9966
9947	9917
9884	9838
9774	9684
9557	9396
9197	8985
8792	8646
8576	8578
8613	8624
8536	8290
7855	7261
6626	6140
6023	6424
7355	8653
10058	11327
12313	12997
13449	13766
14024	14267
14513	14765
15010	15234
15437	15603
15738	15853
15947	16029
16097	16151
16188	16212
16224	16230
16235	16237
16241	16243
16246	16247
16250	16251
16251	16251
16252	16252
16252	16252
16252	16252
16252	16252
16252	16252
16253	16253
16254	16254
16254	16254
16254	16254
16254	16254
16254	16254
16254	16254
16254	16254
16254	16254
16254	16254
16254	16254
16254	16254
16254	16254
16254	16254
16254	16254
16254	16254
16254	16254
16254	16254
16254	16254
16254	16254
16254	16254
16254	16254
16254	16254
16254	16254
16254	16254
16254	16254
16254	16254
16254	16254
16254	16254
16254	16254
16253	16253
16252	16252
16252	16252
16252	16252
16252	16251
16251	16251
16251	16251
16249	16247
16246	16243
16239	16237
16233	16229
16223	16213
16195	16165
16121	16060
15983	15885
15770	15634
15477	15302
15109	14909
14706	14505
14305	14105
13909	13720
13551	13408
13296	13213
13157	13114
13085	13063
13046	13032
13007	12961
12879	12740
12516	12163
11626	10858
9849	8647
7375	6199
5277	4731
4615	4906
5501	6262
7036	7709
8219	8566
8781	8910
8996	9070
9145	9221
9300	9370
9434	9491
9545	9597
9650	9701
9747	9783
9809	9824
9836	9838
9837	9834
9826	9812
9790	9752
9694	9605
9479	9313
9113	8898
8700	8553
8480	8474
8496	8491
8385	8131
7714	7186
6676	6365
6442	7003
8004	9265
10540	11627
12434	12968
13309	13542
13735	13929
14145	14386
14637	14891
15128	15343
15533	15692
15831	15944
16037	16109
16158	16191
16207	16217
16220	16224
16229	16235
16239	16242
16244	16246
16246	16248
16248	16251
16251	16251
16251	16251
16251	16251
16251	16252
16253	16253
16254	16254
16254	16254
16254	16254
16254	16254
16254	16254
16254	16254
16254	16254
16254	16254
16254	16254
16254	16254
16254	16254
16254	16254
16254	16254
16254	16254
16254	16254
16254	16254
16254	16254
16254	16254
16254	16254
16254	16254
16254	16254
16254	16254
16254	16254
16254	16254
16254	16254
16254	16254
16254	16254
16254	16254
16254	16254
16253	16253
16251	16251
16251	16251
16251	16251
16249	16248
16247	16246
16245	16244
16242	16240
16236	16231
16226	16220
16214	16206
16193	16173
16139	16089
16020	15924
15806	15665
15499	15316
15113	14897
14677	14462
14255	14069
13893	13732
13575	13434
13309	13216
13152	13120
13103	13099
13096	13096
13091	13086
13073	13047
12999	12910
12757	12495
12077	11450
10584	9490
8254	7010
5925	5153
4787	4858
5290	5962
6719	7424
7990	8393
8651	8814
8919	8996
9068	9135
9197	9257
9308	9356
9401	9446
9491	9536
9575	9607
9625	9641
9651	9662
9678	9690
9701	9705
9697	9672
9619	9533
9406	9237
9034	8817
8613	8455
8360	8323
8307	8259
8124	7862
7490	7076
6752	6677
6983	7706
8753	9941
11060	11962
12595	12996
13234	13389
13517	13658
13826	14031
14264	14520
14777	15030
15263	15472
15654	15809
15938	16036
16103	16149
16174	16187
16197	16204
16211	16219
16225	16229
16232	16236
16238	16238
16239	16242
16242	16244
16244	16245
16246	16247
16248	16251
16253	16253
16254	16254
16254	16254
16254	16254
16254	16254
16254	16254
16254	16254
16254	16254
16254	16254
16254	16254
16254	16254
16254	16254
16254	16254
16254	16254
16254	16254
16254	16254
16254	16254
16254	16254
16254	16254
16254	16254
16254	16254
16254	16254
16254	16254
16254	16254
16254	16254
16254	16254
16254	16254
16254	16254
16254	16254
16254	16254
16253	16252
16251	16251
16249	16247
16246	16246
16244	16242
16239	16238
16237	16234
16232	16227
16222	16213
16203	16194
16180	16162
16135	16095
16038	15955
15845	15709
15542	15351
15139	14914
14678	14443
14217	14007
13829	13678
13552	13444
13343	13254
13180	13131
13108	13104
13115	13128
13141	13147
13153	13156
13158	13160
13151	13119
13035	12854
12536	12031
11299	10335
9181	7936
6744	5769
5150	4956
5171	5693
6384	7086
7697	8161
8478	8684
8818	8910
8987	9050
9104	9148
9188	9220
9256	9291
9328	9363
9390	9409
9425	9439
9457	9483
9515	9549
9582	9605
9612	9599
9553	9468
9340	9166
8959	8735
8517	8334
8202	8110
8033	7928
7761	7519
7237	6999
6922	7117
7654	8508
9555	10628
11571	12290
12773	13060
13218	13307
13374	13458
13575	13730
13927	14157
14414	14675
14935	15181
15408	15606
15774	15905
16002	16068
16109	16137
16154	16168
16179	16193
16204	16213
16218	16221
16224	16227
16229	16233
16235	16238
16238	16240
16241	16244
16246	16248
16250	16253
16254	16254
16254	16254
16254	16254
16254	16254
16254	16254
16254	16254
16254	16254
16254	16254
16254	16254
16254	16254
16254	16254
16254	16254
16254	16254
16254	16254
16254	16254
16254	16254
16254	16254
16254	16254
16254	16254
16254	16254
16254	16254
16254	16254
16254	16254
16254	16254
16254	16254
16254	16254
16254	16254
16254	16254
16254	16254
16253	16251
16248	16247
16245	16243
16242	16241
16239	16237
16234	16229
16226	16223
16215	16208
16197	16183
16167	16147
16121	16085
16035	15963
15868	15743
15590	15403
15191	14960
14717	14469
14226	13995
13789	13612
13475	13378
13310	13258
13214	13173
13140	13122
13123	13139
13162	13186
13206	13223
13240	13262
13288	13322
13360	13378
13350	13235
12990	12579
11967	11136
10096	8908
7678	6562
5711	5243
5189	5502
6057	6712
7339	7855
8237	8504
8681	8804
8893	8962
9012	9050
9076	9101
9124	9148
9172	9196
9209	9219
9227	9243
9268	9311
9365	9422
9475	9518
9540	9535
9492	9407
9267	9088
8872	8633
8394	8172
7984	7823
7677	7524
7350	7176
7049	7048
7254	7720
8452	9372
10357	11279
12037	12591
12949	13152
13252	13290
13307	13339
13399	13504
13650	13840
14061	14307
14569	14832
15086	15320
15530	15704
15838	15935
16002	16048
16082	16109
16132	16155
16172	16185
16194	16200
16204	16209
16214	16219
16225	16228
16230	16231
16236	16237
16242	16245
16248	16250
16253	16254
16254	16254
16254	16254
16254	16254
16254	16254
16254	16254
16254	16254
16254	16254
16254	16254
16254	16254
16254	16254
16254	16254
16254	16254
16254	16254
16254	16254
16254	16254
16254	16254
16254	16254
16254	16254
16254	16254
16254	16254
16254	16254
16254	16254
16254	16254
16254	16254
16254	16254
16254	16254
16254	16254
16254	16253
16250	16248
16247	16244
16242	16239
16238	16237
16233	16228
16223	16217
16210	16202
16192	16181
16163	16143
16112	16075
16027	15960
15872	15756
15615	15443
15241	15018
14777	14524
14275	14030
13809	13607
13438	13312
13228	13183
13167	13164
13162	13157
13151	13154
13168	13193
13229	13265
13302	13339
13379	13425
13483	13551
13621	13678
13685	13612
13419	13078
12563	11861
10953	9870
8674	7489
6461	5733
5389	5432
5789	6331
6919	7464
7907	8241
8480	8652
8776	8864
8926	8960
8982	8995
9008	9022
9035	9042
9042	9040
9040	9054
9092	9151
9227	9309
9380	9439
9473	9471
9427	9329
9176	8978
8741	8480
8208	7942
7694	7466
7271	7104
6982	6941
7031	7304
7793	8489
9340	10250
11116	11857
12432	12841
13104	13249
13311	13315
13299	13287
13300	13351
13446	13577
13754	13962
14198	14453
14716	14969
15211	15423
15599	15736
15842	15918
15978	16026
16068	16103
16132	16152
16165	16173
16179	16185
16194	16202
16210	16217
16221	16224
16228	16234
16239	16243
16248	16250
16252	16254
16254	16254
16254	16254
16254	16254
16254	16254
16254	16254
16254	16254
16254	16254
16254	16254
16254	16254
16254	16254
16254	16254
16254	16254
16254	16254
16254	16254
16254	16254
16254	16254
16254	16254
16254	16254
16254	16254
16254	16254
16254	16254
16254	16254
16254	16254
16254	16254
16254	16254
16254	16254
16254	16254
16253	16253
16249	16248
16245	16242
16239	16237
16235	16232
16228	16221
16213	16203
16192	16180
16163	16143
16116	16080
16032	15967
15882	15773
15636	15468
15274	15059
14827	14584
14334	14093
13865	13656
13472	13320
13203	13127
13091	13093
13115	13144
13170	13186
13198	13214
13242	13282
13333	13390
13449	13510
13577	13648
13727	13818
13903	13976
13999	13953
13795	13512
13081	12493
11725	10777
9672	8495
7369	6434
5810	5556
5645	5995
6484	7003
7482	7877
8189	8427
8605	8733
8819	8869
8894	8903
8909	8911
8910	8906
8892	8876
8868	8882
8928	9006
9101	9202
9294	9360
9398	9393
9333	9211
9033	8801
8535	8240
7931	7619
7328	7071
6876	6765
6774	6935
7282	7827
8549	9397
10279	11105
11809	12359
12762	13045
13231	13338
13377	13368
13330	13291
13267	13272
13310	13385
13502	13659
13854	14078
14322	14578
14830	15070
15284	15465
15617	15737
15835	15915
15983	16038
16083	16113
16133	16145
16153	16161
16172	16183
16194	16206
16211	16216
16222	16228
16234	16241
16245	16249
16252	16254
16254	16254
16254	16254
16254	16254
16254	16254
16254	16254
16254	16254
16254	16254
16254	16254
16254	16254
16254	16254
16254	16254
16254	16254
16254	16254
16254	16254
16254	16254
16254	16254
16254	16254
16254	16254
16254	16254
16254	16254
16254	16254
16254	16254
16254	16254
16254	16254
16254	16254
16254	16254
16254	16254
16253	16252
16248	16246
16242	16240
16236	16233
16230	16228
16223	16214
16201	16187
16171	16151
16127	16095
16051	15992
15911	15808
15675	15514
15321	15107
14873	14629
14385	14146
13921	13716
13534	13377
13247	13147
13082	13051
13056	13090
13139	13186
13228	13260
13285	13318
13364	13424
13499	13579
13662	13746
13827	13908
13994	14082
14164	14234
14265	14232
14108	13878
13523	13035
12395	11589
10617	9522
8380	7321
6469	5919
5706	5791
6096	6519
6977	7409
7788	8101
8352	8544
8677	8760
8804	8819
8823	8815
8804	8785
8757	8728
8713	8725
8778	8868
8980	9095
9193	9262
9293	9270
9180	9022
8797	8526
8216	7887
7554	7225
6935	6716
6604	6639
6847	7252
7851	8616
9488	10383
11214	11909
12438	12805
13057	13224
13340	13410
13436	13419
13381	13328
13280	13250
13243	13259
13319	13418
13561	13739
13947	14178
14421	14668
14908	15130
15326	15497
15643	15768
15870	15955
16019	16066
16095	16115
16125	16136
16150	16166
16178	16191
16199	16209
16215	16224
16232	16238
16245	16248
16252	16253
16254	16254
16254	16254
16254	16254
16254	16254
16254	16254
16254	16254
16254	16254
16254	16254
16254	16254
16254	16254
16254	16254
16254	16254
16254	16254
16254	16254
16254	16254
16254	16254
16254	16254
16254	16254
16254	16254
16254	16254
16254	16254
16254	16254
16254	16254
16254	16254
16254	16254
16254	16254
16254	16254
16253	16251
16248	16245
16242	16236
16233	16229
16227	16224
16218	16206
16192	16172
16147	16115
16079	16027
15959	15863
15741	15586
15398	15179
14943	14694
14441	14200
13973	13765
13582	13429
13306	13207
13133	13084
13062	13073
13113	13169
13236	13296
13353	13397
13444	13497
13561	13644
13736	13829
13920	14005
14083	14157
14229	14303
14372	14431
14463	14444
14354	14174
13892	13491
12966	12298
11476	10507
9438	8344
7348	6552
6036	5814
5858	6095
6457	6868
7281	7662
7996	8268
8474	8614
8696	8736
8744	8735
8714	8682
8639	8596
8571	8578
8634	8730
8850	8962
9057	9113
9119	9063
8932	8722
8445	8122
7779	7436
7107	6821
6610	6515
6577	6826
7274	7915
8710	9604
10516	11372
12097	12644
13012	13231
13348	13413
13454	13475
13480	13458
13420	13371
13316	13265
13224	13199
13202	13245
13334	13456
13617	13806
14022	14255
14502	14745
14980	15198
15395	15568
15715	15838
15933	16001
16045	16076
16095	16112
16129	16147
16164	16179
16190	16200
16209	16220
16229	16237
16244	16248
16251	16253
16254	16254
16254	16254
16254	16254
16254	16254
16254	16254
16254	16254
16254	16254
16254	16254
16254	16254
16254	16254
16254	16254
16254	16254
16254	16254
16254	16254
16254	16254
16254	16254
16254	16254
16254	16254
16254	16254
16254	16254
16254	16254
16254	16254
16254	16254
16254	16254
16254	16254
16254	16254
16254	16254
16252	16251
16248	16244
16239	16234
16229	16224
16221	16218
16209	16196
16175	16149
16113	16065
16005	15926
15818	15679
15501	15289
15049	14792
14528	14272
14036	13820
13633	13476
13350	13254
13183	13136
13112	13110
13131	13178
13245	13329
13412	13491
13557	13620
13682	13757
13836	13930
14020	14111
14188	14257
14314	14367
14415	14467
14519	14567
14597	14595
14537	14407
14189	13870
13444	12903
12223	11408
10458	9428
8384	7432
6661	6136
5871	5851
6023	6332
6717	7130
7533	7890
8187	8405
8550	8629
8656	8653
8626	8581
8523	8463
8421	8421
8472	8561
8670	8769
8840	8868
8838	8732
8547	8281
7960	7607
7262	6948
6696	6528
6485	6599
6896	7386
8055	8864
9761	10673
11536	12286
12878	13294
13533	13645
13663	13640
13603	13566
13526	13489
13443	13397
13348	13291
13233	13181
13150	13145
13180	13253
13362	13502
13674	13875
14104	14348
14603	14854
15089	15306
15503	15667
15802	15903
15972	16018
16052	16078
16103	16126
16147	16166
16180	16193
16205	16215
16226	16236
16241	16248
16251	16252
16254	16254
16254	16254
16254	16254
16254	16254
16254	16254
16254	16254
16254	16254
16254	16254
16254	16254
16254	16254
16254	16254
16254	16254
16254	16254
16254	16254
16254	16254
16254	16254
16254	16254
16254	16254
16254	16254
16254	16254
16254	16254
16254	16254
16254	16254
16254	16254
16254	16254
16254	16254
16254	16254
16252	16251
16247	16241
16235	16227
16219	16214
16210	16205
16196	16180
16154	16116
16062	15989
15897	15773
15616	15419
15188	14927
14651	14375
14118	13891
13696	13532
13399	13297
13224	13179
13155	13155
13173	13212
13274	13358
13460	13568
13670	13764
13847	13920
13993	14073
14153	14235
14314	14381
14432	14471
14499	14522
14545	14575
14609	14647
14677	14686
14658	14575
14414	14169
13832	13395
12855	12190
11399	10484
9490	8486
7554	6776
6213	5892
5806	5923
6198	6572
6996	7418
7796	8104
8326	8464
8534	8546
8519	8465
8390	8310
8248	8228
8261	8329
8411	8478
8510	8490
8408	8253
8023	7724
7388	7054
6770	6563
6466	6502
6695	7056
7594	8290
9104	9984
10874	11713
12456	13072
13533	13839
13998	14035
13994	13906
13804	13703
13613	13537
13474	13422
13368	13315
13255	13193
13139	13109
13106	13133
13194	13283
13405	13563
13758	13978
14221	14475
14733	14982
15218	15430
15610	15750
15856	15930
15986	16030
16067	16100
16128	16149
16167	16181
16196	16209
16223	16234
16241	16247
16251	16252
16254	16254
16254	16254
16254	16254
16254	16254
16254	16254
16254	16254
16254	16254
16254	16254
16254	16254
16254	16254
16254	16254
16254	16254
16254	16254
16254	16254
16254	16254
16254	16254
16254	16254
16254	16254
16254	16254
16254	16254
16254	16254
16254	16254
16254	16254
16254	16254
16254	16254
16254	16254
16254	16254
16252	16250
16245	16238
16230	16218
16208	16200
16195	16190
16178	16156
16117	16060
15980	15870
15731	15556
15341	15092
14816	14527
14242	13983
13764	13587
13451	13346
13270	13218
13191	13188
13204	13243
13303	13384
13487	13608
13739	13864
13982	14084
14172	14250
14323	14393
14461	14520
14571	14604
14623	14630
14628	14627
14630	14641
14658	14684
14711	14726
14718	14669
14562	14385
14132	13795
13371	12847
12211	11448
10573	9613
8631	7701
6904	6296
5919	5778
5854	6100
6466	6891
7314	7692
7992	8202
8324	8373
8361	8302
8208	8100
8010	7960
7962	7998
8037	8056
8034	7962
7833	7645
7401	7120
6837	6603
6462	6444
6577	6861
7304	7895
8616	9427
10281	11129
11923	12631
13229	13705
14053	14276
14383	14387
14315	14199
14055	13908
13768	13649
13550	13471
13406	13348
13286	13222
13164	13119
13095	13093
13112	13160
13234	13344
13485	13660
13867	14095
14342	14604
14867	15115
15339	15528
15678	15792
15883	15952
16011	16061
16097	16126
16149	16166
16182	16199
16214	16229
16239	16245
16251	16252
16254	16254
16254	16254
16254	16254
16254	16254
16254	16254
16254	16254
16254	16254
16254	16254
16254	16254
16254	16254
16254	16254
16254	16254
16254	16254
16254	16254
16254	16254
16254	16254
16254	16254
16254	16254
16254	16254
16254	16254
16254	16254
16254	16254
16254	16254
16254	16254
16254	16254
16254	16254
16254	16254
16252	16249
16242	16234
16223	16210
16195	16183
16177	16167
16149	16116
16060	15973
15852	15696
15500	15270
15003	14714
14416	14127
13868	13653
13492	13377
13302	13253
13225	13215
13226	13260
13318	13397
13497	13617
13752	13898
14044	14178
14296	14394
14478	14547
14608	14662
14707	14737
14754	14755
14745	14726
14704	14683
14668	14664
14667	14681
14699	14715
14720	14696
14634	14520
14345	14102
13787	13390
12894	12288
11559	10714
9782	8816
7886	7069
6428	6008
5820	5848
6055	6387
6779	7173
7523	7798
7986	8083
8099	8045
7934	7798
7675	7589
7549	7539
7533	7500
7431	7324
7180	7006
6810	6622
6478	6425
6502	6730
7109	7634
8280	9023
9823	10644
11442	12181
12835	13389
13841	14194
14446	14606
14676	14667
14596	14475
14325	14158
13991	13836
13700	13586
13495	13413
13343	13277
13217	13172
13136	13116
13112	13127
13162	13223
13311	13428
13575	13754
13965	14206
14467	14737
14994	15228
15427	15592
15725	15836
15924	15997
16053	16094
16124	16147
16166	16186
16206	16223
16237	16245
16251	16252
16254	16254
16254	16254
16254	16254
16254	16254
16254	16254
16254	16254
16254	16254
16254	16254
16254	16254
16254	16254
16254	16254
16254	16254
16254	16254
16254	16254
16254	16254
16254	16254
16254	16254
16254	16254
16254	16254
16254	16254
16254	16254
16254	16254
16254	16254
16254	16254
16254	16254
16254	16254
16254	16254
16252	16247
16241	16230
16214	16195
16178	16163
16151	16135
16106	16054
15967	15838
15670	15458
15207	14927
14625	14322
14032	13776
13569	13415
13316	13258
13234	13230
13240	13271
13322	13398
13495	13612
13744	13890
14041	14194
14336	14459
14564	14650
14718	14771
14813	14843
14860	14863
14849	14824
14791	14752
14715	14679
14651	14631
14621	14621
14628	14637
14647	14648
14622	14570
14473	14323
14109	13823
13451	12984
12407	11710
10896	9991
9048	8128
7306	6640
6175	5927
5885	6016
6272	6596
6931	7237
7475	7627
7685	7646
7532	7377
7221	7101
7026	6980
6938	6879
6797	6699
6594	6502
6432	6417
6485	6670
6993	7457
8049	8737
9489	10275
11053	11796
12474	13069
13574	13985
14310	14553
14726	14835
14879	14871
14810	14711
14579	14424
14259	14088
13929	13786
13663	13556
13464	13385
13322	13268
13228	13200
13181	13171
13177	13194
13230	13286
13368	13482
13635	13829
14064	14324
14595	14855
15096	15309
15496	15658
15794	15901
15985	16043
16087	16117
16144	16170
16196	16216
16232	16244
16249	16252
16253	16254
16254	16254
16254	16254
16254	16254
16254	16254
16254	16254
16254	16254
16254	16254
16254	16254
16254	16254
16254	16254
16254	16254
16254	16254
16254	16254
16254	16254
16254	16254
16254	16254
16254	16254
16254	16254
16254	16254
16254	16254
16254	16254
16254	16254
16254	16254
16254	16254
16254	16254
16254	16254
16251	16247
16239	16225
16206	16185
16164	16142
16122	16094
16045	15962
15834	15654
15430	15162
14867	14556
14247	13957
13706	13503
13358	13267
13221	13212
13227	13259
13310	13381
13475	13592
13723	13869
14020	14172
14320	14460
14579	14681
14762	14826
14875	14907
14928	14931
14921	14893
14852	14798
14743	14682
14628	14577
14534	14500
14474	14458
14455	14460
14476	14500
14524	14534
14520	14461
14346	14160
13897	13550
13108	12558
11892	11113
10246	9334
8438	7614
6913	6381
6035	5880
5894	6043
6276	6547
6802	6996
7096	7092
6994	6842
6679	6550
6468	6418
6383	6344
6306	6281
6286	6340
6458	6661
6965	7383
7918	8552
9258	10009
10762	11492
12173	12790
13327	13780
14147	14432
14653	14811
14917	14982
15008	14999
14959	14889
14789	14663
14521	14365
14208	14055
13914	13787
13674	13578
13501	13435
13385	13343
13308	13278
13254	13238
13232	13234
13254	13301
13386	13517
13702	13925
14177	14439
14703	14957
15195	15411
15601	15756
15876	15965
16030	16077
16114	16148
16181	16207
16227	16239
16246	16251
16252	16253
16253	16254
16254	16254
16254	16253
16254	16253
16254	16254
16254	16254
16254	16254
16254	16254
16254	16254
16254	16254
16254	16254
16254	16254
16254	16254
16254	16254
16254	16254
16254	16254
16254	16254
16254	16254
16254	16254
16254	16254
16254	16254
16254	16254
16254	16254
16254	16254
16254	16254
16254	16253
16251	16247
16236	16223
16202	16176
16149	16121
16087	16040
15959	15836
15655	15421
15139	14827
14508	14194
13908	13660
13464	13324
13236	13195
13193	13217
13268	13339
13433	13549
13684	13832
13988	14141
14292	14433
14560	14671
14762	14834
14889	14929
14957	14972
14966	14943
14896	14828
14747	14660
14569	14482
14400	14330
14266	14214
14173	14145
14131	14141
14170	14229
14306	14395
14469	14512
14492	14400
14233	13986
13659	13240
12721	12092
11359	10541
9668	8783
7929	7156
6510	6027
5726	5613
5662	5826
6047	6255
6397	6441
6385	6275
6152	6061
6021	6024
6054	6102
6169	6277
6441	6679
7001	7411
7908	8490
9142	9839
10557	11263
11936	12552
13103	13584
13986	14312
14565	14754
14888	14980
15037	15066
15080	15073
15049	15007
14941	14856
14747	14621
14485	14348
14211	14081
13961	13854
13762	13684
13616	13554
13495	13438
13386	13339
13294	13256
13224	13214
13234	13301
13420	13585
13792	14028
14284	14556
14829	15094
15337	15547
15719	15847
15944	16016
16072	16121
16162	16197
16222	16237
16246	16250
16251	16252
16252	16253
16252	16253
16252	16252
16252	16252
16252	16253
16253	16254
16254	16254
16254	16254
16254	16254
16254	16254
16254	16254
16254	16254
16254	16254
16254	16254
16254	16254
16254	16254
16254	16254
16254	16254
16254	16254
16254	16254
16254	16254
16254	16254
16254	16254
16254	16254
16254	16254
16254	16254
16251	16247
16237	16221
16197	16169
16133	16093
16046	15967
15848	15669
15432	15139
14815	14483
14167	13881
13640	13450
13315	13228
13188	13182
13212	13276
13363	13479
13618	13770
13934	14096
14251	14394
14525	14641
14742	14825
14888	14934
14969	14989
14999	14991
14956	14888
14789	14664
14524	14380
14242	14109
13994	13891
13805	13735
13677	13642
13627	13646
13704	13809
13958	14138
14321	14469
14547	14546
14464	14307
14078	13774
13384	12900
12314	11626
10843	9976
9055	8120
7222	6429
5804	5393
5204	5213
5357	5556
5731	5837
5868	5846
5820	5826
5890	5999
6154	6332
6550	6814
7146	7544
8022	8563
9168	9810
10472	11131
11770	12371
12919	13406
13826	14180
14468	14690
14855	14966
15038	15080
15100	15111
15113	15107
15094	15074
15039	14985
14911	14822
14722	14613
14500	14390
14281	14180
14086	13997
13911	13826
13737	13649
13561	13483
13405	13334
13266	13215
13184	13193
13245	13346
13486	13672
13894	14150
14430	14724
15009	15270
15494	15677
15820	15930
16017	16086
16141	16185
16214	16232
16243	16248
16251	16252
16252	16252
16252	16252
16252	16252
16252	16252
16252	16252
16253	16253
16254	16254
16254	16254
16254	16254
16254	16254
16254	16254
16254	16254
16254	16254
16254	16254
16254	16254
16254	16254
16254	16254
16254	16254
16254	16254
16254	16254
16254	16254
16254	16254
16254	16254
16254	16254
16254	16254
16254	16253
16251	16247
16235	16219
16193	16159
16116	16062
15987	15875
15705	15473
15176	14841
14494	14165
13875	13642
13462	13336
13250	13209
13200	13228
13289	13391
13523	13680
13853	14026
14191	14343
14478	14594
14699	14789
14866	14925
14970	15000
15019	15027
15015	14978
14899	14775
14605	14397
14174	13956
13747	13564
13404	13269
13155	13071
13008	12971
12966	12998
13085	13247
13482	13769
14073	14334
14515	14602
14598	14520
14377	14170
13890	13530
13081	12525
11854	11055
10135	9114
8049	7020
6121	5444
5032	4884
4942	5120
5334	5522
5665	5780
5895	6048
6251	6502
6791	7113
7470	7864
8308	8807
9352	9933
10533	11134
11720	12278
12794	13265
13684	14046
14352	14602
14792	14934
15030	15088
15117	15129
15129	15124
15120	15119
15115	15111
15092	15062
15016	14958
14891	14820
14742	14662
14579	14496
14414	14328
14239	14136
14025	13903
13785	13668
13560	13458
13361	13280
13215	13180
13178	13213
13293	13410
13575	13788
14041	14332
14633	14933
15206	15446
15643	15806
15932	16035
16110	16166
16203	16224
16237	16244
16247	16248
16251	16252
16252	16252
16252	16251
16251	16251
16252	16252
16253	16253
16254	16254
16254	16254
16254	16254
16254	16254
16254	16254
16254	16254
16254	16254
16254	16254
16254	16254
16254	16254
16254	16254
16254	16254
16254	16254
16254	16254
16254	16254
16254	16254
16254	16254
16254	16254
16254	16254
16254	16254
16251	16247
16236	16218
16189	16151
16095	16022
15914	15760
15538	15250
14909	14546
14199	13900
13665	13496
13381	13306
13268	13255
13275	13333
13432	13572
13744	13930
14115	14285
14430	14548
14646	14735
14810	14881
14942	14991
15026	15048
15059	15052
15019	14944
14809	14603
14337	14028
13707	13400
13123	12885
12685	12525
12401	12312
12254	12223
12224	12272
12390	12604
12923	13322
13750	14130
14418	14593
14660	14651
14580	14452
14267	14012
13677	13239
12676	11962
11082	10046
8901	7737
6669	5820
5255	4998
4995	5165
5424	5704
5977	6240
6514	6817
7159	7534
7934	8356
8792	9247
9727	10232
10753	11282
11805	12307
12774	13206
13596	13942
14246	14504
14712	14875
14994	15073
15119	15143
15149	15144
15134	15124
15119	15117
15121	15124
15119	15103
15074	15036
14996	14953
14908	14861
14809	14757
14697	14630
14542	14441
14320	14184
14037	13892
13754	13622
13499	13391
13301	13234
13198	13187
13206	13261
13359	13508
13711	13963
14254	14562
14870	15157
15415	15636
15814	15956
16061	16134
16183	16210
16226	16236
16242	16244
16247	16248
16251	16251
16251	16251
16251	16251
16251	16251
16253	16253
16254	16254
16254	16254
16254	16254
16254	16254
16254	16254
16254	16254
16254	16254
16254	16254
16254	16254
16254	16254
16254	16254
16254	16254
16254	16254
16254	16254
16254	16254
16254	16254
16254	16254
16254	16254
16254	16254
16254	16253
16251	16246
16234	16215
16184	16137
16067	15967
15827	15625
15354	15018
14647	14281
13960	13711
13541	13437
13381	13352
13348	13366
13415	13509
13643	13814
14007	14196
14370	14511
14616	14693
14756	14815
14873	14930
14986	15031
15067	15087
15093	15072
15014	14889
14685	14386
14013	13590
13168	12780
12448	12171
11953	11782
11664	11584
11539	11520
11531	11589
11725	11977
12360	12854
13395	13891
14283	14538
14673	14722
14706	14642
14533	14363
14120	13781
13317	12694
11889	10896
9765	8580
7471	6566
5954	5660
5647	5835
6140	6503
6883	7270
7667	8078
8507	8946
9390	9834
10272	10712
11150	11591
12027	12454
12863	13241
13591	13906
14185	14428
14635	14805
14938	15033
15096	15133
15150	15157
15150	15139
15126	15118
15110	15112
15117	15127
15126	15117
15099	15075
15050	15025
15001	14978
14955	14930
14899	14855
14791	14702
14589	14454
14302	14141
13978	13819
13670	13535
13420	13330
13265	13226
13210	13213
13251	13331
13464	13657
13906	14195
14509	14828
15135	15411
15649	15840
15984	16084
16147	16187
16209	16221
16230	16237
16242	16245
16247	16246
16246	16246
16246	16247
16247	16249
16251	16253
16254	16254
16254	16254
16254	16254
16254	16254
16254	16254
16254	16253
16253	16253
16253	16254
16254	16254
16254	16254
16254	16254
16254	16254
16254	16254
16254	16254
16254	16254
16254	16254
16254	16254
16254	16254
16254	16254
16254	16253
16251	16245
16233	16213
16175	16116
16031	15904
15722	15473
15158	14795
14418	14074
13796	13607
13498	13452
13440	13450
13479	13531
13618	13744
13904	14087
14272	14445
14584	14685
14747	14788
14819	14858
14902	14956
15010	15061
15099	15123
15122	15087
14995	14820
14540	14145
13663	13141
12636	12193
11828	11542
11325	11169
11066	11005
10978	10972
10989	11047
11188	11456
11875	12434
13059	13652
14136	14467
14662	14757
14787	14769
14713	14609
14443	14188
13821	13300
12598	11715
10678	9583
8552	7708
7140	6881
6889	7105
7443	7853
8289	8734
9183	9629
10068	10495
10908	11302
11678	12044
12392	12732
13059	13374
13672	13944
14190	14406
14594	14753
14885	14989
15062	15109
15134	15145
15147	15143
15136	15126
15116	15107
15104	15105
15114	15121
15125	15120
15108	15088
15070	15054
15040	15032
15026	15021
15014	14995
14957	14896
14803	14688
14549	14391
14222	14046
13870	13707
13563	13447
13362	13305
13264	13239
13231	13251
13317	13440
13630	13875
14165	14489
14821	15143
15435	15679
15873	16007
16098	16150
16183	16201
16214	16226
16233	16238
16242	16243
16242	16243
16243	16244
16245	16247
16248	16252
16253	16254
16254	16254
16254	16254
16254	16254
16253	16253
16252	16252
16252	16252
16252	16253
16254	16253
16254	16254
16254	16254
16254	16254
16254	16254
16254	16254
16254	16254
16254	16254
16254	16254
16254	16254
16254	16254
16254	16253
16251	16244
16232	16208
16165	16096
15988	15829
15605	15317
14973	14598
14236	13928
13704	13573
13516	13510
13530	13573
13639	13731
13858	14011
14181	14354
14515	14650
14747	14805
14832	14843
14856	14880
14922	14976
15035	15087
15127	15150
15143	15094
14971	14747
14394	13915
13341	12742
12185	11715
11352	11078
10884	10754
10674	10632
10618	10618
10636	10690
10821	11080
11508	12094
12773	13437
13994	14392
14642	14778
14838	14855
14834	14779
14672	14492
14216	13810
13244	12517
11655	10738
9869	9170
8712	8519
8568	8793
9131	9527
9949	10376
10795	11196
11577	11930
12258	12563
12847	13113
13364	13600
13826	14043
14245	14433
14597	14740
14854	14955
15031	15085
15119	15134
15136	15133
15127	15122
15117	15112
15104	15101
15098	15101
15108	15112
15118	15112
15100	15084
15067	15053
15044	15041
15046	15058
15068	15069
15055	15019
14954	14864
14752	14614
14455	14279
14094	13907
13737	13595
13486	13408
13351	13306
13271	13252
13261	13321
13438	13623
13870	14169
14502	14849
15181	15476
15717	15900
16021	16100
16144	16177
16195	16209
16223	16233
16237	16239
16238	16237
16238	16239
16241	16245
16248	16250
16253	16254
16254	16254
16254	16254
16254	16253
16253	16252
16252	16251
16251	16249
16249	16253
16254	16253
16254	16254
16254	16254
16254	16254
16254	16254
16254	16254
16254	16254
16254	16254
16254	16254
16254	16254
16254	16254
16254	16253
16251	16243
16230	16202
16151	16066
15934	15742
15482	15161
14799	14434
14105	13846
13678	13594
13570	13588
13635	13706
13811	13948
14106	14278
14439	14585
14706	14801
14856	14886
14889	14885
14886	14907
14946	14998
15054	15108
15150	15174
15161	15094
14945	14676
14268	13722
13086	12437
11855	11389
11043	10803
10638	10533
10473	10445
10433	10436
10449	10496
10616	10856
11268	11851
12548	13255
13868	14324
14621	14788
14874	14909
14914	14886
14824	14710
14519	14228
13818	13274
12632	11940
11291	10769
10442	10327
10399	10604
10898	11226
11573	11919
12250	12560
12845	13097
13327	13533
13721	13899
14060	14215
14362	14500
14631	14750
14854	14941
15009	15064
15101	15126
15134	15133
15125	15115
15108	15104
15102	15102
15101	15101
15099	15101
15105	15110
15111	15106
15093	15076
15057	15044
15032	15030
15039	15060
15082	15101
15102	15086
15045	14986
14900	14794
14660	14502
14321	14131
13941	13774
13639	13534
13456	13395
13343	13303
13280	13287
13341	13460
13646	13898
14208	14551
14907	15242
15532	15762
15927	16037
16105	16147
16175	16197
16213	16226
16233	16236
16235	16234
16232	16235
16239	16242
16245	16249
16252	16254
16254	16254
16254	16254
16253	16252
16250	16247
16243	16239
16235	16227
16227	16253
16249	16253
16254	16254
16254	16254
16254	16254
16254	16254
16254	16254
16254	16254
16254	16254
16254	16254
16254	16254
16254	16254
16254	16253
16251	16243
16227	16193
16134	16032
15877	15650
15358	15016
14655	14311
14026	13822
13698	13646
13642	13671
13734	13835
13979	14154
14338	14510
14651	14763
14846	14903
14932	14939
14930	14920
14924	14942
14978	15027
15080	15131
15172	15188
15170	15088
14917	14616
14167	13578
12905	12232
11648	11198
10881	10671
10534	10450
10400	10373
10363	10362
10372	10415
10517	10736
11120	11681
12375	13104
13757	14259
14597	14794
14898	14947
14963	14956
14924	14855
14736	14548
14281	13924
13499	13039
12610	12266
12062	12005
12078	12241
12460	12695
12937	13174
13396	13602
13785	13944
14084	14210
14324	14428
14528	14620
14706	14790
14868	14939
15000	15048
15086	15112
15130	15137
15135	15127
15113	15102
15096	15094
15094	15097
15100	15100
15100	15101
15105	15106
15104	15097
15084	15067
15045	15028
15015	15014
15027	15055
15086	15114
15128	15123
15100	15061
15004	14930
14828	14699
14538	14362
14175	13994
13830	13692
13585	13502
13433	13382
13338	13313
13322	13379
13500	13694
13960	14279
14633	14990
15322	15600
15813	15958
16056	16117
16158	16185
16204	16219
16228	16231
16230	16229
16229	16231
16236	16240
16245	16248
16252	16253
16254	16254
16254	16254
16252	16251
16243	16231
16216	16187
16183	16133
16133	16250
16225	16249
16251	16252
16254	16254
16254	16254
16254	16254
16254	16254
16254	16254
16254	16254
16254	16254
16254	16254
16254	16254
16254	16252
16250	16240
16221	16182
16113	15993
15808	15556
15240	14886
14534	14223
13986	13830
13746	13711
13715	13749
13826	13957
14134	14338
14533	14695
14811	14891
14943	14973
14984	14982
14972	14965
14968	14988
15021	15065
15111	15158
15189	15202
15172	15082
14893	14571
14096	13481
12785	12107
11530	11102
10812	10629
10512	10439
10390	10362
10346	10343
10353	10393
10486	10685
11034	11563
12237	12970
13651	14194
14569	14795
14917	14975
14997	15000
14984	14946
14876	14770
14612	14408
14162	13901
13654	13462
13353	13331
13389	13501
13637	13784
13929	14067
14194	14309
14409	14496
14570	14641
14701	14760
14813	14866
14912	14957
14999	15040
15072	15100
15120	15134
15142	15143
15136	15123
15111	15098
15094	15091
15095	15098
15100	15103
15104	15105
15104	15104
15100	15092
15078	15059
15038	15020
15007	15008
15025	15055
15093	15128
15146	15148
15135	15108
15073	15023
14952	14853
14727	14576
14407	14229
14053	13884
13736	13617
13529	13463
13413	13374
13354	13367
13435	13569
13776	14054
14385	14745
15102	15422
15681	15875
16002	16087
16138	16176
16199	16216
16225	16229
16230	16229
16229	16231
16234	16239
16245	16248
16251	16253
16254	16254
16254	16253
16251	16243
16223	16186
16137	16033
16032	15820
15820	16242
16151	16241
16243	16251
16254	16254
16254	16254
16254	16254
16254	16254
16254	16254
16254	16254
16254	16254
16254	16254
16254	16254
16254	16252
16248	16238
16216	16172
16088	15951
15744	15468
15134	14778
14445	14174
13979	13862
13802	13781
13783	13826
13922	14077
14280	14497
14689	14835
14926	14980
15006	15020
15026	15022
15015	15010
15018	15038
15069	15107
15144	15180
15203	15205
15169	15068
14867	14537
14046	13418
12713	12034
11465	11054
10787	10625
10522	10453
10402	10368
10349	10343
10357	10398
10487	10664
10983	11474
12127	12854
13556	14129
14538	14789
14927	14994
15021	15027
15022	15001
14961	14900
14819	14717
14599	14479
14364	14280
14233	14228
14268	14333
14411	14490
14564	14632
14691	14745
14789	14829
14861	14892
14920	14946
14971	14996
15021	15045
15065	15087
15102	15118
15131	15141
15145	15145
15139	15128
15116	15106
15100	15097
15099	15101
15104	15108
15108	15108
15106	15106
15099	15091
15076	15057
15033	15017
15004	15008
15026	15061
15104	15138
15162	15166
15158	15140
15118	15087
15040	14968
14874	14755
14618	14459
14281	14093
13908	13746
13622	13536
13481	13441
13414	13401
13427	13507
13658	13883
14178	14523
14890	15240
15543	15775
15944	16052
16121	16165
16195	16213
16223	16228
16228	16226
16226	16230
16234	16239
16245	16248
16251	16253
16254	16254
16254	16253
16247	16227
16181	16085
15966	15660
15699	15001
15001	16225
15950	16224
16221	16247
16253	16254
16254	16254
16254	16254
16254	16254
16254	16254
16254	16254
16254	16254
16254	16254
16254	16254
16254	16252
16246	16235
16209	16159
16066	15912
15685	15387
15043	14694
14384	14149
13991	13905
13860	13843
13848	13900
14013	14189
14407	14627
14809	14935
15004	15036
15049	15057
15059	15059
15056	15057
15068	15091
15117	15147
15178	15203
15215	15206
15163	15055
14849	14510
14013	13376
12668	11989
11428	11029
10779	10627
10534	10466
10414	10374
10351	10346
10367	10407
10494	10658
10950	11409
12037	12758
13470	14071
14508	14783
14937	15010
15043	15050
15047	15032
15008	14972
14930	14887
14846	14809
14776	14753
14744	14747
14769	14803
14844	14881
14917	14943
14966	14981
14995	15004
15014	15024
15030	15039
15048	15060
15071	15084
15094	15103
15115	15126
15137	15145
15151	15154
15149	15139
15128	15117
15109	15105
15105	15107
15109	15110
15110	15110
15109	15107
15099	15091
15077	15057
15036	15017
15005	15011
15032	15071
15114	15153
15175	15181
15173	15160
15144	15122
15092	15040
14975	14887
14785	14654
14492	14296
14082	13875
13707	13598
13535	13500
13477	13462
13459	13498
13592	13768
14022	14344
14706	15076
15410	15684
15884	16017
16104	16159
16192	16212
16223	16228
16228	16226
16225	16229
16233	16239
16245	16248
16251	16253
16254	16254
16254	16249
16237	16200
16111	15909
15674	14955
15126	13341
13341	16198
15547	16197
16184	16243
16252	16254
16254	16254
16254	16254
16254	16254
16254	16254
16254	16254
16254	16254
16254	16254
16254	16254
16254	16251
16246	16235
16206	16151
16047	15880
15637	15326
14978	14637
14349	14140
14013	13943
13909	13891
13899	13959
14090	14283
14512	14728
14898	15001
15056	15072
15078	15082
15087	15086
15091	15095
15109	15131
15158	15181
15205	15219
15222	15208
15156	15042
14831	14488
13988	13349
12637	11958
11403	11011
10774	10632
10546	10477
10423	10380
10355	10353
10375	10421
10505	10657
10929	11365
11968	12683
13402	14022
14481	14776
14940	15021
15055	15066
15062	15051
15031	15006
14983	14969
14966	14972
14983	14991
14997	15002
15012	15027
15048	15071
15088	15097
15101	15099
15096	15090
15086	15081
15078	15079
15081	15086
15091	15096
15104	15110
15118	15128
15138	15148
15158	15160
15158	15148
15139	15128
15120	15114
15113	15111
15112	15112
15113	15112
15112	15108
15104	15092
15079	15058
15038	15017
15007	15015
15040	15079
15126	15167
15186	15193
15181	15170
15159	15146
15121	15088
15036	14977
14901	14798
14656	14463
14230	13990
13782	13640
13567	13542
13531	13519
13503	13509
13567	13699
13916	14212
14566	14944
15300	15602
15831	15987
16090	16150
16189	16212
16223	16228
16228	16226
16226	16230
16234	16239
16245	16248
16251	16253
16254	16254
16253	16247
16227	16167
16020	15679
15296	13955
14385	10846
10846	16170
14943	16168
16131	16236
16251	16254
16254	16254
16254	16254
16254	16254
16254	16254
16254	16254
16254	16254
16254	16254
16254	16254
16254	16251
16246	16233
16203	16142
16033	15857
15605	15287
14938	14605
14331	14141
14029	13972
13941	13924
13937	14006
14148	14350
14582	14791
14950	15044
15084	15095
15096	15098
15103	15109
15114	15123
15139	15161
15186	15206
15223	15232
15228	15207
15150	15033
14822	14476
13975	13332
12621	11940
11388	11000
10770	10636
10553	10485
10427	10383
10359	10357
10384	10429
10513	10661
10918	11337
11926	12636
13356	13990
14462	14771
14941	15029
15063	15073
15070	15058
15041	15020
15006	15003
15017	15041
15070	15092
15103	15105
15109	15115
15129	15142
15156	15161
15158	15148
15138	15125
15114	15102
15095	15089
15089	15089
15095	15100
15106	15110
15120	15127
15140	15151
15161	15165
15165	15157
15148	15135
15127	15121
15118	15115
15115	15115
15115	15113
15113	15110
15104	15094
15080	15061
15039	15019
15010	15019
15046	15089
15134	15174
15196	15197
15188	15177
15166	15155
15139	15110
15071	15025
14969	14887
14764	14574
14332	14070
13836	13669
13586	13563
13566	13559
13541	13529
13562	13663
13854	14128
14474	14853
15226	15546
15791	15965
16075	16146
16186	16210
16222	16227
16227	16225
16226	16230
16235	16239
16245	16248
16251	16253
16254	16254
16253	16246
16217	16136
15935	15458
14940	12931
13684	8175
