5548	5531
5541	5531
5540	5539
5558	5580
5622	5687
5780	5908
6080	6288
6544	6834
7156	7488
7821	8142
8442	8707
8939	9137
9312	9464
9617	9764
9923	10087
10267	10444
10624	10787
10936	11050
11125	11152
11126	11042
10909	10719
10489	10224
9934	9627
9316	9003
8699	8382
8111	7769
7571	7135
7113	6523
5553	5533
5543	5532
5541	5542
5559	5581
5622	5687
5780	5910
6081	6295
6553	6849
7174	7510
7851	8183
8488	8762
9000	9205
9385	9546
9694	9844
9999	10158
10331	10504
10675	10833
10972	11081
11147	11168
11136	11051
10909	10715
10481	10210
9918	9608
9293	8977
8675	8362
8088	7746
7550	7120
7094	6516
5557	5536
5545	5534
5542	5542
5559	5582
5623	5689
5782	5916
6088	6306
6566	6868
7197	7543
7893	8231
8546	8831
9078	9289
9473	9638
9788	9938
10087	10246
10408	10575
10738	10885
11015	11116
11177	11190
11148	11058
10908	10711
10470	10196
9895	9585
9267	8951
8643	8333
8059	7722
7519	7101
7066	6502
5562	5538
5550	5536
5545	5541
5558	5580
5622	5688
5784	5919
6095	6314
6579	6887
7224	7581
7941	8289
8611	8907
9162	9382
9575	9744
9894	10044
10190	10340
10496	10656
10806	10948
11067	11159
11209	11214
11169	11068
10913	10707
10461	10179
9875	9561
9239	8921
8613	8298
8023	7686
7482	7069
7025	6483
5569	5545
5554	5539
5547	5543
5558	5580
5623	5689
5787	5923
6099	6329
6599	6911
7259	7624
7992	8349
8685	8988
9253	9485
9682	9854
10007	10155
10300	10443
10591	10741
10884	11014
11127	11206
11249	11245
11191	11080
10919	10706
10451	10164
9853	9536
9208	8887
8574	8259
7977	7642
7427	7029
6964	6453
5576	5552
5558	5546
5548	5547
5559	5582
5624	5690
5789	5929
6112	6344
6619	6940
7292	7668
8044	8416
8758	9072
9347	9585
9789	9963
10121	10268
10407	10547
10689	10825
10957	11083
11182	11254
11287	11276
11213	11097
10928	10710
10448	10153
9841	9513
9181	8855
8538	8218
7927	7594
7359	6979
6874	6413
5583	5554
5565	5548
5552	5548
5562	5585
5626	5693
5794	5936
6122	6358
6642	6967
7331	7712
8101	8479
8834	9153
9437	9681
9889	10065
10228	10370
10508	10642
10776	10906
11035	11145
11238	11301
11328	11307
11240	11115
10941	10715
10446	10145
9824	9494
9158	8822
8495	8170
7866	7533
7270	6910
6754	6358
5589	5562
5569	5553
5555	5551
5563	5587
5630	5696
5798	5944
6133	6374
6664	6995
7362	7755
8150	8536
8898	9227
9518	9767
9979	10161
10320	10465
10599	10725
10855	10979
11098	11204
11289	11346
11366	11340
11265	11137
10953	10723
10447	10142
9815	9476
9134	8793
8453	8122
7799	7465
7163	6834
6598	6290
5595	5566
5574	5556
5558	5553
5566	5586
5630	5701
5804	5951
6144	6391
6683	7021
7397	7794
8194	8589
8958	9293
9588	9840
10056	10242
10402	10543
10674	10800
10924	11044
11154	11254
11333	11386
11400	11367
11286	11151
10967	10730
10452	10144
9809	9461
9114	8760
8414	8071
7726	7391
7041	6744
6414	6210
5600	5572
5578	5560
5560	5556
5568	5587
5631	5703
5808	5957
6155	6402
6699	7044
7426	7824
8235	8632
9005	9344
9643	9899
10118	10306
10464	10602
10734	10857
10976	11089
11200	11294
11372	11418
11428	11393
11307	11171
10980	10738
10457	10144
9806	9452
9096	8740
8381	8026
7655	7319
6914	6657
6212	6125
5604	5574
5580	5562
5562	5559
5570	5590
5634	5708
5814	5964
6162	6415
6715	7061
7446	7851
8263	8664
9042	9385
9688	9945
10166	10353
10511	10650
10778	10898
11015	11128
11232	11323
11397	11443
11447	11411
11324	11185
10990	10749
10462	10145
9800	9446
9083	8707
8347	7894
7585	6853
6790	5398
6009	3589
