16193	16193
16193	16193
16193	16193
16193	16193
16193	16193
16193	16193
16193	16193
16193	16193
16193	16193
16193	16193
16193	16193
16193	16193
16193	16193
16193	16193
16193	16193
16193	16193
16193	16193
16193	16193
16193	16193
16193	16193
16193	16193
16193	16193
16193	16193
16193	16193
16193	16193
16193	16193
16193	16193
16193	16193
16193	16193
16193	16193
16193	16193
16193	16193
16193	16193
16193	16193
16193	16193
16193	16193
16193	16193
16193	16193
16193	16193
16193	16193
16193	16193
16193	16192
16192	16192
16190	16189
16188	16187
16185	16184
16180	16176
16170	16163
16153	16143
16126	16109
16084	16057
16023	15987
15941	15894
15843	15793
15742	15696
15652	15618
15596	15582
15574	15583
15595	15619
15657	15700
15750	15804
15855	15905
15948	15990
16025	16053
16076	16096
16113	16129
16141	16152
16161	16167
16173	16179
16180	16184
16187	16188
16189	16190
16191	16192
16192	16192
16192	16193
16193	16193
16193	16193
16193	16193
16193	16193
16193	16193
16193	16193
16193	16193
16193	16193
16193	16193
16193	16193
16193	16193
16193	16193
16193	16193
16193	16193
16193	16193
16193	16193
16193	16193
16193	16193
16193	16193
16193	16193
16193	16193
16193	16193
16193	16193
16193	16193
16193	16193
16193	16193
16193	16193
16193	16193
16193	16193
16193	16193
16193	16193
16193	16193
16193	16193
16193	16193
16193	16193
16193	16193
16193	16193
16193	16193
16193	16193
16193	16193
16193	16193
16193	16193
16193	16193
16193	16193
16193	16193
16193	16193
16193	16193
16193	16193
16193	16193
16193	16193
16193	16193
16193	16193
16193	16193
16193	16193
16193	16193
16193	16193
16193	16193
16193	16193
16193	16193
16193	16193
16193	16193
16193	16193
16193	16193
16193	16193
16193	16193
16193	16193
16193	16193
16193	16193
16193	16193
16193	16193
16193	16193
16193	16193
16193	16193
16193	16193
16193	16193
16193	16193
16193	16193
16193	16193
16193	16193
16192	16192
16192	16190
16189	16188
16187	16184
16181	16175
16170	16163
16154	16142
16126	16109
16086	16058
16024	15989
15943	15891
15832	15769
15702	15635
15567	15504
15454	15412
15382	15368
15361	15368
15388	15418
15458	15509
15569	15633
15697	15757
15818	15870
15917	15960
15994	16026
16054	16077
16097	16117
16133	16146
16157	16165
16172	16178
16181	16183
16186	16188
16189	16191
16191	16192
16192	16192
16193	16193
16193	16193
16193	16193
16193	16193
16193	16193
16193	16193
16193	16193
16193	16193
16193	16193
16193	16193
16193	16193
16193	16193
16193	16193
16193	16193
16193	16193
16193	16193
16193	16193
16193	16193
16193	16193
16193	16193
16193	16193
16193	16193
16193	16193
16193	16193
16193	16193
16193	16193
16193	16193
16193	16193
16193	16193
16193	16193
16193	16193
16193	16193
16193	16193
16193	16193
16193	16193
16193	16193
16193	16193
16193	16193
16193	16193
16193	16193
16193	16193
16193	16193
16193	16193
16193	16193
16193	16193
16193	16193
16193	16193
16193	16193
16193	16193
16193	16193
16193	16193
16193	16193
16193	16193
16193	16193
16193	16193
16193	16193
16193	16193
16193	16193
16193	16193
16193	16193
16193	16193
16193	16193
16193	16193
16193	16193
16193	16193
16193	16193
16193	16193
16193	16193
16193	16193
16193	16193
16193	16193
16193	16193
16193	16193
16193	16193
16193	16193
16193	16193
16193	16193
16193	16193
16193	16192
16192	16191
16189	16189
16187	16185
16181	16176
16170	16164
16153	16139
16124	16104
16078	16049
16013	15973
15926	15869
15808	15738
15657	15568
15475	15384
15292	15212
15145	15091
15056	15036
15034	15041
15064	15099
15149	15209
15280	15357
15438	15520
15596	15672
15738	15800
15852	15904
15950	15990
16027	16057
16086	16111
16129	16146
16157	16164
16173	16178
16181	16184
16186	16188
16190	16191
16191	16192
16193	16193
16193	16193
16193	16193
16193	16193
16193	16193
16193	16193
16193	16193
16193	16193
16193	16193
16193	16193
16193	16193
16193	16193
16193	16193
16193	16193
16193	16193
16193	16193
16193	16193
16193	16193
16193	16193
16193	16193
16193	16193
16193	16193
16193	16193
16193	16193
16193	16193
16193	16193
16193	16193
16193	16193
16193	16193
16193	16193
16193	16193
16193	16193
16193	16193
16193	16193
16193	16193
16193	16193
16193	16193
16193	16193
16193	16193
16193	16193
16193	16193
16193	16193
16193	16193
16193	16193
16193	16193
16193	16193
16193	16193
16193	16193
16193	16193
16193	16193
16193	16193
16193	16193
16193	16193
16193	16193
16193	16193
16193	16193
16193	16193
16193	16193
16193	16193
16193	16193
16193	16193
16193	16193
16193	16193
16193	16193
16193	16193
16193	16193
16193	16193
16193	16193
16193	16193
16193	16193
16193	16193
16193	16193
16193	16193
16193	16193
16193	16193
16193	16193
16193	16193
16193	16193
16193	16192
16191	16189
16189	16187
16185	16179
16175	16168
16156	16142
16126	16101
16074	16036
15994	15947
15893	15827
15761	15679
15593	15494
15382	15262
15137	15012
14892	14784
14697	14628
14583	14558
14556	14566
14592	14637
14694	14765
14850	14950
15054	15159
15262	15364
15458	15547
15631	15708
15776	15845
15905	15960
16007	16048
16081	16110
16131	16146
16156	16166
16173	16179
16181	16186
16187	16189
16190	16192
16192	16193
16193	16193
16193	16193
16193	16193
16193	16193
16193	16193
16193	16193
16193	16193
16193	16193
16193	16193
16193	16193
16193	16193
16193	16193
16193	16193
16193	16193
16193	16193
16193	16193
16193	16193
16193	16193
16193	16193
16193	16193
16193	16193
16193	16193
16193	16193
16193	16193
16193	16193
16193	16193
16193	16193
16193	16193
16193	16193
16193	16193
16193	16193
16193	16193
16193	16193
16193	16193
16193	16193
16193	16193
16193	16193
16193	16193
16193	16193
16193	16193
16193	16193
16193	16193
16193	16193
16193	16193
16193	16193
16193	16193
16193	16193
16193	16193
16193	16193
16193	16193
16193	16193
16193	16193
16193	16193
16193	16193
16193	16193
16193	16193
16193	16193
16193	16193
16193	16193
16193	16193
16193	16193
16193	16193
16193	16193
16193	16193
16193	16193
16193	16193
16193	16193
16193	16193
16193	16193
16193	16193
16193	16193
16193	16193
16193	16193
16193	16193
16193	16193
16193	16193
16193	16193
16193	16192
16189	16187
16186	16183
16178	16174
16162	16151
16135	16113
16080	16040
15992	15934
15863	15788
15701	15607
15504	15392
15269	15134
14986	14829
14662	14498
14341	14203
14089	14003
13943	13917
13908	13923
13953	14001
14072	14158
14263	14381
14510	14645
14781	14915
15047	15174
15295	15409
15519	15621
15719	15805
15883	15951
16008	16053
16088	16117
16137	16148
16162	16169
16174	16179
16184	16187
16188	16189
16192	16193
16193	16193
16193	16193
16193	16193
16193	16193
16193	16193
16193	16193
16193	16193
16193	16193
16193	16193
16193	16193
16193	16193
16193	16193
16193	16193
16193	16193
16193	16193
16193	16193
16193	16193
16193	16193
16193	16193
16193	16193
16193	16193
16193	16193
16193	16193
16193	16193
16193	16193
16193	16193
16193	16193
16193	16193
16193	16193
16193	16193
16193	16193
16193	16193
16193	16193
16193	16193
16193	16193
16193	16193
16193	16193
16193	16193
16193	16193
16193	16193
16193	16193
16193	16193
16193	16193
16193	16193
16193	16193
16193	16193
16193	16193
16193	16193
16193	16193
16193	16193
16193	16193
16193	16193
16193	16193
16193	16193
16193	16193
16193	16193
16193	16193
16193	16193
16193	16193
16193	16193
16193	16193
16193	16193
16193	16193
16193	16193
16193	16193
16193	16193
16193	16193
16193	16193
16193	16193
16193	16193
16193	16193
16193	16193
16193	16193
16193	16193
16193	16193
16193	16193
16193	16193
16193	16189
16187	16187
16183	16178
16170	16161
16148	16129
16098	16064
16012	15947
15870	15776
15669	15549
15419	15281
15133	14978
14811	14635
14442	14242
14031	13823
13628	13455
13312	13206
13135	13099
13089	13102
13136	13191
13267	13369
13491	13635
13790	13958
14137	14311
14484	14655
14823	14987
15149	15300
15444	15577
15700	15804
15896	15967
16025	16067
16098	16124
16141	16156
16166	16175
16180	16185
16187	16188
16190	16193
16193	16193
16193	16193
16193	16193
16193	16193
16193	16193
16193	16193
16193	16193
16193	16193
16193	16193
16193	16193
16193	16193
16193	16193
16193	16193
16193	16193
16193	16193
16193	16193
16193	16193
16193	16193
16193	16193
16193	16193
16193	16193
16193	16193
16193	16193
16193	16193
16193	16193
16193	16193
16193	16193
16193	16193
16193	16193
16193	16193
16193	16193
16193	16193
16193	16193
16193	16193
16193	16193
16193	16193
16193	16193
16193	16193
16193	16193
16193	16193
16193	16193
16193	16193
16193	16193
16193	16193
16193	16193
16193	16193
16193	16193
16193	16193
16193	16193
16193	16193
16193	16193
16193	16193
16193	16193
16193	16193
16193	16193
16193	16193
16193	16193
16193	16193
16193	16193
16193	16193
16193	16193
16193	16193
16193	16193
16193	16193
16193	16193
16193	16193
16193	16193
16193	16193
16193	16193
16193	16193
16193	16193
16193	16193
16193	16193
16193	16193
16193	16193
16193	16193
16193	16193
16192	16188
16187	16184
16178	16170
16160	16146
16124	16093
16051	15990
15914	15816
15694	15551
15388	15212
15023	14827
14624	14414
14198	13970
13733	13485
13232	12984
12749	12544
12373	12243
12161	12113
12098	12111
12148	12207
12293	12405
12544	12709
12895	13094
13308	13527
13750	13975
14201	14423
14640	14857
15063	15259
15437	15595
15730	15842
15927	15996
16046	16087
16114	16136
16150	16162
16171	16179
16184	16187
16188	16192
16193	16193
16193	16193
16193	16193
16193	16193
16193	16193
16193	16193
16193	16193
16193	16193
16193	16193
16193	16193
16193	16193
16193	16193
16193	16193
16193	16193
16193	16193
16193	16193
16193	16193
16193	16193
16193	16193
16193	16193
16193	16193
16193	16193
16193	16193
16193	16193
16193	16193
16193	16193
16193	16193
16193	16193
16193	16193
16193	16193
16193	16193
16193	16193
16193	16193
16193	16193
16193	16193
16193	16193
16193	16193
16193	16193
16193	16193
16193	16193
16193	16193
16193	16193
16193	16193
16193	16193
16193	16193
16193	16193
16193	16193
16193	16193
16193	16193
16193	16193
16193	16193
16193	16193
16193	16193
16193	16193
16193	16193
16193	16193
16193	16193
16193	16193
16193	16193
16193	16193
16193	16193
16193	16193
16193	16193
16193	16193
16193	16193
16193	16193
16193	16193
16193	16193
16193	16193
16193	16193
16193	16193
16193	16193
16193	16193
16193	16193
16193	16193
16193	16193
16193	16193
16189	16187
16186	16180
16172	16163
16149	16127
16094	16049
15983	15894
15777	15630
15452	15242
15009	14758
14492	14227
13956	13685
13414	13139
12855	12563
12274	11990
11723	11486
11294	11145
11045	10989
10969	10977
11013	11075
11165	11285
11437	11619
11829	12059
12309	12570
12839	13122
13405	13694
13986	14275
14556	14829
15078	15301
15496	15658
15787	15891
15971	16030
16073	16105
16131	16148
16162	16172
16182	16185
16188	16190
16193	16193
16193	16193
16193	16193
16193	16193
16193	16193
16193	16193
16193	16193
16193	16193
16193	16193
16193	16193
16193	16193
16193	16193
16193	16193
16193	16193
16193	16193
16193	16193
16193	16193
16193	16193
16193	16193
16193	16193
16193	16193
16193	16193
16193	16193
16193	16193
16193	16193
16193	16193
16193	16193
16193	16193
16193	16193
16193	16193
16193	16193
16193	16193
16193	16193
16193	16193
16193	16193
16193	16193
16193	16193
16193	16193
16193	16193
16193	16193
16193	16193
16193	16193
16193	16193
16193	16193
16193	16193
16193	16193
16193	16193
16193	16193
16193	16193
16193	16193
16193	16193
16193	16193
16193	16193
16193	16193
16193	16193
16193	16193
16193	16193
16193	16193
16193	16193
16193	16193
16193	16193
16193	16193
16193	16193
16193	16193
16193	16193
16193	16193
16193	16193
16193	16193
16193	16193
16193	16193
16193	16193
16193	16193
16193	16193
16193	16193
16193	16193
16193	16193
16193	16190
16188	16187
16183	16174
16164	16152
16129	16097
16049	15984
15888	15760
15593	15381
15130	14839
14519	14177
13824	13473
13132	12796
12468	12144
11822	11497
11177	10866
10577	10321
10109	9949
9836	9770
9743	9745
9777	9840
9929	10053
10212	10404
10629	10883
11159	11462
11777	12106
12453	12810
13175	13548
13916	14273
14609	14913
15179	15405
15592	15742
15857	15945
16016	16067
16103	16132
16152	16165
16177	16183
16188	16189
16192	16193
16193	16193
16193	16193
16193	16193
16193	16193
16193	16193
16193	16193
16193	16193
16193	16193
16193	16193
16193	16193
16193	16193
16193	16193
16193	16193
16193	16193
16193	16193
16193	16193
16193	16193
16193	16193
16193	16193
16193	16193
16193	16193
16193	16193
16193	16193
16193	16193
16193	16193
16193	16193
16193	16193
16193	16193
16193	16193
16193	16193
16193	16193
16193	16193
16193	16193
16193	16193
16193	16193
16193	16193
16193	16193
16193	16193
16193	16193
16193	16193
16193	16193
16193	16193
16193	16193
16193	16193
16193	16193
16193	16193
16193	16193
16193	16193
16193	16193
16193	16193
16193	16193
16193	16193
16193	16193
16193	16193
16193	16193
16193	16193
16193	16193
16193	16193
16193	16193
16193	16193
16193	16193
16193	16193
16193	16193
16193	16193
16193	16193
16193	16193
16193	16193
16193	16193
16193	16193
16193	16193
16193	16193
16193	16193
16193	16193
16193	16193
16193	16193
16193	16190
16188	16184
16178	16169
16158	16135
16104	16056
15991	15895
15762	15581
15351	15063
14723	14335
13911	13467
13018	12576
12156	11757
11378	11012
10663	10320
9984	9661
9365	9098
8878	8708
8587	8513
8476	8473
8501	8555
8643	8766
8924	9121
9352	9618
9916	10241
10593	10969
11368	11788
12228	12683
13140	13589
14017	14412
14764	15069
15321	15531
15699	15827
15930	16006
16061	16106
16134	16156
16168	16180
16184	16188
16190	16193
16193	16193
16193	16193
16193	16193
16193	16193
16193	16193
16193	16193
16193	16193
16193	16193
16193	16193
16193	16193
16193	16193
16193	16193
16193	16193
16193	16193
16193	16193
16193	16193
16193	16193
16193	16193
16193	16193
16193	16193
16193	16193
16193	16193
16193	16193
16193	16193
16193	16193
16193	16193
16193	16193
16193	16193
16193	16193
16193	16193
16193	16193
16193	16193
16193	16193
16193	16193
16193	16193
16193	16193
16193	16193
16193	16193
16193	16193
16193	16193
16193	16193
16193	16193
16193	16193
16193	16193
16193	16193
16193	16193
16193	16193
16193	16193
16193	16193
16193	16193
16193	16193
16193	16193
16193	16193
16193	16193
16193	16193
16193	16193
16193	16193
16193	16193
16193	16193
16193	16193
16193	16193
16193	16193
16193	16193
16193	16193
16193	16193
16193	16193
16193	16193
16193	16193
16193	16193
16193	16193
16193	16193
16193	16193
16193	16193
16193	16193
16193	16193
16193	16189
16186	16182
16174	16161
16142	16112
16069	16004
15911	15778
15593	15352
15044	14665
14224	13726
13188	12636
12087	11558
11063	10608
10186	9795
9427	9075
8740	8425
8127	7868
7650	7477
7350	7272
7231	7219
7241	7290
7368	7483
7636	7826
8053	8322
8625	8965
9339	9746
10186	10659
11164	11694
12237	12776
13301	13791
14237	14628
14964	15246
15477	15663
15808	15919
16003	16066
16107	16140
16159	16174
16181	16187
16189	16193
16193	16193
16193	16193
16193	16193
16193	16193
16193	16193
16193	16193
16193	16193
16193	16193
16193	16193
16193	16193
16193	16193
16193	16193
16193	16193
16193	16193
16193	16193
16193	16193
16193	16193
16193	16193
16193	16193
16193	16193
16193	16193
16193	16193
16193	16193
16193	16193
16193	16193
16193	16193
16193	16193
16193	16193
16193	16193
16193	16193
16193	16193
16193	16193
16193	16193
16193	16193
16193	16193
16193	16193
16193	16193
16193	16193
16193	16193
16193	16193
16193	16193
16193	16193
16193	16193
16193	16193
16193	16193
16193	16193
16193	16193
16193	16193
16193	16193
16193	16193
16193	16193
16193	16193
16193	16193
16193	16193
16193	16193
16193	16193
16193	16193
16193	16193
16193	16193
16193	16193
16193	16193
16193	16193
16193	16193
16193	16193
16193	16193
16193	16193
16193	16193
16193	16193
16193	16193
16193	16193
16193	16193
16193	16193
16193	16193
16193	16193
16193	16193
16192	16188
16185	16179
16168	16151
16125	16085
16022	15933
15805	15621
15380	15065
14667	14188
13636	13024
12373	11713
11068	10458
9898	9396
8946	8543
8173	7835
7513	7212
6935	6691
6483	6315
6189	6106
6056	6041
6054	6094
6164	6268
6408	6588
6803	7060
7357	7697
8073	8497
8961	9472
10023	10614
11228	11851
12464	13049
13590	14080
14508	14873
15182	15436
15639	15799
15919	16011
16074	16119
16148	16168
16179	16185
16189	16193
16193	16193
16193	16193
16193	16193
16193	16193
16193	16193
16193	16193
16193	16193
16193	16193
16193	16193
16193	16193
16193	16193
16193	16193
16193	16193
16193	16193
16193	16193
16193	16193
16193	16193
16193	16193
16193	16193
16193	16193
16193	16193
16193	16193
16193	16193
16193	16193
16193	16193
16193	16193
16193	16193
16193	16193
16193	16193
16193	16193
16193	16193
16193	16193
16193	16193
16193	16193
16193	16193
16193	16193
16193	16193
16193	16193
16193	16193
16193	16193
16193	16193
16193	16193
16193	16193
16193	16193
16193	16193
16193	16193
16193	16193
16193	16193
16193	16193
16193	16193
16193	16193
16193	16193
16193	16193
16193	16193
16193	16193
16193	16193
16193	16193
16193	16193
16193	16193
16193	16193
16193	16193
16193	16193
16193	16193
16193	16193
16193	16193
16193	16193
16193	16193
16193	16193
16193	16193
16193	16193
16193	16193
16193	16193
16193	16193
16193	16193
16193	16193
16190	16187
16181	16174
16160	16136
16098	16042
15956	15835
15660	15423
15109	14708
14215	13631
12964	12239
11483	10726
9996	9317
8711	8177
7715	7314
6960	6642
6348	6077
5828	5604
5413	5258
5138	5054
5002	4979
4985	5017
5077	5170
5293	5453
5652	5888
6167	6489
6856	7276
7746	8271
8852	9480
10146	10833
11522	12191
12826	13413
13942	14407
14805	15140
15415	15636
15807	15934
16025	16089
16131	16156
16173	16182
16187	16190
16193	16193
16193	16193
16193	16193
16193	16193
16193	16193
16193	16193
16193	16193
16193	16193
16193	16193
16193	16193
16193	16193
16193	16193
16193	16193
16193	16193
16193	16193
16193	16193
16193	16193
16193	16193
16193	16193
16193	16193
16193	16193
16193	16193
16193	16193
16193	16193
16193	16193
16193	16193
16193	16193
16193	16193
16193	16193
16193	16193
16193	16193
16193	16193
16193	16193
16193	16193
16193	16193
16193	16193
16193	16193
16193	16193
16193	16193
16193	16193
16193	16193
16193	16193
16193	16193
16193	16193
16193	16193
16193	16193
16193	16193
16193	16193
16193	16193
16193	16193
16193	16193
16193	16193
16193	16193
16193	16193
16193	16193
16193	16193
16193	16193
16193	16193
16193	16193
16193	16193
16193	16193
16193	16193
16193	16193
16193	16193
16193	16193
16193	16193
16193	16193
16193	16193
16193	16193
16193	16193
16193	16193
16193	16193
16193	16193
16193	16193
16193	16193
16189	16186
16179	16169
16148	16116
16064	15986
15870	15706
15478	15172
14778	14282
13688	12993
12222	11394
10542	9703
8910	8188
7551	7009
6550	6165
5837	5550
5292	5059
4841	4649
4477	4336
4225	4144
4091	4066
4065	4088
4137	4216
4323	4463
4638	4849
5103	5397
5742	6138
6594	7114
7697	8335
9030	9755
10501	11238
11953	12632
13261	13829
14332	14765
15131	15425
15659	15832
15959	16047
16106	16143
16167	16177
16186	16190
16193	16193
16193	16193
16193	16193
16193	16193
16193	16193
16193	16193
16193	16193
16193	16193
16193	16193
16193	16193
16193	16193
16193	16193
16193	16193
16193	16193
16193	16193
16193	16193
16193	16193
16193	16193
16193	16193
16193	16193
16193	16193
16193	16193
16193	16193
16193	16193
16193	16193
16193	16193
16193	16193
16193	16193
16193	16193
16193	16193
16193	16193
16193	16193
16193	16193
16193	16193
16193	16193
16193	16193
16193	16193
16193	16193
16193	16193
16193	16193
16193	16193
16193	16193
16193	16193
16193	16193
16193	16193
16193	16193
16193	16193
16193	16193
16193	16193
16193	16193
16193	16193
16193	16193
16193	16193
16193	16193
16193	16193
16193	16193
16193	16193
16193	16193
16193	16193
16193	16193
16193	16193
16193	16193
16193	16193
16193	16193
16193	16193
16193	16193
16193	16193
16193	16193
16193	16193
16193	16193
16193	16193
16193	16193
16193	16193
16193	16193
16193	16192
16188	16183
16175	16160
16131	16087
16014	15909
15755	15538
15244	14860
14376	13781
13083	12287
11418	10502
9579	8685
7854	7110
6472	5933
5497	5138
4845	4594
4375	4179
3995	3832
3686	3565
3464	3389
3340	3310
3309	3325
3364	3425
3518	3636
3786	3969
4189	4451
4763	5123
5548	6040
6600	7229
7918	8658
9427	10213
10995	11757
12479	13156
13768	14309
14776	15160
15467	15701
15872	15993
16075	16126
16157	16174
16183	16188
16192	16193
16193	16193
16193	16193
16193	16193
16193	16193
16193	16193
16193	16193
16193	16193
16193	16193
16193	16193
16193	16193
16193	16193
16193	16193
16193	16193
16193	16193
16193	16193
16193	16193
16193	16193
16193	16193
16193	16193
16193	16193
16193	16193
16193	16193
16193	16193
16193	16193
16193	16193
16193	16193
16193	16193
16193	16193
16193	16193
16193	16193
16193	16193
16193	16193
16193	16193
16193	16193
16193	16193
16193	16193
16193	16193
16193	16193
16193	16193
16193	16193
16193	16193
16193	16193
16193	16193
16193	16193
16193	16193
16193	16193
16193	16193
16193	16193
16193	16193
16193	16193
16193	16193
16193	16193
16193	16193
16193	16193
16193	16193
16193	16193
16193	16193
16193	16193
16193	16193
16193	16193
16193	16193
16193	16193
16193	16193
16193	16193
16193	16193
16193	16193
16193	16193
16193	16193
16193	16193
16193	16193
16193	16193
16193	16193
16193	16193
16193	16190
16186	16179
16167	16147
16107	16047
15953	15812
15607	15328
14960	14489
13906	13209
12409	11521
10571	9594
8626	7704
6862	6120
5498	4986
4578	4258
3999	3789
3605	3447
3299	3163
3041	2939
2852	2786
2737	2714
2704	2718
2749	2803
2877	2978
3102	3256
3442	3668
3935	4253
4633	5080
5594	6189
6850	7570
8345	9152
9978	10805
11618	12394
13120	13776
14353	14838
15230	15535
15761	15922
16029	16099
16141	16165
16178	16186
16190	16193
16193	16193
16193	16193
16193	16193
16193	16193
16193	16193
16193	16193
16193	16193
16193	16193
16193	16193
16193	16193
16193	16193
16193	16193
16193	16193
16193	16193
16193	16193
16193	16193
16193	16193
16193	16193
16193	16193
16193	16193
16193	16193
16193	16193
16193	16193
16193	16193
16193	16193
16193	16193
16193	16193
16193	16193
16193	16193
16193	16193
16193	16193
16193	16193
16193	16193
16193	16193
16193	16193
16193	16193
16193	16193
16193	16193
16193	16193
16193	16193
16193	16193
16193	16193
16193	16193
16193	16193
16193	16193
16193	16193
16193	16193
16193	16193
16193	16193
16193	16193
16193	16193
16193	16193
16193	16193
16193	16193
16193	16193
16193	16193
16193	16193
16193	16193
16193	16193
16193	16193
16193	16193
16193	16193
16193	16193
16193	16193
16193	16193
16193	16193
16193	16193
16193	16193
16193	16193
16193	16193
16193	16193
16193	16193
16193	16193
16193	16189
16184	16176
16160	16130
16079	15998
15872	15686
15429	15078
14622	14056
13369	12574
11680	10714
9703	8686
7698	6778
5954	5244
4653	4180
3814	3531
3312	3140
2992	2863
2745	2639
2542	2454
2383	2324
2286	2261
2256	2266
2292	2334
2397	2480
2579	2706
2859	3045
3271	3542
3866	4257
4717	5251
5863	6545
7292	8095
8941	9814
10696	11568
12401	13174
13865	14458
14950	15333
15625	15832
15973	16066
16123	16155
16174	16183
16187	16192
16193	16193
16193	16193
16193	16193
16193	16193
16193	16193
16193	16193
16193	16193
16193	16193
16193	16193
16193	16193
16193	16193
16193	16193
16193	16193
16193	16193
16193	16193
16193	16193
16193	16193
16193	16193
16193	16193
16193	16193
16193	16193
16193	16193
16193	16193
16193	16193
16193	16193
16193	16193
16193	16193
16193	16193
16193	16193
16193	16193
16193	16193
16193	16193
16193	16193
16193	16193
16193	16193
16193	16193
16193	16193
16193	16193
16193	16193
16193	16193
16193	16193
16193	16193
16193	16193
16193	16193
16193	16193
16193	16193
16193	16193
16193	16193
16193	16193
16193	16193
16193	16193
16193	16193
16193	16193
16193	16193
16193	16193
16193	16193
16193	16193
16193	16193
16193	16193
16193	16193
16193	16193
16193	16193
16193	16193
16193	16193
16193	16193
16193	16193
16193	16193
16193	16193
16193	16193
16193	16193
16193	16193
16193	16193
16193	16193
16191	16187
16182	16170
16149	16110
16043	15937
15774	15540
15216	14784
14236	13565
12777	11887
10912	9882
8832	7805
6826	5932
5146	4480
3941	3517
3196	2954
2774	2634
2518	2416
2325	2240
2164	2097
2041	1994
1963	1945
1943	1950
1972	2010
2059	2124
2209	2310
2432	2583
2763	2985
3256	3583
3978	4443
4984	5608
6307	7082
7922	8823
9755	10704
11634	12516
13322	14029
14623	15095
15456	15719
15904	16022
16096	16143
16167	16180
16186	16190
16192	16193
16193	16193
16193	16193
16193	16193
16193	16193
16193	16193
16193	16193
16193	16193
16193	16193
16193	16193
16193	16193
16193	16193
16193	16193
16193	16193
16193	16193
16193	16193
16193	16193
16193	16193
16193	16193
16193	16193
16193	16193
16193	16193
16193	16193
16193	16193
16193	16193
16193	16193
16193	16193
16193	16193
16193	16193
16193	16193
16193	16193
16193	16193
16193	16193
16193	16193
16193	16193
16193	16193
16193	16193
16193	16193
16193	16193
16193	16193
16193	16193
16193	16193
16193	16193
16193	16193
16193	16193
16193	16193
16193	16193
16193	16193
16193	16193
16193	16193
16193	16193
16193	16193
16193	16193
16193	16193
16193	16193
16193	16193
16193	16193
16193	16193
16193	16193
16193	16193
16193	16193
16193	16193
16193	16193
16193	16193
16193	16193
16193	16193
16193	16193
16193	16193
16193	16193
16193	16193
16193	16193
16193	16193
16193	16193
16191	16185
16177	16163
16132	16083
15996	15861
15656	15366
14965	14446
13798	13025
12138	11157
10116	9045
7982	6963
6020	5175
4448	3843
3364	2997
2720	2520
2374	2262
2176	2099
2030	1966
1909	1859
1816	1783
1758	1750
1748	1755
1778	1808
1848	1902
1967	2047
2144	2259
2403	2580
2794	3059
3380	3768
4236	4786
5420	6146
6965	7862
8825	9827
10841	11823
12740	13555
14252	14819
15261	15585
15815	15966
16064	16120
16155	16173
16183	16187
16191	16192
16193	16193
16193	16193
16193	16193
16193	16193
16193	16193
16193	16193
16193	16193
16193	16193
16193	16193
16193	16193
16193	16193
16193	16193
16193	16193
16193	16193
16193	16193
16193	16193
16193	16193
16193	16193
16193	16193
16193	16193
16193	16193
16193	16193
16193	16193
16193	16193
16193	16193
16193	16193
16193	16193
16193	16193
16193	16193
16193	16193
16193	16193
16193	16193
16193	16193
16193	16193
16193	16193
16193	16193
16193	16193
16193	16193
16193	16193
16193	16193
16193	16193
16193	16193
16193	16193
16193	16193
16193	16193
16193	16193
16193	16193
16193	16193
16193	16193
16193	16193
16193	16193
16193	16193
16193	16193
16193	16193
16193	16193
16193	16193
16193	16193
16193	16193
16193	16193
16193	16193
16193	16193
16193	16193
16193	16193
16193	16193
16193	16193
16193	16193
16193	16193
16193	16193
16193	16193
16193	16193
16193	16193
16193	16193
16189	16184
16173	16155
16114	16049
15941	15771
15518	15163
14684	14072
13325	12451
11471	10418
9321	8227
7172	6186
5291	4514
3855	3324
2908	2598
2370	2210
2098	2014
1951	1897
1846	1804
1762	1727
1696	1679
1668	1662
1665	1677
1695	1722
1758	1798
1848	1911
1984	2071
2177	2310
2471	2675
2928	3243
3627	4095
4654	5320
6093	6970
7939	8977
10049	11112
12127	13049
13851	14515
15036	15431
15712	15902
16024	16098
16141	16167
16179	16186
16189	16192
16193	16193
16193	16193
16193	16193
16193	16193
16193	16193
16193	16193
16193	16193
16193	16193
16193	16193
16193	16193
16193	16193
16193	16193
16193	16193
16193	16193
16193	16193
16193	16193
16193	16193
16193	16193
16193	16193
16193	16193
16193	16193
16193	16193
16193	16193
16193	16193
16193	16193
16193	16193
16193	16193
16193	16193
16193	16193
16193	16193
16193	16193
16193	16193
16193	16193
16193	16193
16193	16193
16193	16193
16193	16193
16193	16193
16193	16193
16193	16193
16193	16193
16193	16193
16193	16193
16193	16193
16193	16193
16193	16193
16193	16193
16193	16193
16193	16193
16193	16193
16193	16193
16193	16193
16193	16193
16193	16193
16193	16193
16193	16193
16193	16193
16193	16193
16193	16193
16193	16193
16193	16193
16193	16193
16193	16193
16193	16193
16193	16193
16193	16193
16193	16193
16193	16193
16193	16193
16193	16193
16193	16193
16193	16191
16187	16181
16167	16144
16093	16013
15877	15670
15366	14941
14381	13673
12827	11858
10793	9677
8551	7450
6417	5480
4654	3950
3375	2917
2569	2313
2137	2017
1933	1878
1836	1804
1774	1747
1723	1705
1686	1682
1676	1682
1688	1705
1721	1747
1774	1808
1843	1889
1940	2003
2075	2169
2285	2434
2620	2861
3164	3549
4027	4619
5331	6167
7120	8170
9283	10410
11505	12520
13421	14181
14790	15255
15592	15823
15976	16070
16125	16156
16176	16182
16187	16191
16193	16193
16193	16193
16193	16193
16193	16193
16193	16193
16193	16193
16193	16193
16193	16193
16193	16193
16193	16193
16193	16193
16193	16193
16193	16193
16193	16193
16193	16193
16193	16193
16193	16193
16193	16193
16193	16193
16193	16193
16193	16193
16193	16193
16193	16193
16193	16193
16193	16193
16193	16193
16193	16193
16193	16193
16193	16193
16193	16193
16193	16193
16193	16193
16193	16193
16193	16193
16193	16193
16193	16193
16193	16193
16193	16193
16193	16193
16193	16193
16193	16193
16193	16193
16193	16193
16193	16193
16193	16193
16193	16193
16193	16193
16193	16193
16193	16193
16193	16193
16193	16193
16193	16193
16193	16193
16193	16193
16193	16193
16193	16193
16193	16193
16193	16193
16193	16193
16193	16193
16193	16193
16193	16193
16193	16193
16193	16193
16193	16193
16193	16193
16193	16193
16193	16193
16193	16193
16193	16193
16193	16193
16193	16188
16184	16176
16159	16127
16066	15966
15804	15556
15195	14700
14055	13257
12316	11261
10125	8960
7814	6728
5734	4858
4110	3494
2996	2617
2337	2143
2011	1927
1878	1848
1831	1817
1806	1797
1790	1784
1783	1787
1794	1803
1819	1833
1853	1874
1896	1921
1947	1974
2010	2045
2090	2147
2222	2316
2444	2616
2842	3146
3539	4051
4693	5471
6388	7427
8555	9725
10886	11987
12978	13829
14526	15063
15461	15738
15923	16036
16107	16146
16169	16180
16185	16188
16193	16193
16193	16193
16193	16193
16193	16193
16193	16193
16193	16193
16193	16193
16193	16193
16193	16193
16193	16193
16193	16193
16193	16193
16193	16193
16193	16193
16193	16193
16193	16193
16193	16193
16193	16193
16193	16193
16193	16193
16193	16193
16193	16193
16193	16193
16193	16193
16193	16193
16193	16193
16193	16193
16193	16193
16193	16193
16193	16193
16193	16193
16193	16193
16193	16193
16193	16193
16193	16193
16193	16193
16193	16193
16193	16193
16193	16193
16193	16193
16193	16193
16193	16193
16193	16193
16193	16193
16193	16193
16193	16193
16193	16193
16193	16193
16193	16193
16193	16193
16193	16193
16193	16193
16193	16193
16193	16193
16193	16193
16193	16193
16193	16193
16193	16193
16193	16193
16193	16193
16193	16193
16193	16193
16193	16193
16193	16193
16193	16193
16193	16193
16193	16193
16193	16193
16193	16193
16193	16193
16193	16193
16192	16187
16183	16173
16152	16112
16039	15919
15725	15432
15014	14447
13721	12832
11802	10672
9479	8282
7134	6075
5135	4330
3663	3134
2725	2420
2209	2072
1986	1944
1928	1926
1931	1939
1948	1955
1963	1973
1985	1998
2016	2035
2051	2074
2092	2109
2126	2144
2158	2169
2187	2200
2220	2240
2278	2324
2395	2504
2658	2879
3194	3618
4179	4890
5754	6762
7886	9078
10286	11456
12532	13469
14248	14859
15318	15641
15858	15999
16083	16131
16160	16176
16182	16188
16190	16193
16193	16193
16193	16193
16193	16193
16193	16193
16193	16193
16193	16193
16193	16193
16193	16193
16193	16193
16193	16193
16193	16193
16193	16193
16193	16193
16193	16193
16193	16193
16193	16193
16193	16193
16193	16193
16193	16193
16193	16193
16193	16193
16193	16193
16193	16193
16193	16193
16193	16193
16193	16193
16193	16193
16193	16193
16193	16193
16193	16193
16193	16193
16193	16193
16193	16193
16193	16193
16193	16193
16193	16193
16193	16193
16193	16193
16193	16193
16193	16193
16193	16193
16193	16193
16193	16193
16193	16193
16193	16193
16193	16193
16193	16193
16193	16193
16193	16193
16193	16193
16193	16193
16193	16193
16193	16193
16193	16193
16193	16193
16193	16193
16193	16193
16193	16193
16193	16193
16193	16193
16193	16193
16193	16193
16193	16193
16193	16193
16193	16193
16193	16193
16193	16193
16193	16193
16193	16193
16193	16193
16190	16186
16181	16167
16142	16091
16006	15863
15638	15301
14823	14184
13380	12409
11305	10103
8869	7661
6522	5503
4623	3898
3319	2875
2551	2323
2181	2099
2063	2062
2077	2107
2135	2167
2197	2224
2246	2273
2295	2321
2345	2371
2394	2414
2434	2449
2464	2472
2476	2476
2473	2467
2460	2454
2449	2454
2473	2518
2601	2747
2975	3314
3791	4421
5221	6181
7281	8480
9719	10943
12087	13105
13961	14646
15164	15539
15792	15958
16057	16118
16150	16170
16181	16186
16188	16192
16193	16193
16193	16193
16193	16193
16193	16193
16193	16193
16193	16193
16193	16193
16193	16193
16193	16193
16193	16193
16193	16193
16193	16193
16193	16193
16193	16193
16193	16193
16193	16193
16193	16193
16193	16193
16193	16193
16193	16193
16193	16193
16193	16193
16193	16193
16193	16193
16193	16193
16193	16193
16193	16193
16193	16193
16193	16193
16193	16193
16193	16193
16193	16193
16193	16193
16193	16193
16193	16193
16193	16193
16193	16193
16193	16193
16193	16193
16193	16193
16193	16193
16193	16193
16193	16193
16193	16193
16193	16193
16193	16193
16193	16193
16193	16193
16193	16193
16193	16193
16193	16193
16193	16193
16193	16193
16193	16193
16193	16193
16193	16193
16193	16193
16193	16193
16193	16193
16193	16193
16193	16193
16193	16193
16193	16193
16193	16193
16193	16193
16193	16193
16193	16193
16193	16193
16193	16193
16193	16193
16189	16184
16176	16162
16129	16070
15968	15802
15543	15161
14626	13919
13040	11995
10821	9574
8308	7095
5985	5013
4204	3559
3067	2713
2472	2324
2247	2225
2236	2276
2331	2388
2448	2502
2552	2596
2639	2677
2716	2747
2781	2812
2837	2861
2883	2896
2904	2906
2902	2889
2868	2842
2811	2775
2737	2697
2666	2650
2667	2735
2884	3133
3519	4067
4790	5693
6755	7943
9197	10459
11663	12748
13678	14432
15011	15431
15722	15912
16031	16102
16143	16163
16178	16183
16188	16190
16193	16193
16193	16193
16193	16193
16193	16193
16193	16193
16193	16193
16193	16193
16193	16193
16193	16193
16193	16193
16193	16193
16193	16193
16193	16193
16193	16193
16193	16193
16193	16193
16193	16193
16193	16193
16193	16193
16193	16193
16193	16193
16193	16193
16193	16193
16193	16193
16193	16193
16193	16193
16193	16193
16193	16193
16193	16193
16193	16193
16193	16193
16193	16193
16193	16193
16193	16193
16193	16193
16193	16193
16193	16193
16193	16193
16193	16193
16193	16193
16193	16193
16193	16193
16193	16193
16193	16193
16193	16193
16193	16193
16193	16193
16193	16193
16193	16193
16193	16193
16193	16193
16193	16193
16193	16193
16193	16193
16193	16193
16193	16193
16193	16193
16193	16193
16193	16193
16193	16193
16193	16193
16193	16193
16193	16193
16193	16193
16193	16193
16193	16193
16193	16193
16193	16193
16193	16193
16193	16191
16187	16182
16171	16152
16114	16046
15930	15738
15445	15018
14426	13656
12704	11597
10368	9079
7803	6599
5524	4610
3875	3313
2912	2645
2489	2416
2408	2443
2505	2590
2679	2767
2855	2933
3006	3070
3128	3177
3224	3267
3309	3343
3375	3399
3421	3431
3438	3432
3417	3392
3359	3314
3260	3198
3122	3042
2963	2892
2841	2837
2899	3063
3358	3818
4459	5292
6309	7469
8729	10012
11262	12407
13401	14218
14853	15323
15651	15865
16004	16087
16133	16159
16174	16183
16188	16189
16193	16193
16193	16193
16193	16193
16193	16193
16193	16193
16193	16193
16193	16193
16193	16193
16193	16193
16193	16193
16193	16193
16193	16193
16193	16193
16193	16193
16193	16193
16193	16193
16193	16193
16193	16193
16193	16193
16193	16193
16193	16193
16193	16193
16193	16193
16193	16193
16193	16193
16193	16193
16193	16193
16193	16193
16193	16193
16193	16193
16193	16193
16193	16193
16193	16193
16193	16193
16193	16193
16193	16193
16193	16193
16193	16193
16193	16193
16193	16193
16193	16193
16193	16193
16193	16193
16193	16193
16193	16193
16193	16193
16193	16193
16193	16193
16193	16193
16193	16193
16193	16193
16193	16193
16193	16193
16193	16193
16193	16193
16193	16193
16193	16193
16193	16193
16193	16193
16193	16193
16193	16193
16193	16193
16193	16193
16193	16193
16193	16193
16193	16193
16193	16193
16193	16193
16193	16193
16193	16189
16186	16180
16169	16143
16096	16018
15886	15671
15344	14874
14227	13400
12387	11220
9944	8634
7352	6171
5136	4289
3631	3157
2845	2667
2590	2595
2650	2745
2860	2980
3107	3227
3342	3445
3538	3618
3689	3754
3811	3863
3909	3948
3984	4008
4031	4041
4040	4031
4007	3972
3926	3866
3789	3701
3594	3477
3350	3223
3112	3035
3019	3095
3296	3666
4220	4980
5939	7066
8312	9610
10893	12085
13136	14011
14699	15213
15577	15819
15974	16067
16122	16155
16171	16182
16186	16189
16193	16193
16193	16193
16193	16193
16193	16193
16193	16193
16193	16193
16193	16193
16193	16193
16193	16193
16193	16193
16193	16193
16193	16193
16193	16193
16193	16193
16193	16193
16193	16193
16193	16193
16193	16193
16193	16193
16193	16193
16193	16193
16193	16193
16193	16193
16193	16193
16193	16193
16193	16193
16193	16193
16193	16193
16193	16193
16193	16193
16193	16193
16193	16193
16193	16193
16193	16193
16193	16193
16193	16193
16193	16193
16193	16193
16193	16193
16193	16193
16193	16193
16193	16193
16193	16193
16193	16193
16193	16193
16193	16193
16193	16193
16193	16193
16193	16193
16193	16193
16193	16193
16193	16193
16193	16193
16193	16193
16193	16193
16193	16193
16193	16193
16193	16193
16193	16193
16193	16193
16193	16193
16193	16193
16193	16193
16193	16193
16193	16193
16193	16193
16193	16193
16193	16193
16193	16193
16192	16188
16183	16177
16161	16133
16080	15990
15839	15599
15241	14726
14032	13148
12082	10867
9562	8234
6960	5807
4828	4047
3467	3079
2857	2760
2768	2843
2963	3110
3272	3435
3595	3747
3883	4006
4116	4211
4298	4370
4436	4495
4546	4589
4627	4655
4677	4686
4684	4670
4640	4596
4540	4464
4371	4265
4129	3977
3810	3631
3460	3315
3220	3211
3328	3602
4072	4755
5647	6726
7951	9252
10559	11789
12887	13815
14553	15109
15506	15774
15945	16051
16115	16148
16167	16181
16186	16189
16192	16193
16193	16193
16193	16193
16193	16193
16193	16193
16193	16193
16193	16193
16193	16193
16193	16193
16193	16193
16193	16193
16193	16193
16193	16193
16193	16193
16193	16193
16193	16193
16193	16193
16193	16193
16193	16193
16193	16193
16193	16193
16193	16193
16193	16193
16193	16193
16193	16193
16193	16193
16193	16193
16193	16193
16193	16193
16193	16193
16193	16193
16193	16193
16193	16193
16193	16193
16193	16193
16193	16193
16193	16193
16193	16193
16193	16193
16193	16193
16193	16193
16193	16193
16193	16193
16193	16193
16193	16193
16193	16193
16193	16193
16193	16193
16193	16193
16193	16193
16193	16193
16193	16193
16193	16193
16193	16193
16193	16193
16193	16193
16193	16193
16193	16193
16193	16193
16193	16193
16193	16193
16193	16193
16193	16193
16193	16193
16193	16193
16193	16193
16193	16193
16193	16193
16193	16193
16189	16187
16181	16173
16153	16121
16061	15959
15791	15529
15135	14582
13843	12910
11797	10547
9216	7882
6622	5506
4580	3870
3371	3069
2932	2919
3003	3147
3324	3524
3727	3925
4114	4287
4444	4584
4710	4818
4912	4997
5070	5134
5190	5237
5277	5307
5326	5334
5331	5313
5279	5232
5164	5080
4974	4847
4693	4514
4310	4092
3867	3658
3491	3406
3433	3621
4004	4604
5428	6461
7655	8946
10260	11522
12657	13630
14414	15009
15438	15727
15920	16036
16105	16145
16164	16179
16185	16189
16191	16193
16193	16193
16193	16193
16193	16193
16193	16193
16193	16193
16193	16193
16193	16193
16193	16193
16193	16193
16193	16193
16193	16193
16193	16193
16193	16193
16193	16193
16193	16193
16193	16193
16193	16193
16193	16193
16193	16193
16193	16193
16193	16193
16193	16193
16193	16193
16193	16193
16193	16193
16193	16193
16193	16193
16193	16193
16193	16193
16193	16193
16193	16193
16193	16193
16193	16193
16193	16193
16193	16193
16193	16193
16193	16193
16193	16193
16193	16193
16193	16193
16193	16193
16193	16193
16193	16193
16193	16193
16193	16193
16193	16193
16193	16193
16193	16193
16193	16193
16193	16193
16193	16193
16193	16193
16193	16193
16193	16193
16193	16193
16193	16193
16193	16193
16193	16193
16193	16193
16193	16193
16193	16193
16193	16193
16193	16193
16193	16193
16193	16193
16193	16193
16193	16193
16193	16192
16188	16186
16180	16167
16146	16108
16039	15926
15741	15455
15031	14440
13661	12682
11532	10251
8906	7573
6340	5265
4398	3758
3339	3119
3061	3127
3280	3480
3715	3956
4194	4419
4630	4818
4991	5144
5278	5396
5502	5589
5672	5739
5802	5852
5892	5923
5943	5949
5944	5923
5888	5836
5764	5673
5561	5422
5257	5054
4825	4571
4304	4043
3813	3654
3605	3709
4004	4524
5278	6255
7411	8685
10004	11284
12453	13462
14282	14912
15371	15685
15892	16021
16096	16140
16162	16177
16184	16189
16191	16193
16193	16193
16193	16193
16193	16193
16193	16193
16193	16193
16193	16193
16193	16193
16193	16193
16193	16193
16193	16193
16193	16193
16193	16193
16193	16193
16193	16193
16193	16193
16193	16193
16193	16193
16193	16193
16193	16193
16193	16193
16193	16193
16193	16193
16193	16193
16193	16193
16193	16193
16193	16193
16193	16193
16193	16193
16193	16193
16193	16193
16193	16193
16193	16193
16193	16193
16193	16193
16193	16193
16193	16193
16193	16193
16193	16193
16193	16193
16193	16193
16193	16193
16193	16193
16193	16193
16193	16193
16193	16193
16193	16193
16193	16193
16193	16193
16193	16193
16193	16193
16193	16193
16193	16193
16193	16193
16193	16193
16193	16193
16193	16193
16193	16193
16193	16193
16193	16193
16193	16193
16193	16193
16193	16193
16193	16193
16193	16193
16193	16193
16193	16193
16193	16193
16193	16191
16188	16183
16176	16164
16140	16095
16021	15893
15693	15383
14931	14305
13486	12473
11289	9983
8632	7311
6105	5077
4271	3701
3359	3211
3231	3364
3574	3830
4105	4380
4643	4887
5111	5314
5493	5652
5793	5918
6024	6121
6206	6279
6342	6395
6438	6470
6488	6498
6490	6470
6428	6377
6307	6214
6099	5955
5777	5569
5321	5049
4750	4445
4165	3945
3823	3849
4069	4510
5193	6109
7224	8475
9788	11078
12272	13310
14164	14826
15312	15648
15866	16005
16089	16136
16162	16175
16183	16188
16191	16193
16193	16193
16193	16193
16193	16193
16193	16193
16193	16193
16193	16193
16193	16193
16193	16193
16193	16193
16193	16193
16193	16193
16193	16193
16193	16193
16193	16193
16193	16193
16193	16193
16193	16193
16193	16193
16193	16193
16193	16193
16193	16193
16193	16193
16193	16193
16193	16193
16193	16193
16193	16193
16193	16193
16193	16193
16193	16193
16193	16193
16193	16193
16193	16193
16193	16193
16193	16193
16193	16193
16193	16193
16193	16193
16193	16193
16193	16193
16193	16193
16193	16193
16193	16193
16193	16193
16193	16193
16193	16193
16193	16193
16193	16193
16193	16193
16193	16193
16193	16193
16193	16193
16193	16193
16193	16193
16193	16193
16193	16193
16193	16193
16193	16193
16193	16193
16193	16193
16193	16193
16193	16193
16193	16193
16193	16193
16193	16193
16193	16193
16193	16193
16193	16193
16193	16189
16187	16182
16175	16158
16130	16083
16000	15862
15646	15313
14835	14177
13324	12279
11070	9749
8394	7091
5918	4939
4192	3688
3414	3340
3422	3615
3877	4172
4476	4773
5051	5309
5536	5741
5922	6085
6229	6356
6468	6570
6655	6733
6797	6854
6898	6929
6950	6957
6948	6924
6886	6835
6763	6672
6557	6417
6243	6030
5779	5493
5176	4847
4528	4257
4077	4037
4179	4550
5166	6020
7088	8312
9611	10909
12118	13181
14062	14750
15260	15612
15845	15993
16084	16131
16159	16175
16183	16188
16191	16193
16193	16193
16193	16193
16193	16193
16193	16193
16193	16193
16193	16193
16193	16193
16193	16193
16193	16193
16193	16193
16193	16193
16193	16193
16193	16193
16193	16193
16193	16193
16193	16193
16193	16193
16193	16193
16193	16193
16193	16193
16193	16193
16193	16193
16193	16193
16193	16193
16193	16193
16193	16193
16193	16193
16193	16193
16193	16193
16193	16192
16192	16192
16192	16192
16192	16193
16192	16193
16193	16193
16193	16193
16193	16193
16193	16193
16193	16193
16193	16193
16193	16193
16193	16193
16193	16193
16193	16193
16193	16193
16193	16193
16193	16193
16193	16193
16193	16193
16193	16193
16193	16193
16193	16193
16193	16193
16193	16193
16193	16193
16193	16193
16193	16193
16193	16193
16193	16193
16193	16193
16193	16193
16193	16193
16193	16193
16193	16193
16193	16193
16193	16193
16193	16193
16193	16189
16187	16181
16172	16153
16123	16071
15981	15833
15598	15246
14745	14057
13174	12104
10872	9544
8196	6914
5775	4844
4156	3716
3505	3494
3629	3869
4166	4490
4813	5118
5405	5658
5888	6093
6273	6434
6578	6706
6822	6926
7014	7096
7162	7220
7267	7295
7315	7319
7309	7286
7248	7196
7127	7040
6929	6794
6627	6422
6178	5893
5572	5231
4889	4584
4358	4259
4339	4637
5187	5985
7008	8199
9483	10774
11994	13073
13977	14686
15212	15584
15827	15981
16075	16128
16157	16174
16182	16187
16189	16193
16193	16193
16193	16193
16193	16193
16193	16193
16193	16193
16193	16193
16193	16193
16193	16193
16193	16193
16193	16193
16193	16193
16193	16193
16193	16193
16193	16193
16193	16193
16193	16193
16193	16193
16193	16193
16193	16193
16193	16193
16193	16193
16193	16193
16193	16193
16193	16193
16193	16193
16193	16193
16193	16193
16193	16193
16193	16192
16192	16191
16190	16189
16189	16187
16187	16192
16190	16192
16192	16193
16193	16193
16193	16193
16193	16193
16193	16193
16193	16193
16193	16193
16193	16193
16193	16193
16193	16193
16193	16193
16193	16193
16193	16193
16193	16193
16193	16193
16193	16193
16193	16193
16193	16193
16193	16193
16193	16193
16193	16193
16193	16193
16193	16193
16193	16193
16193	16193
16193	16193
16193	16193
16193	16193
16193	16193
16193	16193
16193	16193
16193	16193
16193	16193
16193	16189
16186	16181
16171	16151
16118	16060
15963	15807
15559	15190
14661	13952
13045	11950
10704	9372
8034	6772
5676	4792
4160	3775
3623	3659
3839	4113
4430	4771
5103	5410
5689	5939
6162	6362
6538	6696
6839	6967
7084	7190
7286	7369
7439	7497
7544	7575
7593	7594
7583	7556
7519	7465
7399	7315
7213	7083
6928	6737
6505	6237
5924	5584
5236	4909
4649	4507
4532	4774
5261	6004
6976	8134
9396	10681
11903	12993
13913	14638
15177	15560
15812	15974
16070	16126
16156	16174
16181	16187
16189	16193
16193	16193
16193	16193
16193	16193
16193	16193
16193	16193
16193	16193
16193	16193
16193	16193
16193	16193
16193	16193
16193	16193
16193	16193
16193	16193
16193	16193
16193	16193
16193	16193
16193	16193
16193	16193
16193	16193
16193	16193
16193	16193
16193	16193
16193	16193
16193	16193
16193	16193
16193	16193
16193	16193
16193	16192
16191	16189
16188	16188
16186	16183
16183	16179
16179	16191
16187	16191
16190	16191
16192	16193
16193	16193
16193	16193
16193	16193
16193	16193
16193	16193
16193	16193
16193	16193
16193	16193
16193	16193
16193	16193
16193	16193
16193	16193
16193	16193
16193	16193
16193	16193
16193	16193
16193	16193
16193	16193
16193	16193
16193	16193
16193	16193
16193	16193
16193	16193
16193	16193
16193	16193
16193	16193
16193	16193
16193	16193
16193	16193
16193	16193
16193	16193
16193	16189
16186	16181
16167	16145
16113	16050
15950	15780
15524	15135
14591	13858
12929	11819
10567	9235
7910	6681
5619	4782
4201	3871
3764	3843
4052	4347
4681	5019
5344	5644
5912	6151
6363	6554
6727	6881
7024	7155
7276	7384
7483	7571
7646	7707
7751	7782
7796	7794
7782	7753
7711	7655
7589	7509
7410	7294
7151	6978
6771	6521
6231	5902
5562	5231
4952	4776
4757	4946
5379	6067
6993	8114
9352	10625
11845	12941
13866	14602
15155	15543
15802	15968
16067	16124
16155	16174
16181	16187
16189	16193
16193	16193
16193	16193
16193	16193
16193	16193
16193	16193
16193	16193
16193	16193
16193	16193
16193	16193
16193	16193
16193	16193
16193	16193
16193	16193
16193	16193
16193	16193
16193	16193
16193	16193
16193	16193
16193	16193
16193	16193
16193	16193
16193	16193
16193	16193
16193	16193
16193	16193
16193	16193
16193	16193
16193	16189
16188	16187
16184	16179
16176	16168
16172	16157
16157	16187
16176	16187
16187	16190
16190	16192
16193	16193
16193	16193
16193	16193
16193	16193
16193	16193
16193	16193
16193	16193
16193	16193
16193	16193
16193	16193
16193	16193
16193	16193
16193	16193
16193	16193
16193	16193
16193	16193
16193	16193
16193	16193
16193	16193
16193	16193
16193	16193
16193	16193
16193	16193
16193	16193
16193	16193
16193	16193
16193	16193
16193	16193
16193	16193
16193	16193
16193	16193
16191	16189
16185	16179
16164	16145
16108	16043
15935	15761
15495	15095
14533	13788
12840	11719
10462	9138
7831	6631
5607	4814
4280	3996
3928	4034
4265	4565
4895	5228
5542	5824
6077	6300
6502	6685
6854	7009
7153	7288
7412	7528
7630	7722
7802	7862
7910	7940
7950	7948
7928	7893
7845	7786
7718	7636
7542	7434
7309	7155
6972	6751
6489	6187
5862	5539
5254	5059
5007	5156
5542	6178
7061	8142
9354	10610
11818	12911
13840	14583
15138	15532
15795	15963
16063	16122
16155	16174
16181	16187
16189	16193
16193	16193
16193	16193
16193	16193
16193	16193
16193	16193
16193	16193
16193	16193
16193	16193
16193	16193
16193	16193
16193	16193
16193	16193
16193	16193
16193	16193
16193	16193
16193	16193
16193	16193
16193	16193
16193	16193
16193	16193
16193	16193
16193	16193
16193	16193
16193	16193
16193	16193
16193	16193
16193	16193
16188	16188
16185	16180
16173	16162
16160	16139
16150	16115
16115	16181
16155	16181
16176	16186
16187	16189
16192	16193
16193	16193
16193	16193
16193	16193
16193	16193
16193	16193
16193	16193
16193	16193
16193	16193
16193	16193
16193	16193
16193	16193
16193	16193
16193	16193
16193	16193
16193	16193
16193	16193
16193	16193
16193	16193
16193	16193
16193	16193
16193	16193
16193	16193
16193	16193
16193	16193
16193	16193
16193	16193
16193	16193
16193	16193
16193	16193
16193	16193
16192	16189
16185	16178
16165	16145
16107	16040
15929	15750
15474	15066
14494	13736
12782	11654
10396	9084
7797	6626
5643	4893
4399	4149
4109	4240
4476	4776
5094	5411
5699	5961
6194	6403
6594	6767
6936	7094
7242	7383
7517	7640
7749	7847
7930	7995
8040	8068
8078	8064
8037	7993
7938	7872
7795	7711
7616	7517
7404	7274
7116	6930
6702	6436
6138	5833
5556	5352
5279	5393
5736	6332
7172	8215
9394	10628
11824	12909
13834	14575
15133	15530
15792	15964
16063	16122
16155	16174
16181	16187
16189	16193
16193	16193
16193	16193
16193	16193
16193	16193
16193	16193
16193	16193
16193	16193
16193	16193
16193	16193
16193	16193
16193	16193
16193	16193
16193	16193
16193	16193
16193	16193
16193	16193
16193	16193
16193	16193
16193	16193
16193	16193
16193	16193
16193	16193
16193	16193
16193	16193
16193	16193
16193	16193
16193	16189
16188	16183
16176	16164
16155	16130
16130	16081
16111	16027
16027	16169
16110	16171
16156	16180
16180	16186
16188	16192
16193	16193
16193	16193
16193	16193
16193	16193
16193	16193
16193	16193
16193	16193
16193	16193
16193	16193
16193	16193
16193	16193
16193	16193
16193	16193
16193	16193
16193	16193
16193	16193
16193	16193
16193	16193
16193	16193
16193	16193
16193	16193
16193	16193
16193	16193
16193	16193
16193	16193
16193	16193
16193	16193
16193	16193
16193	16193
16193	16193
16191	16189
16184	16178
16164	16144
16105	16038
15927	15745
15463	15050
14474	13710
12752	11626
10375	9078
7813	6672
5722	5012
4551	4333
4315	4451
4688	4977
5275	5561
5825	6064
6274	6465
6649	6819
6988	7154
7308	7461
7605	7740
7859	7964
8050	8117
8165	8188
8188	8168
8130	8074
8005	7923
7835	7744
7650	7552
7454	7344
7215	7064
6877	6651
6390	6111
5853	5654
5567	5657
5967	6523
7321	8329
9476	10683
11858	12932
13848	14583
15135	15532
15795	15964
16066	16122
16155	16174
16182	16187
16190	16193
16193	16193
16193	16193
16193	16193
16193	16193
16193	16193
16193	16193
16193	16193
16193	16193
16193	16193
16193	16193
16193	16193
16193	16193
16193	16193
16193	16193
16193	16193
16193	16193
16193	16193
16193	16193
16193	16193
16193	16193
16193	16193
16193	16193
16193	16193
16193	16193
16193	16193
16193	16193
16190	16187
16181	16175
16163	16140
16122	16075
16075	15975
16041	15860
15860	16147
16032	16151
16126	16168
16171	16183
16186	16190
16193	16193
16193	16193
16193	16193
16193	16193
16193	16193
16193	16193
16193	16193
16193	16193
16193	16193
16193	16193
16193	16193
16193	16193
16193	16193
16193	16193
16193	16193
16193	16193
16193	16193
16193	16193
16193	16193
16193	16193
16193	16193
16193	16193
16193	16193
16193	16193
16193	16193
16193	16193
16193	16193
16193	16193
16193	16193
16193	16193
16193	16189
16185	16179
16165	16145
16106	16038
15927	15744
15462	15048
14470	13706
12753	11631
10393	9113
7874	6763
5847	5167
4740	4542
4538	4676
4901	5167
5441	5694
5927	6136
6322	6501
6676	6847
7019	7190
7364	7529
7686	7835
7967	8080
8177	8245
8287	8306
8297	8265
8209	8135
8049	7949
7848	7742
7642	7547
7457	7368
7269	7153
7009	6828
6612	6372
6134	5946
5862	5936
6221	6746
7506	8479
9591	10771
11923	12976
13879	14605
15151	15539
15802	15968
16068	16126
16156	16176
16182	16188
16190	16193
16193	16193
16193	16193
16193	16193
16193	16193
16193	16193
16193	16193
16193	16193
16193	16193
16193	16193
16193	16193
16193	16193
16193	16193
16193	16193
16193	16193
16193	16193
16193	16193
16193	16193
16193	16193
16193	16193
16193	16193
16193	16193
16193	16193
16193	16193
16193	16193
16193	16193
16193	16193
16187	16184
16176	16162
16139	16104
16072	15985
15989	15794
15932	15568
15568	16116
15890	16120
16071	16148
16155	16176
16184	16188
16193	16193
16193	16193
16193	16193
16193	16193
16193	16193
16193	16193
16193	16193
16193	16193
16193	16193
16193	16193
16193	16193
16193	16193
16193	16193
16193	16193
16193	16193
16193	16193
16193	16193
16193	16193
16193	16193
16193	16193
16193	16193
16193	16193
16193	16193
16193	16193
16193	16193
16193	16193
16193	16193
16193	16193
16193	16193
16193	16193
16193	16189
16185	16180
16165	16146
16107	16041
15930	15751
15471	15058
14484	13725
12778	11670
10447	9188
7974	6891
6004	5353
4952	4769
4770	4902
5109	5350
5587	5810
6006	6187
6354	6516
6683	6857
7037	7223
7413	7594
7772	7934
8083	8207
8308	8379
8418	8431
8407	8357
8279	8185
8072	7954
7832	7713
7603	7508
7425	7356
7282	7205
7104	6969
6799	6602
6399	6232
6152	6223
6485	6984
7714	8652
9734	10881
12007	13040
13925	14637
15173	15557
15811	15974
16071	16129
16157	16177
16182	16188
16190	16193
16193	16193
16193	16193
16193	16193
16193	16193
16193	16193
16193	16193
16193	16193
16193	16193
16193	16193
16193	16193
16193	16193
16193	16193
16193	16193
16193	16193
16193	16193
16193	16193
16193	16193
16193	16193
16193	16193
16193	16193
16193	16193
16193	16193
16193	16193
16193	16193
16193	16193
16193	16191
16185	16177
16167	16143
16109	16049
16001	15847
15868	15502
15782	15087
15087	16071
15658	16077
15984	16122
16130	16167
16177	16187
16190	16193
16193	16193
16193	16193
16193	16193
16193	16193
16193	16193
16193	16193
16193	16193
16193	16193
16193	16193
16193	16193
16193	16193
16193	16193
16193	16193
16193	16193
16193	16193
16193	16193
16193	16193
16193	16193
16193	16193
16193	16193
16193	16193
16193	16193
16193	16193
16193	16193
16193	16193
16193	16193
16193	16193
16193	16193
16193	16193
16193	16189
16186	16181
16168	16147
16111	16047
15938	15760
15486	15077
14511	13761
12824	11736
10531	9291
8102	7044
6186	5559
5171	5001
5003	5123
5309	5519
5721	5903
6068	6216
6360	6510
6674	6851
7042	7243
7448	7652
7850	8035
8195	8335
8443	8517
8551	8550
8512	8439
8340	8215
8075	7927
7783	7649
7531	7433
7358	7304
7260	7219
7161	7076
6956	6800
6635	6493
6431	6497
6756	7231
7935	8841
9891	11008
12108	13117
13983	14675
15200	15573
15821	15981
16075	16131
16159	16177
16183	16189
16192	16193
16193	16193
16193	16193
16193	16193
16193	16193
16193	16193
16193	16193
16193	16193
16193	16193
16193	16193
16193	16193
16193	16193
16193	16193
16193	16193
16193	16193
16193	16193
16193	16193
16193	16193
16193	16193
16193	16193
16193	16193
16193	16193
16193	16193
16193	16193
16193	16193
16193	16193
16192	16189
16183	16171
16153	16120
16069	15974
15907	15653
15709	15078
15581	14357
14357	16009
15307	16020
15856	16088
16097	16154
16170	16182
16189	16192
16193	16193
16193	16193
16193	16193
16193	16193
16193	16193
16193	16193
16193	16193
16193	16193
16193	16193
16193	16193
16193	16193
16193	16193
16193	16193
16193	16193
16193	16193
16193	16193
16193	16193
16193	16193
16193	16193
16193	16193
16193	16193
16193	16193
16193	16193
16193	16193
16193	16193
16193	16193
16193	16193
16193	16193
16193	16193
16193	16189
16186	16181
16169	16149
16114	16052
15945	15772
15501	15104
14545	13808
12887	11813
10629	9411
8245	7212
6372	5766
5392	5228
5225	5330
5491	5669
5836	5983
6112	6231
6356	6495
6651	6834
7036	7253
7480	7708
7924	8128
8305	8458
8570	8646
8679	8664
8608	8511
8382	8228
8060	7885
7716	7565
7435	7335
7265	7227
7210	7199
7184	7147
7072	6962
6839	6727
6681	6757
7007	7467
8151	9028
10052	11139
12211	13196
14040	14716
15228	15591
15835	15989
16080	16133
16161	16177
16184	16189
16193	16193
16193	16193
16193	16193
16193	16193
16193	16193
16193	16193
16193	16193
16193	16193
16193	16193
16193	16193
16193	16193
16193	16193
16193	16193
16193	16193
16193	16193
16193	16193
16193	16193
16193	16193
16193	16193
16193	16193
16193	16193
16193	16193
16193	16193
16193	16193
16193	16193
16193	16193
16191	16187
16179	16165
16136	16090
16023	15884
15794	15401
15520	14501
15345	13333
13333	15943
14823	15955
15686	16049
16053	16138
16163	16180
16188	16191
16193	16193
16193	16193
16193	16193
16193	16193
16193	16193
16193	16193
16193	16193
16193	16193
16193	16193
16193	16193
16193	16193
16193	16193
16193	16193
16193	16193
16193	16193
16193	16193
16193	16193
16193	16193
16193	16193
16193	16193
16193	16193
16193	16193
16193	16193
16193	16193
16193	16193
16193	16193
16193	16193
16193	16193
16193	16193
16193	16189
16186	16181
16171	16151
16118	16058
15953	15786
15521	15132
14585	13859
12956	11897
10731	9534
8387	7372
6550	5959
5594	5433
5421	5514
5651	5795
5929	6042
6140	6237
6341	6470
6625	6810
7023	7255
7500	7748
7987	8208
8405	8570
8689	8766
8791	8765
8689	8568
8409	8226
8029	7826
7635	7466
7324	7223
7160	7134
7139	7160
7184	7187
7157	7093
7003	6925
6896	6982
7233	7684
8349	9206
10200	11267
12313	13274
14097	14758
15257	15611
15849	15996
16086	16134
16163	16178
16185	16189
16193	16193
16193	16193
16193	16193
16193	16193
16193	16193
16193	16193
16193	16193
16193	16193
16193	16193
16193	16193
16193	16193
16193	16193
16193	16193
16193	16193
16193	16193
16193	16193
16193	16193
16193	16193
16193	16193
16193	16193
16193	16193
16193	16193
16193	16193
16193	16193
16193	16193
16193	16193
16189	16185
16173	16157
16122	16060
15967	15783
15673	15105
15317	13785
15091	12035
12035	15874
14212	15888
15483	16010
16005	16123
16155	16176
16186	16190
16193	16193
16193	16193
16193	16193
16193	16193
16193	16193
16193	16193
16193	16193
16193	16193
16193	16193
16193	16193
16193	16193
16193	16193
16193	16193
16193	16193
16193	16193
16193	16193
16193	16193
16193	16193
16193	16193
16193	16193
16193	16193
16193	16193
16193	16193
16193	16193
16193	16193
16193	16193
16193	16193
16193	16193
16193	16193
16193	16189
16186	16181
16172	16155
16121	16061
15961	15799
15538	15158
14620	13905
13017	11974
10825	9643
8514	7512
6706	6124
5766	5603
5585	5663
5776	5897
6000	6084
6156	6228
6319	6442
6591	6782
7004	7250
7511	7774
8034	8276
8487	8660
8786	8863
8882	8843
8749	8607
8425	8214
7989	7764
7551	7367
7219	7116
7055	7044
7067	7115
7169	7206
7216	7185
7130	7076
7068	7166
7418	7862
8514	9355
10333	11374
12401	13342
14148	14794
15283	15626
15855	16002
16088	16138
16163	16178
16185	16189
16193	16193
16193	16193
16193	16193
16193	16193
16193	16193
16193	16193
16193	16193
16193	16193
16193	16193
16193	16193
16193	16193
16193	16193
16193	16193
16193	16193
16193	16193
16193	16193
16193	16193
16193	16193
16193	16193
16193	16193
16193	16193
16193	16193
16193	16193
16193	16193
16193	16193
16193	16193
16188	16184
16170	16150
16105	16032
15917	15681
15558	14793
15122	13001
14850	10576
10576	15813
13532	15828
15263	15974
15957	16111
16149	16173
16184	16189
16193	16193
16193	16193
16193	16193
16193	16193
16193	16193
16193	16193
16193	16193
16193	16193
16193	16193
16193	16193
16193	16193
16193	16193
16193	16193
16193	16193
16193	16193
16193	16193
16193	16193
16193	16193
16193	16193
16193	16193
16193	16193
16193	16193
16193	16193
16193	16193
16193	16193
16193	16193
16193	16193
16193	16193
16193	16193
16193	16190
16187	16181
16173	16155
16123	16067
15969	15807
15556	15178
14648	13946
13067	12036
10900	9732
8612	7622
6828	6249
5898	5733
5708	5773
5871	5970
6051	6113
6164	6221
6298	6412
6562	6756
6984	7243
7518	7795
8071	8321
8545	8728
8859	8935
8950	8902
8793	8633
8429	8197
7950	7707
7478	7281
7128	7020
6967	6962
7003	7072
7147	7214
7250	7248
7219	7186
7196	7300
7556	7998
8645	9471
10434	11460
12468	13398
14189	14823
15302	15641
15864	16007
16091	16138
16164	16179
16185	16189
16193	16193
16193	16193
16193	16193
16193	16193
16193	16193
16193	16193
16193	16193
16193	16193
16193	16193
16193	16193
16193	16193
16193	16193
16193	16193
16193	16193
16193	16193
16193	16193
16193	16193
16193	16193
16193	16193
16193	16193
16193	16193
16193	16193
16193	16193
16193	16193
16193	16193
16193	16193
16187	16183
16168	16142
16091	16007
15878	15589
15460	14503
14956	12243
14645	9140
