4142	3645
3606	3393
3415	3599
3951	4387
4802	5086
5152	4963
4541	3967
3362	2854
2532	2417
2480	2653
2873	3093
3304	3495
3650	3736
3737	3648
3495	3336
3220	3225
3440	3968
4896	6227
7849	9558
11129	12409
13350	13993
14414	14690
14866	14956
14949	14811
14492	13959
13209	12293
11304	10348
9518	8893
8517	8425
8604	9004
9516	10009
10355	10464
10307	9923
9397	8852
8380	8045
7852	7771
7742	7717
7659	7573
7483	7427
7430	7514
7680	7930
8259	8653
9108	9604
10111	10574
10921	11090
11050	10828
10481	10076
9685	9351
9103	8954
8903	8936
9025	9140
9248	9326
9352	9326
9251	9127
8958	8541
8316	6796
4083	3625
3612	3443
3501	3714
4073	4494
4868	5099
5114	4885
4439	3865
3275	2787
2482	2381
2447	2618
2833	3048
3254	3433
3574	3651
3645	3555
3416	3265
3163	3171
3377	3887
4787	6088
7697	9414
11018	12343
13326	14002
14444	14725
14901	14994
15003	14894
14636	14193
13564	12783
11922	11065
10299	9683
9273	9098
9159	9411
9762	10097
10309	10335
10149	9786
9318	8840
8435	8154
8005	7956
7949	7929
7866	7760
7636	7537
7499	7543
7674	7903
8216	8615
9088	9626
10192	10733
11162	11406
11426	11241
10900	10478
10044	9654
9342	9126
9014	8990
9039	9133
9237	9324
9374	9376
9328	9224
9060	8631
8391	6799
4007	3607
3629	3524
3639	3886
4247	4631
4942	5097
5044	4762
4296	3730
3172	2722
2450	2365
2439	2605
2811	3011
3196	3355
3469	3525
3508	3422
3295	3164
3076	3089
3288	3774
4635	5902
7488	9218
10860	12243
13285	14005
14474	14768
14943	15037
15058	14985
14797	14465
13984	13371
12681	11975
11307	10735
10310	10065
10004	10084
10237	10363
10393	10280
10019	9648
9225	8819
8498	8295
8214	8217
8245	8243
8176	8044
7879	7723
7620	7604
7680	7868
8159	8555
9051	9638
10283	10926
11470	11830
11943	11818
11504	11072
10593	10137
9741	9434
9227	9123
9104	9153
9235	9323
9393	9424
9410	9333
9182	8743
8488	6816
3935	3613
3675	3651
3824	4102
4452	4778
5003	5064
4932	4604
4131	3595
3084	2688
2462	2404
2483	2641
2828	3003
3150	3267
3343	3368
3338	3257
3146	3036
2967	2989
3181	3639
4462	5686
7256	8993
10680	12121
13227	13998
14499	14801
14977	15070
15097	15053
14925	14691
14349	13906
13394	12853
12316	11833
11439	11170
11025	10971
10944	10872
10698	10411
10026	9589
9161	8799
8549	8435
8437	8512
8592	8619
8560	8413
8204	7989
7812	7716
7724	7853
8104	8484
8990	9624
10351	11106
11785	12280
12518	12487
12224	11802
11300	10787
10308	9900
9585	9377
9265	9236
9269	9331
9400	9451
9462	9416
9288	8843
8582	6834
3889	3655
3759	3818
4046	4350
4668	4920
5043	4998
4783	4423
3964	3475
3037	2709
2534	2503
2586	2731
2887	3020
3116	3179
3206	3198
3156	3081
2989	2900
2851	2884
3068	3502
4291	5477
7023	8764
10487	11982
13143	13957
14485	14801
14980	15066
15090	15056
14966	14798
14560	14249
13892	13503
13113	12744
12432	12201
12040	11921
11785	11567
11232	10773
10233	9675
9172	8793
8577	8533
8622	8779
8928	9005
8973	8825
8591	8321
8073	7893
7820	7873
8069	8411
8913	9574
10365	11222
12033	12673
13052	13139
12959	12588
12094	11552
11013	10516
10097	9771
9546	9416
9367	9372
9407	9451
9477	9449
9342	8905
8644	6851
3881	3744
3888	4024
4298	4611
4888	5057
5071	4923
4640	4257
3824	3400
3038	2786
2659	2650
2726	2843
2956	3037
3075	3080
3064	3030
2977	2912
2837	2773
2739	2779
2957	3377
4131	5288
6808	8546
10288	11820
13021	13871
14420	14746
14922	15002
15017	14979
14897	14764
14582	14356
14107	13842
13583	13340
13136	12981
12867	12756
12591	12311
11881	11300
10617	9908
9279	8817
8579	8566
8725	8965
9196	9342
9356	9234
8999	8699
8392	8133
7975	7944
8065	8353
8823	9486
10317	11250
12175	12952
13478	13700
13638	13345
12898	12363
11796	11242
10735	10303
9962	9715
9560	9475
9445	9451
9460	9436
9343	8916
8663	6858
3923	3883
4057	4266
4573	4880
5111	5199
5120	4888
4547	4148
3743	3373
3082	2889
2800	2798
2860	2937
3002	3027
3016	2977
2929	2875
2823	2767
2711	2661
2643	2686
2862	3261
3995	5118
6614	8340
10088	11636
12859	13729
14288	14620
14794	14865
14866	14819
14727	14602
14444	14271
14091	13918
13764	13636
13540	13476
13431	13364
13225	12951
12504	11867
11085	10238
9454	8860
8545	8517
8718	9036
9354	9580
9666	9592
9386	9084
8746	8430
8191	8072
8106	8324
8741	9375
10210	11189
12196	13096
13760	14125
14190	14006
13639	13151
12597	12019
11456	10939
10496	10135
9864	9674
9553	9487
9454	9410
9311	8897
8650	6868
4017	4071
4262	4526
4849	5149
5337	5363
5219	4931
4548	4136
3741	3408
3160	3001
2927	2916
2947	2984
3000	2983
2936	2872
2806	2749
2698	2652
2611	2576
2563	2610
2778	3168
3875	4972
6438	8147
9881	11428
12655	13529
14091	14423
14595	14657
14646	14585
14485	14361
14220	14078
13951	13852
13783	13747
13740	13753
13769	13750
13648	13411
12986	12349
11514	10567
9637	8893
8460	8382
8596	8977
9382	9702
9870	9871
9715	9442
9102	8755
8457	8263
8210	8342
8686	9262
10067	11054
12110	13108
13896	14400
14600	14535
14266	13852
13341	12778
12194	11630
11107	10655
10277	9979
9757	9602
9500	9411
9291	8873
8628	6893
4164	4295
4497	4795
5125	5406
5565	5557
5381	5067
4669	4246
3850	3525
3281	3122
3032	2997
2988	2984
2963	2918
2855	2786
2717	2659
2612	2574
2538	2510
2503	2550
2714	3088
3774	4843
6282	7963
9675	11207
12422	13285
13842	14169
14332	14391
14377	14311
14216	14102
13985	13883
13809	13775
13777	13815
13873	13937
13982	13984
13903	13690
13295	12676
11828	10807
9760	8872
8312	8160
8369	8796
9288	9701
9962	10044
9960	9744
9436	9091
8760	8507
8376	8417
8667	9160
9911	10873
11954	13016
13906	14532
14864	14919
14758	14434
13990	13467
12898	12319
11757	11237
10775	10383
10063	9812
9628	9476
9313	8882
8631	6953
4363	4552
4750	5061
5379	5640
5778	5763
5589	5284
4896	4474
4073	3728
3461	3270
3143	3064
3012	2968
2922	2865
2800	2728
2668	2613
2568	2531
2500	2472
2464	2506
2664	3026
3690	4735
6142	7790
9470	10978
12169	13012
13555	13873
14036	14095
14086	14036
13960	13881
13807	13759
13750	13783
13851	13941
14034	14116
14158	14147
14051	13834
13451	12840
11981	10917
9774	8763
8088	7861
8055	8525
9093	9595
9946	10118
10115	9971
9722	9409
9082	8793
8597	8548
8698	9094
9762	10672
11745	12844
13820	14553
14999	15167
15111	14879
14514	14053
13524	12958
12390	11840
11327	10866
10464	10125
9854	9626
9404	8950
8677	7066
4615	4834
5014	5320
5607	5844
5967	5954
5809	5545
5191	4792
4392	4027
3718	3480
3298	3164
3064	2983
2913	2849
2786	2723
2666	2612
2564	2523
2487	2457
2447	2487
2639	2986
3636	4653
6029	7640
9283	10748
11908	12725
13251	13557
13721	13790
13803	13783
13751	13723
13716	13739
13801	13897
14017	14140
14246	14312
14325	14270
14133	13887
13483	12862
11985	10877
9661	8560
7793	7507
7687	8193
8826	9413
9853	10107
10189	10124
9946	9692
9394	9098
8853	8724
8772	9058
9626	10467
11511	12627
13662	14485
15033	15304
15344	15198
14914	14522
14050	13523
12974	12426
11893	11389
10929	10520
10169	9864
9578	9086
8788	7240
4915	5133
5286	5559
5808	6008
6120	6119
6011	5804
5509	5152
4771	4396
4057	3766
3526	3334
3183	3062
2967	2890
2827	2766
2709	2651
2596	2547
2500	2467
2452	2490
2638	2980
3618	4616
5958	7522
9113	10528
11643	12429
12935	13233
13402	13491
13538	13563
13591	13636
13705	13805
13937	14086
14240	14372
14461	14492
14457	14353
14164	13872
13432	12780
11870	10718
9448	8282
7461	7141
7321	7855
8543	9198
9708	10037
10194	10211
10112	9928
9675	9389
9118	8917
8870	9049
9512	10269
11265	12379
13454	14350
14988	15351
15478	15414
15207	14883
14474	14001
13489	12965
12438	11921
11428	10968
10551	10176
9825	9298
8967	7483
5259	5444
5566	5788
5984	6145
6235	6246
6177	6029
5801	5509
5167	4808
4455	4128
3839	3592
3390	3224
3101	3006
2928	2863
2800	2733
2670	2609
2553	2510
2493	2531
2682	3029
3660	4640
5945	7454
8975	10324
11384	12133
12621	12917
13096	13208
13294	13376
13472	13592
13742	13913
14101	14287
14448	14565
14619	14604
14518	14357
14121	13786
13305	12617
11667	10472
9163	7966
7128	6804
6992	7555
8281	8982
9549	9935
10156	10244
10220	10105
9905	9644
9357	9107
8978	9059
9417	10084
11017	12110
13208	14166
14882	15331
15536	15547
15407	15151
14806	14393
13933	13445
12943	12435
11930	11439
10979	10548
10141	9577
9215	7777
5621	5748
5835	5992
6134	6249
6319	6336
6301	6206
6046	5818
5537	5213
4875	4542
4223	3937
3692	3486
3323	3197
3102	3018
2942	2864
2784	2710
2644	2592
2573	2617
2777	3137
3772	4734
5995	7427
8864	10131
11128	11839
12311	12610
12807	12946
13071	13206
13371	13563
13782	14016
14242	14437
14585	14663
14673	14607
14468	14266
13992	13625
13109	12384
11393	10167
8839	7645
6826	6525
6737	7320
8065	8795
9390	9820
10091	10235
10276	10220
10070	9836
9548	9266
9076	9075
9340	9912
10772	11826
12931	13936
14725	15257
15538	15617
15542	15349
15065	14711
14306	13865
13394	12910
12410	11912
11426	10953
10502	9898
9511	8102
5970	6023
6079	6168
6254	6326
6375	6394
6381	6329
6226	6064
5846	5581
5281	4962
4647	4343
4070	3832
3637	3477
3350	3246
3148	3052
2957	2867
2785	2727
2708	2760
2942	3317
3957	4896
6093	7434
8759	9928
10857	11530
11995	12307
12524	12694
12857	13042
13261	13513
13789	14059
14301	14487
14602	14638
14596	14483
14306	14074
13775	13385
12844	12081
11055	9808
8487	7325
6557	6310
6559	7160
7911	8644
9256	9711
10017	10205
10295	10288
10181	9975
9695	9393
9164	9098
9283	9766
10543	11543
12635	13669
14523	15129
15489	15637
15625	15491
15267	14969
14617	14222
13794	13337
12858	12364
11865	11373
10890	10256
9843	8433
6275	6252
6280	6303
6341	6380
6409	6429
6430	6405
6346	6238
6079	5875
5628	5356
5070	4780
4504	4253
4035	3849
3695	3559
3436	3320
3202	3090
2993	2924
2901	2967
3163	3553
4187	5084
6192	7409
8603	9661
10514	11165
11634	11970
12223	12431
12636	12867
13131	13426
13733	14019
14256	14420
14497	14486
14397	14247
14045	13791
13480	13072
12502	11704
10650	9390
8093	6995
6306	6132
6432	7051
7807	8536
9150	9617
9945	10165
10287	10315
10239	10055
9789	9486
9234	9124
9242	9642
10332	11260
12319	13367
14274	14956
15396	15617
15669	15594
15424	15179
14877	14527
14137	13713
13257	12777
12284	11781
11276	10615
10178	8736
6504	6416
6425	6395
6396	6407
6422	6440
6448	6441
6409	6342
6234	6089
5905	5688
5451	5201
4952	4710
4489	4292
4116	3958
3814	3671
3531	3393
3271	3180
3149	3216
3419	3806
4409	5225
6209	7269
8308	9243
10032	10664
11156	11540
11845	12110
12370	12651
12955	13281
13601	13882
14097	14231
14267	14218
14097	13923
13704	13446
13122	12693
12090	11247
10157	8895
7644	6630
6043	5960
6319	6969
7727	8454
9066	9542
9887	10125
10270	10319
10266	10102
9849	9554
9295	9158
9217	9543
10139	10984
11991	13035
13984	14737
15259	15558
15676	15658
15540	15346
15090	14781
14429	14032
13604	13144
12663	12162
11643	10954
10491	8993
6650	6514
6507	6441
6419	6409
6418	6434
6448	6449
6434	6392
6323	6223
6095	5941
5764	5569
5366	5157
4960	4768
4589	4418
4255	4093
3928	3759
3603	3480
3421	3467
3652	4001
4534	5231
6053	6931
7795	8605
9327	9955
10488	10941
11328	11680
12016	12363
12715	13067
13387	13653
13840	13934
13940	13863
13723	13536
13314	13054
12718	12258
11603	10703
9575	8321
7132	6218
5747	5764
6192	6879
7652	8383
9003	9488
9848	10098
10256	10315
10272	10125
9888	9604
9348	9189
9211	9462
9968	10721
11659	12677
13651	14473
15080	15463
15652	15692
15625	15471
15257	14985
14666	14302
13896	13457
12990	12490
11966	11248
10749	9183
6721	6552
6539	6453
6417	6397
6403	6417
6431	6437
6428	6404
6358	6296
6211	6111
5989	5856
5707	5547
5381	5217
5049	4886
4719	4544
4355	4151
3950	3778
3672	3670
3800	4079
4501	5045
5677	6355
7047	7729
8388	9015
9600	10140
10638	11105
11555	11988
12406	12786
13107	13353
13510	13572
13550	13455
13308	13123
12911	12646
12291	11783
11059	10093
8923	7685
6570	5771
5421	5540
6037	6766
7564	8315
8954	9455
9832	10091
10251	10314
10276	10139
9916	9648
9398	9232
9217	9405
9822	10475
11333	12312
13297	14180
14870	15338
15603	15700
15676	15564
15382	15145
14855	14516
14134	13714
13260	12767
12225	11469
10915	9284
6736	6553
6537	6438
6399	6377
6379	6392
6406	6413
6408	6392
6364	6323
6273	6209
6137	6055
5958	5847
5723	5592
5451	5302
5143	4964
4757	4518
4268	4031
3859	3786
3840	4017
4308	4686
5128	5617
6144	6708
7305	7926
8560	9193
9813	10421
11006	11556
12050	12470
12795	13024
13155	13192
13151	13049
12904	12729
12522	12255
11871	11305
10505	9465
8263	7048
6011	5326
5092	5303
5867	6635
7466	8244
8908	9434
9827	10099
10262	10322
10284	10153
9943	9691
9450	9279
9232	9364
9697	10258
11031	11964
12952	13883
14651	15203
15535	15687
15705	15626
15472	15262
14994	14677
14315	13913
13468	12975
12405	11598
10936	9279
6722	6533
6519	6418
6375	6353
6354	6367
6381	6387
6384	6371
6351	6324
6294	6258
6221	6174
6116	6044
5959	5858
5745	5619
5473	5295
5075	4804
4506	4210
3968	3820
3786	3863
4024	4255
4536	4871
5264	5730
6272	6883
7553	8262
9001	9743
10463	11130
11707	12171
12508	12727
12838	12858
12805	12702
12561	12396
12198	11924
11512	10887
10013	8910
7681	6492
5532	4945
4806	5090
5702	6506
7366	8176
8870	9422
9834	10117
10279	10338
10299	10171
9972	9731
9499	9325
9258	9341
9609	10090
10787	11673
12658	13625
14457	15079
15473	15670
15715	15663
15530	15338
15088	14789
14441	14051
13613	13110
12501	11631
10804	9169
6703	6513
6499	6400
6359	6337
6339	6349
6360	6365
6364	6353
6339	6321
6301	6280
6261	6239
6205	6159
6098	6023
5930	5819
5684	5510
5283	4992
4656	4310
4013	3803
3698	3695
3764	3887
4059	4286
4591	4988
5488	6086
6777	7542
8365	9210
10037	10796
11441	11941
12293	12505
12609	12618
12559	12455
12321	12166
11972	11690
11252	10584
9655	8507
7262	6098
5193	4676
4603	4932
5581	6408
7290	8122
8843	9415
9843	10131
10299	10356
10314	10188
9997	9766
9542	9362
9280	9331
9551	9975
10621	11469
12447	13439
14316	14985
15421	15649
15722	15681
15562	15383
15145	14857
14519	14137
13699	13177
12537	11264
10587	6483
