8257	6864
7429	6708
6770	6478
6404	6303
6247	6213
6192	6177
6168	6160
6154	6146
6143	6142
6143	6147
6153	6159
6167	6172
6179	6183
6195	6206
6219	6234
6252	6269
6287	6304
6320	6333
6342	6349
6353	6354
6356	6357
6354	6349
6341	6330
6314	6288
6252	6201
6133	6040
5922	5771
5582	5355
5094	4802
4487	4171
3863	3575
3321	3103
2930	2796
2696	2623
2574	2543
2523	2510
2505	2503
2505	2505
2506	2504
2503	2494
2484	2475
2468	2462
2465	2480
2514	2577
2681	2831
3048	3342
3714	4164
4680	5248
5840	6437
7007	7537
8010	8424
8769	9054
9279	9449
9568	9637
9658	9637
9571	9465
9317	9132
8907	8645
8348	8018
7658	7271
6862	6437
5997	5556
5121	4700
4312	3964
3660	3412
3219	3074
2976	2916
2894	2903
2949	3037
3181	3387
3668	4033
4483	5004
5589	6214
6856	7484
8084	8634
9130	9555
9923	10231
10487	10695
10865	11002
11110	11199
11274	11334
11385	11424
11448	11457
11446	11412
11346	11250
11120	10959
10768	10562
10348	10135
9938	9768
9647	9573
9571	9643
9812	10079
10454	10927
11487	12114
12771	13417
14018	14542
14977	15309
15550	15709
15802	15845
15849	15829
15783	15724
15648	15560
15463	15349
15227	15093
14951	14801
14640	14476
14307	14132
13954	13769
13574	13365
13147	12906
12680	12381
12248	11820
11964	11322
11322	6867
7867	6710
6888	6479
6416	6294
6234	6201
6178	6164
6152	6146
6139	6132
6127	6127
6130	6140
6145	6151
6158	6164
6173	6178
6188	6200
6211	6230
6245	6265
6283	6300
6316	6328
6339	6347
6351	6356
6356	6356
6356	6352
6345	6335
6318	6290
6255	6203
6133	6040
5920	5765
5575	5348
5084	4789
4477	4162
3856	3570
3318	3106
2933	2803
2706	2637
2590	2559
2538	2524
2521	2519
2520	2521
2523	2522
2519	2512
2505	2496
2488	2485
2490	2503
2538	2593
2689	2831
3031	3300
3640	4051
4525	5048
5596	6148
6683	7183
7633	8029
8369	8651
8875	9048
9170	9244
9263	9241
9172	9062
8907	8718
8491	8228
7936	7614
7269	6902
6516	6118
5712	5305
4907	4520
4167	3849
3576	3351
3176	3049
2960	2910
2893	2907
2956	3052
3197	3406
3688	4053
4501	5020
5608	6229
6867	7501
8100	8653
9152	9585
9960	10267
10529	10739
10913	11047
11160	11250
11327	11388
11437	11478
11503	11513
11505	11471
11411	11319
11192	11035
10846	10639
10421	10202
9998	9819
9682	9597
9582	9648
9802	10061
10421	10890
11445	12066
12720	13369
13972	14506
14945	15287
15534	15703
15794	15844
15850	15830
15789	15730
15654	15565
15466	15357
15230	15099
14955	14806
14644	14482
14313	14136
13960	13776
13581	13375
13156	12913
12690	12387
12255	11826
11970	11326
11326	6868
7869	6711
6888	6471
6408	6282
6221	6184
6161	6147
6137	6127
6122	6117
6114	6113
6118	6122
6133	6142
6149	6155
6163	6173
6182	6193
6209	6222
6240	6258
6276	6293
6310	6322
6333	6341
6348	6352
6356	6358
6358	6354
6349	6338
6321	6295
6257	6204
6134	6041
5915	5759
5567	5335
5071	4776
4464	4150
3847	3566
3318	3109
2941	2811
2718	2652
2608	2578
2560	2551
2546	2543
2543	2542
2545	2544
2542	2536
2530	2524
2519	2514
2521	2535
2565	2617
2703	2830
3010	3244
3545	3908
4332	4793
5282	5781
6264	6724
7140	7515
7840	8115
8339	8514
8638	8712
8735	8710
8638	8521
8364	8170
7940	7682
7398	7093
6766	6427
6075	5719
5353	4991
4638	4301
3989	3711
3473	3277
3128	3017
2944	2906
2897	2918
2976	3075
3223	3434
3720	4082
4530	5049
5631	6250
6888	7519
8121	8677
9179	9619
9998	10317
10580	10799
10973	11114
11227	11319
11392	11454
11506	11543
11569	11582
11576	11546
11491	11404
11284	11131
10945	10737
10515	10289
10072	9881
9729	9630
9599	9646
9788	10031
10380	10837
11384	12000
12652	13301
13913	14453
14903	15256
15513	15688
15791	15842
15854	15833
15795	15737
15662	15574
15474	15363
15238	15106
14958	14811
14652	14487
14320	14145
13970	13784
13590	13382
13163	12923
12696	12397
12264	11832
11977	11328
11328	6861
7867	6703
6880	6461
6394	6264
6204	6166
6144	6127
6117	6108
6100	6096
6095	6094
6103	6110
6118	6128
6138	6147
6156	6164
6173	6186
6200	6214
6233	6249
6268	6284
6298	6315
6327	6334
6345	6349
6355	6358
6361	6358
6353	6342
6324	6297
6260	6210
6135	6041
5915	5756
5557	5322
5056	4760
4447	4138
3836	3558
3316	3114
2950	2828
2737	2673
2630	2601
2584	2575
2569	2568
2568	2570
2569	2571
2569	2568
2563	2558
2555	2553
2560	2570
2601	2647
2723	2831
2982	3187
3443	3753
4112	4506
4924	5356
5780	6185
6562	6903
7207	7469
7690	7863
7989	8064
8086	8059
7983	7866
7706	7510
7286	7035
6766	6479
6185	5879
5569	5256
4942	4635
4333	4049
3788	3555
3358	3196
3073	2985
2929	2904
2908	2938
3003	3108
3260	3478
3764	4129
4571	5089
5666	6283
6913	7545
8147	8706
9212	9659
10045	10372
10643	10864
11047	11188
11306	11400
11472	11534
11582	11619
11646	11656
11654	11628
11578	11496
11385	11236
11054	10847
10621	10387
10158	9954
9782	9666
9616	9646
9770	9996
10333	10772
11311	11921
12569	13221
13839	14390
14853	15218
15486	15669
15782	15837
15856	15840
15802	15744
15671	15584
15484	15372
15247	15114
14971	14817
14660	14497
14329	14156
13978	13795
13601	13392
13175	12934
12708	12405
12272	11840
11987	11334
11334	6852
7861	6692
6868	6445
6378	6245
6181	6142
6116	6101
6092	6085
6077	6076
6075	6080
6085	6094
6103	6116
6125	6134
6144	6154
6163	6178
6191	6206
6221	6239
6257	6274
6287	6303
6316	6324
6336	6344
6349	6354
6359	6358
6354	6345
6328	6302
6265	6212
6138	6040
5913	5750
5549	5310
5040	4742
4430	4119
3821	3548
3314	3116
2961	2843
2757	2698
2657	2631
2616	2604
2600	2596
2598	2601
2604	2602
2604	2603
2600	2596
2595	2596
2602	2614
2640	2681
2745	2835
2962	3130
3338	3591
3879	4204
4551	4907
5261	5606
5934	6236
6512	6756
6962	7130
7252	7328
7350	7324
7248	7128
6969	6779
6563	6329
6081	5826
5563	5301
5037	4773
4516	4263
4021	3790
3582	3397
3242	3118
3024	2960
2925	2913
2928	2971
3044	3157
3316	3537
3825	4188
4626	5138
5707	6316
6944	7566
8170	8731
9242	9695
10089	10424
10706	10935
11121	11271
11391	11482
11556	11614
11662	11698
11725	11737
11735	11713
11668	11593
11486	11343
11165	10959
10727	10489
10250	10027
9838	9705
9633	9644
9745	9953
10272	10699
11224	11827
12472	13129
13754	14319
14792	15173
15458	15652
15771	15836
15859	15848
15810	15756
15682	15598
15497	15383
15259	15123
14980	14827
14666	14504
14337	14164
13984	13802
13610	13404
13185	12944
12716	12413
12281	11843
11993	11335
11335	6835
7850	6677
6852	6426
6356	6220
6157	6117
6091	6075
6064	6058
6054	6053
6054	6060
6069	6078
6090	6103
6115	6126
6136	6146
6158	6169
6182	6199
6212	6228
6244	6262
6275	6290
6304	6313
6324	6335
6342	6349
6356	6355
6354	6346
6331	6302
6267	6214
6138	6039
5909	5743
5539	5296
5025	4726
4412	4104
3811	3544
3311	3121
2972	2858
2779	2721
2684	2661
2646	2635
2631	2629
2630	2633
2636	2639
2643	2644
2643	2643
2644	2645
2650	2663
2683	2717
2770	2843
2944	3077
3238	3435
3662	3915
4184	4464
4749	5030
5302	5558
5799	6019
6209	6366
6478	6549
6571	6543
6471	6355
6204	6027
5827	5616
5397	5174
4955	4735
4521	4312
4107	3910
3722	3549
3388	3251
3138	3048
2986	2945
2929	2934
2962	3017
3101	3223
3389	3616
3905	4268
4703	5203
5761	6357
6974	7594
8190	8751
9266	9726
10127	10475
10765	11003
11195	11349
11471	11564
11638	11696
11740	11775
11799	11811
11811	11793
11751	11683
11579	11442
11268	11059
10828	10578
10330	10095
9888	9734
9643	9631
9716	9904
10205	10616
11128	11720
12367	13028
13662	14237
14731	15126
15421	15629
15761	15832
15859	15852
15818	15764
15696	15609
15510	15395
15271	15139
14991	14839
14679	14515
14344	14173
13995	13812
13617	13411
13194	12950
12725	12419
12287	11848
11998	11333
11333	6818
7835	6657
6833	6405
6335	6198
6132	6090
6062	6045
6038	6033
6030	6031
6035	6043
6052	6063
6073	6086
6100	6114
6125	6135
6147	6159
6171	6186
6202	6214
6227	6244
6258	6271
6286	6299
6312	6321
6333	6342
6349	6351
6351	6343
6332	6304
6266	6213
6140	6038
5907	5736
5533	5285
5010	4709
4398	4088
3800	3536
3312	3127
2984	2877
2803	2751
2717	2693
2679	2671
2667	2666
2665	2669
2674	2680
2685	2687
2691	2692
2692	2693
2699	2709
2725	2753
2794	2852
2930	3030
3152	3299
3466	3652
3850	4062
4277	4495
4708	4919
5119	5305
5469	5612
5714	5781
5798	5774
5703	5599
5458	5302
5124	4942
4755	4573
4391	4218
4050	3894
3741	3601
3462	3338
3226	3132
3056	3000
2964	2948
2953	2973
3015	3082
3180	3309
3483	3714
4006	4364
4791	5280
5823	6406
7009	7614
8204	8764
9281	9747
10159	10516
10814	11059
11262	11422
11545	11637
11712	11769
11811	11844
11866	11880
11880	11866
11826	11760
11659	11523
11352	11146
10913	10657
10400	10151
9931	9759
9647	9616
9679	9848
10131	10525
11027	11613
12255	12921
13565	14153
14661	15071
15385	15605
15747	15826
15859	15856
15825	15775
15706	15622
15522	15411
15287	15149
15003	14849
14688	14520
14351	14181
14002	13816
13624	13418
13199	12958
12731	12424
12290	11847
11999	11331
11331	6797
7819	6634
6810	6380
6307	6171
6106	6061
6035	6020
6012	6008
6009	6010
6015	6026
6035	6047
6061	6076
6086	6102
6114	6125
6137	6149
6162	6173
6187	6202
6215	6228
6243	6256
6268	6284
6295	6307
6318	6328
6335	6342
6341	6335
6324	6300
6265	6211
6138	6036
5902	5731
5521	5275
4996	4695
4383	4075
3792	3533
3315	3138
3001	2899
2830	2782
2749	2730
2716	2707
2702	2702
2705	2710
2715	2723
2730	2735
2737	2741
2742	2742
2748	2754
2767	2788
2820	2864
2921	2996
3082	3185
3299	3430
3567	3714
3867	4024
4184	4346
4506	4660
4798	4916
5006	5061
5076	5055
4992	4899
4779	4640
4492	4340
4190	4044
3906	3776
3658	3546
3437	3339
3248	3167
3095	3039
2995	2972
2961	2968
2994	3032
3086	3168
3273	3414
3597	3830
4122	4476
4890	5366
5894	6456
7042	7631
8209	8764
9282	9753
10174	10538
10848	11105
11314	11477
11607	11704
11777	11831
11872	11903
11926	11937
11939	11925
11885	11821
11722	11592
11417	11211
10976	10717
10451	10195
9962	9772
9644	9596
9636	9789
10051	10433
10922	11501
12141	12808
13461	14065
14588	15016
15344	15577
15731	15815
15855	15857
15831	15783
15718	15634
15535	15424
15298	15162
15013	14859
14698	14530
14359	14186
14006	13824
13630	13421
13202	12960
12732	12423
12287	11844
11994	11325
11325	6774
7799	6613
6789	6358
6283	6145
6080	6036
6007	5994
5986	5986
5987	5991
5998	6009
6021	6035
6048	6064
6077	6090
6104	6116
6129	6139
6152	6162
6174	6186
6197	6208
6222	6235
6247	6261
6274	6289
6299	6310
6319	6327
6329	6323
6316	6294
6259	6208
6137	6034
5902	5729
5519	5268
4990	4688
4378	4074
3791	3535
3324	3152
3023	2926
2862	2816
2787	2769
2759	2749
2742	2742
2744	2749
2756	2764
2772	2777
2783	2787
2788	2787
2790	2793
2801	2815
2835	2870
2912	2961
3023	3091
3165	3247
3334	3428
3529	3633
3744	3863
3983	4101
4211	4309
4381	4427
4440	4418
4365	4286
4186	4073
3955	3833
3719	3612
3511	3422
3341	3267
3201	3140
3086	3040
3003	2978
2963	2967
2982	3007
3053	3106
3178	3270
3388	3538
3726	3961
4252	4595
5001	5456
5962	6502
7068	7639
8206	8754
9269	9744
10171	10547
10866	11131
11352	11520
11655	11754
11828	11884
11921	11955
11976	11988
11989	11972
11935	11870
11771	11637
11466	11255
11016	10755
10482	10218
9974	9770
9629	9563
9590	9721
9970	10334
10812	11382
12023	12693
13354	13971
14510	14956
15297	15547
15712	15804
15851	15855
15832	15788
15723	15641
15543	15435
15308	15171
15025	14868
14705	14538
14365	14191
14009	13824
13627	13421
13199	12956
12728	12417
12286	11834
11990	11310
11310	6747
7775	6586
6764	6332
6256	6120
6053	6010
5983	5969
5963	5963
5968	5973
5983	5995
6008	6022
6035	6050
6067	6078
6092	6105
6119	6131
6143	6152
6160	6169
6180	6190
6201	6216
6226	6240
6250	6265
6275	6289
6297	6304
6306	6308
6301	6282
6248	6201
6132	6030
5898	5727
5517	5269
4989	4690
4380	4079
3800	3551
3341	3177
3051	2961
2900	2859
2832	2812
2799	2794
2787	2787
2786	2792
2798	2807
2813	2821
2824	2828
2827	2826
2825	2825
2829	2839
2850	2873
2901	2935
2978	3017
3063	3109
3156	3205
3263	3325
3397	3476
3560	3648
3730	3803
3861	3894
3902	3885
3843	3780
3701	3613
3522	3434
3349	3278
3210	3151
3100	3059
3023	2991
2967	2949
2943	2943
2956	2984
3021	3071
3128	3202
3287	3392
3519	3676
3869	4105
4390	4725
5110	5551
6032	6547
7085	7638
8189	8727
9239	9718
10150	10536
10865	11146
11372	11551
11686	11792
11866	11924
11966	11996
12019	12030
12032	12013
11975	11906
11807	11668
11494	11280
11038	10770
10493	10223
9971	9756
9605	9526
9535	9654
9883	10237
10701	11263
11899	12574
13244	13874
14427	14888
15246	15508
15685	15787
15839	15852
15829	15789
15727	15648
15551	15442
15318	15179
15030	14875
14708	14541
14366	14192
14008	13823
13622	13418
13192	12948
12719	12407
12273	11822
11977	11297
11297	6720
7751	6562
6739	6308
6233	6097
6031	5988
5961	5948
5943	5944
5951	5960
5970	5981
5996	6010
6025	6038
6054	6068
6082	6096
6109	6118
6129	6140
6148	6155
6163	6173
6182	6191
6202	6217
6226	6239
6247	6263
6272	6281
6285	6286
6280	6266
6237	6191
6124	6028
5897	5730
5521	5274
4998	4701
4391	4093
3819	3576
3371	3210
3090	3004
2947	2905
2879	2864
2853	2845
2837	2834
2834	2835
2841	2848
2854	2858
2862	2862
2861	2855
2853	2848
2847	2850
2858	2872
2890	2913
2935	2960
2983	3000
3021	3040
3063	3094
3133	3179
3236	3296
3355	3409
3448	3471
3479	3462
3432	3384
3324	3257
3190	3129
3073	3024
2984	2955
2929	2909
2896	2890
2886	2894
2909	2935
2970	3017
3075	3143
3222	3309
3408	3527
3661	3823
4020	4251
4529	4851
5222	5636
6090	6580
7095	7624
8160	8686
9196	9679
10117	10510
10853	11142
11378	11563
11708	11817
11896	11955
12001	12033
12058	12069
12068	12050
12007	11937
11830	11689
11508	11288
11040	10770
10490	10213
9957	9737
9573	9484
9480	9583
9797	10135
10587	11143
11775	12448
13128	13767
14337	14813
15190	15465
15654	15769
15827	15844
15829	15788
15728	15651
15555	15445
15322	15183
15037	14880
14714	14543
14367	14190
14004	13815
13615	13405
13182	12936
12705	12391
12257	11806
11958	11276
11276	6694
7727	6537
6716	6283
6211	6075
6009	5967
5942	5929
5927	5929
5936	5947
5959	5971
5984	6000
6014	6029
6043	6059
6071	6083
6095	6106
6119	6125
6134	6140
6147	6155
6162	6173
6182	6191
6200	6213
6225	6234
6242	6252
6258	6261
6257	6245
6219	6176
6114	6023
5897	5733
5529	5289
5017	4724
4422	4130
3860	3618
3418	3261
3142	3056
3000	2961
2935	2921
2907	2897
2890	2882
2879	2880
2879	2883
2882	2885
2887	2884
2879	2872
2865	2857
2851	2850
2854	2863
2876	2887
2903	2913
2919	2920
2921	2915
2917	2926
2942	2965
2999	3037
3076	3111
3137	3153
3156	3144
3121	3083
3040	2996
2953	2913
2877	2851
2831	2817
2810	2811
2813	2825
2839	2861
2896	2939
2997	3065
3143	3232
3325	3431
3543	3668
3811	3977
4169	4398
4664	4971
5316	5709
6137	6599
7087	7598
8118	8635
9141	9624
10072	10473
10829	11129
11373	11570
11720	11835
11919	11984
12032	12067
12094	12107
12106	12085
12039	11964
11850	11700
11510	11285
11028	10758
10473	10194
9933	9709
9541	9439
9426	9514
9714	10040
10477	11019
11647	12319
13002	13653
14236	14729
15124	15416
15617	15743
15811	15832
15820	15782
15726	15647
15554	15445
15321	15183
15037	14879
14713	14542
14364	14184
13998	13807
13605	13394
13167	12920
12688	12375
12237	11785
11938	11257
11257	6666
7703	6509
6690	6260
6190	6055
5991	5949
5926	5914
5912	5914
5922	5932
5944	5955
5972	5987
6003	6019
6032	6046
6059	6071
6084	6094
6103	6112
6118	6125
6129	6139
6145	6152
6159	6166
6175	6182
6192	6202
6212	6221
6229	6232
6233	6221
6201	6163
6103	6016
5897	5740
5545	5312
5049	4764
4471	4185
3918	3683
3487	3332
3212	3129
3069	3029
3003	2986
2970	2957
2947	2934
2924	2917
2913	2910
2905	2903
2898	2890
2881	2872
2860	2852
2845	2842
2842	2847
2859	2865
2872	2873
2869	2857
2844	2829
2817	2809
2808	2818
2834	2854
2874	2897
2914	2924
2920	2914
2894	2870
2840	2815
2787	2761
2743	2734
2726	2726
2733	2744
2760	2782
2812	2850
2896	2959
3033	3117
3216	3319
3433	3550
3676	3811
3958	4124
4315	4532
4786	5074
5401	5764
6166	6601
7065	7553
8057	8567
9070	9558
10015	10429
10796	11107
11363	11570
11728	11848
11940	12008
12058	12098
12127	12141
12139	12117
12069	11984
11864	11705
11508	11276
11015	10732
10446	10163
9903	9675
9503	9394
9369	9444
9633	9936
10361	10892
11511	12179
12866	13525
14123	14635
15044	15356
15572	15711
15788	15815
15808	15774
15717	15641
15545	15436
15313	15178
15029	14871
14703	14533
14355	14173
13985	13790
13585	13373
13145	12897
12664	12349
12212	11760
11913	11230
11230	6638
7677	6485
6668	6241
6170	6038
5974	5933
5908	5899
5894	5901
5908	5916
5929	5943
5958	5973
5988	6004
6021	6031
6048	6058
6069	6078
6089	6098
6103	6110
6115	6122
6124	6133
6139	6146
6151	6158
6164	6173
6181	6189
6197	6202
6203	6198
6180	6146
6092	6011
5900	5751
5569	5344
5095	4817
4538	4260
4003	3772
3577	3419
3300	3213
3150	3108
3078	3055
3037	3019
3001	2984
2969	2953
2940	2929
2918	2907
2897	2886
2874	2859
2846	2834
2827	2821
2823	2829
2834	2841
2846	2840
2830	2811
2794	2769
2746	2729
2719	2717
2720	2729
2742	2754
2761	2763
2758	2753
2742	2725
2707	2689
2674	2663
2658	2658
2661	2669
2684	2703
2727	2757
2797	2845
2909	2983
3071	3176
3288	3410
3535	3667
3803	3945
4096	4264
4447	4654
4892	5158
5461	5800
6173	6582
7026	7494
7986	8490
8996	9487
9955	10380
10759	11084
11355	11567
11736	11862
11960	12031
12086	12130
12158	12173
12170	12148
12091	12001
11874	11706
11502	11261
10992	10706
10415	10132
9866	9641
9463	9353
9319	9384
9553	9842
10247	10764
11368	12032
12718	13384
13996	14527
14955	15284
15519	15671
15758	15795
15791	15760
15705	15631
15539	15429
15304	15169
15021	14863
14695	14520
14344	14158
13968	13771
13566	13349
13123	12872
12637	12321
12185	11730
11885	11200
11200	6614
7652	6463
6650	6221
6153	6022
5957	5918
5894	5886
5882	5887
5892	5901
5912	5928
5941	5959
5975	5989
6005	6020
6032	6045
6057	6065
6074	6083
6090	6095
6101	6105
6109	6114
6119	6122
6127	6131
6137	6143
6150	6157
6164	6170
6173	6168
6155	6125
6078	6006
5902	5767
5594	5388
5152	4891
4622	4358
4108	3880
3689	3531
3408	3315
3248	3198
3163	3134
3110	3086
3059	3035
3010	2985
2963	2941
2920	2900
2882	2864
2850	2834
2819	2807
2801	2798
2802	2805
2815	2821
2821	2813
2802	2779
2753	2726
2698	2677
2661	2651
2648	2650
2655	2657
2659	2658
2655	2649
2640	2630
2621	2611
2607	2607
2607	2615
2626	2639
2659	2683
2712	2747
2796	2854
2923	3011
3113	3230
3354	3488
3630	3775
3918	4065
4219	4383
4560	4755
4975	5220
5500	5813
6159	6545
6966	7422
7903	8403
8912	9412
9891	10332
10725	11062
11343	11568
11742	11877
11979	12056
12113	12160
12190	12207
12203	12175
12116	12019
11885	11706
11492	11242
10970	10677
10385	10101
9837	9609
9432	9313
9275	9325
9483	9749
10136	10631
11221	11875
12557	13229
13852	14399
14852	15203
15454	15623
15723	15766
15769	15742
15688	15615
15522	15412
15288	15153
15002	14844
14680	14503
14324	14138
13946	13748
13542	13325
13093	12839
12605	12288
12152	11699
11852	11170
11170	6596
7632	6445
6633	6207
6141	6009
5946	5906
5883	5875
5868	5873
5877	5886
5898	5914
5926	5942
5959	5973
5987	6003
6017	6030
6043	6053
6059	6068
6076	6081
6085	6090
6095	6099
6102	6103
6106	6109
6110	6114
6119	6125
6132	6140
6142	6139
6128	6106
6062	5998
5907	5784
5626	5438
5221	4980
4730	4479
4239	4019
3827	3668
3537	3439
3360	3302
3254	3219
3183	3149
3114	3079
3045	3010
2974	2943
2916	2886
2860	2838
2819	2799
2786	2778
2772	2773
2776	2786
2795	2801
2803	2797
2781	2759
2729	2699
2670	2646
2626	2612
2604	2599
2596	2595
2594	2589
2586	2579
2574	2568
2567	2565
2568	2573
2580	2591
2608	2624
2646	2673
2705	2750
2798	2863
2945	3038
3150	3274
3412	3556
3706	3857
4011	4163
4315	4475
4645	4829
5032	5258
5513	5802
6128	6493
6896	7339
7819	8319
8832	9343
9833	10288
10693	11048
11336	11575
11755	11897
12003	12084
12144	12192
12222	12237
12231	12199
12135	12033
11889	11705
11484	11227
10946	10651
10356	10068
9805	9578
9400	9280
9233	9273
9412	9659
10022	10497
11066	11705
12383	13058
13694	14260
14734	15106
15381	15572
15686	15739
15748	15721
15671	15598
15502	15395
15270	15131
14983	14824
14658	14480
14302	14113
13918	13720
13511	13293
13062	12807
12571	12253
12117	11663
11816	11137
11137	6576
7610	6432
6618	6194
6131	5998
5938	5896
5872	5862
5857	5859
5863	5872
5883	5895
5911	5925
5941	5957
5971	5985
6000	6013
6023	6033
6044	6052
6059	6065
6071	6074
6079	6084
6085	6086
6087	6085
6086	6089
6090	6096
6103	6108
6113	6111
6103	6082
6049	5992
5912	5802
5663	5493
5296	5078
4849	4615
4386	4176
3990	3823
3688	3577
3488	3418
3358	3305
3259	3212
3165	3121
3071	3026
2982	2939
2899	2865
2835	2806
2783	2766
2752	2744
2744	2747
2760	2772
2784	2792
2793	2787
2770	2745
2716	2684
2652	2625
2603	2586
2574	2564
2559	2555
2549	2544
2539	2535
2532	2534
2537	2543
2551	2561
2572	2586
2605	2624
2648	2677
2712	2758
2809	2881
2966	3067
3182	3317
3456	3610
3766	3922
4077	4231
4385	4541
4702	4876
5061	5269
5503	5773
6078	6425
6819	7253
7727	8231
8755	9278
9783	10253
10674	11038
11341	11586
11776	11922
12031	12115
12176	12223
12253	12266
12257	12220
12152	12042
11892	11701
11470	11209
10921	10624
10326	10041
9778	9550
9371	9250
9196	9225
9344	9572
9907	10357
10902	11527
12196	12873
13519	14102
14599	15001
15297	15504
15634	15702
15720	15698
15648	15573
15481	15370
15242	15106
14953	14794
14626	14450
14271	14082
13889	13688
13477	13255
13023	12768
12529	12214
12075	11626
11776	11102
11102	6563
7595	6419
6608	6187
6121	5990
5929	5888
5863	5849
5843	5845
5850	5855
5867	5878
5893	5907
5921	5935
5951	5965
5980	5992
6004	6015
6025	6032
6042	6049
6056	6062
6066	6070
6070	6069
6068	6066
6065	6065
6066	6068
6074	6080
6084	6084
6080	6063
6036	5984
5915	5820
5699	5551
5377	5184
4976	4760
4553	4347
4162	4000
3858	3735
3633	3545
3472	3402
3337	3275
3217	3155
3097	3039
2984	2933
2884	2842
2804	2776
2751	2734
2723	2720
2724	2732
2749	2768
2782	2792
2793	2788
2771	2746
2714	2679
2647	2618
2590	2574
2557	2547
2538	2530
2523	2518
2513	2510
2512	2513
2522	2533
2545	2562
2577	2598
2613	2636
2659	2688
2727	2771
2829	2900
2986	3092
3211	3345
3490	3643
3803	3959
4118	4270
4425	4574
4731	4893
5064	5258
5477	5728
6018	6354
6737	7171
7648	8157
8691	9227
9747	10229
10667	11041
11354	11605
11804	11953
12066	12149
12211	12256
12282	12290
12277	12238
12158	12046
11890	11692
11454	11190
10896	10597
10296	10011
9746	9523
9342	9220
9160	9174
9281	9484
9796	10216
10735	11342
11997	12674
13331	13932
14454	14880
15204	15434
15584	15663
15689	15672
15624	15547
15452	15339
15211	15072
14917	14761
14591	14416
14234	14045
13852	13651
13438	13216
12981	12727
12489	12171
12034	11583
11735	11060
11060	6553
7576	6409
6593	6177
6110	5982
5920	5877
5854	5838
5831	5830
5834	5842
5849	5860
5873	5885
5902	5915
5930	5942
5957	5970
5981	5995
6005	6013
6020	6028
6038	6042
6049	6054
6056	6056
6053	6048
6046	6042
6042	6044
6047	6052
6057	6058
6053	6041
6015	5975
5918	5837
5736	5608
5458	5287
5104	4911
4718	4526
4351	4187
4037	3907
3791	3686
3591	3504
3421	3338
3261	3187
3115	3044
2980	2921
2866	2821
2781	2750
2729	2712
2703	2703
2712	2732
2749	2770
2788	2800
2803	2799
2780	2754
2721	2687
2650	2619
2592	2568
2553	2536
2526	2515
2507	2502
2497	2496
2499	2508
2517	2534
2551	2572
2594	2614
2635	2658
2681	2710
2748	2792
2852	2922
3010	3115
3235	3365
3509	3661
3818	3975
4132	4284
4434	4583
4733	4883
5048	5229
5434	5675
5957	6286
6668	7100
7584	8102
8647	9192
9726	10219
10667	11054
11373	11633
11835	11989
12101	12185
12248	12288
12313	12316
12297	12249
12168	12046
11883	11679
11439	11166
10871	10567
10266	9978
9717	9494
9314	9187
9125	9128
9217	9398
9682	10074
10563	11147
11791	12464
13126	13748
14291	14748
15098	15356
15524	15617
15653	15640
15593	15517
15418	15303
15173	15029
14880	14716
14549	14372
14192	14003
13810	13606
13394	13169
12935	12678
12439	12123
11984	11537
11684	11016
11016	6549
7562	6404
6584	6168
6102	5972
5909	5869
5841	5827
5821	5815
5818	5823
5831	5841
5851	5865
5879	5890
5907	5920
5932	5947
5957	5970
5981	5992
6001	6010
6020	6028
6033	6038
6038	6038
6035	6033
6029	6025
6021	6022
6023	6028
6029	6032
6027	6017
5996	5966
5917	5852
5766	5659
5531	5388
5230	5060
4884	4712
4540	4379
4226	4088
3955	3834
3718	3609
3501	3400
3303	3210
3126	3049
2972	2908
2852	2804
2762	2733
2711	2700
2698	2702
2719	2739
2763	2787
2808	2822
2827	2820
2803	2771
2742	2702
2665	2630
2599	2574
2552	2533
2517	2506
2497	2490
2486	2489
2495	2507
2523	2543
2567	2592
2616	2640
2662	2685
2711	2739
2776	2818
2876	2946
3032	3137
3251	3380
3522	3668
3819	3975
4127	4276
4423	4566
4714	4860
5015	5189
5389	5623
5898	6229
6612	7051
7541	8069
8625	9184
9724	10230
10686	11078
11406	11669
11871	12025
12139	12224
12281	12321
12339	12340
12312	12258
12169	12042
11872	11665
11419	11143
10844	10539
10235	9947
9686	9463
9282	9155
9083	9080
9150	9311
9566	9928
10392	10948
11576	12243
12914	13550
14120	14603
14987	15268
15460	15566
15612	15603
15558	15483
15378	15263
15131	14984
14832	14669
14502	14326
14146	13956
13760	13559
13345	13120
12885	12625
12386	12073
11929	11488
11632	10974
10974	6541
7547	6393
6573	6160
6093	5963
5898	5859
5830	5815
5807	5805
5804	5809
5815	5823
5833	5845
5857	5868
5881	5895
5908	5920
5931	5944
5955	5966
5980	5989
6000	6009
6015	6021
6024	6022
6019	6015
6007	6003
6000	5998
6000	6003
6005	6008
6004	5996
5980	5952
5913	5859
5788	5699
5597	5478
5340	5194
5039	4882
4725	4568
4418	4271
4130	3990
3852	3719
3588	3464
3343	3235
3134	3045
2967	2896
2839	2794
2756	2728
2712	2704
2704	2717
2737	2757
2787	2814
2837	2852
2858	2849
2831	2804
2767	2727
2684	2647
2611	2581
2556	2533
2518	2503
2495	2487
2486	2489
2499	2511
2533	2560
2587	2616
2647	2672
2696	2719
2744	2773
2805	2851
2907	2975
3058	3157
3269	3393
3526	3666
3814	3963
4111	4257
4401	4544
4684	4829
4980	5152
5349	5582
5863	6195
6585	7032
7531	8070
8631	9198
9747	10258
10715	11112
11438	11704
11908	12063
12176	12257
12314	12347
12364	12356
12324	12262
12166	12031
11860	11646
11395	11116
10817	10506
10204	9915
9656	9432
9253	9126
9049	9033
9090	9229
9457	9787
10220	10752
11360	12020
12694	13347
13938	14448
14860	15171
15381	15506
15565	15562
15518	15440
15339	15219
15082	14936
14782	14616
14451	14273
14089	13901
13706	13501
13285	13061
12824	12565
12326	12010
11871	11431
11574	10921
10921	6532
7526	6386
6562	6150
6083	5952
5888	5844
5818	5802
5793	5789
5788	5791
5797	5803
5812	5822
5833	5843
5855	5869
5879	5893
5905	5918
5927	5939
5951	5962
5975	5987
5997	6004
6007	6008
6005	5999
5993	5985
5980	5978
5977	5980
5982	5983
5979	5974
5961	5939
5905	5861
5805	5735
5649	5551
5441	5315
5185	5045
4899	4751
4603	4455
4303	4149
3990	3834
3676	3527
3386	3257
3146	3047
2962	2895
2839	2797
2762	2740
2728	2728
2731	2746
2767	2795
2822	2850
2872	2891
2896	2890
2870	2841
2801	2759
2713	2671
2629	2594
2563	2538
2519	2501
2495	2486
2488	2494
2506	2525
2551	2581
2614	2648
2680	2710
2737	2758
2784	2808
2841	2883
2937	3003
3083	3178
3283	3402
3529	3664
3807	3951
4096	4240
4383	4519
4662	4803
4955	5127
5325	5565
5845	6188
6588	7047
7555	8103
8670	9239
9791	10301
10757	11151
11481	11738
11944	12098
12210	12289
12346	12375
12388	12374
12336	12266
12161	12020
11841	11622
11368	11086
10785	10474
10170	9884
9623	9401
9223	9092
9012	8989
9030	9149
9349	9651
10057	10558
11147	11797
12472	13134
13746	14286
14728	15063
15297	15442
15509	15514
15473	15391
15289	15163
15029	14880
14724	14559
14388	14213
14029	13840
13643	13439
13223	12994
12757	12496
12257	11945
11806	11370
11511	10866
10866	6526
7508	6377
6550	6138
6068	5937
5871	5828
5801	5786
5779	5774
5775	5777
5778	5785
5792	5800
5807	5818
5828	5842
5852	5864
5875	5885
5899	5911
5923	5938
5952	5966
5974	5985
5989	5992
5989	5984
5977	5970
5965	5961
5960	5961
5962	5961
5960	5954
5942	5923
5897	5860
5816	5758
5692	5612
5519	5418
5305	5187
5053	4922
4779	4631
4473	4305
4129	3952
3769	3596
3432	3286
3161	3057
2969	2902
2850	2813
2786	2769
2762	2767
2773	2791
2813	2840
2870	2895
2919	2934
2940	2935
2917	2886
2844	2798
2748	2699
2652	2609
2576	2545
2524	2507
2496	2493
2494	2501
2518	2541
2570	2606
2642	2682
2716	2751
2779	2804
2828	2849
2881	2921
2973	3034
3111	3204
3305	3419
3541	3672
3813	3951
4093	4238
4377	4515
4655	4795
4950	5123
5330	5576
5871	6223
6634	7105
7621	8177
8745	9314
9859	10362
10812	11199
11519	11778
11976	12129
12241	12318
12370	12399
12404	12389
12341	12266
12154	12008
11821	11599
11341	11055
10754	10444
10141	9852
9595	9375
9194	9065
8982	8953
8979	9076
9254	9528
9899	10374
10942	11576
12248	12917
13551	14112
14582	14944
15203	15365
15445	15457
15416	15339
15236	15107
14969	14818
14662	14494
14325	14144
13961	13769
13572	13362
13147	12917
12676	12419
12177	11867
11726	11301
11435	10805
10805	6519
7487	6366
6534	6126
6055	5924
5857	5814
5786	5771
5763	5759
5760	5759
5762	5767
5774	5779
5788	5795
5805	5811
5825	5835
5846	5856
5869	5881
5898	5913
5928	5939
5953	5962
5969	5972
5972	5966
5962	5955
5949	5945
5943	5942
5946	5944
5942	5937
5926	5909
5887	5855
5820	5774
5720	5656
5585	5499
5407	5305
5194	5072
4938	4793
4632	4458
4269	4069
3865	3670
3489	3325
3187	3076
2989	2922
2875	2845
2824	2815
2813	2818
2830	2845
2868	2893
2920	2948
2968	2986
2992	2986
2968	2939
2893	2844
2786	2732
2678	2630
2590	2558
2531	2517
2504	2500
2503	2516
2533	2558
2595	2633
2676	2719
2757	2794
2822	2847
2871	2896
2926	2964
3012	3072
3148	3237
3336	3447
3572	3701
3838	3978
4120	4262
4401	4538
4679	4821
4979	5159
5368	5628
5938	6304
6731	7210
7732	8289
8855	9415
9949	10439
10877	11248
11561	11811
12007	12155
12264	12340
12391	12416
12417	12395
12344	12260
12144	11989
11797	11570
11312	11025
10724	10413
10110	9825
9571	9353
9176	9044
8960	8922
8939	9015
9174	9416
9758	10205
10747	11364
12029	12702
13349	13931
14423	14809
15093	15273
15368	15388
15354	15278
15172	15045
14903	14751
14589	14422
14251	14070
13885	13692
13489	13278
13058	12825
12584	12326
12086	11780
11639	11218
11350	10732
10732	6510
7456	6354
6514	6110
6038	5903
5839	5798
5769	5755
5746	5744
5741	5744
5746	5752
5753	5759
5766	5773
5780	5787
5795	5805
5815	5825
5839	5852
5868	5883
5899	5914
5931	5940
5950	5951
5952	5949
5944	5940
5934	5931
5928	5929
5927	5927
5923	5917
5907	5895
5876	5851
5820	5783
5739	5689
5626	5561
5486	5403
5305	5201
5079	4940
4781	4601
4400	4187
3966	3755
3553	3379
3230	3113
3022	2960
2917	2892
2880	2874
2879	2882
2896	2909
2932	2955
2980	3001
3025	3037
3046	3040
3024	2992
2945	2891
2831	2768
2708	2653
2609	2574
2545	2528
2518	2516
2523	2535
2556	2586
2624	2666
2714	2755
2798	2835
2870	2896
2921	2946
2976	3014
3061	3122
3198	3286
3384	3500
3620	3756
3894	4036
4181	4323
4466	4604
4744	4888
5051	5236
5460	5728
6051	6434
6872	7358
7888	8440
8998	9542
10058	10530
10948	11305
11602	11839
12027	12174
12280	12354
12405	12428
12427	12399
12342	12252
12130	11970
11771	11542
11281	10995
10691	10386
10085	9803
9552	9338
9162	9033
8945	8902
8908	8969
9104	9318
9631	10050
10563	11161
11812	12485
13140	13738
14253	14664
14969	15168
15275	15306
15277	15204
15099	14970
14829	14674
14516	14346
14171	13985
13798	13600
13396	13178
12958	12722
12480	12219
11982	11680
11539	11130
11255	10656
10656	6500
7433	6341
6497	6092
6020	5886
5820	5777
5751	5739
5732	5729
5728	5728
5730	5733
5738	5741
5746	5752
5758	5764
5772	5781
5788	5797
5810	5823
5839	5856
5873	5890
5903	5916
5925	5928
5930	5927
5924	5919
5917	5912
5910	5910
5908	5909
5907	5902
5893	5881
5863	5845
5818	5784
5752	5707
5660	5604
5545	5478
5394	5306
5197	5068
4915	4735
4530	4308
4077	3851
3636	3448
3291	3169
3079	3017
2980	2958
2947	2946
2952	2959
2971	2983
3000	3019
3041	3065
3083	3099
3105	3101
3084	3050
3006	2945
2878	2807
2742	2683
2632	2593
2565	2546
2538	2533
2541	2557
2581	2613
2653	2699
2745	2791
2836	2880
2913	2944
2972	2999
3031	3072
3120	3186
3263	3352
3456	3573
3704	3842
3987	4135
4284	4430
4573	4718
4856	5006
5171	5366
5601	5884
6220	6616
7065	7558
8086	8625
9168	9693
10183	10629
11022	11360
11639	11865
12046	12182
12289	12362
12411	12432
12429	12397
12335	12241
12110	11948
11745	11509
11248	10962
10661	10357
10061	9785
9535	9326
9154	9026
8937	8890
8884	8934
9045	9238
9523	9907
10394	10966
11605	12269
12927	13538
14068	14500
14827	15046
15170	15211
15192	15118
15017	14888
14747	14591
14425	14257
14077	13892
13699	13496
13287	13070
12838	12605
12359	12098
11866	11566
11428	11029
11150	10569
10569	6488
7400	6326
6474	6073
5999	5868
5802	5759
5735	5721
5714	5714
5711	5715
5719	5720
5724	5725
5729	5731
5738	5742
5750	5756
5764	5772
5783	5795
5811	5825
5843	5859
5875	5887
5896	5902
5905	5904
5901	5898
5896	5893
5892	5893
5895	5892
5892	5888
5880	5868
5851	5833
5810	5784
5753	5719
5678	5635
5585	5530
5463	5388
5293	5176
5031	4855
4653	4431
4192	3956
3736	3539
3375	3248
3155	3092
3056	3037
3030	3032
3036	3044
3053	3062
3074	3090
3108	3125
3143	3158
3166	3167
3152	3116
3066	3004
2932	2856
2783	2719
2664	2622
2592	2572
2562	2563
2568	2588
2612	2645
2686	2732
2780	2830
2880	2920
2957	2995
3027	3062
3099	3142
3199	3268
3349	3446
3558	3684
3821	3969
4123	4279
4435	4589
4737	4883
5028	5181
5357	5559
5801	6096
6444	6852
7304	7799
8316	8846
9366	9861
10321	10737
11099	11412
11671	11885
12059	12192
12291	12366
12413	12433
12427	12392
12325	12226
12090	11921
11714	11478
11215	10928
10632	10333
10042	9768
9527	9321
9153	9028
8940	8887
8877	8910
9004	9169
9425	9783
10238	10786
11400	12057
12709	13324
13869	14321
14663	14903
15045	15099
15085	15023
14920	14796
14648	14493
14327	14154
13971	13782
13583	13375
13163	12940
12705	12469
12222	11964
11731	11440
11305	10919
11037	10476
10476	6476
7368	6312
6454	6057
5980	5848
5782	5741
5719	5705
5700	5698
5699	5703
5704	5708
5711	5713
5717	5719
5723	5725
5729	5734
5741	5749
5758	5769
5783	5800
5815	5832
5845	5860
5868	5876
5879	5880
5878	5875
5875	5873
5872	5875
5873	5875
5876	5871
5866	5855
5843	5826
5803	5781
5751	5719
5687	5649
5610	5564
5508	5448
5368	5262
5129	4965
4772	4550
4314	4076
3852	3652
3483	3351
3255	3188
3152	3130
3124	3125
3125	3133
3141	3147
3153	3165
3179	3195
3214	3229
3237	3235
3220	3185
3135	3067
2989	2907
2829	2758
2701	2655
2624	2604
2593	2594
2601	2619
2645	2679
2719	2764
2817	2865
2915	2962
3006	3047
3085	3126
3172	3228
3295	3370
3463	3567
3689	3824
3974	4133
4298	4468
4632	4795
4951	5104
5256	5415
5597	5811
6066	6371
6728	7139
7593	8081
8585	9089
9580	10040
10466	10846
11181	11466
11706	11901
12065	12193
12288	12361
12405	12425
12416	12376
12308	12203
12067	11891
11682	11445
11181	10897
10601	10306
10022	9755
9519	9318
9159	9031
8944	8890
8874	8894
8972	9118
9346	9672
10095	10612
11203	11840
12486	13103
13655	14123
14487	14745
14902	14972
14965	14912
14812	14688
14541	14384
14214	14036
13849	13654
13452	13242
13021	12796
12558	12319
12070	11816
11586	11304
11171	10802
10914	10377
10377	6466
7336	6297
6430	6042
5963	5833
5768	5727
5702	5691
5685	5685
5690	5692
5696	5698
5702	5704
5706	5709
5711	5712
5714	5717
5723	5728
5736	5746
5757	5773
5789	5803
5818	5830
5838	5845
5849	5852
5851	5850
5849	5851
5852	5856
5859	5861
5860	5860
5854	5847
5833	5819
5796	5773
5749	5719
5690	5660
5626	5587
5544	5492
5423	5333
5215	5063
4883	4674
4444	4214
3990	3790
3616	3479
3376	3306
3262	3238
3226	3221
3222	3227
3226	3231
3235	3244
3256	3273
3288	3304
3314	3313
3298	3263
3206	3138
3053	2966
2882	2810
2746	2697
2661	2643
2633	2631
2640	2658
2682	2715
2754	2800
2849	2899
2952	3001
3051	3099
3149	3203
3259	3328
3402	3494
3595	3714
3847	3999
4160	4337
4514	4692
4874	5047
5210	5373
5535	5708
5897	6124
6387	6702
7064	7478
7924	8395
8875	9352
9807	10230
10615	10957
11257	11513
11733	11914
12064	12185
12280	12348
12392	12409
12402	12361
12288	12181
12039	11861
11651	11410
11146	10861
10570	10280
10000	9742
9511	9315
9156	9037
8948	8897
8872	8886
8949	9076
9279	9571
9963	10448
11011	11625
12256	12870
13429	13908
14286	14563
14738	14822
14832	14780
14688	14564
14417	14255
14081	13900
13710	13510
13303	13084
12860	12630
12389	12149
11904	11651
11428	11154
11026	10675
10783	10268
10268	6453
7301	6283
6411	6026
5947	5818
5752	5711
5689	5677
5674	5677
5678	5683
5686	5690
5693	5697
5699	5703
5703	5704
5704	5704
5706	5711
5716	5727
5738	5749
5763	5776
5789	5802
5810	5815
5819	5821
5822	5821
5823	5827
5830	5833
5839	5841
5845	5842
5841	5835
5823	5809
5787	5767
5740	5716
5687	5658
5628	5600
5563	5521
5465	5388
5286	5153
4988	4796
4585	4364
4149	3950
3778	3635
3524	3444
3391	3359
3337	3327
3324	3322
3320	3321
3323	3331
3341	3356
3373	3390
3400	3398
3382	3345
3286	3211
3120	3028
2940	2861
2795	2747
2711	2690
2679	2679
2685	2701
2725	2756
2795	2836
2884	2937
2989	3044
3100	3159
3220	3286
3358	3440
3530	3633
3750	3885
4033	4198
4374	4566
4759	4957
5148	5332
5510	5686
5864	6050
6256	6492
6766	7084
7450	7850
8283	8730
9182	9623
10038	10416
10760	11066
11333	11563
11760	11927
12066	12179
12268	12334
12379	12394
12383	12340
12266	12155
12012	11832
11616	11375
11111	10828
10539	10252
9977	9723
9498	9308
9156	9038
8953	8899
8870	8879
8930	9038
9219	9483
9841	10290
10822	11409
12020	12626
13187	13673
14069	14361
14553	14651
14674	14631
14543	14421
14273	14109
13933	13747
13552	13348
13133	12909
12681	12448
12207	11964
11722	11478
11258	10995
10875	10540
10644	10160
10160	6441
7266	6268
6390	6012
5932	5805
5740	5700
5677	5669
5665	5667
5671	5675
5680	5684
5689	5691
5695	5696
5695	5696
5695	5695
5696	5697
5700	5709
5719	5728
5741	5751
5764	5772
5778	5785
5786	5791
5791	5793
5796	5801
5803	5812
5815	5824
5828	5829
5827	5822
5813	5800
5782	5760
5734	5710
5683	5656
5628	5602
5576	5539
5495	5432
5347	5236
5092	4924
4733	4530
4330	4137
3963	3818
3699	3609
3542	3494
3464	3444
3432	3422
3421	3416
3418	3423
3432	3448
3467	3482
3494	3492
3472	3430
3369	3287
3194	3096
3003	2922
2857	2804
2770	2745
2733	2734
2738	2752
2773	2803
2839	2881
2927	2979
3031	3091
3154	3222
3298	3378
3465	3565
3671	3789
3922	4072
4237	4417
4613	4817
5029	5239
5447	5651
5850	6037
6233	6437
6659	6908
7189	7509
7865	8254
8666	9083
9497	9891
10262	10602
10903	11171
11405	11609
11784	11936
12063	12171
12257	12320
12360	12376
12362	12321
12243	12132
11985	11802
11587	11344
11076	10795
10508	10224
9951	9703
9484	9296
9148	9033
8949	8895
8868	8871
8913	9005
9164	9400
9728	10141
10637	11194
11784	12373
12932	13421
13829	14139
14349	14460
14498	14464
14379	14259
14113	13944
13764	13574
13373	13160
12945	12717
12487	12248
12012	11769
11531	11290
11080	10830
10715	10400
10498	10042
10042	6429
7229	6254
6370	5998
5918	5791
5727	5689
5667	5656
5657	5658
5662	5669
5672	5679
5682	5689
5690	5693
5692	5691
5689	5685
5686	5686
5689	5694
5701	5710
5719	5728
5736	5743
5748	5753
5757	5758
5761	5762
5768	5772
5777	5786
5793	5801
5810	5812
5814	5811
5803	5790
5773	5750
5728	5699
5675	5651
5624	5600
5578	5550
5516	5465
5397	5309
5191	5050
4887	4709
4527	4345
4177	4026
3902	3797
3716	3652
3608	3576
3554	3537
3530	3524
3524	3530
3537	3552
3569	3584
3594	3588
3566	3521
3453	3368
3267	3168
3071	2990
2920	2868
2833	2811
2798	2793
2798	2808
2827	2851
2887	2926
2973	3024
3080	3144
3215	3294
3383	3478
3580	3696
3818	3956
4109	4273
4454	4653
4865	5085
5314	5544
5770	5991
6208	6421
6635	6857
7096	7356
7642	7962
8305	8674
9053	9433
9804	10157
10480	10777
11037	11270
11471	11652
11810	11946
12063	12162
12244	12304
12341	12357
12342	12297
12220	12108
11958	11774
11558	11311
11044	10762
10477	10196
9928	9682
9468	9282
9136	9022
8939	8886
8858	8860
8893	8973
9112	9322
9615	9998
10458	10980
11545	12118
12664	13159
13575	13895
14119	14252
14295	14273
14195	14077
13929	13758
13573	13377
13169	12955
12732	12504
12271	12033
11798	11560
11327	11097
10893	10657
10548	10255
10348	9925
9925	6417
7195	6242
6352	5985
5907	5781
5720	5682
5660	5652
5651	5657
5662	5668
5672	5678
5682	5687
5687	5691
5688	5686
5681	5681
5679	5677
5679	5684
5687	5694
5703	5710
5715	5721
5726	5727
5728	5728
5731	5736
5741	5746
5753	5760
5771	5781
5788	5795
5799	5795
5790	5778
5761	5741
5716	5691
5666	5642
5618	5596
5578	5557
5531	5495
5444	5379
5289	5178
5048	4901
4738	4577
4421	4272
4137	4020
3921	3843
3781	3734
3697	3674
3659	3651
3648	3652
3659	3672
3685	3700
3703	3694
3666	3617
3540	3451
3347	3242
3147	3061
2996	2942
2906	2883
2868	2863
2864	2874
2889	2912
2945	2984
3025	3080
3138	3206
3282	3373
3470	3579
3699	3830
3972	4129
4297	4480
4680	4897
5124	5365
5609	5858
6104	6348
6587	6820
7057	7299
7554	7821
8110	8420
8750	9088
9435	9773
10102	10405
10684	10934
11159	11358
11532	11691
11828	11951
12060	12153
12230	12286
12324	12337
12322	12280
12200	12088
11937	11753
11535	11289
11023	10738
10452	10173
9906	9661
9449	9267
9121	9008
8928	8873
8845	8842
8872	8940
9061	9250
9516	9860
10286	10774
11310	11860
12393	12881
13303	13632
13871	14014
14076	14062
13991	13874
13726	13556
13366	13163
12952	12732
12504	12276
12041	11804
11571	11337
11110	10891
10695	10476
10376	10105
10194	9800
9800	6403
7156	6227
6331	5972
5895	5771
5712	5673
5654	5647
5648	5653
5659	5665
5672	5678
5682	5686
5687	5688
5688	5684
5680	5676
5676	5673
5673	5674
5678	5682
5687	5692
5699	5700
5702	5703
5704	5702
5706	5708
5712	5719
5729	5737
5749	5759
5768	5775
5781	5780
5774	5764
5747	5729
5703	5679
5655	5630
5610	5590
5574	5557
5535	5512
5483	5440
5382	5304
5210	5097
4969	4830
4686	4543
4405	4277
4164	4068
3987	3924
3875	3842
3818	3805
3798	3799
3805	3812
3821	3829
3825	3807
3770	3713
3631	3534
3427	3319
3221	3139
3073	3022
2984	2961
2944	2935
2936	2945
2958	2980
3009	3044
3088	3141
3201	3274
3357	3454
3564	3685
3821	3970
4131	4305
4492	4693
4912	5143
5388	5645
5909	6177
6449	6710
6973	7232
7489	7750
8015	8288
8577	8875
9178	9489
9794	10091
10372	10630
10868	11081
11269	11440
11590	11730
11854	11965
12062	12148
12218	12274
12306	12318
12307	12266
12186	12075
11925	11742
11522	11276
11004	10725
10439	10161
9896	9654
9440	9259
9109	8998
8913	8856
8826	8821
8848	8906
9013	9182
9419	9731
10121	10575
11074	11598
12117	12597
13016	13354
13604	13758
13829	13828
13764	13650
13503	13328
13138	12930
12713	12492
12264	12030
11798	11563
11331	11105
10886	10675
10496	10288
10199	9948
10035	9669
9669	6393
7117	6216
6312	5962
5884	5762
5703	5666
5651	5644
5647	5652
5657	5666
5672	5678
5683	5686
5687	5687
5684	5680
5676	5671
5668	5670
5669	5670
5674	5677
5681	5684
5683	5683
5684	5685
5682	5681
5683	5685
5691	5695
5704	5715
5728	5738
5750	5758
5764	5765
5759	5749
5732	5714
5690	5666
5642	5619
5598	5583
5568	5557
5544	5531
5517	5496
5467	5427
5370	5297
5205	5101
4977	4846
4711	4576
4449	4337
4241	4159
4095	4049
4015	3995
3980	3976
3975	3978
3979	3973
3960	3930
3880	3811
3721	3617
3506	3402
3303	3221
3154	3107
3073	3046
3029	3019
3017	3021
3034	3053
3080	3115
3160	3212
3276	3351
3439	3545
3663	3798
3949	4111
4292	4484
4687	4905
5142	5391
5654	5930
6213	6500
6789	7076
7361	7640
7916	8191
8466	8744
9023	9306
9585	9861
10126	10381
10618	10831
11028	11206
11367	11511
11644	11766
11877	11978
12066	12146
12212	12263
12297	12306
12296	12256
12180	12070
11923	11737
11520	11273
11005	10726
10443	10166
9902	9660
9446	9261
9109	8989
8901	8838
8806	8798
8819	8869
8967	9114
9329	9611
9965	10383
10848	11344
11837	12304
12719	13059
13316	13484
13568	13573
13515	13410
13261	13086
12894	12681
12461	12238
12006	11773
11543	11309
11081	10862
10653	10454
10285	10092
10011	9781
9864	9526
9526	6379
7073	6202
6289	5949
5867	5754
5695	5661
5643	5642
5646	5653
5659	5668
5672	5680
5683	5686
5686	5685
5682	5676
5671	5668
5664	5663
5667	5667
5669	5674
5676	5676
5674	5674
5673	5668
5667	5664
5665	5665
5671	5677
5687	5697
5707	5717
5730	5739
5745	5743
5740	5729
5715	5694
5675	5650
5628	5606
5586	5572
5561	5551
5545	5543
5542	5545
5546	5541
5526	5497
5451	5384
5291	5178
5050	4917
4785	4658
4545	4447
4368	4306
4261	4229
4206	4190
4180	4168
4152	4135
4107	4061
3996	3914
3815	3705
3591	3483
3386	3304
3243	3194
3162	3133
3117	3104
3101	3103
3116	3133
3162	3197
3240	3293
3358	3437
3528	3641
3768	3915
4080	4258
4455	4662
4886	5125
5376	5643
5924	6216
6514	6825
7131	7437
7741	8040
8332	8617
8896	9170
9436	9698
9951	10192
10419	10634
10830	11006
11171	11319
11454	11579
11694	11800
11905	11995
12079	12152
12213	12261
12291	12302
12293	12254
12181	12071
11929	11747
11535	11288
11024	10745
10466	10193
9931	9687
9471	9280
9123	8998
8901	8834
8791	8776
8791	8835
8920	9054
9242	9498
9817	10201
10634	11097
11564	12011
12415	12753
13013	13188
13281	13299
13249	13145
13003	12829
12633	12421
12201	11968
11738	11504
11275	11047
10827	10615
10412	10223
10065	9888
9815	9602
9687	9369
9369	6368
7025	6188
6266	5936
5854	5740
5685	5654
5639	5639
5645	5652
5661	5670
5676	5682
5685	5683
5685	5683
5676	5672
5667	5665
5661	5664
5664	5668
5668	5670
5670	5671
5669	5667
5661	5659
5652	5651
5649	5653
5656	5661
5670	5681
5690	5700
5711	5721
5726	5725
5720	5710
5693	5674
5654	5631
5609	5589
5574	5560
5548	5543
5545	5549
5568	5591
5619	5650
5679	5699
5698	5672
5617	5535
5424	5300
5165	5031
4904	4795
4698	4624
4559	4514
4474	4443
4418	4387
4355	4316
4265	4203
4118	4025
3912	3796
3676	3567
3470	3389
3328	3281
3248	3226
3206	3198
3191	3196
3205	3224
3251	3285
3331	3386
3451	3533
3631	3746
3882	4040
4216	4408
4620	4844
5088	5342
5610	5894
6191	6500
6820	7142
7468	7794
8112	8421
8721	9013
9288	9554
9806	10044
10269	10476
10670	10847
11007	11155
11290	11412
11530	11637
11741	11838
11933	12017
12094	12161
12219	12266
12293	12306
12297	12261
12195	12089
11949	11771
11561	11324
11063	10791
10517	10249
9991	9750
9528	9332
9165	9025
8917	8836
8783	8764
8769	8807
8879	9000
9167	9394
9684	10033
10430	10858
11294	11722
12110	12444
12705	12886
12986	13009
12969	12870
12731	12557
12365	12150
11928	11697
11467	11233
11004	10779
10563	10356
10165	9984
9836	9670
9608	9406
9496	9189
9189	6353
6965	6172
6238	5923
5842	5731
5677	5647
5635	5638
5644	5654
5665	5673
5679	5682
5682	5685
5681	5676
5670	5666
5661	5657
5657	5659
5662	5668
5669	5671
5672	5669
5668	5660
5658	5650
5645	5641
5642	5640
5647	5650
5658	5665
5678	5685
5695	5702
5705	5706
5700	5690
5675	5657
5634	5613
5594	5575
5560	5547
5537	5537
5540	5555
5584	5625
5681	5752
5823	5889
5938	5964
5953	5905
5822	5716
5587	5453
5317	5195
5085	4991
4911	4845
4788	4735
4687	4636
4577	4515
4439	4352
4251	4135
4013	3887
3762	3651
3555	3478
3416	3373
3340	3319
3301	3291
3286	3292
3304	3325
3353	3389
3438	3492
3559	3645
3745	3864
4008	4171
4358	4568
4790	5035
5294	5563
5850	6149
6460	6785
7115	7456
7798	8132
8464	8782
9086	9374
9641	9893
10126	10340
10537	10715
10878	11024
11154	11276
11388	11496
11596	11695
11788	11882
11966	12044
12116	12177
12233	12273
12303	12316
12312	12276
12214	12114
11980	11808
11607	11377
11127	10865
10600	10340
10085	9843
9619	9415
9235	9081
8953	8857
8791	8756
8753	8778
8844	8946
9097	9301
9559	9874
10236	10629
11035	11436
11808	12129
12385	12571
12678	12710
12677	12586
12451	12282
12087	11877
11651	11423
11188	10958
10727	10508
10296	10093
9909	9737
9597	9438
9385	9182
9284	8963
8963	6334
6887	6154
6206	5908
5826	5721
5670	5641
5633	5637
5644	5655
5667	5676
5682	5683
5683	5682
5678	5672
5666	5659
5655	5652
5652	5657
5664	5667
5671	5676
5676	5671
5668	5661
5653	5646
5640	5635
5634	5635
5638	5642
5650	5657
5666	5675
5682	5685
5686	5686
5679	5669
5653	5634
5612	5594
5576	5560
5545	5533
5527	5526
5535	5561
5597	5656
5738	5839
5955	6070
6172	6251
6289	6285
6237	6151
6037	5909
5773	5640
5517	5407
5308	5218
5138	5061
4981	4902
4817	4723
4621	4507
4382	4252
4119	3980
3853	3736
3640	3560
3502	3459
3428	3406
3395	3387
3388	3395
3411	3433
3463	3504
3554	3614
3683	3769
3874	3999
4146	4319
4514	4734
4974	5232
5503	5789
6089	6403
6728	7065
7410	7759
8110	8456
8792	9111
9412	9692
9949	10184
10392	10583
10754	10907
11043	11164
11275	11377
11473	11568
11658	11747
11834	11921
12002	12075
12139	12200
12250	12292
12320	12338
12330	12302
12243	12153
12022	11862
11667	11450
11213	10964
10709	10459
10212	9973
9747	9534
9337	9163
9018	8900
8816	8766
8747	8761
8810	8900
9031	9214
9447	9727
10056	10415
10790	11163
11513	11821
12074	12259
12369	12409
12382	12301
12171	12005
11812	11602
11379	11149
10916	10686
10459	10238
10027	9831
9651	9485
9348	9185
9145	8915
9052	8672
8672	6311
6774	6128
6159	5891
5808	5710
5659	5635
5627	5632
5645	5657
5669	5677
5681	5684
5683	5679
5674	5666
5658	5652
5649	5647
5650	5655
5662	5670
5674	5677
5677	5675
5668	5662
5652	5647
5640	5634
5633	5632
5634	5639
5645	5652
5659	5665
5668	5673
5672	5668
5659	5648
5631	5612
5594	5575
5558	5543
5529	5521
5516	5517
5527	5556
5604	5681
5787	5920
6074	6236
6393	6525
6614	6659
6654	6597
6506	6385
6253	6115
5981	5853
5733	5621
5511	5405
5298	5185
5070	4945
4814	4673
4525	4374
4224	4075
3938	3819
3719	3640
3582	3540
3512	3493
3485	3483
3486	3501
3522	3549
3589	3632
3685	3744
3820	3906
4012	4142
4292	4474
4678	4908
5160	5430
5715	6016
6328	6653
6991	7335
7689	8047
8406	8755
9089	9405
9700	9966
10207	10420
10609	10775
10923	11051
11170	11272
11366	11459
11543	11629
11714	11798
11882	11967
12043	12112
12172	12228
12275	12314
12346	12359
12356	12331
12275	12192
12073	11923
11741	11536
11312	11083
10844	10603
10369	10135
9904	9683
9473	9276
9108	8968
8859	8789
8752	8748
8788	8861
8978	9137
9342	9595
9889	10215
10558	10904
11232	11524
11768	11949
12065	12112
12095	12018
11896	11735
11547	11339
11118	10887
10655	10422
10198	9979
9771	9577
9397	9225
9095	8915
8891	8601
8800	8289
8289	6280
6621	6098
6098	5869
5786	5698
5651	5630
5624	5630
5642	5656
5669	5678
5680	5683
5680	5675
5667	5660
5653	5645
5642	5643
5647	5653
5661	5666
5676	5679
5681	5677
5671	5661
5655	5647
5642	5634
5633	5632
5635	5640
5644	5650
5655	5659
5663	5662
5661	5653
5644	5629
5612	5594
5575	5559
5544	5526
5515	5508
5505	5507
5521	5553
5611	5702
5825	5986
6176	6386
6592	6776
6921	7015
7050	7030
6963	6859
6729	6593
6448	6309
6167	6031
5892	5756
5618	5471
5321	5165
5003	4838
4666	4492
4327	4168
4024	3896
3794	3713
3655	3613
3591	3576
3573	3576
3588	3609
3637	3672
3714	3763
3823	3886
3962	4055
4165	4294
4451	4635
4846	5084
5349	5631
5925	6236
6559	6893
7239	7592
7951	8315
8675	9022
9356	9661
9942	10195
10415	10610
10780	10922
11053	11162
11265	11355
11441	11522
11604	11684
11767	11849
11932	12008
12082	12150
12208	12262
12305	12342
12370	12386
12385	12362
12312	12237
12126	11989
11820	11633
11427	11212
10990	10767
10540	10310
10081	9849
9623	9408
9212	9050
8919	8823
8768	8751
8773	8829
8926	9065
9249	9475
9738	10033
10347	10665
10973	11252
11484	11663
11781	11831
11821	11753
11633	11480
11295	11092
10872	10642
10409	10178
9952	9734
9525	9330
9151	8972
8841	8625
8628	8224
8531	7783
7783	6247
6409	6064
6019	5845
5764	5685
5644	5624
5621	5628
5641	5656
5669	5677
5681	5682
5678	5672
5663	5655
5649	5641
5637	5638
5644	5651
5661	5669
5677	5682
5681	5679
5674	5665
5655	5647
5642	5634
5633	5633
5635	5639
5643	5648
5652	5655
5656	5654
5651	5641
5627	5614
5597	5579
5561	5543
5526	5513
5505	5498
5494	5497
5515	5549
5614	5714
5855	6042
6264	6510
6764	6997
7193	7332
7414	7428
7387	7303
7185	7048
6898	6742
6581	6420
6257	6091
5921	5742
5561	5376
5181	4991
4797	4609
4424	4253
4100	3969
3860	3778
3718	3677
3653	3646
3648	3659
3684	3714
3750	3794
3844	3900
3962	4033
4111	4205
4314	4447
4607	4795
5014	5259
5528	5818
6126	6444
6776	7117
7468	7828
8190	8552
8908	9256
9581	9878
10147	10380
10585	10757
10907	11034
11147	11245
11333	11415
11496	11576
11651	11731
11814	11896
11978	12054
12122	12189
12243	12294
12336	12370
12399	12414
12414	12395
12350	12278
12180	12052
11900	11728
11543	11345
11144	10933
10717	10493
10261	10021
9782	9549
9333	9142
8985	8870
8793	8759
8764	8805
8885	9008
9166	9368
9605	9874
10160	10456
10744	11005
11232	11406
11523	11580
11572	11511
11400	11252
11070	10870
10649	10422
10191	9959
9733	9513
9302	9107
8922	8732
8599	8325
8364	7782
8258	7137
7137	6209
6129	6027
5920	5821
5734	5674
5634	5619
5616	5628
5639	5655
5668	5677
5680	5680
5675	5668
5659	5649
5643	5636
5632	5635
5641	5650
5659	5671
5679	5682
5684	5680
5676	5669
5658	5649
5644	5638
5637	5638
5639	5643
5645	5649
5654	5655
5653	5651
5644	5632
5618	5602
5583	5566
5544	5528
5514	5506
5494	5488
5484	5488
5507	5547
5613	5722
5878	6082
6333	6614
6905	7183
7423	7604
7723	7773
7757	7695
7588	7453
7300	7130
6960	6777
6588	6394
6189	5990
5774	5561
5347	5131
4917	4713
4515	4331
4171	4030
3920	3833
3770	3730
3711	3706
3716	3735
3766	3803
3853	3905
3966	4027
4096	4169
4249	4345
4457	4592
4756	4947
5167	5419
5694	5993
6303	6631
6969	7313
7665	8029
8391	8753
9108	9447
9763	10054
10304	10524
10710	10869
10998	11114
11210	11300
11381	11460
11536	11615
11694	11773
11854	11938
12017	12092
12160	12221
12274	12323
12363	12397
12424	12438
12438	12422
12380	12319
12227	12112
11971	11817
11651	11470
11282	11089
10884	10669
10433	10190
9935	9686
9445	9235
9056	8917
8822	8771
8759	8786
8855	8957
9099	9279
9495	9738
10004	10278
10547	10799
11016	11187
11303	11363
11362	11306
11201	11057
10880	10680
10464	10237
10006	9775
9545	9327
9113	8912
8724	8515
8379	8029
8119	7293
7998	6372
6372	6172
5793	5989
5808	5797
5706	5664
5628	5615
5615	5624
5637	5654
5667	5675
5679	5678
5672	5666
5658	5647
5639	5633
5630	5632
5639	5650
5661	5671
5680	5684
5686	5681
5678	5669
5660	5652
5645	5641
5638	5639
5640	5645
5646	5651
5653	5655
5652	5645
5637	5625
5610	5592
5572	5553
5535	5520
5505	5494
5485	5479
5477	5483
5500	5541
5612	5728
5894	6116
6385	6693
7015	7329
7601	7822
7974	8049
8062	8009
7916	7786
7630	7456
7268	7070
6862	6644
6417	6188
5952	5717
5480	5247
5018	4797
4591	4398
4227	4081
3965	3875
3810	3773
3753	3755
3769	3797
3835	3882
3940	4002
4068	4137
4206	4286
4371	4464
4580	4715
4881	5071
5299	5551
5834	6134
6452	6786
7125	7474
7830	8190
8553	8912
9264	9598
9905	10183
10425	10632
10802	10945
11063	11164
11255	11339
11413	11490
11569	11645
11725	11808
11891	11972
12050	12127
12192	12251
12303	12350
12389	12420
12445	12459
12462	12445
12408	12351
12267	12160
12032	11893
11739	11575
11406	11223
11025	10811
10579	10333
10067	9805
9551	9318
9121	8964
8852	8786
8758	8776
8825	8918
9044	9210
9406	9633
9877	10138
10395	10635
10846	11014
11130	11192
11192	11141
11042	10901
10728	10531
10315	10089
9859	9626
9394	9172
8960	8758
8559	8330
8192	7749
7902	6791
7765	5542
5542	6137
5422	5955
5685	5775
5678	5653
5622	5610
5612	5621
5636	5653
5667	5675
5678	5675
5670	5664
5655	5644
5636	5629
5629	5631
5638	5648
5661	5671
5680	5684
5686	5683
5678	5670
5662	5654
5648	5643
5640	5639
5643	5645
5648	5652
5654	5655
5651	5646
5636	5622
5605	5588
5567	5548
5529	5511
5499	5490
5481	5474
5472	5478
5496	5538
5610	5732
5907	6139
6424	6749
7094	7431
7734	7980
8156	8256
8285	8249
8160	8039
7880	7702
7503	7293
7068	6835
6591	6342
6090	5835
5583	5335
5092	4863
4644	4446
4270	4119
3997	3906
3841	3800
3789	3790
3810	3843
3890	3946
4010	4078
4148	4221
4297	4377
4466	4564
4677	4814
4976	5172
5399	5657
5940	6243
6564	6902
7242	7594
7950	8313
8674	9033
9377	9706
10007	10279
10507	10706
10864	10997
11107	11201
11282	11361
11436	11513
11590	11669
11748	11833
11917	12000
12077	12151
12218	12277
12324	12369
12407	12437
12461	12475
12476	12462
12428	12372
12295	12197
12080	11950
11808	11659
11496	11326
11136	10929
10697	10444
10175	9900
9632	9386
9173	9002
8874	8800
8764	8768
8811	8889
9006	9157
9341	9555
9788	10035
10281	10514
10719	10884
11003	11066
11069	11018
10925	10786
10615	10420
10205	9981
9750	9518
9284	9064
8846	8637
8432	8183
8047	7512
7728	6329
7579	4745
