16133	16133
16133	16133
16133	16133
16133	16133
16133	16133
16133	16133
16133	16133
16133	16133
16132	16130
16130	16127
16127	16122
16121	16116
16112	16102
16093	16079
16063	16041
16015	15982
15937	15876
15791	15675
15512	15292
14997	14615
14145	13582
12951	12280
11598	10949
10366	9871
9478	9180
8965	8812
8708	8632
8578	8550
8544	8574
8636	8733
8864	9015
9184	9363
9549	9743
9959	10203
10488	10824
11225	11682
12191	12733
13284	13825
14322	14760
15128	15423
15643	15804
15916	15992
16042	16074
16093	16106
16113	16120
16122	16127
16127	16130
16130	16132
16133	16133
16133	16133
16133	16133
16133	16133
16133	16133
16133	16133
16133	16133
16133	16133
16133	16133
16133	16133
16133	16133
16133	16133
16133	16133
16133	16133
16133	16133
16133	16131
16130	16128
16127	16124
16122	16120
16113	16107
16096	16086
16073	16051
16031	16002
15969	15923
15867	15794
15700	15568
15390	15152
14840	14439
13949	13372
12729	12047
11367	10729
10164	9699
9337	9076
8898	8784
8711	8667
8639	8630
8639	8677
8738	8830
8948	9076
9222	9373
9523	9681
9855	10056
10300	10602
10969	11406
11905	12450
13019	13581
14110	14584
14983	15306
15554	15737
15866	15954
16012	16052
16078	16096
16106	16113
16120	16122
16126	16127
16129	16130
16132	16133
16133	16133
16133	16133
16133	16133
16133	16133
16133	16133
16133	16133
16133	16133
16133	16133
16133	16133
16133	16133
16133	16133
16133	16133
16133	16133
16133	16133
16130	16130
16128	16127
16124	16121
16116	16111
16103	16093
16078	16061
16038	16012
15982	15943
15897	15842
15772	15685
15570	15423
15229	14971
14637	14217
13707	13109
12452	11766
11089	10463
9920	9486
9165	8946
8815	8744
8709	8703
8708	8723
8749	8793
8857	8942
9040	9151
9263	9376
9485	9598
9721	9873
10068	10326
10656	11069
11554	12105
12689	13278
13843	14355
14795	15155
15434	15644
15793	15900
15971	16020
16055	16079
16094	16104
16113	16119
16122	16123
16127	16128
16130	16131
16133	16133
16133	16133
16133	16133
16133	16133
16133	16133
16133	16133
16133	16133
16133	16133
16133	16133
16133	16133
16133	16133
16133	16133
16133	16133
16132	16130
16129	16127
16125	16122
16119	16114
16107	16095
16084	16071
16045	16020
15990	15952
15909	15856
15797	15727
15641	15537
15406	15243
15029	14757
14403	13963
13433	12822
12155	11463
10792	10178
9661	9258
8974	8802
8717	8692
8701	8736
8775	8814
8859	8915
8981	9055
9137	9223
9300	9375
9438	9501
9573	9670
9814	10022
10313	10698
11170	11722
12325	12940
13540	14090
14572	14968
15283	15522
15697	15822
15912	15972
16017	16049
16072	16090
16101	16111
16116	16120
16123	16126
16128	16129
16130	16133
16133	16133
16133	16133
16133	16133
16133	16133
16133	16133
16133	16133
16133	16133
16133	16133
16133	16133
16133	16133
16133	16133
16133	16132
16130	16129
16127	16124
16121	16116
16111	16099
16091	16076
16056	16030
16001	15961
15921	15868
15809	15743
15666	15577
15474	15357
15212	15034
14806	14518
14153	13701
13163	12547
11874	11183
10515	9915
9420	9044
8793	8660
8615	8631
8684	8748
8820	8888
8954	9016
9082	9147
9212	9271
9317	9352
9374	9389
9414	9462
9558	9722
9979	10338
10799	11347
11960	12601
13229	13815
14330	14762
15109	15377
15577	15720
15830	15908
15965	16007
16038	16065
16084	16096
16106	16111
16119	16122
16124	16127
16129	16130
16132	16133
16133	16133
16133	16133
16133	16133
16133	16133
16133	16133
16133	16133
16133	16133
16133	16133
16133	16133
16133	16133
16132	16130
16129	16126
16124	16121
16114	16106
16096	16083
16065	16041
16009	15974
15932	15880
15820	15756
15679	15593
15498	15397
15280	15148
14992	14805
14570	14276
13914	13463
12926	12313
11647	10962
10304	9717
9232	8878
8650	8541
8518	8568
8649	8747
8841	8928
9008	9082
9147	9204
9253	9293
9309	9309
9296	9275
9260	9272
9330	9465
9694	10032
10480	11027
11646	12296
12945	13551
14091	14545
14915	15207
15429	15598
15723	15819
15894	15949
15993	16025
16053	16074
16089	16100
16110	16115
16120	16124
16126	16129
16130	16131
16133	16133
16133	16133
16133	16133
16133	16133
16133	16133
16133	16133
16133	16133
16133	16133
16133	16133
16132	16131
16130	16128
16126	16123
16117	16111
16102	16089
16073	16052
16023	15989
15949	15899
15837	15771
15695	15610
15517	15415
15308	15190
15066	14925
14765	14576
14347	14062
13706	13271
12752	12154
11509	10836
10193	9612
9137	8784
8564	8457
8452	8508
8604	8716
8827	8929
9022	9095
9162	9215
9252	9269
9270	9249
9211	9165
9127	9117
9156	9273
9490	9818
10258	10798
11413	12064
12713	13325
13872	14336
14718	15024
15261	15448
15594	15706
15796	15868
15927	15973
16010	16040
16064	16082
16094	16105
16112	16119
16123	16126
16128	16130
16131	16132
16133	16133
16133	16133
16133	16133
16133	16133
16133	16133
16133	16133
16133	16133
16133	16132
16131	16130
16128	16126
16122	16116
16109	16100
16087	16066
16040	16008
15970	15921
15863	15794
15718	15632
15538	15437
15328	15215
15096	14973
14841	14701
14545	14364
14144	13879
13547	13141
12654	12092
11473	10828
10198	9625
9146	8788
8552	8434
8415	8462
8553	8664
8780	8887
8980	9060
9124	9171
9201	9211
9197	9165
9121	9067
9027	9012
9055	9177
9394	9720
10156	10688
11290	11924
12560	13153
13686	14143
14523	14830
15077	15275
15436	15568
15673	15761
15838	15900
15950	15990
16024	16053
16074	16090
16101	16111
16117	16123
16126	16128
16130	16131
16132	16133
16133	16133
16133	16133
16133	16133
16133	16133
16133	16133
16133	16133
16132	16131
16131	16129
16127	16124
16117	16108
16099	16082
16062	16032
15994	15948
15892	15828
15753	15665
15570	15468
15355	15239
15124	15001
14877	14752
14625	14491
14346	14181
13987	13744
13449	13082
12638	12119
11540	10929
10323	9759
9274	8894
8634	8477
8422	8440
8507	8603
8704	8806
8894	8972
9034	9082
9109	9116
9105	9075
9033	8993
8967	8975
9041	9182
9415	9752
10188	10707
11289	11894
12491	13051
13552	13982
14344	14641
14884	15085
15256	15397
15522	15629
15722	15802
15868	15924
15970	16010
16041	16066
16082	16100
16107	16116
16123	16126
16129	16130
16131	16132
16133	16133
16133	16133
16133	16133
16133	16133
16133	16133
16133	16132
16131	16131
16129	16127
16124	16117
16108	16097
16080	16060
16027	15986
15932	15871
15798	15711
15615	15511
15396	15281
15159	15035
14910	14789
14669	14553
14431	14311
14185	14039
13870	13663
13408	13085
12690	12227
11699	11132
10554	10005
9510	9107
8803	8602
8495	8461
8485	8544
8620	8703
8782	8854
8912	8962
8993	9005
9004	8992
8973	8962
8972	9017
9122	9300
9563	9919
10356	10860
11409	11970
12518	13024
13475	13859
14188	14459
14692	14887
15059	15209
15347	15470
15581	15676
15761	15835
15898	15951
15994	16030
16059	16082
16098	16106
16116	16123
16127	16129
16131	16131
16131	16132
16131	16131
16130	16131
16133	16133
16133	16133
16133	16132
16131	16131
16129	16127
16120	16112
16100	16085
16058	16025
15981	15923
15855	15775
15677	15573
15457	15334
15206	15079
14951	14826
14706	14589
14482	14375
14274	14168
14059	13937
13797	13622
13403	13132
12791	12387
11916	11403
10862	10334
9841	9413
9066	8808
8638	8540
8506	8515
8549	8601
8663	8724
8781	8830
8871	8903
8922	8942
8960	8994
9053	9153
9308	9535
9834	10207
10643	11129
11638	12145
12629	13070
13456	13786
14068	14307
14511	14695
14858	15012
15153	15289
15411	15527
15629	15724
15807	15876
15935	15985
16025	16058
16079	16096
16109	16117
16125	16127
16130	16130
16130	16130
16130	16128
16128	16130
16133	16133
16133	16133
16132	16131
16131	16129
16128	16121
16115	16103
16088	16060
16028	15982
15922	15849
15759	15655
15541	15413
15283	15146
15013	14877
14753	14635
14526	14425
14330	14242
14156	14071
13978	13873
13752	13606
13425	13192
12906	12563
12157	11701
11215	10718
10235	9795
9413	9100
8862	8691
8587	8532
8518	8532
8567	8616
8669	8729
8786	8841
8896	8951
9021	9107
9226	9389
9603	9878
10211	10601
11034	11490
11956	12400
12813	13181
13496	13764
13989	14184
14358	14515
14665	14811
14953	15088
15224	15353
15474	15586
15687	15776
15855	15920
15977	16021
16054	16080
16098	16109
16118	16123
16123	16125
16124	16126
16123	16126
16122	16126
16130	16133
16132	16133
16132	16131
16131	16129
16125	16119
16109	16093
16071	16038
15992	15932
15854	15759
15647	15525
15389	15247
15098	14958
14818	14693
14576	14472
14381	14299
14226	14156
14082	14010
13929	13836
13728	13598
13440	13247
13009	12723
12385	11998
11573	11123
10668	10230
9827	9468
9167	8929
8752	8632
8560	8530
8534	8570
8624	8690
8770	8855
8948	9056
9175	9323
9506	9731
10001	10318
10684	11080
11501	11922
12332	12714
13051	13342
13586	13790
13958	14104
14239	14368
14494	14623
14756	14892
15028	15164
15299	15427
15546	15656
15757	15843
15915	15975
16024	16057
16084	16099
16110	16116
16121	16122
16120	16120
16116	16121
16113	16121
16128	16129
16130	16131
16131	16131
16130	16128
16121	16115
16101	16081
16051	16006
15949	15869
15773	15658
15528	15380
15230	15073
14920	14777
14648	14531
14433	14350
14280	14220
14165	14113
14052	13985
13904	13809
13701	13572
13428	13261
13065	12837
12564	12254
11902	11516
11109	10693
10286	9901
9555	9260
9013	8828
8700	8625
8602	8619
8674	8755
8854	8977
9113	9270
9447	9655
9894	10174
10490	10839
11216	11614
12009	12390
12743	13055
13324	13544
13718	13860
13974	14074
14166	14258
14354	14461
14574	14699
14830	14967
15110	15248
15387	15519
15640	15746
15840	15915
15979	16028
16062	16086
16102	16110
16115	16116
16112	16110
16104	16103
16096	16107
16126	16128
16127	16129
16128	16129
16129	16126
16120	16110
16091	16065
16027	15972
15899	15805
15688	15552
15402	15237
15072	14910
14758	14620
14503	14407
14330	14271
14227	14189
14152	14106
14051	13976
13886	13778
13652	13517
13371	13220
13055	12878
12674	12441
12173	11867
11525	11158
10771	10387
10015	9677
9379	9140
8961	8848
8797	8800
8855	8951
9078	9233
9412	9614
9843	10101
10388	10702
11051	11414
11794	12166
12530	12863
13160	13407
13610	13765
13880	13966
14031	14086
14136	14192
14258	14333
14424	14527
14644	14776
14916	15064
15214	15361
15504	15633
15750	15848
15927	15989
16035	16067
16089	16102
16106	16103
16099	16088
16074	16075
16052	16079
16121	16122
16122	16124
16124	16125
16125	16122
16115	16103
16081	16049
16002	15934
15841	15731
15596	15441
15271	15098
14922	14762
14616	14494
14397	14326
14273	14242
14219	14198
14171	14130
14065	13979
13866	13729
13577	13421
13266	13118
12978	12842
12703	12547
12370	12154
11896	11599
11261	10898
10528	10171
9844	9563
9349	9205
9133	9129
9182	9289
9441	9626
9841	10083
10350	10640
10960	11292
11648	12006
12366	12711
13030	13311
13549	13739
13886	13987
14057	14099
14122	14139
14155	14175
14204	14248
14307	14386
14480	14597
14730	14876
15036	15202
15361	15511
15648	15767
15867	15948
16006	16049
16074	16089
16092	16087
16072	16056
16024	16026
15971	16032
16117	16121
16121	16121
16121	16125
16121	16118
16110	16095
16069	16030
15973	15895
15787	15659
15506	15336
15152	14970
14794	14635
14504	14402
14330	14281
14257	14248
14245	14237
14211	14164
14087	13974
13827	13656
13473	13287
13110	12958
12832	12736
12653	12581
12492	12375
12216	12000
11730	11416
11071	10720
10384	10090
9851	9687
9601	9592
9652	9771
9940	10145
10383	10650
10938	11248
11572	11909
12250	12589
12915	13217
13487	13716
13902	14042
14140	14201
14232	14241
14235	14224
14207	14198
14197	14206
14233	14279
14348	14441
14558	14700
14860	15033
15207	15379
15538	15679
15800	15896
15968	16021
16054	16072
16075	16061
16030	16002
15938	15941
15828	15949
16111	16117
16116	16120
16120	16123
16121	16116
16107	16088
16058	16014
15946	15856
15735	15590
15423	15235
15047	14858
14686	14542
14426	14345
14298	14277
14276	14288
14297	14294
14269	14210
14109	13967
13784	13571
13342	13121
12919	12759
12644	12580
12552	12549
12549	12531
12467	12347
12162	11912
11612	11291
10969	10677
10436	10269
10176	10165
10229	10354
10531	10750
11001	11275
11568	11874
12191	12508
12823	13126
13407	13657
13879	14057
14198	14295
14360	14390
14395	14383
14358	14323
14290	14252
14223	14203
14195	14209
14247	14314
14413	14544
14696	14872
15061	15247
15425	15589
15728	15844
15931	15996
16035	16052
16048	16023
15970	15919
15798	15810
15579	15819
16107	16113
16114	16116
16118	16119
16119	16113
16103	16081
16047	15997
15921	15819
15686	15528
15347	15151
14956	14768
14603	14471
14376	14319
14294	14298
14317	14344
14360	14360
14328	14250
14124	13946
13726	13469
13203	12943
12719	12544
12435	12395
12414	12474
12555	12626
12658	12632
12531	12358
12124	11845
11555	11282
11055	10890
10804	10796
10861	10990
11169	11390
11640	11908
12192	12480
12770	13058
13333	13591
13824	14029
14201	14334
14431	14500
14537	14549
14538	14513
14475	14430
14380	14326
14275	14227
14187	14171
14179	14220
14292	14408
14554	14729
14921	15125
15319	15501
15660	15790
15893	15967
16010	16028
16016	15975
15883	15806
15593	15620
15198	15622
16101	16108
16107	16114
16115	16116
16115	16111
16096	16075
16037	15980
15900	15787
15645	15472
15284	15082
14883	14700
14542	14425
14346	14312
14310	14332
14369	14402
14426	14424
14378	14284
14132	13921
13662	13370
13063	12771
12522	12337
12233	12210
12264	12380
12529	12678
12799	12856
12840	12742
12569	12347
12100	11856
11650	11501
11420	11419
11484	11612
11789	12002
12240	12495
12755	13018
13279	13526
13757	13970
14156	14317
14447	14544
14613	14655
14673	14673
14655	14622
14584	14530
14471	14405
14335	14264
14205	14159
14140	14151
14203	14299
14434	14604
14804	15012
15226	15421
15596	15741
15854	15939
15989	16006
15978	15915
15780	15658
15324	15373
14679	15364
16094	16104
16103	16111
16112	16115
16115	16109
16095	16071
16030	15968
15880	15762
15611	15433
15235	15031
14828	14649
14505	14400
14340	14323
14334	14375
14419	14462
14486	14476
14422	14311
14136	13898
13610	13281
12944	12626
12357	12160
12056	12048
12130	12287
12490	12703
12889	13020
13076	13046
12937	12764
12559	12350
12170	12037
11968	11971
12038	12162
12331	12532
12756	12988
13225	13458
13685	13892
14087	14259
14406	14528
14620	14690
14737	14763
14769	14762
14743	14711
14665	14614
14548	14473
14393	14308
14228	14163
14119	14110
14141	14220
14345	14511
14708	14927
15144	15356
15543	15702
15826	15916
15969	15979
15943	15852
15661	15498
15017	15096
14063	15065
16089	16100
16100	16107
16109	16114
16113	16106
16093	16067
16025	15959
15867	15744
15586	15404
15202	14994
14795	14618
14481	14386
14340	14334
14361	14410
14463	14510
14534	14518
14453	14326
14136	13874
13563	13211
12853	12512
12227	12021
11917	11920
12023	12210
12451	12708
12946	13135
13244	13266
13205	13080
12915	12738
12579	12464
12403	12410
12478	12596
12758	12947
13151	13366
13580	13784
13983	14161
14319	14460
14576	14669
14740	14790
14819	14835
14835	14826
14804	14771
14729	14676
14610	14532
14442	14347
14254	14172
14112	14084
14100	14164
14281	14441
14637	14858
15085	15304
15502	15671
15803	15896
15950	15959
15907	15748
15549	14840
14704	12381
13428	8036
